-9.800000000000000000e+01 -2.960000000000000000e+02 2.200000000000000000e+01 4.328700000000000000e+04 4.749900000000000000e+04 4.518900000000000000e+04 4.371500000000000000e+04 2.370547703900956549e+01 8.070000000000000000e+02
-5.600000000000000000e+01 -2.060000000000000000e+02 2.000000000000000000e+01 4.451200000000000000e+04 4.713100000000000000e+04 4.433500000000000000e+04 4.440100000000000000e+04 2.371547187701798975e+01 8.070000000000000000e+02
-5.200000000000000000e+01 -1.740000000000000000e+02 2.600000000000000000e+01 4.424900000000000000e+04 4.721700000000000000e+04 4.463700000000000000e+04 4.446200000000000000e+04 2.372516184201231226e+01 8.070000000000000000e+02
-4.100000000000000000e+01 -1.540000000000000000e+02 2.100000000000000000e+01 4.406200000000000000e+04 4.668000000000000000e+04 4.481800000000000000e+04 4.492200000000000000e+04 2.373555953300092369e+01 8.070000000000000000e+02
-4.500000000000000000e+01 -1.070000000000000000e+02 2.700000000000000000e+01 4.426700000000000000e+04 4.645400000000000000e+04 4.468800000000000000e+04 4.505200000000000000e+04 2.374524563999148086e+01 8.060000000000000000e+02
-4.800000000000000000e+01 -8.800000000000000000e+01 2.700000000000000000e+01 4.441400000000000000e+04 4.678300000000000000e+04 4.478100000000000000e+04 4.496900000000000000e+04 2.375495959099498577e+01 8.060000000000000000e+02
-4.400000000000000000e+01 -6.900000000000000000e+01 3.300000000000000000e+01 4.484700000000000000e+04 4.671200000000000000e+04 4.441600000000000000e+04 4.498300000000000000e+04 2.376544929400552064e+01 8.060000000000000000e+02
-1.900000000000000000e+01 -8.200000000000000000e+01 3.300000000000000000e+01 4.476500000000000000e+04 4.680900000000000000e+04 4.439000000000000000e+04 4.493200000000000000e+04 2.377620037901215255e+01 8.060000000000000000e+02
-2.900000000000000000e+01 -1.480000000000000000e+02 1.800000000000000000e+01 4.369300000000000000e+04 4.721900000000000000e+04 4.557500000000000000e+04 4.466300000000000000e+04 2.378519047101144679e+01 8.060000000000000000e+02
-4.000000000000000000e+00 -1.450000000000000000e+02 1.400000000000000000e+01 4.426800000000000000e+04 4.712700000000000000e+04 4.499000000000000000e+04 4.477700000000000000e+04 2.379560563401901163e+01 8.060000000000000000e+02
5.000000000000000000e+00 -1.670000000000000000e+02 9.000000000000000000e+00 4.395400000000000000e+04 4.737100000000000000e+04 4.567400000000000000e+04 4.437000000000000000e+04 2.380619221201050095e+01 8.060000000000000000e+02
1.000000000000000000e+01 -1.750000000000000000e+02 1.600000000000000000e+01 4.408200000000000000e+04 4.715800000000000000e+04 4.560200000000000000e+04 4.461400000000000000e+04 2.381522836099611595e+01 8.060000000000000000e+02
2.900000000000000000e+01 -1.930000000000000000e+02 1.300000000000000000e+01 4.398200000000000000e+04 4.727100000000000000e+04 4.565500000000000000e+04 4.422700000000000000e+04 2.382646495301742107e+01 8.060000000000000000e+02
2.300000000000000000e+01 -2.020000000000000000e+02 2.800000000000000000e+01 4.344000000000000000e+04 4.755500000000000000e+04 4.606300000000000000e+04 4.415000000000000000e+04 2.383538718300405890e+01 8.070000000000000000e+02
4.700000000000000000e+01 -2.000000000000000000e+02 1.300000000000000000e+01 4.379500000000000000e+04 4.757200000000000000e+04 4.574800000000000000e+04 4.387900000000000000e+04 2.384594382101204246e+01 8.070000000000000000e+02
5.500000000000000000e+01 -1.930000000000000000e+02 7.000000000000000000e+00 4.359100000000000000e+04 4.763900000000000000e+04 4.594800000000000000e+04 4.384100000000000000e+04 2.385556800800259225e+01 8.070000000000000000e+02
4.800000000000000000e+01 -1.750000000000000000e+02 8.000000000000000000e+00 4.361500000000000000e+04 4.724400000000000000e+04 4.576100000000000000e+04 4.438100000000000000e+04 2.386525329199503176e+01 8.070000000000000000e+02
3.900000000000000000e+01 -1.370000000000000000e+02 2.800000000000000000e+01 4.383300000000000000e+04 4.712500000000000000e+04 4.553800000000000000e+04 4.439500000000000000e+04 2.387495361900073476e+01 8.070000000000000000e+02
6.700000000000000000e+01 -1.200000000000000000e+02 2.700000000000000000e+01 4.420200000000000000e+04 4.711800000000000000e+04 4.543200000000000000e+04 4.406600000000000000e+04 2.388535511199734174e+01 8.070000000000000000e+02
8.600000000000000000e+01 -1.030000000000000000e+02 2.500000000000000000e+01 4.418400000000000000e+04 4.726300000000000000e+04 4.556000000000000000e+04 4.358600000000000000e+04 2.389513214299222454e+01 8.070000000000000000e+02
7.400000000000000000e+01 -6.000000000000000000e+01 1.700000000000000000e+01 4.469400000000000000e+04 4.646800000000000000e+04 4.484100000000000000e+04 4.459800000000000000e+04 2.390541290200781077e+01 8.070000000000000000e+02
1.130000000000000000e+02 -8.200000000000000000e+01 2.700000000000000000e+01 4.472900000000000000e+04 4.710200000000000000e+04 4.475500000000000000e+04 4.377700000000000000e+04 2.391550437000114471e+01 8.070000000000000000e+02
9.700000000000000000e+01 -5.400000000000000000e+01 2.500000000000000000e+01 4.499700000000000000e+04 4.658800000000000000e+04 4.461700000000000000e+04 4.419000000000000000e+04 2.392500749800819904e+01 8.070000000000000000e+02
9.400000000000000000e+01 -5.300000000000000000e+01 2.800000000000000000e+01 4.512600000000000000e+04 4.684600000000000000e+04 4.458800000000000000e+04 4.380800000000000000e+04 2.393526748701697215e+01 8.070000000000000000e+02
7.500000000000000000e+01 -5.400000000000000000e+01 3.500000000000000000e+01 4.434200000000000000e+04 4.632200000000000000e+04 4.532800000000000000e+04 4.427600000000000000e+04 2.394529283701558597e+01 8.070000000000000000e+02
8.400000000000000000e+01 -4.000000000000000000e+01 3.300000000000000000e+01 4.488700000000000000e+04 4.651200000000000000e+04 4.482500000000000000e+04 4.399100000000000000e+04 2.395564286501030438e+01 8.070000000000000000e+02
7.400000000000000000e+01 -9.500000000000000000e+01 1.500000000000000000e+01 4.417400000000000000e+04 4.644700000000000000e+04 4.549500000000000000e+04 4.414200000000000000e+04 2.396521343200583942e+01 8.080000000000000000e+02
6.400000000000000000e+01 -8.600000000000000000e+01 2.800000000000000000e+01 4.381400000000000000e+04 4.690600000000000000e+04 4.539800000000000000e+04 4.376800000000000000e+04 2.397556088501005433e+01 8.080000000000000000e+02
6.700000000000000000e+01 -1.460000000000000000e+02 1.500000000000000000e+01 4.331000000000000000e+04 4.692500000000000000e+04 4.588600000000000000e+04 4.370300000000000000e+04 2.398728577099973336e+01 8.080000000000000000e+02
6.100000000000000000e+01 -1.280000000000000000e+02 1.200000000000000000e+01 4.401000000000000000e+04 4.692100000000000000e+04 4.526000000000000000e+04 4.372700000000000000e+04 2.399550125599489547e+01 8.080000000000000000e+02
6.300000000000000000e+01 -1.080000000000000000e+02 2.000000000000000000e+01 4.406700000000000000e+04 4.658900000000000000e+04 4.516200000000000000e+04 4.414900000000000000e+04 2.400524545201915316e+01 8.090000000000000000e+02
6.900000000000000000e+01 -6.700000000000000000e+01 2.100000000000000000e+01 4.382900000000000000e+04 4.650900000000000000e+04 4.512800000000000000e+04 4.373500000000000000e+04 2.401525301299989223e+01 8.090000000000000000e+02
6.200000000000000000e+01 -5.700000000000000000e+01 2.500000000000000000e+01 4.356900000000000000e+04 4.670800000000000000e+04 4.540200000000000000e+04 4.363700000000000000e+04 2.402549627199186943e+01 8.090000000000000000e+02
8.700000000000000000e+01 -8.100000000000000000e+01 3.400000000000000000e+01 4.395500000000000000e+04 4.640300000000000000e+04 4.511100000000000000e+04 4.360700000000000000e+04 2.403537177699035965e+01 8.090000000000000000e+02
7.800000000000000000e+01 -7.400000000000000000e+01 2.000000000000000000e+01 4.384100000000000000e+04 4.648900000000000000e+04 4.527200000000000000e+04 4.350500000000000000e+04 2.404523172500194050e+01 8.090000000000000000e+02
5.500000000000000000e+01 -2.000000000000000000e+01 2.400000000000000000e+01 4.373200000000000000e+04 4.594500000000000000e+04 4.506500000000000000e+04 4.427300000000000000e+04 2.405574021700886078e+01 8.090000000000000000e+02
8.300000000000000000e+01 -1.200000000000000000e+01 3.100000000000000000e+01 4.403900000000000000e+04 4.616700000000000000e+04 4.482300000000000000e+04 4.391800000000000000e+04 2.406542204401921481e+01 8.090000000000000000e+02
1.120000000000000000e+02 -2.500000000000000000e+01 3.600000000000000000e+01 4.429900000000000000e+04 4.630000000000000000e+04 4.479600000000000000e+04 4.367300000000000000e+04 2.407528508300310932e+01 8.090000000000000000e+02
1.230000000000000000e+02 1.200000000000000000e+01 3.900000000000000000e+01 4.463000000000000000e+04 4.630200000000000000e+04 4.455200000000000000e+04 4.368000000000000000e+04 2.408491712401155382e+01 8.090000000000000000e+02
1.100000000000000000e+02 -9.000000000000000000e+00 1.200000000000000000e+01 4.404200000000000000e+04 4.642800000000000000e+04 4.504000000000000000e+04 4.359200000000000000e+04 2.409575091701117344e+01 8.090000000000000000e+02
7.300000000000000000e+01 1.100000000000000000e+01 2.400000000000000000e+01 4.376300000000000000e+04 4.606100000000000000e+04 4.505900000000000000e+04 4.413000000000000000e+04 2.410572979901917279e+01 8.090000000000000000e+02
8.300000000000000000e+01 2.000000000000000000e+01 3.000000000000000000e+01 4.424700000000000000e+04 4.636300000000000000e+04 4.481600000000000000e+04 4.363500000000000000e+04 2.411501765000866726e+01 8.090000000000000000e+02
8.800000000000000000e+01 2.700000000000000000e+01 2.400000000000000000e+01 4.446800000000000000e+04 4.628700000000000000e+04 4.483900000000000000e+04 4.359500000000000000e+04 2.412528631399618462e+01 8.090000000000000000e+02
9.200000000000000000e+01 4.300000000000000000e+01 2.000000000000000000e+01 4.427200000000000000e+04 4.612700000000000000e+04 4.500300000000000000e+04 4.385000000000000000e+04 2.413602393900509924e+01 8.090000000000000000e+02
8.200000000000000000e+01 5.400000000000000000e+01 2.800000000000000000e+01 4.408800000000000000e+04 4.587900000000000000e+04 4.501700000000000000e+04 4.436400000000000000e+04 2.414497577500878833e+01 8.090000000000000000e+02
1.080000000000000000e+02 4.200000000000000000e+01 2.200000000000000000e+01 4.489100000000000000e+04 4.642200000000000000e+04 4.422400000000000000e+04 4.377600000000000000e+04 2.415621729099075310e+01 8.090000000000000000e+02
8.200000000000000000e+01 3.600000000000000000e+01 2.700000000000000000e+01 4.420400000000000000e+04 4.594900000000000000e+04 4.498800000000000000e+04 4.428000000000000000e+04 2.416509879799559712e+01 8.090000000000000000e+02
7.900000000000000000e+01 2.400000000000000000e+01 2.100000000000000000e+01 4.433800000000000000e+04 4.657300000000000000e+04 4.496700000000000000e+04 4.357900000000000000e+04 2.417474467199645005e+01 8.120000000000000000e+02
8.100000000000000000e+01 5.600000000000000000e+01 1.700000000000000000e+01 4.468300000000000000e+04 4.610400000000000000e+04 4.430000000000000000e+04 4.387300000000000000e+04 2.418479565501911566e+01 8.120000000000000000e+02
6.900000000000000000e+01 7.400000000000000000e+01 2.000000000000000000e+01 4.422800000000000000e+04 4.563900000000000000e+04 4.475800000000000000e+04 4.441600000000000000e+04 2.419528981699841097e+01 8.120000000000000000e+02
6.100000000000000000e+01 5.700000000000000000e+01 1.600000000000000000e+01 4.429300000000000000e+04 4.590600000000000000e+04 4.463500000000000000e+04 4.428300000000000000e+04 2.420501949201570824e+01 8.120000000000000000e+02
5.900000000000000000e+01 2.200000000000000000e+01 2.300000000000000000e+01 4.460100000000000000e+04 4.638800000000000000e+04 4.431400000000000000e+04 4.381100000000000000e+04 2.421572164501412772e+01 8.120000000000000000e+02
7.600000000000000000e+01 2.600000000000000000e+01 2.300000000000000000e+01 4.497400000000000000e+04 4.665700000000000000e+04 4.460000000000000000e+04 4.400900000000000000e+04 2.422448284699930809e+01 8.050000000000000000e+02
7.000000000000000000e+01 2.300000000000000000e+01 2.000000000000000000e+01 4.479500000000000000e+04 4.673400000000000000e+04 4.487100000000000000e+04 4.395000000000000000e+04 2.423542317000101320e+01 8.050000000000000000e+02
6.700000000000000000e+01 5.100000000000000000e+01 3.000000000000000000e+01 4.484700000000000000e+04 4.667200000000000000e+04 4.496300000000000000e+04 4.413500000000000000e+04 2.424515299900667742e+01 8.050000000000000000e+02
5.700000000000000000e+01 3.200000000000000000e+01 2.600000000000000000e+01 4.472200000000000000e+04 4.669700000000000000e+04 4.515700000000000000e+04 4.404300000000000000e+04 2.425541584499296732e+01 8.050000000000000000e+02
4.500000000000000000e+01 4.800000000000000000e+01 3.200000000000000000e+01 4.492700000000000000e+04 4.666500000000000000e+04 4.509200000000000000e+04 4.406200000000000000e+04 2.426528609299566597e+01 8.040000000000000000e+02
4.400000000000000000e+01 8.400000000000000000e+01 3.500000000000000000e+01 4.562700000000000000e+04 4.625700000000000000e+04 4.491400000000000000e+04 4.481800000000000000e+04 2.427478085499024019e+01 8.040000000000000000e+02
5.300000000000000000e+01 1.110000000000000000e+02 2.300000000000000000e+01 4.596500000000000000e+04 4.616700000000000000e+04 4.478900000000000000e+04 4.498700000000000000e+04 2.428556306299287826e+01 8.040000000000000000e+02
3.900000000000000000e+01 1.250000000000000000e+02 2.900000000000000000e+01 4.610500000000000000e+04 4.594500000000000000e+04 4.464100000000000000e+04 4.530200000000000000e+04 2.429556486400542781e+01 8.040000000000000000e+02
6.600000000000000000e+01 8.400000000000000000e+01 1.900000000000000000e+01 4.610300000000000000e+04 4.664700000000000000e+04 4.473200000000000000e+04 4.456200000000000000e+04 2.430661196901928633e+01 8.090000000000000000e+02
5.600000000000000000e+01 8.300000000000000000e+01 1.800000000000000000e+01 4.583300000000000000e+04 4.621800000000000000e+04 4.451000000000000000e+04 4.476900000000000000e+04 2.431664405300398357e+01 8.090000000000000000e+02
4.800000000000000000e+01 5.600000000000000000e+01 2.000000000000000000e+01 4.558300000000000000e+04 4.652100000000000000e+04 4.482800000000000000e+04 4.437400000000000000e+04 2.432489283799077384e+01 8.090000000000000000e+02
3.100000000000000000e+01 1.600000000000000000e+01 2.000000000000000000e+01 4.500100000000000000e+04 4.670700000000000000e+04 4.528200000000000000e+04 4.407300000000000000e+04 2.433567175499047153e+01 8.090000000000000000e+02
1.100000000000000000e+01 1.600000000000000000e+01 2.300000000000000000e+01 4.512300000000000000e+04 4.643800000000000000e+04 4.513300000000000000e+04 4.448100000000000000e+04 2.434582512400811538e+01 8.090000000000000000e+02
-2.700000000000000000e+01 -1.100000000000000000e+01 1.800000000000000000e+01 4.455200000000000000e+04 4.653900000000000000e+04 4.570000000000000000e+04 4.423900000000000000e+04 2.435507401099312119e+01 8.070000000000000000e+02
-2.800000000000000000e+01 -2.800000000000000000e+01 2.100000000000000000e+01 4.427800000000000000e+04 4.682600000000000000e+04 4.590300000000000000e+04 4.397100000000000000e+04 2.436525945100584067e+01 8.070000000000000000e+02
-6.200000000000000000e+01 -8.000000000000000000e+00 1.300000000000000000e+01 4.442400000000000000e+04 4.616600000000000000e+04 4.571100000000000000e+04 4.475600000000000000e+04 2.437565299600828439e+01 8.070000000000000000e+02
-8.400000000000000000e+01 1.500000000000000000e+01 1.100000000000000000e+01 4.445500000000000000e+04 4.589900000000000000e+04 4.568600000000000000e+04 4.527400000000000000e+04 2.438510253501590341e+01 8.070000000000000000e+02
-7.600000000000000000e+01 -1.000000000000000000e+01 1.800000000000000000e+01 4.401700000000000000e+04 4.661000000000000000e+04 4.583400000000000000e+04 4.410800000000000000e+04 2.439516448701033369e+01 8.080000000000000000e+02
-8.800000000000000000e+01 3.100000000000000000e+01 1.300000000000000000e+01 4.403100000000000000e+04 4.585700000000000000e+04 4.573000000000000000e+04 4.498900000000000000e+04 2.440454728700569831e+01 8.080000000000000000e+02
-6.900000000000000000e+01 6.200000000000000000e+01 1.700000000000000000e+01 4.452500000000000000e+04 4.575800000000000000e+04 4.534800000000000000e+04 4.491200000000000000e+04 2.441518016101326793e+01 8.080000000000000000e+02
-3.900000000000000000e+01 4.200000000000000000e+01 1.700000000000000000e+01 4.432400000000000000e+04 4.604000000000000000e+04 4.549600000000000000e+04 4.453100000000000000e+04 2.442439957201713696e+01 8.080000000000000000e+02
-3.000000000000000000e+00 3.100000000000000000e+01 9.000000000000000000e+00 4.452900000000000000e+04 4.647900000000000000e+04 4.520600000000000000e+04 4.415000000000000000e+04 2.443521663401043043e+01 8.020000000000000000e+02
4.200000000000000000e+01 5.500000000000000000e+01 8.000000000000000000e+00 4.489300000000000000e+04 4.707600000000000000e+04 4.511500000000000000e+04 4.418300000000000000e+04 2.444574985600775108e+01 8.020000000000000000e+02
6.000000000000000000e+01 1.020000000000000000e+02 -3.000000000000000000e+00 4.537800000000000000e+04 4.653100000000000000e+04 4.459200000000000000e+04 4.467200000000000000e+04 2.445547561501734890e+01 8.020000000000000000e+02
5.300000000000000000e+01 7.300000000000000000e+01 6.000000000000000000e+00 4.496800000000000000e+04 4.679700000000000000e+04 4.494100000000000000e+04 4.443200000000000000e+04 2.446516740700462833e+01 8.020000000000000000e+02
5.600000000000000000e+01 1.110000000000000000e+02 2.300000000000000000e+01 4.586700000000000000e+04 4.606000000000000000e+04 4.416200000000000000e+04 4.521500000000000000e+04 2.447721916800946929e+01 8.020000000000000000e+02
3.600000000000000000e+01 1.390000000000000000e+02 1.500000000000000000e+01 4.512700000000000000e+04 4.541600000000000000e+04 4.398500000000000000e+04 4.473900000000000000e+04 2.448487089399714023e+01 6.500000000000000000e+01
2.000000000000000000e+01 1.280000000000000000e+02 7.000000000000000000e+00 4.541300000000000000e+04 4.496300000000000000e+04 4.367200000000000000e+04 4.511300000000000000e+04 2.449474998700316064e+01 6.500000000000000000e+01
-1.700000000000000000e+01 1.380000000000000000e+02 1.800000000000000000e+01 4.521700000000000000e+04 4.500100000000000000e+04 4.373700000000000000e+04 4.486400000000000000e+04 2.450492774200392887e+01 6.500000000000000000e+01
-6.000000000000000000e+01 7.000000000000000000e+01 1.000000000000000000e+01 4.441500000000000000e+04 4.539500000000000000e+04 4.464600000000000000e+04 4.442700000000000000e+04 2.451568737300112844e+01 6.500000000000000000e+01
-1.010000000000000000e+02 3.400000000000000000e+01 1.100000000000000000e+01 4.533800000000000000e+04 4.646100000000000000e+04 4.651800000000000000e+04 4.645200000000000000e+04 2.452686791101587005e+01 2.900000000000000000e+01
-1.200000000000000000e+02 5.900000000000000000e+01 1.000000000000000000e+01 4.487400000000000000e+04 4.676600000000000000e+04 4.677600000000000000e+04 4.637200000000000000e+04 2.453541163299814798e+01 2.900000000000000000e+01
-1.160000000000000000e+02 5.500000000000000000e+01 1.000000000000000000e+01 4.523600000000000000e+04 4.769800000000000000e+04 4.685800000000000000e+04 4.591900000000000000e+04 2.454552077999687754e+01 2.900000000000000000e+01
-9.400000000000000000e+01 6.300000000000000000e+01 1.000000000000000000e+01 4.579400000000000000e+04 4.772400000000000000e+04 4.657400000000000000e+04 4.609500000000000000e+04 2.455462300500948913e+01 2.900000000000000000e+01
-9.800000000000000000e+01 7.300000000000000000e+01 2.000000000000000000e+00 4.631000000000000000e+04 4.738500000000000000e+04 4.608000000000000000e+04 4.645900000000000000e+04 2.456454287399537861e+01 5.600000000000000000e+01
-8.000000000000000000e+01 7.200000000000000000e+01 7.000000000000000000e+00 4.518300000000000000e+04 4.687100000000000000e+04 4.600000000000000000e+04 4.579600000000000000e+04 2.457559936901088804e+01 5.600000000000000000e+01
-7.000000000000000000e+01 1.060000000000000000e+02 0.000000000000000000e+00 4.525500000000000000e+04 4.635100000000000000e+04 4.568500000000000000e+04 4.624800000000000000e+04 2.458529866600292735e+01 5.600000000000000000e+01
-4.600000000000000000e+01 1.450000000000000000e+02 -9.000000000000000000e+00 4.574300000000000000e+04 4.623700000000000000e+04 4.518700000000000000e+04 4.640300000000000000e+04 2.459716016499442048e+01 5.600000000000000000e+01
-3.300000000000000000e+01 1.500000000000000000e+02 -1.700000000000000000e+01 4.552600000000000000e+04 4.641800000000000000e+04 4.530800000000000000e+04 4.627600000000000000e+04 2.460593885101843625e+01 5.600000000000000000e+01
-1.700000000000000000e+01 1.390000000000000000e+02 -1.700000000000000000e+01 4.536200000000000000e+04 4.601000000000000000e+04 4.422800000000000000e+04 4.555100000000000000e+04 2.461658945900853723e+01 5.800000000000000000e+01
1.000000000000000000e+01 1.300000000000000000e+02 -1.300000000000000000e+01 4.527400000000000000e+04 4.630200000000000000e+04 4.426000000000000000e+04 4.511500000000000000e+04 2.462540439001168124e+01 5.800000000000000000e+01
2.400000000000000000e+01 1.120000000000000000e+02 -1.000000000000000000e+01 4.494000000000000000e+04 4.600900000000000000e+04 4.431900000000000000e+04 4.524500000000000000e+04 2.463631149000138976e+01 5.800000000000000000e+01
1.800000000000000000e+01 8.800000000000000000e+01 -7.000000000000000000e+00 4.499700000000000000e+04 4.611300000000000000e+04 4.418600000000000000e+04 4.503400000000000000e+04 2.464684483100427315e+01 5.800000000000000000e+01
4.000000000000000000e+00 5.100000000000000000e+01 -2.000000000000000000e+01 4.470000000000000000e+04 4.593200000000000000e+04 4.431100000000000000e+04 4.519600000000000000e+04 2.465625537600135431e+01 5.600000000000000000e+01
-2.000000000000000000e+00 4.000000000000000000e+01 -3.200000000000000000e+01 4.414400000000000000e+04 4.558600000000000000e+04 4.435700000000000000e+04 4.511700000000000000e+04 2.466615752800134942e+01 5.600000000000000000e+01
9.000000000000000000e+00 4.400000000000000000e+01 -1.400000000000000000e+01 4.470100000000000000e+04 4.580000000000000000e+04 4.375400000000000000e+04 4.484000000000000000e+04 2.467570735700428486e+01 5.600000000000000000e+01
3.000000000000000000e+00 4.900000000000000000e+01 -1.000000000000000000e+01 4.409900000000000000e+04 4.556000000000000000e+04 4.419600000000000000e+04 4.492200000000000000e+04 2.468538637901656330e+01 5.600000000000000000e+01
1.700000000000000000e+01 4.900000000000000000e+01 1.000000000000000000e+01 4.439200000000000000e+04 4.561000000000000000e+04 4.388100000000000000e+04 4.467300000000000000e+04 2.469557386601809412e+01 5.600000000000000000e+01
-4.400000000000000000e+01 2.900000000000000000e+01 3.000000000000000000e+00 4.351400000000000000e+04 4.561400000000000000e+04 4.437000000000000000e+04 4.407100000000000000e+04 2.470570933501585387e+01 5.800000000000000000e+01
-5.100000000000000000e+01 4.800000000000000000e+01 -4.000000000000000000e+00 4.368000000000000000e+04 4.482700000000000000e+04 4.400300000000000000e+04 4.475200000000000000e+04 2.471509071800392121e+01 5.800000000000000000e+01
-8.000000000000000000e+01 5.600000000000000000e+01 8.000000000000000000e+00 4.297400000000000000e+04 4.441300000000000000e+04 4.440700000000000000e+04 4.501300000000000000e+04 2.472514999099075794e+01 5.800000000000000000e+01
-6.500000000000000000e+01 7.900000000000000000e+01 2.000000000000000000e+01 4.335400000000000000e+04 4.497100000000000000e+04 4.401800000000000000e+04 4.447000000000000000e+04 2.473570601799292490e+01 5.800000000000000000e+01
-4.300000000000000000e+01 1.070000000000000000e+02 1.800000000000000000e+01 4.379900000000000000e+04 4.488200000000000000e+04 4.410300000000000000e+04 4.472200000000000000e+04 2.474516818200936541e+01 5.400000000000000000e+01
6.000000000000000000e+00 8.500000000000000000e+01 -1.100000000000000000e+01 4.443100000000000000e+04 4.479100000000000000e+04 4.335600000000000000e+04 4.475500000000000000e+04 2.475622194001334719e+01 5.400000000000000000e+01
1.010000000000000000e+02 9.600000000000000000e+01 1.300000000000000000e+01 4.418900000000000000e+04 4.537100000000000000e+04 4.355400000000000000e+04 4.401800000000000000e+04 2.476499507101834752e+01 5.400000000000000000e+01
1.530000000000000000e+02 1.270000000000000000e+02 1.800000000000000000e+01 4.560400000000000000e+04 4.629100000000000000e+04 4.193700000000000000e+04 4.302500000000000000e+04 2.477476614899933338e+01 5.400000000000000000e+01
1.840000000000000000e+02 1.000000000000000000e+02 1.700000000000000000e+01 4.505700000000000000e+04 4.625000000000000000e+04 4.248400000000000000e+04 4.313900000000000000e+04 2.478599339100765064e+01 5.700000000000000000e+01
2.180000000000000000e+02 7.000000000000000000e+01 2.400000000000000000e+01 4.548800000000000000e+04 4.698600000000000000e+04 4.234600000000000000e+04 4.216100000000000000e+04 2.479494830500334501e+01 5.700000000000000000e+01
2.110000000000000000e+02 7.800000000000000000e+01 3.900000000000000000e+01 4.594400000000000000e+04 4.549800000000000000e+04 4.200700000000000000e+04 4.367700000000000000e+04 2.480748739500995725e+01 5.700000000000000000e+01
1.450000000000000000e+02 4.700000000000000000e+01 4.300000000000000000e+01 4.505300000000000000e+04 4.608500000000000000e+04 4.299900000000000000e+04 4.300900000000000000e+04 2.481601649601361714e+01 5.700000000000000000e+01
2.100000000000000000e+01 1.800000000000000000e+01 4.700000000000000000e+01 4.419200000000000000e+04 4.517400000000000000e+04 4.410100000000000000e+04 4.378700000000000000e+04 2.482458028401015326e+01 5.700000000000000000e+01
-1.730000000000000000e+02 6.000000000000000000e+00 6.600000000000000000e+01 4.322900000000000000e+04 4.454600000000000000e+04 4.511600000000000000e+04 4.436100000000000000e+04 2.483487439301097766e+01 5.900000000000000000e+01
-3.650000000000000000e+02 -6.000000000000000000e+00 5.700000000000000000e+01 4.169100000000000000e+04 4.359700000000000000e+04 4.643400000000000000e+04 4.543600000000000000e+04 2.484515595401171595e+01 5.900000000000000000e+01
-4.980000000000000000e+02 -8.000000000000000000e+00 4.900000000000000000e+01 4.083200000000000000e+04 4.248100000000000000e+04 4.734300000000000000e+04 4.648700000000000000e+04 2.485448469800758176e+01 5.900000000000000000e+01
-5.020000000000000000e+02 -2.900000000000000000e+01 7.300000000000000000e+01 4.063700000000000000e+04 4.230500000000000000e+04 4.763900000000000000e+04 4.651200000000000000e+04 2.486485939699923620e+01 5.900000000000000000e+01
-3.800000000000000000e+02 -3.500000000000000000e+01 9.300000000000000000e+01 4.190600000000000000e+04 4.312100000000000000e+04 4.688200000000000000e+04 4.553700000000000000e+04 2.487542489101178944e+01 6.100000000000000000e+01
-2.280000000000000000e+02 -7.800000000000000000e+01 9.600000000000000000e+01 4.277200000000000000e+04 4.480700000000000000e+04 4.605500000000000000e+04 4.364600000000000000e+04 2.488475932899746113e+01 6.100000000000000000e+01
-2.000000000000000000e+01 -6.200000000000000000e+01 9.600000000000000000e+01 4.357900000000000000e+04 4.502500000000000000e+04 4.539500000000000000e+04 4.339400000000000000e+04 2.489488747500581667e+01 6.100000000000000000e+01
1.690000000000000000e+02 -3.400000000000000000e+01 6.600000000000000000e+01 4.454300000000000000e+04 4.621200000000000000e+04 4.438000000000000000e+04 4.217100000000000000e+04 2.490610082400962710e+01 6.100000000000000000e+01
3.060000000000000000e+02 4.900000000000000000e+01 7.400000000000000000e+01 4.603200000000000000e+04 4.614100000000000000e+04 4.275800000000000000e+04 4.215700000000000000e+04 2.491476033200160600e+01 6.100000000000000000e+01
4.130000000000000000e+02 1.530000000000000000e+02 7.400000000000000000e+01 4.726800000000000000e+04 4.604400000000000000e+04 4.180500000000000000e+04 4.258100000000000000e+04 2.492457853499217890e+01 5.600000000000000000e+01
4.630000000000000000e+02 2.170000000000000000e+02 7.400000000000000000e+01 4.779400000000000000e+04 4.620500000000000000e+04 4.116400000000000000e+04 4.259100000000000000e+04 2.493502355500822887e+01 5.600000000000000000e+01
4.180000000000000000e+02 2.700000000000000000e+02 7.300000000000000000e+01 4.764500000000000000e+04 4.598500000000000000e+04 4.154400000000000000e+04 4.285200000000000000e+04 2.494472443300765008e+01 5.600000000000000000e+01
2.970000000000000000e+02 2.670000000000000000e+02 4.900000000000000000e+01 4.760600000000000000e+04 4.535300000000000000e+04 4.158900000000000000e+04 4.361400000000000000e+04 2.495437714300351217e+01 5.600000000000000000e+01
1.330000000000000000e+02 2.540000000000000000e+02 5.100000000000000000e+01 4.683900000000000000e+04 4.393800000000000000e+04 4.271200000000000000e+04 4.536800000000000000e+04 2.496487513399915770e+01 5.700000000000000000e+01
-7.300000000000000000e+01 1.760000000000000000e+02 3.500000000000000000e+01 4.548000000000000000e+04 4.433500000000000000e+04 4.400300000000000000e+04 4.496400000000000000e+04 2.497504457700415514e+01 5.700000000000000000e+01
-2.150000000000000000e+02 3.600000000000000000e+01 2.700000000000000000e+01 4.376500000000000000e+04 4.412600000000000000e+04 4.586300000000000000e+04 4.533000000000000000e+04 2.498531038701185025e+01 5.700000000000000000e+01
-4.030000000000000000e+02 -1.350000000000000000e+02 2.100000000000000000e+01 4.127500000000000000e+04 4.399800000000000000e+04 4.787700000000000000e+04 4.561200000000000000e+04 2.499506855101208203e+01 5.700000000000000000e+01
-4.600000000000000000e+02 -2.740000000000000000e+02 2.800000000000000000e+01 4.066100000000000000e+04 4.442900000000000000e+04 4.850400000000000000e+04 4.516300000000000000e+04 2.500481127199600451e+01 5.900000000000000000e+01
-4.350000000000000000e+02 -3.950000000000000000e+02 1.400000000000000000e+01 3.982400000000000000e+04 4.533000000000000000e+04 4.904400000000000000e+04 4.443200000000000000e+04 2.501478652001242153e+01 5.900000000000000000e+01
-3.120000000000000000e+02 -4.430000000000000000e+02 1.400000000000000000e+01 4.063500000000000000e+04 4.639300000000000000e+04 4.848200000000000000e+04 4.320000000000000000e+04 2.502475954400142655e+01 5.900000000000000000e+01
-1.560000000000000000e+02 -3.800000000000000000e+02 1.100000000000000000e+01 4.208800000000000000e+04 4.706700000000000000e+04 4.743700000000000000e+04 4.259500000000000000e+04 2.503541910901549272e+01 5.900000000000000000e+01
-1.200000000000000000e+01 -2.350000000000000000e+02 1.500000000000000000e+01 4.376300000000000000e+04 4.646800000000000000e+04 4.589700000000000000e+04 4.314500000000000000e+04 2.504457915900275111e+01 5.900000000000000000e+01
1.960000000000000000e+02 -1.100000000000000000e+01 3.300000000000000000e+01 4.627900000000000000e+04 4.639500000000000000e+04 4.399200000000000000e+04 4.349600000000000000e+04 2.505538252301630564e+01 5.400000000000000000e+01
3.210000000000000000e+02 1.600000000000000000e+02 5.300000000000000000e+01 4.754400000000000000e+04 4.638300000000000000e+04 4.263100000000000000e+04 4.327200000000000000e+04 2.506503130300552584e+01 5.400000000000000000e+01
3.850000000000000000e+02 2.690000000000000000e+02 7.100000000000000000e+01 4.773700000000000000e+04 4.571900000000000000e+04 4.252000000000000000e+04 4.379600000000000000e+04 2.507476628501899540e+01 5.400000000000000000e+01
3.820000000000000000e+02 2.790000000000000000e+02 6.900000000000000000e+01 4.750300000000000000e+04 4.637000000000000000e+04 4.293700000000000000e+04 4.276000000000000000e+04 2.508476698701269925e+01 5.400000000000000000e+01
3.130000000000000000e+02 2.520000000000000000e+02 8.900000000000000000e+01 4.752000000000000000e+04 4.544700000000000000e+04 4.336900000000000000e+04 4.406900000000000000e+04 2.509416718600550666e+01 5.300000000000000000e+01
1.730000000000000000e+02 2.130000000000000000e+02 8.200000000000000000e+01 4.642300000000000000e+04 4.523700000000000000e+04 4.469000000000000000e+04 4.422300000000000000e+04 2.510465257999021560e+01 5.300000000000000000e+01
1.900000000000000000e+01 1.930000000000000000e+02 9.800000000000000000e+01 4.638300000000000000e+04 4.400100000000000000e+04 4.482500000000000000e+04 4.528200000000000000e+04 2.511449484701734036e+01 5.300000000000000000e+01
-9.800000000000000000e+01 9.300000000000000000e+01 8.400000000000000000e+01 4.512600000000000000e+04 4.501300000000000000e+04 4.607700000000000000e+04 4.428400000000000000e+04 2.512473701400449499e+01 5.300000000000000000e+01
-2.790000000000000000e+02 3.500000000000000000e+01 6.700000000000000000e+01 4.327300000000000000e+04 4.324100000000000000e+04 4.766100000000000000e+04 4.612500000000000000e+04 2.513465241101221181e+01 5.300000000000000000e+01
-2.900000000000000000e+02 -5.400000000000000000e+01 7.200000000000000000e+01 4.320000000000000000e+04 4.453300000000000000e+04 4.777900000000000000e+04 4.481400000000000000e+04 2.514530656300485134e+01 5.500000000000000000e+01
-2.510000000000000000e+02 -4.500000000000000000e+01 8.000000000000000000e+01 4.427200000000000000e+04 4.443700000000000000e+04 4.695800000000000000e+04 4.475200000000000000e+04 2.515521738800453022e+01 5.500000000000000000e+01
-2.200000000000000000e+02 -3.600000000000000000e+01 8.500000000000000000e+01 4.397900000000000000e+04 4.439700000000000000e+04 4.726300000000000000e+04 4.471000000000000000e+04 2.516409368801396340e+01 5.500000000000000000e+01
-1.020000000000000000e+02 -9.500000000000000000e+01 9.300000000000000000e+01 4.459600000000000000e+04 4.571300000000000000e+04 4.681500000000000000e+04 4.303900000000000000e+04 2.517443159301183186e+01 5.500000000000000000e+01
1.000000000000000000e+00 -1.490000000000000000e+02 9.400000000000000000e+01 4.470300000000000000e+04 4.664800000000000000e+04 4.683500000000000000e+04 4.199600000000000000e+04 2.518530667500454001e+01 5.300000000000000000e+01
4.500000000000000000e+01 -1.710000000000000000e+02 9.700000000000000000e+01 4.466600000000000000e+04 4.652300000000000000e+04 4.690900000000000000e+04 4.191400000000000000e+04 2.519507686499855481e+01 5.300000000000000000e+01
6.600000000000000000e+01 -2.290000000000000000e+02 9.900000000000000000e+01 4.430000000000000000e+04 4.684100000000000000e+04 4.723300000000000000e+04 4.139600000000000000e+04 2.520523002199479379e+01 5.300000000000000000e+01
3.800000000000000000e+01 -2.030000000000000000e+02 1.000000000000000000e+02 4.399200000000000000e+04 4.582700000000000000e+04 4.747400000000000000e+04 4.238300000000000000e+04 2.521623845500289463e+01 5.300000000000000000e+01
1.300000000000000000e+01 -1.400000000000000000e+02 8.600000000000000000e+01 4.419300000000000000e+04 4.604000000000000000e+04 4.713500000000000000e+04 4.206500000000000000e+04 2.522444007400190458e+01 5.500000000000000000e+01
6.500000000000000000e+01 -3.000000000000000000e+00 7.000000000000000000e+01 4.571100000000000000e+04 4.524700000000000000e+04 4.544800000000000000e+04 4.286000000000000000e+04 2.523473508199094795e+01 5.500000000000000000e+01
6.100000000000000000e+01 1.560000000000000000e+02 5.900000000000000000e+01 4.626700000000000000e+04 4.420000000000000000e+04 4.477100000000000000e+04 4.401500000000000000e+04 2.524439393400098197e+01 5.500000000000000000e+01
6.000000000000000000e+01 2.840000000000000000e+02 3.600000000000000000e+01 4.640000000000000000e+04 4.287300000000000000e+04 4.446500000000000000e+04 4.530100000000000000e+04 2.525514656599261798e+01 5.500000000000000000e+01
7.400000000000000000e+01 3.920000000000000000e+02 4.400000000000000000e+01 4.839500000000000000e+04 4.435200000000000000e+04 4.200600000000000000e+04 4.387100000000000000e+04 2.526422652500332333e+01 5.500000000000000000e+01
5.200000000000000000e+01 4.450000000000000000e+02 4.700000000000000000e+01 4.606700000000000000e+04 4.399900000000000000e+04 4.480500000000000000e+04 4.419500000000000000e+04 2.527472334000049159e+01 5.400000000000000000e+01
6.800000000000000000e+01 5.150000000000000000e+02 5.100000000000000000e+01 4.890600000000000000e+04 3.939100000000000000e+04 4.139300000000000000e+04 4.793500000000000000e+04 2.528482468501897529e+01 5.400000000000000000e+01
1.100000000000000000e+02 4.330000000000000000e+02 4.300000000000000000e+01 4.861900000000000000e+04 4.490800000000000000e+04 4.146900000000000000e+04 4.288700000000000000e+04 2.529710290601360612e+01 5.400000000000000000e+01
9.700000000000000000e+01 2.450000000000000000e+02 2.500000000000000000e+01 4.809500000000000000e+04 4.305600000000000000e+04 4.215400000000000000e+04 4.487000000000000000e+04 2.530549925300874747e+01 5.400000000000000000e+01
7.400000000000000000e+01 4.700000000000000000e+01 4.000000000000000000e+01 4.459700000000000000e+04 4.319800000000000000e+04 4.568000000000000000e+04 4.446200000000000000e+04 2.531512387099792250e+01 5.600000000000000000e+01
6.400000000000000000e+01 -1.540000000000000000e+02 2.800000000000000000e+01 4.409600000000000000e+04 4.720200000000000000e+04 4.618200000000000000e+04 3.983900000000000000e+04 2.532513495601597242e+01 5.600000000000000000e+01
4.100000000000000000e+01 -3.300000000000000000e+02 2.300000000000000000e+01 4.457800000000000000e+04 4.748500000000000000e+04 4.569200000000000000e+04 3.946800000000000000e+04 2.533459527301602066e+01 5.600000000000000000e+01
-1.100000000000000000e+01 -3.750000000000000000e+02 2.300000000000000000e+01 4.232700000000000000e+04 4.499700000000000000e+04 4.752700000000000000e+04 4.261000000000000000e+04 2.534495541101205163e+01 5.600000000000000000e+01
-4.700000000000000000e+01 -3.800000000000000000e+02 -1.000000000000000000e+00 4.371900000000000000e+04 4.774100000000000000e+04 4.628600000000000000e+04 3.919800000000000000e+04 2.535465492599178106e+01 5.600000000000000000e+01
-4.800000000000000000e+01 -2.890000000000000000e+02 5.000000000000000000e+00 3.999000000000000000e+04 4.293200000000000000e+04 4.914200000000000000e+04 4.481300000000000000e+04 2.536552387199481018e+01 5.600000000000000000e+01
-7.400000000000000000e+01 -2.060000000000000000e+02 3.000000000000000000e+00 4.316700000000000000e+04 4.575000000000000000e+04 4.663500000000000000e+04 4.187700000000000000e+04 2.537417141001787968e+01 5.600000000000000000e+01
-6.500000000000000000e+01 -8.900000000000000000e+01 3.000000000000000000e+00 4.557000000000000000e+04 4.650600000000000000e+04 4.441200000000000000e+04 4.088700000000000000e+04 2.538400896399980411e+01 5.600000000000000000e+01
-5.900000000000000000e+01 4.100000000000000000e+01 4.000000000000000000e+00 4.540100000000000000e+04 4.478700000000000000e+04 4.459600000000000000e+04 4.294300000000000000e+04 2.539472096299869008e+01 5.600000000000000000e+01
-6.600000000000000000e+01 1.420000000000000000e+02 -6.000000000000000000e+00 4.536100000000000000e+04 4.437300000000000000e+04 4.492600000000000000e+04 4.383600000000000000e+04 2.540426316001685336e+01 5.400000000000000000e+01
-7.800000000000000000e+01 2.500000000000000000e+02 1.000000000000000000e+00 4.505000000000000000e+04 4.216700000000000000e+04 4.523900000000000000e+04 4.597400000000000000e+04 2.541389170999173075e+01 5.400000000000000000e+01
-1.300000000000000000e+02 2.900000000000000000e+02 1.500000000000000000e+01 4.576800000000000000e+04 4.252000000000000000e+04 4.470000000000000000e+04 4.545600000000000000e+04 2.542465581200667657e+01 5.400000000000000000e+01
-1.750000000000000000e+02 2.940000000000000000e+02 1.400000000000000000e+01 4.531200000000000000e+04 4.120600000000000000e+04 4.528400000000000000e+04 4.646000000000000000e+04 2.543413703099940903e+01 5.400000000000000000e+01
-1.570000000000000000e+02 2.020000000000000000e+02 2.200000000000000000e+01 4.600300000000000000e+04 4.205700000000000000e+04 4.460600000000000000e+04 4.582400000000000000e+04 2.544469290101551451e+01 5.700000000000000000e+01
-7.200000000000000000e+01 8.000000000000000000e+01 1.300000000000000000e+01 4.409200000000000000e+04 4.181200000000000000e+04 4.639700000000000000e+04 4.599800000000000000e+04 2.545476448599947616e+01 5.700000000000000000e+01
1.000000000000000000e+00 -1.800000000000000000e+01 1.200000000000000000e+01 4.668200000000000000e+04 4.604600000000000000e+04 4.362100000000000000e+04 4.176700000000000000e+04 2.546514219601522200e+01 5.700000000000000000e+01
8.900000000000000000e+01 -1.140000000000000000e+02 1.300000000000000000e+01 4.350900000000000000e+04 4.422400000000000000e+04 4.686600000000000000e+04 4.374900000000000000e+04 2.547459358899504878e+01 5.700000000000000000e+01
1.260000000000000000e+02 -2.080000000000000000e+02 3.000000000000000000e+00 4.533500000000000000e+04 4.773400000000000000e+04 4.515700000000000000e+04 3.975300000000000000e+04 2.548492387399892323e+01 5.700000000000000000e+01
1.400000000000000000e+02 -2.790000000000000000e+02 1.000000000000000000e+00 4.452000000000000000e+04 4.656000000000000000e+04 4.555700000000000000e+04 4.088500000000000000e+04 2.551900570900761522e+01 6.000000000000000000e+01
2.020000000000000000e+02 -3.030000000000000000e+02 -9.000000000000000000e+00 4.325300000000000000e+04 4.677100000000000000e+04 4.663500000000000000e+04 4.071000000000000000e+04 2.552486114201019518e+01 6.000000000000000000e+01
1.880000000000000000e+02 -2.980000000000000000e+02 -1.000000000000000000e+01 4.352000000000000000e+04 4.782600000000000000e+04 4.652700000000000000e+04 3.933800000000000000e+04 2.552658491901820526e+01 6.000000000000000000e+01
1.450000000000000000e+02 -1.870000000000000000e+02 -1.300000000000000000e+01 4.501900000000000000e+04 4.676300000000000000e+04 4.496200000000000000e+04 4.102600000000000000e+04 2.552808403701055795e+01 6.000000000000000000e+01
4.100000000000000000e+01 -6.000000000000000000e+01 -3.300000000000000000e+01 4.523800000000000000e+04 4.586900000000000000e+04 4.483900000000000000e+04 4.233800000000000000e+04 2.553794420999474823e+01 5.700000000000000000e+01
-8.800000000000000000e+01 5.300000000000000000e+01 -5.000000000000000000e+01 4.381400000000000000e+04 4.378100000000000000e+04 4.613100000000000000e+04 4.469200000000000000e+04 2.554567717600730248e+01 5.700000000000000000e+01
-1.580000000000000000e+02 2.180000000000000000e+02 -4.900000000000000000e+01 4.439700000000000000e+04 4.277800000000000000e+04 4.551000000000000000e+04 4.578100000000000000e+04 2.555650959099875763e+01 5.700000000000000000e+01
-1.840000000000000000e+02 3.220000000000000000e+02 -4.100000000000000000e+01 4.623500000000000000e+04 4.236500000000000000e+04 4.367300000000000000e+04 4.612100000000000000e+04 2.556450517100165598e+01 5.700000000000000000e+01
-1.610000000000000000e+02 3.670000000000000000e+02 -3.800000000000000000e+01 4.443200000000000000e+04 3.954000000000000000e+04 4.547700000000000000e+04 4.833100000000000000e+04 2.557471431000158191e+01 5.700000000000000000e+01
-1.590000000000000000e+02 3.610000000000000000e+02 -3.500000000000000000e+01 4.783200000000000000e+04 4.518500000000000000e+04 4.213200000000000000e+04 4.358700000000000000e+04 2.558574201300507411e+01 5.600000000000000000e+01
-1.380000000000000000e+02 2.730000000000000000e+02 -1.700000000000000000e+01 4.460000000000000000e+04 4.074500000000000000e+04 4.595400000000000000e+04 4.780100000000000000e+04 2.559468702299636789e+01 5.600000000000000000e+01
-8.500000000000000000e+01 1.340000000000000000e+02 -1.900000000000000000e+01 4.292700000000000000e+04 4.199200000000000000e+04 4.743100000000000000e+04 4.686800000000000000e+04 2.560464008300914429e+01 5.600000000000000000e+01
-3.000000000000000000e+00 -1.100000000000000000e+01 -4.100000000000000000e+01 4.418900000000000000e+04 4.741300000000000000e+04 4.634800000000000000e+04 4.132100000000000000e+04 2.561664890899555758e+01 5.600000000000000000e+01
1.230000000000000000e+02 -7.000000000000000000e+01 -3.200000000000000000e+01 4.513100000000000000e+04 4.454200000000000000e+04 4.546100000000000000e+04 4.473300000000000000e+04 2.562513751600636169e+01 5.700000000000000000e+01
2.190000000000000000e+02 -1.060000000000000000e+02 -4.300000000000000000e+01 4.620800000000000000e+04 4.671600000000000000e+04 4.436500000000000000e+04 4.246700000000000000e+04 2.563577312300913036e+01 5.700000000000000000e+01
2.310000000000000000e+02 -1.850000000000000000e+02 -4.600000000000000000e+01 4.525900000000000000e+04 4.783000000000000000e+04 4.513900000000000000e+04 4.132700000000000000e+04 2.564445546499337070e+01 5.700000000000000000e+01
2.480000000000000000e+02 -2.430000000000000000e+02 -4.900000000000000000e+01 4.524100000000000000e+04 4.764800000000000000e+04 4.508200000000000000e+04 4.164900000000000000e+04 2.565441897101118229e+01 5.700000000000000000e+01
2.400000000000000000e+02 -2.130000000000000000e+02 -5.100000000000000000e+01 4.598800000000000000e+04 4.753300000000000000e+04 4.433700000000000000e+04 4.169700000000000000e+04 2.566435562900733203e+01 5.900000000000000000e+01
1.570000000000000000e+02 -1.260000000000000000e+02 -4.800000000000000000e+01 4.537800000000000000e+04 4.769100000000000000e+04 4.466700000000000000e+04 4.123200000000000000e+04 2.567460869299247861e+01 5.900000000000000000e+01
-4.000000000000000000e+00 -1.100000000000000000e+02 -5.100000000000000000e+01 4.392300000000000000e+04 4.581300000000000000e+04 4.597400000000000000e+04 4.344100000000000000e+04 2.568462616699980572e+01 5.900000000000000000e+01
-1.290000000000000000e+02 -2.900000000000000000e+01 -3.500000000000000000e+01 4.425600000000000000e+04 4.561600000000000000e+04 4.573600000000000000e+04 4.366000000000000000e+04 2.569470450800145045e+01 5.900000000000000000e+01
