-5.100000000000000000e+01 -8.000000000000000000e+00 2.100000000000000000e+01 4.422400000000000000e+04 4.663200000000000000e+04 4.607400000000000000e+04 4.429300000000000000e+04 2.510223422298440710e+01 8.030000000000000000e+02
-2.500000000000000000e+01 -1.600000000000000000e+01 1.400000000000000000e+01 4.435800000000000000e+04 4.645600000000000000e+04 4.591000000000000000e+04 4.458800000000000000e+04 2.511168666294543073e+01 8.030000000000000000e+02
-4.200000000000000000e+01 0.000000000000000000e+00 1.500000000000000000e+01 4.444500000000000000e+04 4.675300000000000000e+04 4.580800000000000000e+04 4.422000000000000000e+04 2.512173009797697887e+01 7.980000000000000000e+02
-6.200000000000000000e+01 2.900000000000000000e+01 0.000000000000000000e+00 4.435800000000000000e+04 4.658000000000000000e+04 4.622700000000000000e+04 4.489500000000000000e+04 2.513193549099378288e+01 7.980000000000000000e+02
-3.800000000000000000e+01 4.400000000000000000e+01 1.200000000000000000e+01 4.484800000000000000e+04 4.688900000000000000e+04 4.566400000000000000e+04 4.456700000000000000e+04 2.514115265797590837e+01 7.980000000000000000e+02
-1.700000000000000000e+01 7.000000000000000000e+01 8.000000000000000000e+00 4.481400000000000000e+04 4.696800000000000000e+04 4.574500000000000000e+04 4.444300000000000000e+04 2.515131348796421662e+01 7.980000000000000000e+02
-1.000000000000000000e+00 6.700000000000000000e+01 4.000000000000000000e+00 4.492300000000000000e+04 4.674600000000000000e+04 4.584200000000000000e+04 4.477000000000000000e+04 2.516105086199240759e+01 8.020000000000000000e+02
6.000000000000000000e+00 7.100000000000000000e+01 1.500000000000000000e+01 4.484600000000000000e+04 4.698600000000000000e+04 4.552300000000000000e+04 4.415900000000000000e+04 2.517076456197537482e+01 8.020000000000000000e+02
-1.500000000000000000e+01 8.800000000000000000e+01 1.200000000000000000e+01 4.499600000000000000e+04 4.663800000000000000e+04 4.533000000000000000e+04 4.451200000000000000e+04 2.518083312700036913e+01 8.020000000000000000e+02
-2.100000000000000000e+01 8.500000000000000000e+01 -1.000000000000000000e+00 4.518200000000000000e+04 4.610000000000000000e+04 4.509700000000000000e+04 4.504200000000000000e+04 2.519089744996745139e+01 8.020000000000000000e+02
1.800000000000000000e+01 8.500000000000000000e+01 8.000000000000000000e+00 4.564600000000000000e+04 4.702700000000000000e+04 4.441200000000000000e+04 4.417000000000000000e+04 2.520173712098039687e+01 8.020000000000000000e+02
-1.600000000000000000e+01 6.300000000000000000e+01 5.000000000000000000e+00 4.491500000000000000e+04 4.657100000000000000e+04 4.552600000000000000e+04 4.493000000000000000e+04 2.521164817898534238e+01 7.970000000000000000e+02
-2.100000000000000000e+01 1.700000000000000000e+01 9.000000000000000000e+00 4.498000000000000000e+04 4.714100000000000000e+04 4.544300000000000000e+04 4.424100000000000000e+04 2.522113984497264028e+01 7.970000000000000000e+02
-1.200000000000000000e+01 -2.900000000000000000e+01 -8.000000000000000000e+00 4.451500000000000000e+04 4.786100000000000000e+04 4.570500000000000000e+04 4.348100000000000000e+04 2.523213409999152645e+01 7.970000000000000000e+02
-7.000000000000000000e+00 -6.000000000000000000e+00 8.000000000000000000e+00 4.477900000000000000e+04 4.716200000000000000e+04 4.541000000000000000e+04 4.423500000000000000e+04 2.524142137897433713e+01 7.970000000000000000e+02
-3.200000000000000000e+01 -4.900000000000000000e+01 -3.000000000000000000e+01 4.358600000000000000e+04 4.697200000000000000e+04 4.619300000000000000e+04 4.399400000000000000e+04 2.525062944495584816e+01 8.020000000000000000e+02
-1.500000000000000000e+01 -3.700000000000000000e+01 -1.000000000000000000e+00 4.386400000000000000e+04 4.682700000000000000e+04 4.602500000000000000e+04 4.400300000000000000e+04 2.526191070198547095e+01 8.020000000000000000e+02
-3.000000000000000000e+01 -3.000000000000000000e+00 -1.000000000000000000e+01 4.425800000000000000e+04 4.677700000000000000e+04 4.552300000000000000e+04 4.413800000000000000e+04 2.527104829298332334e+01 8.020000000000000000e+02
-4.200000000000000000e+01 2.000000000000000000e+00 -1.700000000000000000e+01 4.431700000000000000e+04 4.655400000000000000e+04 4.531900000000000000e+04 4.443100000000000000e+04 2.528079564595827833e+01 8.020000000000000000e+02
-1.700000000000000000e+01 3.000000000000000000e+01 -7.000000000000000000e+00 4.427600000000000000e+04 4.662100000000000000e+04 4.529400000000000000e+04 4.430100000000000000e+04 2.529166330996667966e+01 8.000000000000000000e+02
-3.500000000000000000e+01 3.600000000000000000e+01 -2.300000000000000000e+01 4.432000000000000000e+04 4.640300000000000000e+04 4.513600000000000000e+04 4.453500000000000000e+04 2.530076071695657447e+01 8.000000000000000000e+02
-1.500000000000000000e+01 5.900000000000000000e+01 -1.800000000000000000e+01 4.408600000000000000e+04 4.653800000000000000e+04 4.532600000000000000e+04 4.434500000000000000e+04 2.531092524196719751e+01 8.000000000000000000e+02
-2.800000000000000000e+01 6.500000000000000000e+01 -2.200000000000000000e+01 4.447300000000000000e+04 4.635100000000000000e+04 4.488600000000000000e+04 4.458200000000000000e+04 2.532101308397250250e+01 8.000000000000000000e+02
-1.000000000000000000e+01 5.900000000000000000e+01 -2.200000000000000000e+01 4.452100000000000000e+04 4.634300000000000000e+04 4.484000000000000000e+04 4.453900000000000000e+04 2.533162996295141056e+01 7.980000000000000000e+02
-1.000000000000000000e+00 6.800000000000000000e+01 -1.500000000000000000e+01 4.480100000000000000e+04 4.625900000000000000e+04 4.478900000000000000e+04 4.484800000000000000e+04 2.534121457196306437e+01 7.980000000000000000e+02
-1.800000000000000000e+01 6.200000000000000000e+01 -1.100000000000000000e+01 4.459100000000000000e+04 4.616300000000000000e+04 4.478500000000000000e+04 4.470900000000000000e+04 2.535159587697125971e+01 7.980000000000000000e+02
1.000000000000000000e+01 3.400000000000000000e+01 -9.000000000000000000e+00 4.484700000000000000e+04 4.679100000000000000e+04 4.466200000000000000e+04 4.416800000000000000e+04 2.536086626397445798e+01 7.980000000000000000e+02
-5.000000000000000000e+00 -2.100000000000000000e+01 -1.200000000000000000e+01 4.385200000000000000e+04 4.644800000000000000e+04 4.535900000000000000e+04 4.437500000000000000e+04 2.537105397100094706e+01 7.980000000000000000e+02
-1.600000000000000000e+01 -1.800000000000000000e+01 -1.400000000000000000e+01 4.407400000000000000e+04 4.642900000000000000e+04 4.514500000000000000e+04 4.441400000000000000e+04 2.538106607098598033e+01 8.010000000000000000e+02
-2.200000000000000000e+01 -5.000000000000000000e+01 -2.000000000000000000e+01 4.343800000000000000e+04 4.686200000000000000e+04 4.570000000000000000e+04 4.392600000000000000e+04 2.539121353795053437e+01 8.010000000000000000e+02
-2.200000000000000000e+01 -7.600000000000000000e+01 -6.000000000000000000e+00 4.342600000000000000e+04 4.656700000000000000e+04 4.557400000000000000e+04 4.408700000000000000e+04 2.540105955098988488e+01 8.010000000000000000e+02
-2.000000000000000000e+01 -7.100000000000000000e+01 -1.200000000000000000e+01 4.346200000000000000e+04 4.653600000000000000e+04 4.549500000000000000e+04 4.410100000000000000e+04 2.541175269999075681e+01 8.010000000000000000e+02
1.000000000000000000e+00 -5.100000000000000000e+01 -1.800000000000000000e+01 4.358900000000000000e+04 4.662500000000000000e+04 4.533500000000000000e+04 4.397800000000000000e+04 2.542117382196011022e+01 8.020000000000000000e+02
-1.200000000000000000e+01 -3.000000000000000000e+01 -1.900000000000000000e+01 4.340800000000000000e+04 4.644900000000000000e+04 4.538100000000000000e+04 4.399700000000000000e+04 2.543142113398062065e+01 8.020000000000000000e+02
-7.000000000000000000e+00 1.300000000000000000e+01 -1.400000000000000000e+01 4.385700000000000000e+04 4.641000000000000000e+04 4.491600000000000000e+04 4.404700000000000000e+04 2.544111473194789141e+01 8.020000000000000000e+02
-4.000000000000000000e+00 3.100000000000000000e+01 -1.000000000000000000e+01 4.398500000000000000e+04 4.638300000000000000e+04 4.471000000000000000e+04 4.414600000000000000e+04 2.545086379296844825e+01 8.020000000000000000e+02
-6.000000000000000000e+00 5.000000000000000000e+01 -2.000000000000000000e+01 4.382600000000000000e+04 4.626100000000000000e+04 4.485100000000000000e+04 4.434700000000000000e+04 2.546080386498942971e+01 7.990000000000000000e+02
-1.800000000000000000e+01 8.200000000000000000e+01 -1.800000000000000000e+01 4.409900000000000000e+04 4.618000000000000000e+04 4.492900000000000000e+04 4.467900000000000000e+04 2.547079219599254429e+01 7.990000000000000000e+02
-2.900000000000000000e+01 7.600000000000000000e+01 -1.800000000000000000e+01 4.390200000000000000e+04 4.631000000000000000e+04 4.503000000000000000e+04 4.459300000000000000e+04 2.548078720999183133e+01 7.990000000000000000e+02
-2.700000000000000000e+01 8.200000000000000000e+01 -2.300000000000000000e+01 4.401400000000000000e+04 4.617100000000000000e+04 4.494800000000000000e+04 4.471700000000000000e+04 2.549155226099537686e+01 7.990000000000000000e+02
2.000000000000000000e+00 6.700000000000000000e+01 -1.500000000000000000e+01 4.440100000000000000e+04 4.604400000000000000e+04 4.457900000000000000e+04 4.485800000000000000e+04 2.550154693296644837e+01 7.990000000000000000e+02
3.000000000000000000e+00 2.700000000000000000e+01 -9.000000000000000000e+00 4.410600000000000000e+04 4.603900000000000000e+04 4.451300000000000000e+04 4.504700000000000000e+04 2.551132945797871798e+01 8.020000000000000000e+02
1.500000000000000000e+01 -1.200000000000000000e+01 -1.300000000000000000e+01 4.414800000000000000e+04 4.635300000000000000e+04 4.456000000000000000e+04 4.462000000000000000e+04 2.552098928997293115e+01 8.020000000000000000e+02
3.200000000000000000e+01 -5.100000000000000000e+01 -1.400000000000000000e+01 4.372600000000000000e+04 4.683100000000000000e+04 4.488800000000000000e+04 4.418100000000000000e+04 2.553095272195059806e+01 8.020000000000000000e+02
4.200000000000000000e+01 -8.600000000000000000e+01 -1.800000000000000000e+01 4.358200000000000000e+04 4.705100000000000000e+04 4.488300000000000000e+04 4.405700000000000000e+04 2.554097899794578552e+01 8.020000000000000000e+02
4.000000000000000000e+01 -1.010000000000000000e+02 -1.100000000000000000e+01 4.339700000000000000e+04 4.727300000000000000e+04 4.496200000000000000e+04 4.386500000000000000e+04 2.555077113595325500e+01 8.020000000000000000e+02
3.700000000000000000e+01 -9.000000000000000000e+01 -7.000000000000000000e+00 4.331700000000000000e+04 4.761700000000000000e+04 4.522700000000000000e+04 4.322200000000000000e+04 2.556071502098347992e+01 8.020000000000000000e+02
3.600000000000000000e+01 -7.400000000000000000e+01 -3.000000000000000000e+00 4.335500000000000000e+04 4.712500000000000000e+04 4.526200000000000000e+04 4.371200000000000000e+04 2.557068398495903239e+01 8.020000000000000000e+02
5.000000000000000000e+00 -4.600000000000000000e+01 -1.200000000000000000e+01 4.357500000000000000e+04 4.702800000000000000e+04 4.501500000000000000e+04 4.385700000000000000e+04 2.558130347699625418e+01 8.020000000000000000e+02
-1.000000000000000000e+01 -3.000000000000000000e+00 -7.000000000000000000e+00 4.359800000000000000e+04 4.677200000000000000e+04 4.492100000000000000e+04 4.426700000000000000e+04 2.559211963095003739e+01 8.040000000000000000e+02
-1.600000000000000000e+01 2.100000000000000000e+01 -1.100000000000000000e+01 4.358800000000000000e+04 4.643100000000000000e+04 4.475300000000000000e+04 4.448200000000000000e+04 2.560102142399409786e+01 8.040000000000000000e+02
-1.900000000000000000e+01 4.000000000000000000e+01 -1.900000000000000000e+01 4.393600000000000000e+04 4.623400000000000000e+04 4.434300000000000000e+04 4.474400000000000000e+04 2.561002266797004268e+01 8.040000000000000000e+02
-4.100000000000000000e+01 6.300000000000000000e+01 -3.000000000000000000e+01 4.369000000000000000e+04 4.590900000000000000e+04 4.440100000000000000e+04 4.524600000000000000e+04 2.562201967899454758e+01 8.040000000000000000e+02
-2.100000000000000000e+01 7.700000000000000000e+01 -2.100000000000000000e+01 4.411100000000000000e+04 4.626400000000000000e+04 4.390400000000000000e+04 4.499100000000000000e+04 2.563081874797353521e+01 8.040000000000000000e+02
-7.000000000000000000e+00 7.300000000000000000e+01 -1.500000000000000000e+01 4.452400000000000000e+04 4.652800000000000000e+04 4.381000000000000000e+04 4.507200000000000000e+04 2.564051964395912364e+01 8.000000000000000000e+02
-8.000000000000000000e+00 3.700000000000000000e+01 -1.200000000000000000e+01 4.420200000000000000e+04 4.635700000000000000e+04 4.418500000000000000e+04 4.519100000000000000e+04 2.565124633494997397e+01 8.000000000000000000e+02
-8.000000000000000000e+00 -1.000000000000000000e+00 -9.000000000000000000e+00 4.364800000000000000e+04 4.660000000000000000e+04 4.479700000000000000e+04 4.487400000000000000e+04 2.566050026699667796e+01 8.000000000000000000e+02
-4.300000000000000000e+01 -2.300000000000000000e+01 -1.200000000000000000e+01 4.361800000000000000e+04 4.694100000000000000e+04 4.488400000000000000e+04 4.446000000000000000e+04 2.567060024797683582e+01 8.000000000000000000e+02
-2.000000000000000000e+01 -5.500000000000000000e+01 -1.400000000000000000e+01 4.337300000000000000e+04 4.699000000000000000e+04 4.514600000000000000e+04 4.434900000000000000e+04 2.568104034499265254e+01 8.040000000000000000e+02
-1.300000000000000000e+01 -6.700000000000000000e+01 -1.900000000000000000e+01 4.355800000000000000e+04 4.702900000000000000e+04 4.495600000000000000e+04 4.427600000000000000e+04 2.569038737897062674e+01 8.040000000000000000e+02
-3.100000000000000000e+01 -8.200000000000000000e+01 -1.800000000000000000e+01 4.298000000000000000e+04 4.722500000000000000e+04 4.538100000000000000e+04 4.391500000000000000e+04 2.570050476799951866e+01 8.040000000000000000e+02
-4.000000000000000000e+00 -7.100000000000000000e+01 -1.500000000000000000e+01 4.334000000000000000e+04 4.716800000000000000e+04 4.505100000000000000e+04 4.402900000000000000e+04 2.571084241196513176e+01 8.040000000000000000e+02
-2.400000000000000000e+01 -5.300000000000000000e+01 -9.000000000000000000e+00 4.332700000000000000e+04 4.705000000000000000e+04 4.519800000000000000e+04 4.402900000000000000e+04 2.572061248897807673e+01 8.060000000000000000e+02
-2.000000000000000000e+01 -4.200000000000000000e+01 -4.000000000000000000e+00 4.312500000000000000e+04 4.691000000000000000e+04 4.516300000000000000e+04 4.384400000000000000e+04 2.573059541895054281e+01 8.060000000000000000e+02
-8.000000000000000000e+00 -8.000000000000000000e+00 -1.600000000000000000e+01 4.344400000000000000e+04 4.661400000000000000e+04 4.491600000000000000e+04 4.422900000000000000e+04 2.574130891595268622e+01 8.060000000000000000e+02
-4.000000000000000000e+00 2.500000000000000000e+01 -1.400000000000000000e+01 4.336600000000000000e+04 4.671400000000000000e+04 4.460800000000000000e+04 4.450100000000000000e+04 2.575123192596947774e+01 8.060000000000000000e+02
2.100000000000000000e+01 3.500000000000000000e+01 -1.100000000000000000e+01 4.392800000000000000e+04 4.672700000000000000e+04 4.429700000000000000e+04 4.413600000000000000e+04 2.576203012396581471e+01 8.040000000000000000e+02
6.000000000000000000e+00 2.400000000000000000e+01 -1.100000000000000000e+01 4.357900000000000000e+04 4.678000000000000000e+04 4.460600000000000000e+04 4.423200000000000000e+04 2.577095302200177684e+01 8.040000000000000000e+02
1.700000000000000000e+01 3.100000000000000000e+01 -3.000000000000000000e+00 4.439300000000000000e+04 4.643000000000000000e+04 4.400300000000000000e+04 4.445400000000000000e+04 2.578155171900289133e+01 8.040000000000000000e+02
2.000000000000000000e+01 4.900000000000000000e+01 0.000000000000000000e+00 4.404800000000000000e+04 4.640900000000000000e+04 4.428900000000000000e+04 4.456700000000000000e+04 2.579031623498303816e+01 8.040000000000000000e+02
1.900000000000000000e+01 4.200000000000000000e+01 -4.000000000000000000e+00 4.386200000000000000e+04 4.664200000000000000e+04 4.442600000000000000e+04 4.435800000000000000e+04 2.580126064195064828e+01 8.040000000000000000e+02
2.700000000000000000e+01 1.900000000000000000e+01 -8.000000000000000000e+00 4.405100000000000000e+04 4.652000000000000000e+04 4.445300000000000000e+04 4.444400000000000000e+04 2.581076198897790164e+01 8.040000000000000000e+02
0.000000000000000000e+00 4.000000000000000000e+00 -1.000000000000000000e+00 4.408100000000000000e+04 4.683700000000000000e+04 4.451400000000000000e+04 4.405700000000000000e+04 2.582172945397906005e+01 8.040000000000000000e+02
1.200000000000000000e+01 -1.800000000000000000e+01 2.000000000000000000e+00 4.398300000000000000e+04 4.651000000000000000e+04 4.461300000000000000e+04 4.444000000000000000e+04 2.583046801196178421e+01 8.040000000000000000e+02
3.000000000000000000e+00 -8.000000000000000000e+00 -2.000000000000000000e+00 4.380200000000000000e+04 4.671200000000000000e+04 4.478700000000000000e+04 4.425600000000000000e+04 2.584136019897414371e+01 8.040000000000000000e+02
8.000000000000000000e+00 -4.500000000000000000e+01 -6.000000000000000000e+00 4.373500000000000000e+04 4.709000000000000000e+04 4.464800000000000000e+04 4.359900000000000000e+04 2.585057375900214538e+01 8.070000000000000000e+02
5.000000000000000000e+00 -4.400000000000000000e+01 -7.000000000000000000e+00 4.323100000000000000e+04 4.688600000000000000e+04 4.500000000000000000e+04 4.393700000000000000e+04 2.586051795899402350e+01 8.070000000000000000e+02
-5.000000000000000000e+00 -4.300000000000000000e+01 -4.000000000000000000e+00 4.322200000000000000e+04 4.652400000000000000e+04 4.501500000000000000e+04 4.435300000000000000e+04 2.587059149099513888e+01 8.070000000000000000e+02
-2.100000000000000000e+01 -2.300000000000000000e+01 -7.000000000000000000e+00 4.354900000000000000e+04 4.668900000000000000e+04 4.475200000000000000e+04 4.422100000000000000e+04 2.588039768999442458e+01 8.070000000000000000e+02
-3.100000000000000000e+01 1.000000000000000000e+01 -5.000000000000000000e+00 4.334100000000000000e+04 4.627300000000000000e+04 4.486100000000000000e+04 4.479300000000000000e+04 2.589077514596283436e+01 8.060000000000000000e+02
-8.000000000000000000e+00 -7.000000000000000000e+00 -1.400000000000000000e+01 4.352500000000000000e+04 4.654300000000000000e+04 4.456400000000000000e+04 4.460800000000000000e+04 2.590055865398608148e+01 8.060000000000000000e+02
-1.500000000000000000e+01 1.900000000000000000e+01 5.000000000000000000e+00 4.341000000000000000e+04 4.616100000000000000e+04 4.460600000000000000e+04 4.523600000000000000e+04 2.591028671397361904e+01 8.060000000000000000e+02
9.000000000000000000e+00 3.300000000000000000e+01 -9.000000000000000000e+00 4.394000000000000000e+04 4.653400000000000000e+04 4.437700000000000000e+04 4.463000000000000000e+04 2.592032866098452359e+01 8.060000000000000000e+02
6.000000000000000000e+00 3.100000000000000000e+01 -1.000000000000000000e+00 4.393300000000000000e+04 4.636700000000000000e+04 4.423700000000000000e+04 4.497600000000000000e+04 2.593088447698391974e+01 8.060000000000000000e+02
3.500000000000000000e+01 1.600000000000000000e+01 -9.000000000000000000e+00 4.393000000000000000e+04 4.706800000000000000e+04 4.459400000000000000e+04 4.444300000000000000e+04 2.594090338598471135e+01 8.030000000000000000e+02
3.000000000000000000e+01 3.500000000000000000e+01 -9.000000000000000000e+00 4.430700000000000000e+04 4.662000000000000000e+04 4.428200000000000000e+04 4.489500000000000000e+04 2.595078520698007196e+01 8.030000000000000000e+02
4.700000000000000000e+01 -3.000000000000000000e+00 -9.000000000000000000e+00 4.397600000000000000e+04 4.715700000000000000e+04 4.471000000000000000e+04 4.461300000000000000e+04 2.596103668597061187e+01 8.030000000000000000e+02
1.200000000000000000e+01 -1.500000000000000000e+01 -2.000000000000000000e+00 4.398600000000000000e+04 4.688300000000000000e+04 4.477300000000000000e+04 4.498300000000000000e+04 2.597116613294929266e+01 8.030000000000000000e+02
1.900000000000000000e+01 -2.000000000000000000e+01 -7.000000000000000000e+00 4.427000000000000000e+04 4.739500000000000000e+04 4.478700000000000000e+04 4.459800000000000000e+04 2.598033574997680262e+01 8.020000000000000000e+02
-1.500000000000000000e+01 -8.000000000000000000e+00 -8.000000000000000000e+00 4.375700000000000000e+04 4.716300000000000000e+04 4.532400000000000000e+04 4.476400000000000000e+04 2.599023416894488037e+01 8.020000000000000000e+02
-1.900000000000000000e+01 -9.000000000000000000e+00 -1.000000000000000000e+01 4.355000000000000000e+04 4.693000000000000000e+04 4.548500000000000000e+04 4.506600000000000000e+04 2.600223633699351922e+01 8.020000000000000000e+02
-2.300000000000000000e+01 -1.500000000000000000e+01 -5.000000000000000000e+00 4.370100000000000000e+04 4.664300000000000000e+04 4.536800000000000000e+04 4.535100000000000000e+04 2.600996386900078505e+01 8.020000000000000000e+02
-1.700000000000000000e+01 -1.900000000000000000e+01 -6.000000000000000000e+00 4.387900000000000000e+04 4.696800000000000000e+04 4.519600000000000000e+04 4.500200000000000000e+04 2.602189865999389440e+01 8.060000000000000000e+02
-1.800000000000000000e+01 -8.000000000000000000e+00 -1.900000000000000000e+01 4.360500000000000000e+04 4.700100000000000000e+04 4.517900000000000000e+04 4.464300000000000000e+04 2.603088888397905976e+01 8.060000000000000000e+02
-1.000000000000000000e+01 2.100000000000000000e+01 -1.900000000000000000e+01 4.367400000000000000e+04 4.667500000000000000e+04 4.482300000000000000e+04 4.528800000000000000e+04 2.604080164094921201e+01 8.060000000000000000e+02
3.000000000000000000e+00 3.300000000000000000e+01 -1.300000000000000000e+01 4.393300000000000000e+04 4.678400000000000000e+04 4.434400000000000000e+04 4.540300000000000000e+04 2.605030727694975212e+01 8.060000000000000000e+02
1.900000000000000000e+01 6.500000000000000000e+01 -2.500000000000000000e+01 4.399400000000000000e+04 4.660700000000000000e+04 4.423200000000000000e+04 4.568200000000000000e+04 2.606107086298288777e+01 8.060000000000000000e+02
3.500000000000000000e+01 8.600000000000000000e+01 -2.800000000000000000e+01 4.444900000000000000e+04 4.653300000000000000e+04 4.363200000000000000e+04 4.550100000000000000e+04 2.607086860499111935e+01 8.060000000000000000e+02
4.300000000000000000e+01 1.020000000000000000e+02 -2.100000000000000000e+01 4.424300000000000000e+04 4.670300000000000000e+04 4.380100000000000000e+04 4.531000000000000000e+04 2.608118430699687451e+01 8.060000000000000000e+02
5.500000000000000000e+01 9.000000000000000000e+01 -1.900000000000000000e+01 4.430600000000000000e+04 4.633100000000000000e+04 4.371400000000000000e+04 4.561300000000000000e+04 2.609087136294692755e+01 8.060000000000000000e+02
4.700000000000000000e+01 4.500000000000000000e+01 -2.300000000000000000e+01 4.442800000000000000e+04 4.686500000000000000e+04 4.394100000000000000e+04 4.459500000000000000e+04 2.610078303498448804e+01 8.060000000000000000e+02
5.200000000000000000e+01 3.600000000000000000e+01 -1.200000000000000000e+01 4.450800000000000000e+04 4.697100000000000000e+04 4.393600000000000000e+04 4.491400000000000000e+04 2.611087612295523286e+01 8.020000000000000000e+02
3.300000000000000000e+01 7.000000000000000000e+00 -9.000000000000000000e+00 4.353600000000000000e+04 4.715700000000000000e+04 4.492300000000000000e+04 4.446500000000000000e+04 2.612097453698515892e+01 8.020000000000000000e+02
4.300000000000000000e+01 -1.500000000000000000e+01 -2.100000000000000000e+01 4.414400000000000000e+04 4.700900000000000000e+04 4.433700000000000000e+04 4.489900000000000000e+04 2.613018515397561714e+01 8.020000000000000000e+02
3.000000000000000000e+01 -5.800000000000000000e+01 -2.000000000000000000e+00 4.319800000000000000e+04 4.715600000000000000e+04 4.547600000000000000e+04 4.462300000000000000e+04 2.614024016098119318e+01 8.020000000000000000e+02
0.000000000000000000e+00 -5.100000000000000000e+01 -1.800000000000000000e+01 4.331400000000000000e+04 4.690900000000000000e+04 4.519400000000000000e+04 4.507300000000000000e+04 2.615113359194947407e+01 4.520000000000000000e+02
-1.000000000000000000e+00 -1.900000000000000000e+01 -1.500000000000000000e+01 4.382700000000000000e+04 4.695600000000000000e+04 4.499300000000000000e+04 4.505200000000000000e+04 2.616008992696879432e+01 4.520000000000000000e+02
3.500000000000000000e+01 7.000000000000000000e+00 -7.000000000000000000e+00 4.402600000000000000e+04 4.706200000000000000e+04 4.458300000000000000e+04 4.515700000000000000e+04 2.617075370997190475e+01 4.520000000000000000e+02
2.300000000000000000e+01 2.500000000000000000e+01 -1.900000000000000000e+01 4.427900000000000000e+04 4.711900000000000000e+04 4.437900000000000000e+04 4.506900000000000000e+04 2.618048826494487002e+01 4.520000000000000000e+02
2.200000000000000000e+01 2.800000000000000000e+01 -8.000000000000000000e+00 4.387500000000000000e+04 4.683200000000000000e+04 4.488300000000000000e+04 4.534700000000000000e+04 2.619049612997332588e+01 4.520000000000000000e+02
2.500000000000000000e+01 5.500000000000000000e+01 -1.300000000000000000e+01 4.354100000000000000e+04 4.642200000000000000e+04 4.374900000000000000e+04 4.450900000000000000e+04 2.620070218294858932e+01 6.600000000000000000e+01
3.000000000000000000e+01 5.700000000000000000e+01 -9.000000000000000000e+00 4.345600000000000000e+04 4.638100000000000000e+04 4.377000000000000000e+04 4.456200000000000000e+04 2.621019451797474176e+01 6.600000000000000000e+01
7.000000000000000000e+01 7.500000000000000000e+01 8.000000000000000000e+00 4.378900000000000000e+04 4.608300000000000000e+04 4.322600000000000000e+04 4.470700000000000000e+04 2.622075984097318724e+01 6.600000000000000000e+01
6.600000000000000000e+01 6.100000000000000000e+01 -4.000000000000000000e+00 4.287500000000000000e+04 4.587900000000000000e+04 4.439600000000000000e+04 4.450000000000000000e+04 2.623071833094581962e+01 6.600000000000000000e+01
3.900000000000000000e+01 5.900000000000000000e+01 1.000000000000000000e+01 4.330400000000000000e+04 4.702300000000000000e+04 4.354600000000000000e+04 4.296500000000000000e+04 2.624086856696521863e+01 6.000000000000000000e+01
4.100000000000000000e+01 4.900000000000000000e+01 -4.000000000000000000e+00 4.598500000000000000e+04 4.376800000000000000e+04 4.068000000000000000e+04 4.628700000000000000e+04 2.625071637495420873e+01 6.000000000000000000e+01
1.000000000000000000e+00 6.200000000000000000e+01 -1.300000000000000000e+01 4.489300000000000000e+04 4.446700000000000000e+04 4.193200000000000000e+04 4.568000000000000000e+04 2.626093426300212741e+01 6.000000000000000000e+01
9.000000000000000000e+00 2.000000000000000000e+01 -1.500000000000000000e+01 4.154000000000000000e+04 4.678700000000000000e+04 4.517400000000000000e+04 4.334700000000000000e+04 2.627008011296857148e+01 6.000000000000000000e+01
-8.000000000000000000e+00 -1.000000000000000000e+01 -1.200000000000000000e+01 4.339400000000000000e+04 4.572000000000000000e+04 4.347000000000000000e+04 4.454000000000000000e+04 2.628049900598125532e+01 5.700000000000000000e+01
-1.800000000000000000e+01 -1.500000000000000000e+01 -1.200000000000000000e+01 4.362100000000000000e+04 4.703400000000000000e+04 4.351700000000000000e+04 4.354800000000000000e+04 2.629029524995712563e+01 5.700000000000000000e+01
-1.200000000000000000e+01 -6.000000000000000000e+00 -2.100000000000000000e+01 4.399800000000000000e+04 4.660600000000000000e+04 4.332000000000000000e+04 4.401600000000000000e+04 2.630016560899093747e+01 5.700000000000000000e+01
-4.000000000000000000e+01 3.000000000000000000e+00 -1.900000000000000000e+01 4.365100000000000000e+04 4.538500000000000000e+04 4.364600000000000000e+04 4.546600000000000000e+04 2.631094244297128171e+01 5.700000000000000000e+01
-3.700000000000000000e+01 -3.000000000000000000e+00 -2.100000000000000000e+01 4.305200000000000000e+04 4.628100000000000000e+04 4.438000000000000000e+04 4.480000000000000000e+04 2.632091286696959287e+01 5.700000000000000000e+01
-4.900000000000000000e+01 2.000000000000000000e+00 -1.200000000000000000e+01 4.291400000000000000e+04 4.611300000000000000e+04 4.529200000000000000e+04 4.558200000000000000e+04 2.633060051995562389e+01 5.300000000000000000e+01
-3.200000000000000000e+01 -1.700000000000000000e+01 -1.500000000000000000e+01 4.392600000000000000e+04 4.714200000000000000e+04 4.441800000000000000e+04 4.453400000000000000e+04 2.634023514395812526e+01 5.300000000000000000e+01
-1.700000000000000000e+01 -3.100000000000000000e+01 -1.800000000000000000e+01 4.293300000000000000e+04 4.582500000000000000e+04 4.535900000000000000e+04 4.604500000000000000e+04 2.635022697894601151e+01 5.300000000000000000e+01
-4.200000000000000000e+01 -1.300000000000000000e+01 -2.400000000000000000e+01 4.451800000000000000e+04 4.762300000000000000e+04 4.391800000000000000e+04 4.442400000000000000e+04 2.636071567999897525e+01 5.300000000000000000e+01
-1.700000000000000000e+01 1.700000000000000000e+01 -1.000000000000000000e+01 4.402500000000000000e+04 4.703900000000000000e+04 4.459500000000000000e+04 4.528100000000000000e+04 2.637080452597001567e+01 5.500000000000000000e+01
1.000000000000000000e+00 1.500000000000000000e+01 -1.300000000000000000e+01 4.375000000000000000e+04 4.695600000000000000e+04 4.501600000000000000e+04 4.540600000000000000e+04 2.638079598697368056e+01 5.500000000000000000e+01
-1.900000000000000000e+01 -4.000000000000000000e+00 5.000000000000000000e+00 4.387300000000000000e+04 4.688600000000000000e+04 4.489700000000000000e+04 4.562700000000000000e+04 2.639085029094712809e+01 5.500000000000000000e+01
-2.000000000000000000e+01 1.600000000000000000e+01 -1.000000000000000000e+01 4.709600000000000000e+04 4.676500000000000000e+04 4.151600000000000000e+04 4.596900000000000000e+04 2.640081759798340499e+01 5.500000000000000000e+01
-2.100000000000000000e+01 8.000000000000000000e+00 8.000000000000000000e+00 4.435000000000000000e+04 4.435800000000000000e+04 4.491000000000000000e+04 4.798600000000000000e+04 2.641035689896671101e+01 5.500000000000000000e+01
-4.300000000000000000e+01 3.300000000000000000e+01 -2.700000000000000000e+01 4.869400000000000000e+04 4.989100000000000000e+04 3.910300000000000000e+04 4.203100000000000000e+04 2.642014135699719191e+01 5.700000000000000000e+01
-7.400000000000000000e+01 2.200000000000000000e+01 -2.500000000000000000e+01 4.567100000000000000e+04 4.584400000000000000e+04 4.315300000000000000e+04 4.664500000000000000e+04 2.643004303396446630e+01 5.700000000000000000e+01
-8.700000000000000000e+01 -1.500000000000000000e+01 -2.800000000000000000e+01 4.349500000000000000e+04 4.578600000000000000e+04 4.517900000000000000e+04 4.691500000000000000e+04 2.644005650497274473e+01 5.700000000000000000e+01
-1.130000000000000000e+02 -7.600000000000000000e+01 -2.000000000000000000e+01 4.792100000000000000e+04 4.203900000000000000e+04 4.031900000000000000e+04 4.997200000000000000e+04 2.645007353596156463e+01 5.700000000000000000e+01
-1.350000000000000000e+02 -1.460000000000000000e+02 -2.800000000000000000e+01 4.423000000000000000e+04 4.811800000000000000e+04 4.508400000000000000e+04 4.508100000000000000e+04 2.646016346395481378e+01 4.900000000000000000e+01
-1.570000000000000000e+02 -2.050000000000000000e+02 -2.700000000000000000e+01 4.358000000000000000e+04 4.547100000000000000e+04 4.564200000000000000e+04 4.783400000000000000e+04 2.647012822196120396e+01 4.900000000000000000e+01
-1.300000000000000000e+02 -2.640000000000000000e+02 -9.000000000000000000e+00 4.042900000000000000e+04 4.790300000000000000e+04 4.788100000000000000e+04 4.575800000000000000e+04 2.648001837299671024e+01 4.900000000000000000e+01
-1.260000000000000000e+02 -2.640000000000000000e+02 -6.000000000000000000e+00 4.328000000000000000e+04 4.707100000000000000e+04 4.602800000000000000e+04 4.615700000000000000e+04 2.649068017996614799e+01 4.900000000000000000e+01
-5.400000000000000000e+01 -3.080000000000000000e+02 8.000000000000000000e+00 4.209100000000000000e+04 4.984600000000000000e+04 4.705800000000000000e+04 4.250400000000000000e+04 2.650045942794531584e+01 5.300000000000000000e+01
6.000000000000000000e+00 -2.890000000000000000e+02 1.100000000000000000e+01 4.290200000000000000e+04 4.716800000000000000e+04 4.630500000000000000e+04 4.547300000000000000e+04 2.651017768296878785e+01 5.300000000000000000e+01
6.900000000000000000e+01 -2.200000000000000000e+02 2.900000000000000000e+01 4.410900000000000000e+04 4.947600000000000000e+04 4.559000000000000000e+04 4.196700000000000000e+04 2.652029816299909726e+01 5.300000000000000000e+01
1.340000000000000000e+02 -1.360000000000000000e+02 3.600000000000000000e+01 4.466100000000000000e+04 4.716900000000000000e+04 4.473900000000000000e+04 4.516100000000000000e+04 2.653038319695042446e+01 5.300000000000000000e+01
1.650000000000000000e+02 -7.700000000000000000e+01 4.200000000000000000e+01 4.487800000000000000e+04 4.916600000000000000e+04 4.448800000000000000e+04 4.259100000000000000e+04 2.654048117197817191e+01 5.300000000000000000e+01
1.770000000000000000e+02 2.200000000000000000e+01 4.800000000000000000e+01 4.133600000000000000e+04 4.383000000000000000e+04 4.780800000000000000e+04 4.824400000000000000e+04 2.655050542199751362e+01 4.900000000000000000e+01
1.540000000000000000e+02 9.700000000000000000e+01 3.700000000000000000e+01 4.527500000000000000e+04 4.642300000000000000e+04 4.417800000000000000e+04 4.574000000000000000e+04 2.656065431400202215e+01 4.900000000000000000e+01
1.490000000000000000e+02 1.600000000000000000e+02 3.600000000000000000e+01 4.488000000000000000e+04 4.614900000000000000e+04 4.439900000000000000e+04 4.591800000000000000e+04 2.657048548595048487e+01 4.900000000000000000e+01
1.880000000000000000e+02 1.860000000000000000e+02 4.200000000000000000e+01 4.574600000000000000e+04 4.604000000000000000e+04 4.315900000000000000e+04 4.585500000000000000e+04 2.658037231198977679e+01 4.900000000000000000e+01
1.700000000000000000e+02 2.500000000000000000e+02 4.400000000000000000e+01 4.691400000000000000e+04 4.803200000000000000e+04 4.181700000000000000e+04 4.349300000000000000e+04 2.659027348895324394e+01 5.000000000000000000e+01
1.680000000000000000e+02 1.870000000000000000e+02 6.400000000000000000e+01 4.477700000000000000e+04 4.660500000000000000e+04 4.424600000000000000e+04 4.482800000000000000e+04 2.660010831494582817e+01 5.000000000000000000e+01
1.570000000000000000e+02 1.580000000000000000e+02 6.400000000000000000e+01 4.593100000000000000e+04 4.561900000000000000e+04 4.315900000000000000e+04 4.542600000000000000e+04 2.660972220596158877e+01 5.000000000000000000e+01
9.800000000000000000e+01 1.010000000000000000e+02 6.000000000000000000e+01 4.601800000000000000e+04 4.693500000000000000e+04 4.289500000000000000e+04 4.403500000000000000e+04 2.662011919397627935e+01 5.000000000000000000e+01
3.300000000000000000e+01 4.300000000000000000e+01 7.900000000000000000e+01 4.279500000000000000e+04 4.491000000000000000e+04 4.617700000000000000e+04 4.596600000000000000e+04 2.663066587899811566e+01 5.000000000000000000e+01
8.000000000000000000e+00 -2.100000000000000000e+01 6.600000000000000000e+01 4.349900000000000000e+04 4.610000000000000000e+04 4.534400000000000000e+04 4.449300000000000000e+04 2.664043383597163484e+01 5.200000000000000000e+01
-3.500000000000000000e+01 -9.300000000000000000e+01 6.900000000000000000e+01 4.273500000000000000e+04 4.605500000000000000e+04 4.581500000000000000e+04 4.460900000000000000e+04 2.665015196596505120e+01 5.200000000000000000e+01
-1.200000000000000000e+01 -1.210000000000000000e+02 5.800000000000000000e+01 4.319800000000000000e+04 4.630600000000000000e+04 4.547500000000000000e+04 4.409000000000000000e+04 2.666010467399610206e+01 5.200000000000000000e+01
-1.800000000000000000e+01 -7.200000000000000000e+01 7.100000000000000000e+01 4.314200000000000000e+04 4.642400000000000000e+04 4.531900000000000000e+04 4.370600000000000000e+04 2.667033311899285764e+01 5.200000000000000000e+01
1.300000000000000000e+01 -2.600000000000000000e+01 7.500000000000000000e+01 4.495200000000000000e+04 4.807700000000000000e+04 4.348900000000000000e+04 4.152700000000000000e+04 2.668123774498235434e+01 5.200000000000000000e+01
5.500000000000000000e+01 3.600000000000000000e+01 6.600000000000000000e+01 4.474400000000000000e+04 4.683900000000000000e+04 4.372800000000000000e+04 4.290800000000000000e+04 2.669003859499935061e+01 5.200000000000000000e+01
8.200000000000000000e+01 6.700000000000000000e+01 5.800000000000000000e+01 4.245400000000000000e+04 4.631000000000000000e+04 4.584700000000000000e+04 4.342800000000000000e+04 2.670039560995064676e+01 5.200000000000000000e+01
1.170000000000000000e+02 1.050000000000000000e+02 7.000000000000000000e+01 4.114500000000000000e+04 4.168200000000000000e+04 4.695100000000000000e+04 4.765400000000000000e+04 2.671012470498681068e+01 5.200000000000000000e+01
1.050000000000000000e+02 1.570000000000000000e+02 5.500000000000000000e+01 4.469900000000000000e+04 4.504600000000000000e+04 4.361200000000000000e+04 4.463000000000000000e+04 2.672081960999639705e+01 5.400000000000000000e+01
1.490000000000000000e+02 2.050000000000000000e+02 5.500000000000000000e+01 4.511900000000000000e+04 4.524700000000000000e+04 4.301300000000000000e+04 4.423200000000000000e+04 2.672986029897583649e+01 5.400000000000000000e+01
1.850000000000000000e+02 2.330000000000000000e+02 3.000000000000000000e+01 4.536000000000000000e+04 4.394100000000000000e+04 4.239100000000000000e+04 4.566200000000000000e+04 2.674011357396375388e+01 5.400000000000000000e+01
1.230000000000000000e+02 2.150000000000000000e+02 3.600000000000000000e+01 4.471700000000000000e+04 4.655500000000000000e+04 4.318300000000000000e+04 4.240000000000000000e+04 2.674970290495548397e+01 5.400000000000000000e+01
8.200000000000000000e+01 1.690000000000000000e+02 4.000000000000000000e+01 4.368700000000000000e+04 4.438400000000000000e+04 4.400600000000000000e+04 4.481000000000000000e+04 2.675963016896275803e+01 5.400000000000000000e+01
3.300000000000000000e+01 1.020000000000000000e+02 6.900000000000000000e+01 4.418700000000000000e+04 4.572000000000000000e+04 4.368800000000000000e+04 4.306500000000000000e+04 2.677019370900234208e+01 5.500000000000000000e+01
-5.200000000000000000e+01 2.700000000000000000e+01 7.800000000000000000e+01 4.259500000000000000e+04 4.353000000000000000e+04 4.533300000000000000e+04 4.511500000000000000e+04 2.677986876794602722e+01 5.500000000000000000e+01
-7.400000000000000000e+01 -1.700000000000000000e+01 6.300000000000000000e+01 4.213400000000000000e+04 4.564200000000000000e+04 4.574900000000000000e+04 4.287200000000000000e+04 2.678957886598072946e+01 5.500000000000000000e+01
-2.200000000000000000e+01 -9.200000000000000000e+01 6.000000000000000000e+01 4.177500000000000000e+04 4.571300000000000000e+04 4.597800000000000000e+04 4.272600000000000000e+04 2.680089990695705637e+01 5.500000000000000000e+01
4.600000000000000000e+01 -1.420000000000000000e+02 5.000000000000000000e+01 4.211100000000000000e+04 4.617400000000000000e+04 4.521200000000000000e+04 4.201300000000000000e+04 2.680986032495275140e+01 5.900000000000000000e+01
7.600000000000000000e+01 -1.310000000000000000e+02 5.500000000000000000e+01 4.170200000000000000e+04 4.583900000000000000e+04 4.540300000000000000e+04 4.246400000000000000e+04 2.681979429599596187e+01 5.900000000000000000e+01
8.000000000000000000e+01 -3.100000000000000000e+01 4.400000000000000000e+01 4.547600000000000000e+04 4.605900000000000000e+04 4.173900000000000000e+04 4.207500000000000000e+04 2.682957052998244762e+01 5.900000000000000000e+01
9.800000000000000000e+01 7.800000000000000000e+01 4.400000000000000000e+01 4.403400000000000000e+04 4.540000000000000000e+04 4.407600000000000000e+04 4.187600000000000000e+04 2.684006255195708945e+01 5.900000000000000000e+01
1.370000000000000000e+02 1.850000000000000000e+02 3.500000000000000000e+01 4.509700000000000000e+04 4.405000000000000000e+04 4.212000000000000000e+04 4.412200000000000000e+04 2.684978160797618330e+01 5.900000000000000000e+01
1.270000000000000000e+02 2.130000000000000000e+02 5.200000000000000000e+01 4.633500000000000000e+04 4.459500000000000000e+04 4.143900000000000000e+04 4.227600000000000000e+04 2.685962864494649693e+01 6.200000000000000000e+01
9.900000000000000000e+01 2.440000000000000000e+02 4.000000000000000000e+01 4.426900000000000000e+04 4.354200000000000000e+04 4.277200000000000000e+04 4.428600000000000000e+04 2.687011121399700642e+01 6.200000000000000000e+01
7.800000000000000000e+01 2.720000000000000000e+02 3.400000000000000000e+01 4.747200000000000000e+04 4.390600000000000000e+04 3.981800000000000000e+04 4.285000000000000000e+04 2.687985680397832766e+01 6.200000000000000000e+01
4.600000000000000000e+01 2.860000000000000000e+02 3.700000000000000000e+01 4.592100000000000000e+04 4.260400000000000000e+04 4.079900000000000000e+04 4.497000000000000000e+04 2.689020513999275863e+01 6.200000000000000000e+01
-1.800000000000000000e+01 2.110000000000000000e+02 3.400000000000000000e+01 4.410700000000000000e+04 4.389400000000000000e+04 4.352800000000000000e+04 4.285100000000000000e+04 2.689983667497290298e+01 6.400000000000000000e+01
-4.700000000000000000e+01 6.200000000000000000e+01 2.800000000000000000e+01 4.296800000000000000e+04 4.492200000000000000e+04 4.366600000000000000e+04 4.275400000000000000e+04 2.691008662397507578e+01 6.400000000000000000e+01
-1.930000000000000000e+02 -7.500000000000000000e+01 2.500000000000000000e+01 4.149500000000000000e+04 4.433000000000000000e+04 4.511000000000000000e+04 4.323700000000000000e+04 2.691974500095238909e+01 6.400000000000000000e+01
-2.630000000000000000e+02 -2.180000000000000000e+02 2.600000000000000000e+01 4.160900000000000000e+04 4.621200000000000000e+04 4.505600000000000000e+04 4.108700000000000000e+04 2.693027900898596272e+01 6.400000000000000000e+01
-2.900000000000000000e+02 -2.970000000000000000e+02 3.000000000000000000e+01 4.255200000000000000e+04 4.776600000000000000e+04 4.437600000000000000e+04 3.925100000000000000e+04 2.693981607496971264e+01 6.600000000000000000e+01
-2.050000000000000000e+02 -2.940000000000000000e+02 2.200000000000000000e+01 4.162100000000000000e+04 4.572200000000000000e+04 4.514900000000000000e+04 4.187900000000000000e+04 2.695035131694748998e+01 6.600000000000000000e+01
-1.850000000000000000e+02 -2.590000000000000000e+02 1.600000000000000000e+01 4.095700000000000000e+04 4.596800000000000000e+04 4.583300000000000000e+04 4.145900000000000000e+04 2.695936613995581865e+01 6.600000000000000000e+01
-1.790000000000000000e+02 -1.930000000000000000e+02 1.400000000000000000e+01 4.073200000000000000e+04 4.525500000000000000e+04 4.598400000000000000e+04 4.247000000000000000e+04 2.696966612496180460e+01 6.600000000000000000e+01
-1.590000000000000000e+02 -6.500000000000000000e+01 3.100000000000000000e+01 4.211700000000000000e+04 4.456500000000000000e+04 4.486200000000000000e+04 4.322900000000000000e+04 2.697930532298050821e+01 6.600000000000000000e+01
-1.370000000000000000e+02 6.300000000000000000e+01 2.600000000000000000e+01 4.262100000000000000e+04 4.356600000000000000e+04 4.448000000000000000e+04 4.417700000000000000e+04 2.698956591699970886e+01 6.500000000000000000e+01
-7.400000000000000000e+01 1.980000000000000000e+02 2.300000000000000000e+01 4.340100000000000000e+04 4.269300000000000000e+04 4.376600000000000000e+04 4.509300000000000000e+04 2.699988693394698203e+01 6.500000000000000000e+01
1.500000000000000000e+01 2.640000000000000000e+02 1.800000000000000000e+01 4.452400000000000000e+04 4.308200000000000000e+04 4.268000000000000000e+04 4.478700000000000000e+04 2.701124960999004543e+01 6.500000000000000000e+01
1.180000000000000000e+02 2.530000000000000000e+02 3.800000000000000000e+01 4.456700000000000000e+04 4.402000000000000000e+04 4.302600000000000000e+04 4.388000000000000000e+04 2.701938871998572722e+01 6.500000000000000000e+01
1.640000000000000000e+02 2.010000000000000000e+02 5.700000000000000000e+01 4.463900000000000000e+04 4.493800000000000000e+04 4.320800000000000000e+04 4.279000000000000000e+04 2.702975320699624717e+01 6.600000000000000000e+01
1.910000000000000000e+02 7.800000000000000000e+01 6.100000000000000000e+01 4.392400000000000000e+04 4.519200000000000000e+04 4.428000000000000000e+04 4.250500000000000000e+04 2.704101529199397191e+01 6.600000000000000000e+01
2.000000000000000000e+02 1.600000000000000000e+01 4.500000000000000000e+01 4.405900000000000000e+04 4.605900000000000000e+04 4.412800000000000000e+04 4.175600000000000000e+04 2.705005257297307253e+01 6.600000000000000000e+01
1.570000000000000000e+02 -1.100000000000000000e+01 2.500000000000000000e+01 4.350400000000000000e+04 4.519500000000000000e+04 4.453400000000000000e+04 4.308700000000000000e+04 2.706005211098818108e+01 6.600000000000000000e+01
6.600000000000000000e+01 -2.500000000000000000e+01 2.100000000000000000e+01 4.284100000000000000e+04 4.515000000000000000e+04 4.515500000000000000e+04 4.326700000000000000e+04 2.707007123396033421e+01 6.600000000000000000e+01
1.200000000000000000e+01 8.000000000000000000e+00 1.000000000000000000e+01 4.322700000000000000e+04 4.479300000000000000e+04 4.482200000000000000e+04 4.369500000000000000e+04 2.707928157196147367e+01 6.600000000000000000e+01
-1.600000000000000000e+01 2.200000000000000000e+01 3.000000000000000000e+00 4.325600000000000000e+04 4.452200000000000000e+04 4.491000000000000000e+04 4.414100000000000000e+04 2.708970422198763117e+01 6.600000000000000000e+01
