-1.300000000000000000e+01 -1.350000000000000000e+02 5.500000000000000000e+01 4.528800000000000000e+04 4.734500000000000000e+04 4.815000000000000000e+04 4.545200000000000000e+04 2.679871727799763903e+01 8.040000000000000000e+02
-2.100000000000000000e+01 -1.730000000000000000e+02 4.700000000000000000e+01 4.575300000000000000e+04 4.762300000000000000e+04 4.769700000000000000e+04 4.502300000000000000e+04 2.681031259201699868e+01 8.040000000000000000e+02
-4.700000000000000000e+01 -1.980000000000000000e+02 4.400000000000000000e+01 4.475800000000000000e+04 4.732800000000000000e+04 4.855400000000000000e+04 4.530500000000000000e+04 2.681876004999503493e+01 8.040000000000000000e+02
-5.400000000000000000e+01 -2.110000000000000000e+02 4.000000000000000000e+01 4.466500000000000000e+04 4.791900000000000000e+04 4.852200000000000000e+04 4.478100000000000000e+04 2.682906800901400857e+01 8.040000000000000000e+02
-6.300000000000000000e+01 -1.920000000000000000e+02 3.300000000000000000e+01 4.508300000000000000e+04 4.718900000000000000e+04 4.818400000000000000e+04 4.553000000000000000e+04 2.683897128800163046e+01 8.040000000000000000e+02
-7.200000000000000000e+01 -1.770000000000000000e+02 3.700000000000000000e+01 4.517300000000000000e+04 4.711600000000000000e+04 4.803500000000000000e+04 4.557500000000000000e+04 2.684903613600181416e+01 8.050000000000000000e+02
-1.050000000000000000e+02 -1.850000000000000000e+02 3.100000000000000000e+01 4.461100000000000000e+04 4.670200000000000000e+04 4.836000000000000000e+04 4.578800000000000000e+04 2.685908596700755879e+01 8.050000000000000000e+02
-1.170000000000000000e+02 -1.490000000000000000e+02 2.000000000000000000e+01 4.465400000000000000e+04 4.696900000000000000e+04 4.837200000000000000e+04 4.555300000000000000e+04 2.686906323200673796e+01 8.050000000000000000e+02
-1.220000000000000000e+02 -1.190000000000000000e+02 2.100000000000000000e+01 4.437100000000000000e+04 4.646900000000000000e+04 4.862800000000000000e+04 4.613200000000000000e+04 2.687919296100153588e+01 8.050000000000000000e+02
-9.700000000000000000e+01 -1.100000000000000000e+02 1.600000000000000000e+01 4.522600000000000000e+04 4.666800000000000000e+04 4.785500000000000000e+04 4.606200000000000000e+04 2.688894002299639396e+01 8.070000000000000000e+02
-5.300000000000000000e+01 -9.400000000000000000e+01 1.600000000000000000e+01 4.540300000000000000e+04 4.681400000000000000e+04 4.754000000000000000e+04 4.565500000000000000e+04 2.689936971900169738e+01 8.070000000000000000e+02
-2.700000000000000000e+01 -1.030000000000000000e+02 1.500000000000000000e+01 4.515800000000000000e+04 4.709500000000000000e+04 4.771800000000000000e+04 4.532700000000000000e+04 2.690966891299467534e+01 8.070000000000000000e+02
6.000000000000000000e+00 -8.900000000000000000e+01 1.200000000000000000e+01 4.525000000000000000e+04 4.731700000000000000e+04 4.755500000000000000e+04 4.502000000000000000e+04 2.692029646399896592e+01 8.070000000000000000e+02
6.000000000000000000e+00 -1.030000000000000000e+02 1.000000000000000000e+01 4.505900000000000000e+04 4.744900000000000000e+04 4.761900000000000000e+04 4.483800000000000000e+04 2.692863834599847905e+01 8.070000000000000000e+02
2.200000000000000000e+01 -1.090000000000000000e+02 4.000000000000000000e+00 4.479400000000000000e+04 4.733600000000000000e+04 4.773700000000000000e+04 4.488100000000000000e+04 2.693915462499717250e+01 8.090000000000000000e+02
2.400000000000000000e+01 -7.800000000000000000e+01 -6.000000000000000000e+00 4.520000000000000000e+04 4.695200000000000000e+04 4.685600000000000000e+04 4.490500000000000000e+04 2.694864688601228409e+01 8.090000000000000000e+02
1.000000000000000000e+00 -7.400000000000000000e+01 -2.100000000000000000e+01 4.462300000000000000e+04 4.657700000000000000e+04 4.713400000000000000e+04 4.531400000000000000e+04 2.695894783301628195e+01 8.090000000000000000e+02
2.000000000000000000e+00 -4.500000000000000000e+01 -1.900000000000000000e+01 4.458500000000000000e+04 4.630100000000000000e+04 4.706100000000000000e+04 4.545100000000000000e+04 2.696938938999664970e+01 8.090000000000000000e+02
5.900000000000000000e+01 -4.000000000000000000e+01 -1.400000000000000000e+01 4.479000000000000000e+04 4.698000000000000000e+04 4.662300000000000000e+04 4.457400000000000000e+04 2.697893210599431768e+01 8.080000000000000000e+02
4.900000000000000000e+01 -4.200000000000000000e+01 -1.200000000000000000e+01 4.417600000000000000e+04 4.635200000000000000e+04 4.728100000000000000e+04 4.511700000000000000e+04 2.698833793200901709e+01 8.080000000000000000e+02
4.200000000000000000e+01 -4.300000000000000000e+01 -1.300000000000000000e+01 4.523100000000000000e+04 4.647600000000000000e+04 4.617500000000000000e+04 4.513200000000000000e+04 2.699862065599882044e+01 8.080000000000000000e+02
6.000000000000000000e+01 -2.100000000000000000e+01 -2.600000000000000000e+01 4.476300000000000000e+04 4.688500000000000000e+04 4.669700000000000000e+04 4.472400000000000000e+04 2.700823425300768577e+01 8.080000000000000000e+02
6.700000000000000000e+01 -1.700000000000000000e+01 -1.700000000000000000e+01 4.409000000000000000e+04 4.655500000000000000e+04 4.719200000000000000e+04 4.518800000000000000e+04 2.701965324199409224e+01 8.050000000000000000e+02
5.300000000000000000e+01 -3.500000000000000000e+01 -1.300000000000000000e+01 4.519300000000000000e+04 4.656500000000000000e+04 4.656500000000000000e+04 4.547800000000000000e+04 2.702898280901717953e+01 8.050000000000000000e+02
3.400000000000000000e+01 -4.100000000000000000e+01 -2.700000000000000000e+01 4.482200000000000000e+04 4.704500000000000000e+04 4.667000000000000000e+04 4.501700000000000000e+04 2.703885439201258123e+01 8.050000000000000000e+02
4.800000000000000000e+01 -2.800000000000000000e+01 -2.500000000000000000e+01 4.453200000000000000e+04 4.702500000000000000e+04 4.682900000000000000e+04 4.498400000000000000e+04 2.704894730201340280e+01 8.050000000000000000e+02
3.300000000000000000e+01 -6.400000000000000000e+01 -5.300000000000000000e+01 4.472100000000000000e+04 4.718500000000000000e+04 4.657500000000000000e+04 4.488900000000000000e+04 2.705865795299177989e+01 8.050000000000000000e+02
4.100000000000000000e+01 -5.200000000000000000e+01 -5.500000000000000000e+01 4.386000000000000000e+04 4.683700000000000000e+04 4.727400000000000000e+04 4.541000000000000000e+04 2.706836934300372377e+01 8.080000000000000000e+02
1.100000000000000000e+01 -6.800000000000000000e+01 -5.300000000000000000e+01 4.417800000000000000e+04 4.672700000000000000e+04 4.698300000000000000e+04 4.556000000000000000e+04 2.707883578600012697e+01 8.080000000000000000e+02
-9.000000000000000000e+00 -5.300000000000000000e+01 -5.200000000000000000e+01 4.406300000000000000e+04 4.700100000000000000e+04 4.703600000000000000e+04 4.535600000000000000e+04 2.708874340300098993e+01 8.080000000000000000e+02
-1.000000000000000000e+00 -1.300000000000000000e+01 -4.600000000000000000e+01 4.440900000000000000e+04 4.674500000000000000e+04 4.674600000000000000e+04 4.568700000000000000e+04 2.709883484599413350e+01 8.080000000000000000e+02
-7.000000000000000000e+00 2.000000000000000000e+00 -4.700000000000000000e+01 4.418600000000000000e+04 4.654900000000000000e+04 4.701000000000000000e+04 4.598200000000000000e+04 2.710816779200104065e+01 8.080000000000000000e+02
1.500000000000000000e+01 8.000000000000000000e+00 -5.000000000000000000e+01 4.460500000000000000e+04 4.684100000000000000e+04 4.675800000000000000e+04 4.585000000000000000e+04 2.711868789300206117e+01 8.080000000000000000e+02
4.700000000000000000e+01 -5.000000000000000000e+00 -5.200000000000000000e+01 4.458500000000000000e+04 4.747200000000000000e+04 4.672200000000000000e+04 4.520700000000000000e+04 2.712827434501377866e+01 8.080000000000000000e+02
5.200000000000000000e+01 5.300000000000000000e+01 -4.400000000000000000e+01 4.531800000000000000e+04 4.673000000000000000e+04 4.612500000000000000e+04 4.603100000000000000e+04 2.713948990200879052e+01 8.080000000000000000e+02
5.900000000000000000e+01 1.600000000000000000e+01 -6.200000000000000000e+01 4.473200000000000000e+04 4.743200000000000000e+04 4.667300000000000000e+04 4.572800000000000000e+04 2.714902836200781167e+01 8.090000000000000000e+02
4.800000000000000000e+01 2.300000000000000000e+01 -6.800000000000000000e+01 4.457700000000000000e+04 4.696000000000000000e+04 4.683500000000000000e+04 4.644600000000000000e+04 2.715873865599860437e+01 8.090000000000000000e+02
5.400000000000000000e+01 1.400000000000000000e+01 -8.400000000000000000e+01 4.442200000000000000e+04 4.736000000000000000e+04 4.694500000000000000e+04 4.626500000000000000e+04 2.716963620000751689e+01 8.090000000000000000e+02
7.000000000000000000e+01 5.700000000000000000e+01 -8.200000000000000000e+01 4.475900000000000000e+04 4.753100000000000000e+04 4.658900000000000000e+04 4.620600000000000000e+04 2.717855471299844794e+01 8.090000000000000000e+02
9.100000000000000000e+01 6.800000000000000000e+01 -7.600000000000000000e+01 4.487100000000000000e+04 4.759400000000000000e+04 4.646200000000000000e+04 4.623100000000000000e+04 2.718849640799453482e+01 8.100000000000000000e+02
5.800000000000000000e+01 5.200000000000000000e+01 -7.900000000000000000e+01 4.459700000000000000e+04 4.763500000000000000e+04 4.659000000000000000e+04 4.616400000000000000e+04 2.719930862399633043e+01 8.100000000000000000e+02
5.300000000000000000e+01 4.200000000000000000e+01 -8.900000000000000000e+01 4.472900000000000000e+04 4.752600000000000000e+04 4.632700000000000000e+04 4.640000000000000000e+04 2.720891081800800748e+01 8.100000000000000000e+02
5.400000000000000000e+01 7.400000000000000000e+01 -7.500000000000000000e+01 4.508500000000000000e+04 4.714400000000000000e+04 4.598300000000000000e+04 4.683600000000000000e+04 2.722111670501180924e+01 8.100000000000000000e+02
1.700000000000000000e+01 7.100000000000000000e+01 -8.400000000000000000e+01 4.450100000000000000e+04 4.744800000000000000e+04 4.656400000000000000e+04 4.661900000000000000e+04 2.722912221201113425e+01 8.100000000000000000e+02
3.700000000000000000e+01 3.000000000000000000e+01 -8.200000000000000000e+01 4.424200000000000000e+04 4.788300000000000000e+04 4.674700000000000000e+04 4.634800000000000000e+04 2.723938086099224165e+01 8.070000000000000000e+02
2.800000000000000000e+01 -4.000000000000000000e+00 -8.000000000000000000e+01 4.384800000000000000e+04 4.775800000000000000e+04 4.727400000000000000e+04 4.683500000000000000e+04 2.724934797300375067e+01 8.070000000000000000e+02
4.100000000000000000e+01 2.000000000000000000e+00 -8.400000000000000000e+01 4.468600000000000000e+04 4.740900000000000000e+04 4.654900000000000000e+04 4.713200000000000000e+04 2.725916790301562287e+01 8.070000000000000000e+02
6.200000000000000000e+01 -2.000000000000000000e+00 -6.400000000000000000e+01 4.465400000000000000e+04 4.823600000000000000e+04 4.676800000000000000e+04 4.637200000000000000e+04 2.726915387899498455e+01 8.070000000000000000e+02
8.500000000000000000e+01 -2.100000000000000000e+01 -5.700000000000000000e+01 4.464300000000000000e+04 4.832200000000000000e+04 4.684100000000000000e+04 4.640500000000000000e+04 2.727795767199131660e+01 8.090000000000000000e+02
1.020000000000000000e+02 -5.300000000000000000e+01 -6.100000000000000000e+01 4.435200000000000000e+04 4.883300000000000000e+04 4.696600000000000000e+04 4.572600000000000000e+04 2.728942274401197210e+01 8.090000000000000000e+02
7.800000000000000000e+01 -5.200000000000000000e+01 -6.100000000000000000e+01 4.403700000000000000e+04 4.830800000000000000e+04 4.719900000000000000e+04 4.629000000000000000e+04 2.729925478299264796e+01 8.090000000000000000e+02
7.700000000000000000e+01 -1.700000000000000000e+01 -5.100000000000000000e+01 4.483200000000000000e+04 4.829700000000000000e+04 4.649500000000000000e+04 4.634700000000000000e+04 2.730915321700740606e+01 8.090000000000000000e+02
5.800000000000000000e+01 -1.100000000000000000e+01 -6.000000000000000000e+01 4.394400000000000000e+04 4.817100000000000000e+04 4.738100000000000000e+04 4.657600000000000000e+04 2.731848185000126250e+01 8.100000000000000000e+02
4.000000000000000000e+01 2.800000000000000000e+01 -5.000000000000000000e+01 4.438500000000000000e+04 4.697100000000000000e+04 4.683000000000000000e+04 4.756700000000000000e+04 2.732786947800195776e+01 8.100000000000000000e+02
3.000000000000000000e+01 8.700000000000000000e+01 -5.200000000000000000e+01 4.509400000000000000e+04 4.723400000000000000e+04 4.608500000000000000e+04 4.730100000000000000e+04 2.733826477499678731e+01 8.100000000000000000e+02
2.100000000000000000e+01 9.500000000000000000e+01 -4.600000000000000000e+01 4.454600000000000000e+04 4.748200000000000000e+04 4.648400000000000000e+04 4.702700000000000000e+04 2.734811870701378211e+01 8.100000000000000000e+02
4.400000000000000000e+01 1.050000000000000000e+02 -5.100000000000000000e+01 4.464300000000000000e+04 4.749600000000000000e+04 4.620300000000000000e+04 4.688900000000000000e+04 2.735850401400239207e+01 8.100000000000000000e+02
5.100000000000000000e+01 8.300000000000000000e+01 -3.900000000000000000e+01 4.467200000000000000e+04 4.768000000000000000e+04 4.625800000000000000e+04 4.674500000000000000e+04 2.736821227200562134e+01 8.080000000000000000e+02
6.400000000000000000e+01 4.200000000000000000e+01 -4.800000000000000000e+01 4.448400000000000000e+04 4.773300000000000000e+04 4.643800000000000000e+04 4.668600000000000000e+04 2.737858901999425143e+01 8.080000000000000000e+02
5.700000000000000000e+01 1.500000000000000000e+01 -3.900000000000000000e+01 4.441000000000000000e+04 4.806200000000000000e+04 4.640900000000000000e+04 4.633800000000000000e+04 2.739033453201409429e+01 8.080000000000000000e+02
6.500000000000000000e+01 3.000000000000000000e+00 -3.800000000000000000e+01 4.422300000000000000e+04 4.809300000000000000e+04 4.651300000000000000e+04 4.632000000000000000e+04 2.739850209999713115e+01 8.080000000000000000e+02
6.300000000000000000e+01 -5.000000000000000000e+00 -4.500000000000000000e+01 4.426400000000000000e+04 4.830300000000000000e+04 4.652900000000000000e+04 4.617500000000000000e+04 2.740864956501172855e+01 8.020000000000000000e+02
5.400000000000000000e+01 1.600000000000000000e+01 -4.500000000000000000e+01 4.467800000000000000e+04 4.869400000000000000e+04 4.672200000000000000e+04 4.648500000000000000e+04 2.741827396300504915e+01 8.020000000000000000e+02
3.700000000000000000e+01 1.000000000000000000e+00 -4.200000000000000000e+01 4.411800000000000000e+04 4.844000000000000000e+04 4.728400000000000000e+04 4.676700000000000000e+04 2.742848093301290646e+01 8.020000000000000000e+02
3.100000000000000000e+01 2.300000000000000000e+01 -4.600000000000000000e+01 4.491000000000000000e+04 4.861700000000000000e+04 4.670600000000000000e+04 4.681400000000000000e+04 2.743859523499850184e+01 8.020000000000000000e+02
9.000000000000000000e+00 4.600000000000000000e+01 -4.700000000000000000e+01 4.485400000000000000e+04 4.835900000000000000e+04 4.671600000000000000e+04 4.716300000000000000e+04 2.744848687501507811e+01 8.050000000000000000e+02
-1.200000000000000000e+01 6.700000000000000000e+01 -3.400000000000000000e+01 4.475800000000000000e+04 4.795900000000000000e+04 4.680000000000000000e+04 4.755500000000000000e+04 2.745817647001240402e+01 8.050000000000000000e+02
4.000000000000000000e+00 9.100000000000000000e+01 -3.600000000000000000e+01 4.512500000000000000e+04 4.789000000000000000e+04 4.649900000000000000e+04 4.755500000000000000e+04 2.746780573800788261e+01 8.050000000000000000e+02
-1.100000000000000000e+01 8.000000000000000000e+01 -3.300000000000000000e+01 4.467300000000000000e+04 4.801900000000000000e+04 4.686800000000000000e+04 4.739300000000000000e+04 2.747932448799838312e+01 8.050000000000000000e+02
2.000000000000000000e+00 6.800000000000000000e+01 -3.600000000000000000e+01 4.509700000000000000e+04 4.807600000000000000e+04 4.635400000000000000e+04 4.734000000000000000e+04 2.748907126099220477e+01 8.050000000000000000e+02
1.900000000000000000e+01 4.900000000000000000e+01 -3.000000000000000000e+01 4.544200000000000000e+04 4.821600000000000000e+04 4.611300000000000000e+04 4.726300000000000000e+04 2.749876937599037774e+01 8.030000000000000000e+02
1.900000000000000000e+01 1.500000000000000000e+01 -2.800000000000000000e+01 4.489600000000000000e+04 4.837500000000000000e+04 4.651200000000000000e+04 4.713800000000000000e+04 2.750809886600472964e+01 8.030000000000000000e+02
3.500000000000000000e+01 7.000000000000000000e+00 -3.000000000000000000e+01 4.526600000000000000e+04 4.845200000000000000e+04 4.618900000000000000e+04 4.701100000000000000e+04 2.751801171101396903e+01 8.030000000000000000e+02
1.000000000000000000e+01 -9.000000000000000000e+00 -2.700000000000000000e+01 4.485000000000000000e+04 4.836900000000000000e+04 4.658100000000000000e+04 4.701900000000000000e+04 2.752773898100713268e+01 8.030000000000000000e+02
-4.000000000000000000e+00 -2.300000000000000000e+01 -1.700000000000000000e+01 4.476200000000000000e+04 4.870400000000000000e+04 4.661300000000000000e+04 4.654600000000000000e+04 2.753789317599148490e+01 8.010000000000000000e+02
-1.400000000000000000e+01 -3.700000000000000000e+01 -1.800000000000000000e+01 4.479200000000000000e+04 4.850800000000000000e+04 4.682500000000000000e+04 4.693800000000000000e+04 2.754758075601421297e+01 8.010000000000000000e+02
-2.000000000000000000e+01 -2.700000000000000000e+01 -3.200000000000000000e+01 4.462500000000000000e+04 4.838100000000000000e+04 4.701100000000000000e+04 4.717500000000000000e+04 2.755867744699935429e+01 8.010000000000000000e+02
-1.800000000000000000e+01 -2.300000000000000000e+01 -3.100000000000000000e+01 4.478700000000000000e+04 4.834400000000000000e+04 4.670300000000000000e+04 4.722400000000000000e+04 2.756762419900042005e+01 8.010000000000000000e+02
-1.500000000000000000e+01 -1.200000000000000000e+01 -2.300000000000000000e+01 4.467600000000000000e+04 4.879100000000000000e+04 4.667700000000000000e+04 4.665100000000000000e+04 2.757813219100353308e+01 8.050000000000000000e+02
-2.000000000000000000e+00 1.800000000000000000e+01 -1.800000000000000000e+01 4.511100000000000000e+04 4.804400000000000000e+04 4.588300000000000000e+04 4.703500000000000000e+04 2.758875630400143564e+01 8.050000000000000000e+02
1.200000000000000000e+01 -4.000000000000000000e+00 -1.300000000000000000e+01 4.494000000000000000e+04 4.863900000000000000e+04 4.601300000000000000e+04 4.642600000000000000e+04 2.759863438899628818e+01 8.050000000000000000e+02
7.000000000000000000e+00 -2.700000000000000000e+01 -1.400000000000000000e+01 4.464300000000000000e+04 4.849600000000000000e+04 4.640800000000000000e+04 4.653000000000000000e+04 2.760925183200743049e+01 8.050000000000000000e+02
0.000000000000000000e+00 -3.000000000000000000e+01 -2.000000000000000000e+01 4.455800000000000000e+04 4.837200000000000000e+04 4.651200000000000000e+04 4.667800000000000000e+04 2.761810427199816331e+01 8.030000000000000000e+02
2.700000000000000000e+01 -6.300000000000000000e+01 -1.400000000000000000e+01 4.467500000000000000e+04 4.848200000000000000e+04 4.623300000000000000e+04 4.656900000000000000e+04 2.762866070299060084e+01 8.030000000000000000e+02
4.200000000000000000e+01 -6.800000000000000000e+01 -8.000000000000000000e+00 4.519000000000000000e+04 4.836700000000000000e+04 4.582700000000000000e+04 4.649200000000000000e+04 2.763850449401070364e+01 8.030000000000000000e+02
7.500000000000000000e+01 -7.300000000000000000e+01 -3.000000000000000000e+00 4.519400000000000000e+04 4.923300000000000000e+04 4.587400000000000000e+04 4.562400000000000000e+04 2.764842770801624283e+01 8.030000000000000000e+02
5.200000000000000000e+01 -7.000000000000000000e+01 1.100000000000000000e+01 4.431800000000000000e+04 4.900300000000000000e+04 4.682700000000000000e+04 4.592500000000000000e+04 2.765879257800406776e+01 8.030000000000000000e+02
4.800000000000000000e+01 -5.700000000000000000e+01 1.000000000000000000e+00 4.473800000000000000e+04 4.886500000000000000e+04 4.676600000000000000e+04 4.638700000000000000e+04 2.766797724101343192e+01 8.000000000000000000e+02
6.000000000000000000e+00 -2.500000000000000000e+01 -1.100000000000000000e+01 4.497000000000000000e+04 4.836600000000000000e+04 4.648400000000000000e+04 4.696700000000000000e+04 2.767809412401402369e+01 8.000000000000000000e+02
-2.900000000000000000e+01 -5.000000000000000000e+00 -9.000000000000000000e+00 4.483200000000000000e+04 4.840600000000000000e+04 4.653400000000000000e+04 4.691700000000000000e+04 2.768820488799246959e+01 8.000000000000000000e+02
-5.100000000000000000e+01 1.500000000000000000e+01 0.000000000000000000e+00 4.478800000000000000e+04 4.776000000000000000e+04 4.653300000000000000e+04 4.750400000000000000e+04 2.769828728499123827e+01 8.000000000000000000e+02
-6.400000000000000000e+01 9.000000000000000000e+00 0.000000000000000000e+00 4.493400000000000000e+04 4.800000000000000000e+04 4.645600000000000000e+04 4.732100000000000000e+04 2.770833140099421144e+01 7.980000000000000000e+02
-5.500000000000000000e+01 -3.000000000000000000e+00 1.400000000000000000e+01 4.544700000000000000e+04 4.827700000000000000e+04 4.637900000000000000e+04 4.742400000000000000e+04 2.771748626499902457e+01 7.980000000000000000e+02
-5.400000000000000000e+01 -3.000000000000000000e+01 1.600000000000000000e+01 4.504800000000000000e+04 4.835600000000000000e+04 4.680000000000000000e+04 4.718700000000000000e+04 2.772820926501299255e+01 7.980000000000000000e+02
-5.800000000000000000e+01 -5.200000000000000000e+01 2.100000000000000000e+01 4.424300000000000000e+04 4.846000000000000000e+04 4.749700000000000000e+04 4.699800000000000000e+04 2.773845159201300703e+01 7.980000000000000000e+02
-8.000000000000000000e+01 -4.200000000000000000e+01 1.500000000000000000e+01 4.461400000000000000e+04 4.854100000000000000e+04 4.718300000000000000e+04 4.684500000000000000e+04 2.774777269500191323e+01 8.000000000000000000e+02
-4.800000000000000000e+01 -3.800000000000000000e+01 2.900000000000000000e+01 4.504700000000000000e+04 4.880300000000000000e+04 4.681800000000000000e+04 4.653300000000000000e+04 2.775850863201776519e+01 8.000000000000000000e+02
-6.600000000000000000e+01 -2.900000000000000000e+01 2.500000000000000000e+01 4.473800000000000000e+04 4.838300000000000000e+04 4.719800000000000000e+04 4.687100000000000000e+04 2.776839747600024566e+01 8.000000000000000000e+02
-4.900000000000000000e+01 -1.500000000000000000e+01 3.200000000000000000e+01 4.494700000000000000e+04 4.863300000000000000e+04 4.695100000000000000e+04 4.650700000000000000e+04 2.777775112699600868e+01 8.000000000000000000e+02
-4.400000000000000000e+01 -2.200000000000000000e+01 3.500000000000000000e+01 4.456700000000000000e+04 4.857300000000000000e+04 4.728900000000000000e+04 4.641600000000000000e+04 2.778799578000325710e+01 8.000000000000000000e+02
-3.800000000000000000e+01 9.000000000000000000e+00 4.000000000000000000e+01 4.508500000000000000e+04 4.848700000000000000e+04 4.698900000000000000e+04 4.664600000000000000e+04 2.779797871800838038e+01 7.980000000000000000e+02
-3.500000000000000000e+01 2.100000000000000000e+01 4.700000000000000000e+01 4.552800000000000000e+04 4.854500000000000000e+04 4.664800000000000000e+04 4.655900000000000000e+04 2.780824228699202649e+01 7.980000000000000000e+02
-1.800000000000000000e+01 3.000000000000000000e+01 3.800000000000000000e+01 4.512300000000000000e+04 4.848500000000000000e+04 4.709200000000000000e+04 4.659800000000000000e+04 2.781844843100407161e+01 7.980000000000000000e+02
-1.400000000000000000e+01 5.200000000000000000e+01 4.400000000000000000e+01 4.575900000000000000e+04 4.812200000000000000e+04 4.640900000000000000e+04 4.692800000000000000e+04 2.782846885401522741e+01 7.980000000000000000e+02
1.000000000000000000e+01 5.600000000000000000e+01 3.600000000000000000e+01 4.615400000000000000e+04 4.803300000000000000e+04 4.602900000000000000e+04 4.688800000000000000e+04 2.783825697001884691e+01 4.140000000000000000e+02
-7.000000000000000000e+00 3.400000000000000000e+01 3.800000000000000000e+01 4.582000000000000000e+04 4.790700000000000000e+04 4.633600000000000000e+04 4.708900000000000000e+04 2.784822979700402357e+01 4.140000000000000000e+02
-4.000000000000000000e+00 3.400000000000000000e+01 3.600000000000000000e+01 4.581600000000000000e+04 4.830800000000000000e+04 4.626300000000000000e+04 4.663100000000000000e+04 2.785793593901325949e+01 4.140000000000000000e+02
1.000000000000000000e+01 1.000000000000000000e+01 4.300000000000000000e+01 4.569500000000000000e+04 4.836800000000000000e+04 4.637900000000000000e+04 4.640900000000000000e+04 2.786762194900074974e+01 4.140000000000000000e+02
-5.500000000000000000e+01 -1.000000000000000000e+01 3.500000000000000000e+01 4.472000000000000000e+04 4.795100000000000000e+04 4.737600000000000000e+04 4.675900000000000000e+04 2.787785080500179902e+01 4.000000000000000000e+01
-7.700000000000000000e+01 -4.500000000000000000e+01 4.100000000000000000e+01 4.509400000000000000e+04 4.836600000000000000e+04 4.778300000000000000e+04 4.719000000000000000e+04 2.788813582700095139e+01 4.000000000000000000e+01
-7.200000000000000000e+01 -2.200000000000000000e+01 3.600000000000000000e+01 4.535900000000000000e+04 4.811000000000000000e+04 4.770100000000000000e+04 4.747700000000000000e+04 2.789726407101261429e+01 4.000000000000000000e+01
-1.050000000000000000e+02 -1.800000000000000000e+01 4.000000000000000000e+01 4.526500000000000000e+04 4.790000000000000000e+04 4.769100000000000000e+04 4.761500000000000000e+04 2.790787495701806620e+01 4.000000000000000000e+01
-1.150000000000000000e+02 2.600000000000000000e+01 2.800000000000000000e+01 4.524700000000000000e+04 4.760200000000000000e+04 4.757300000000000000e+04 4.781000000000000000e+04 2.791782629900262691e+01 4.000000000000000000e+01
-8.700000000000000000e+01 5.700000000000000000e+01 3.100000000000000000e+01 4.521500000000000000e+04 4.767200000000000000e+04 4.709900000000000000e+04 4.724300000000000000e+04 2.792828245900454931e+01 4.900000000000000000e+01
-6.200000000000000000e+01 8.200000000000000000e+01 3.500000000000000000e+01 4.561800000000000000e+04 4.779300000000000000e+04 4.672200000000000000e+04 4.706400000000000000e+04 2.793764695699792355e+01 4.900000000000000000e+01
-4.000000000000000000e+01 1.200000000000000000e+02 3.800000000000000000e+01 4.594900000000000000e+04 4.733100000000000000e+04 4.622300000000000000e+04 4.731700000000000000e+04 2.794818600700818934e+01 4.900000000000000000e+01
-5.000000000000000000e+00 1.580000000000000000e+02 3.100000000000000000e+01 4.553100000000000000e+04 4.687000000000000000e+04 4.655300000000000000e+04 4.764400000000000000e+04 2.795808296199538745e+01 4.900000000000000000e+01
5.700000000000000000e+01 1.450000000000000000e+02 2.700000000000000000e+01 4.579100000000000000e+04 4.713000000000000000e+04 4.616000000000000000e+04 4.730000000000000000e+04 2.796784918001503684e+01 5.200000000000000000e+01
8.600000000000000000e+01 1.110000000000000000e+02 2.100000000000000000e+01 4.654500000000000000e+04 4.679600000000000000e+04 4.460400000000000000e+04 4.706800000000000000e+04 2.797844879899639636e+01 5.200000000000000000e+01
1.260000000000000000e+02 6.300000000000000000e+01 3.300000000000000000e+01 4.659100000000000000e+04 4.770300000000000000e+04 4.451100000000000000e+04 4.594500000000000000e+04 2.798828006201074459e+01 5.200000000000000000e+01
8.600000000000000000e+01 -2.200000000000000000e+01 3.100000000000000000e+01 4.499800000000000000e+04 4.733700000000000000e+04 4.591200000000000000e+04 4.608900000000000000e+04 2.799810224899556488e+01 5.200000000000000000e+01
6.100000000000000000e+01 -1.080000000000000000e+02 2.400000000000000000e+01 4.646900000000000000e+04 4.701900000000000000e+04 4.441700000000000000e+04 4.631400000000000000e+04 2.800789978200918995e+01 5.700000000000000000e+01
-5.000000000000000000e+00 -2.360000000000000000e+02 1.600000000000000000e+01 4.513200000000000000e+04 4.700900000000000000e+04 4.475200000000000000e+04 4.557000000000000000e+04 2.801762192399473861e+01 5.700000000000000000e+01
-3.500000000000000000e+01 -3.530000000000000000e+02 7.000000000000000000e+00 4.439700000000000000e+04 4.739900000000000000e+04 4.534000000000000000e+04 4.514100000000000000e+04 2.802813083701767027e+01 5.700000000000000000e+01
-8.600000000000000000e+01 -4.490000000000000000e+02 1.100000000000000000e+01 4.274300000000000000e+04 4.787600000000000000e+04 4.670900000000000000e+04 4.451900000000000000e+04 2.803839057500590570e+01 5.700000000000000000e+01
-1.410000000000000000e+02 -4.890000000000000000e+02 2.400000000000000000e+01 4.145000000000000000e+04 4.777000000000000000e+04 4.773800000000000000e+04 4.424900000000000000e+04 2.804865018601412885e+01 5.700000000000000000e+01
-1.510000000000000000e+02 -4.400000000000000000e+02 1.400000000000000000e+01 4.187500000000000000e+04 4.776700000000000000e+04 4.746000000000000000e+04 4.434800000000000000e+04 2.805861167499097064e+01 5.800000000000000000e+01
-1.640000000000000000e+02 -3.810000000000000000e+02 1.200000000000000000e+01 4.125800000000000000e+04 4.670100000000000000e+04 4.742700000000000000e+04 4.496000000000000000e+04 2.806797155999811366e+01 5.800000000000000000e+01
-1.700000000000000000e+02 -2.880000000000000000e+02 2.000000000000000000e+01 4.207700000000000000e+04 4.673300000000000000e+04 4.663200000000000000e+04 4.489600000000000000e+04 2.807797209499403834e+01 5.800000000000000000e+01
-1.210000000000000000e+02 -1.040000000000000000e+02 2.300000000000000000e+01 4.334000000000000000e+04 4.635400000000000000e+04 4.562000000000000000e+04 4.526000000000000000e+04 2.808785344701027498e+01 5.800000000000000000e+01
-6.400000000000000000e+01 6.700000000000000000e+01 2.000000000000000000e+01 4.465700000000000000e+04 4.582800000000000000e+04 4.449500000000000000e+04 4.583100000000000000e+04 2.809760794200701639e+01 5.700000000000000000e+01
-1.600000000000000000e+01 1.440000000000000000e+02 3.500000000000000000e+01 4.443200000000000000e+04 4.601900000000000000e+04 4.500200000000000000e+04 4.580000000000000000e+04 2.810736737801926211e+01 5.700000000000000000e+01
5.000000000000000000e+01 2.460000000000000000e+02 4.000000000000000000e+01 4.582700000000000000e+04 4.510500000000000000e+04 4.373200000000000000e+04 4.660300000000000000e+04 2.811738739500287920e+01 5.700000000000000000e+01
1.140000000000000000e+02 3.300000000000000000e+02 4.500000000000000000e+01 4.678800000000000000e+04 4.501000000000000000e+04 4.272900000000000000e+04 4.678800000000000000e+04 2.812721598500502296e+01 5.700000000000000000e+01
1.360000000000000000e+02 3.270000000000000000e+02 3.200000000000000000e+01 4.609200000000000000e+04 4.562300000000000000e+04 4.361300000000000000e+04 4.628600000000000000e+04 2.813737628000671975e+01 5.700000000000000000e+01
1.430000000000000000e+02 2.520000000000000000e+02 3.500000000000000000e+01 4.651100000000000000e+04 4.612700000000000000e+04 4.324500000000000000e+04 4.583800000000000000e+04 2.814784017199417576e+01 5.900000000000000000e+01
1.270000000000000000e+02 1.740000000000000000e+02 2.400000000000000000e+01 4.565100000000000000e+04 4.671200000000000000e+04 4.419000000000000000e+04 4.540000000000000000e+04 2.815812779901898466e+01 5.900000000000000000e+01
8.500000000000000000e+01 1.090000000000000000e+02 2.900000000000000000e+01 4.489200000000000000e+04 4.656500000000000000e+04 4.519200000000000000e+04 4.570000000000000000e+04 2.816736574901733547e+01 5.900000000000000000e+01
5.100000000000000000e+01 2.800000000000000000e+01 1.500000000000000000e+01 4.459800000000000000e+04 4.696400000000000000e+04 4.549000000000000000e+04 4.545800000000000000e+04 2.817750613100361079e+01 5.900000000000000000e+01
4.000000000000000000e+00 -1.800000000000000000e+01 2.100000000000000000e+01 4.395100000000000000e+04 4.683500000000000000e+04 4.617900000000000000e+04 4.555100000000000000e+04 2.818753897899296135e+01 5.800000000000000000e+01
-3.400000000000000000e+01 -1.130000000000000000e+02 1.100000000000000000e+01 4.292000000000000000e+04 4.843700000000000000e+04 4.720000000000000000e+04 4.422100000000000000e+04 2.819779131899122149e+01 5.800000000000000000e+01
-5.900000000000000000e+01 -1.230000000000000000e+02 2.400000000000000000e+01 4.322600000000000000e+04 4.742000000000000000e+04 4.709300000000000000e+04 4.530800000000000000e+04 2.820824052399257198e+01 5.800000000000000000e+01
1.800000000000000000e+01 -1.160000000000000000e+02 2.400000000000000000e+01 4.380200000000000000e+04 4.822800000000000000e+04 4.682200000000000000e+04 4.464400000000000000e+04 2.821762376799597405e+01 5.800000000000000000e+01
3.000000000000000000e+01 1.100000000000000000e+01 3.800000000000000000e+01 4.460100000000000000e+04 4.779100000000000000e+04 4.641900000000000000e+04 4.500500000000000000e+04 2.822838111501187086e+01 5.800000000000000000e+01
-1.400000000000000000e+01 1.280000000000000000e+02 7.000000000000000000e+01 4.490000000000000000e+04 4.655400000000000000e+04 4.648600000000000000e+04 4.619400000000000000e+04 2.823759138901368715e+01 5.900000000000000000e+01
-2.400000000000000000e+01 2.260000000000000000e+02 5.600000000000000000e+01 4.596800000000000000e+04 4.612800000000000000e+04 4.561400000000000000e+04 4.668200000000000000e+04 2.824794724199455231e+01 5.900000000000000000e+01
9.000000000000000000e+00 3.280000000000000000e+02 4.700000000000000000e+01 4.743300000000000000e+04 4.590600000000000000e+04 4.407800000000000000e+04 4.700900000000000000e+04 2.825818108400562778e+01 5.900000000000000000e+01
2.200000000000000000e+01 2.840000000000000000e+02 4.700000000000000000e+01 4.660600000000000000e+04 4.635300000000000000e+04 4.509200000000000000e+04 4.647600000000000000e+04 2.826898095101932995e+01 5.900000000000000000e+01
4.500000000000000000e+01 2.280000000000000000e+02 4.600000000000000000e+01 4.696700000000000000e+04 4.734900000000000000e+04 4.516600000000000000e+04 4.614500000000000000e+04 2.827807703000144102e+01 5.500000000000000000e+01
2.200000000000000000e+01 1.650000000000000000e+02 4.600000000000000000e+01 4.636600000000000000e+04 4.735800000000000000e+04 4.573800000000000000e+04 4.630100000000000000e+04 2.828821240400429815e+01 5.500000000000000000e+01
-8.000000000000000000e+00 5.400000000000000000e+01 3.100000000000000000e+01 4.585200000000000000e+04 4.774700000000000000e+04 4.642100000000000000e+04 4.603400000000000000e+04 2.829763965099118650e+01 5.500000000000000000e+01
-6.100000000000000000e+01 -1.900000000000000000e+01 9.000000000000000000e+00 4.400800000000000000e+04 4.799400000000000000e+04 4.806000000000000000e+04 4.587400000000000000e+04 2.830750190999242477e+01 5.500000000000000000e+01
5.000000000000000000e+00 -2.200000000000000000e+01 1.600000000000000000e+01 4.558400000000000000e+04 4.795900000000000000e+04 4.669200000000000000e+04 4.603800000000000000e+04 2.831747648000600748e+01 5.700000000000000000e+01
4.100000000000000000e+01 -4.500000000000000000e+01 1.300000000000000000e+01 4.481400000000000000e+04 4.863400000000000000e+04 4.745500000000000000e+04 4.527600000000000000e+04 2.832796024600975215e+01 5.700000000000000000e+01
5.600000000000000000e+01 -5.000000000000000000e+01 2.500000000000000000e+01 4.526600000000000000e+04 4.857700000000000000e+04 4.702800000000000000e+04 4.533500000000000000e+04 2.833778605901170522e+01 5.700000000000000000e+01
1.050000000000000000e+02 -7.000000000000000000e+00 8.000000000000000000e+00 4.548700000000000000e+04 4.819600000000000000e+04 4.655000000000000000e+04 4.570200000000000000e+04 2.834815909300232306e+01 5.700000000000000000e+01
1.140000000000000000e+02 6.000000000000000000e+01 1.400000000000000000e+01 4.572300000000000000e+04 4.876800000000000000e+04 4.630900000000000000e+04 4.503800000000000000e+04 2.835780383000383154e+01 5.700000000000000000e+01
1.550000000000000000e+02 1.480000000000000000e+02 8.000000000000000000e+00 4.672200000000000000e+04 4.809600000000000000e+04 4.524100000000000000e+04 4.591300000000000000e+04 2.837078374301199801e+01 5.600000000000000000e+01
1.130000000000000000e+02 1.510000000000000000e+02 1.300000000000000000e+01 4.608700000000000000e+04 4.786500000000000000e+04 4.596800000000000000e+04 4.592700000000000000e+04 2.837877592199947685e+01 5.600000000000000000e+01
1.210000000000000000e+02 1.910000000000000000e+02 1.000000000000000000e+00 4.706700000000000000e+04 4.740300000000000000e+04 4.487400000000000000e+04 4.643300000000000000e+04 2.838777371501782909e+01 5.600000000000000000e+01
7.600000000000000000e+01 2.150000000000000000e+02 -1.300000000000000000e+01 4.704200000000000000e+04 4.746400000000000000e+04 4.463600000000000000e+04 4.662000000000000000e+04 2.839920866600004956e+01 5.600000000000000000e+01
2.500000000000000000e+01 1.670000000000000000e+02 -1.200000000000000000e+01 4.658300000000000000e+04 4.774300000000000000e+04 4.486400000000000000e+04 4.642300000000000000e+04 2.840856660000281408e+01 5.300000000000000000e+01
-7.200000000000000000e+01 1.370000000000000000e+02 -1.400000000000000000e+01 4.550800000000000000e+04 4.784500000000000000e+04 4.592800000000000000e+04 4.659800000000000000e+04 2.841920983701129444e+01 5.300000000000000000e+01
-1.870000000000000000e+02 1.040000000000000000e+02 -1.300000000000000000e+01 4.464500000000000000e+04 4.656400000000000000e+04 4.677100000000000000e+04 4.794000000000000000e+04 2.842798125799163245e+01 5.300000000000000000e+01
-2.340000000000000000e+02 1.110000000000000000e+02 -1.600000000000000000e+01 4.408700000000000000e+04 4.603600000000000000e+04 4.724100000000000000e+04 4.825400000000000000e+04 2.843724087000009604e+01 5.300000000000000000e+01
-1.900000000000000000e+02 7.900000000000000000e+01 -2.700000000000000000e+01 4.439500000000000000e+04 4.632200000000000000e+04 4.677000000000000000e+04 4.811200000000000000e+04 2.844809480701223947e+01 5.300000000000000000e+01
-1.230000000000000000e+02 1.300000000000000000e+01 -2.300000000000000000e+01 4.415900000000000000e+04 4.731300000000000000e+04 4.680200000000000000e+04 4.706000000000000000e+04 2.845805157499853522e+01 5.500000000000000000e+01
-7.100000000000000000e+01 -3.800000000000000000e+01 -2.000000000000000000e+01 4.323300000000000000e+04 4.785500000000000000e+04 4.737700000000000000e+04 4.614500000000000000e+04 2.846886164500028826e+01 5.500000000000000000e+01
-5.400000000000000000e+01 -3.600000000000000000e+01 -2.100000000000000000e+01 4.369000000000000000e+04 4.811400000000000000e+04 4.689800000000000000e+04 4.574600000000000000e+04 2.847825853599351831e+01 5.500000000000000000e+01
1.500000000000000000e+01 -4.800000000000000000e+01 -3.300000000000000000e+01 4.447100000000000000e+04 4.860700000000000000e+04 4.576600000000000000e+04 4.542600000000000000e+04 2.848845134300063364e+01 5.500000000000000000e+01
7.100000000000000000e+01 -1.400000000000000000e+01 -2.500000000000000000e+01 4.444900000000000000e+04 4.862300000000000000e+04 4.549600000000000000e+04 4.561800000000000000e+04 2.849835728001198731e+01 5.400000000000000000e+01
1.260000000000000000e+02 2.500000000000000000e+01 -3.700000000000000000e+01 4.521700000000000000e+04 4.903400000000000000e+04 4.471500000000000000e+04 4.493800000000000000e+04 2.850828645800356753e+01 5.400000000000000000e+01
1.060000000000000000e+02 5.200000000000000000e+01 -3.200000000000000000e+01 4.488200000000000000e+04 4.881500000000000000e+04 4.455500000000000000e+04 4.514400000000000000e+04 2.851910759700695053e+01 5.400000000000000000e+01
1.100000000000000000e+02 7.600000000000000000e+01 -4.200000000000000000e+01 4.505100000000000000e+04 4.825300000000000000e+04 4.422100000000000000e+04 4.576600000000000000e+04 2.852799423399847001e+01 5.400000000000000000e+01
5.000000000000000000e+01 1.570000000000000000e+02 -2.200000000000000000e+01 4.575200000000000000e+04 4.743200000000000000e+04 4.344300000000000000e+04 4.660900000000000000e+04 2.853824189200531691e+01 5.800000000000000000e+01
6.000000000000000000e+00 1.540000000000000000e+02 -7.000000000000000000e+00 4.432600000000000000e+04 4.668300000000000000e+04 4.502100000000000000e+04 4.672100000000000000e+04 2.854769249499076977e+01 5.800000000000000000e+01
3.300000000000000000e+01 1.560000000000000000e+02 -1.700000000000000000e+01 4.525100000000000000e+04 4.590800000000000000e+04 4.434200000000000000e+04 4.716300000000000000e+04 2.855835767200915143e+01 5.800000000000000000e+01
4.500000000000000000e+01 1.190000000000000000e+02 -1.800000000000000000e+01 4.535400000000000000e+04 4.604000000000000000e+04 4.406600000000000000e+04 4.703100000000000000e+04 2.856877957301912829e+01 5.800000000000000000e+01
6.400000000000000000e+01 1.020000000000000000e+02 -1.400000000000000000e+01 4.550900000000000000e+04 4.626600000000000000e+04 4.384300000000000000e+04 4.666800000000000000e+04 2.857730644600815140e+01 5.800000000000000000e+01
1.420000000000000000e+02 5.600000000000000000e+01 -9.000000000000000000e+00 4.712500000000000000e+04 4.601500000000000000e+04 4.204600000000000000e+04 4.670300000000000000e+04 2.858791298599680886e+01 5.800000000000000000e+01
1.410000000000000000e+02 -3.000000000000000000e+00 -3.000000000000000000e+00 4.632100000000000000e+04 4.583500000000000000e+04 4.304600000000000000e+04 4.679900000000000000e+04 2.859715604799566790e+01 5.800000000000000000e+01
1.370000000000000000e+02 -1.170000000000000000e+02 -2.100000000000000000e+01 4.559000000000000000e+04 4.727700000000000000e+04 4.376800000000000000e+04 4.531100000000000000e+04 2.860725274399737827e+01 5.800000000000000000e+01
1.530000000000000000e+02 -2.330000000000000000e+02 -1.100000000000000000e+01 4.526600000000000000e+04 4.804700000000000000e+04 4.374700000000000000e+04 4.433100000000000000e+04 2.861783055000705644e+01 5.800000000000000000e+01
4.700000000000000000e+01 -4.100000000000000000e+02 -2.200000000000000000e+01 4.189800000000000000e+04 4.849900000000000000e+04 4.688300000000000000e+04 4.359800000000000000e+04 2.862710423499811441e+01 5.900000000000000000e+01
3.000000000000000000e+00 -5.310000000000000000e+02 -3.500000000000000000e+01 3.978700000000000000e+04 5.012600000000000000e+04 4.822400000000000000e+04 4.188200000000000000e+04 2.863812424600473605e+01 5.900000000000000000e+01
-9.600000000000000000e+01 -6.030000000000000000e+02 -4.000000000000000000e+01 3.858500000000000000e+04 5.012900000000000000e+04 4.846100000000000000e+04 4.258200000000000000e+04 2.864759916899492964e+01 5.900000000000000000e+01
-1.640000000000000000e+02 -5.370000000000000000e+02 -6.500000000000000000e+01 3.789200000000000000e+04 4.925500000000000000e+04 4.875300000000000000e+04 4.430700000000000000e+04 2.865788817801512778e+01 5.900000000000000000e+01
-1.490000000000000000e+02 -3.140000000000000000e+02 -5.800000000000000000e+01 3.934700000000000000e+04 4.807900000000000000e+04 4.743800000000000000e+04 4.596800000000000000e+04 2.866807356101344340e+01 6.000000000000000000e+01
-1.070000000000000000e+02 -1.060000000000000000e+02 -4.200000000000000000e+01 4.100000000000000000e+04 4.750700000000000000e+04 4.620800000000000000e+04 4.651400000000000000e+04 2.867764413999975659e+01 6.000000000000000000e+01
-5.400000000000000000e+01 1.140000000000000000e+02 -4.000000000000000000e+01 4.360700000000000000e+04 4.686500000000000000e+04 4.424700000000000000e+04 4.695500000000000000e+04 2.868801375199109316e+01 6.000000000000000000e+01
3.900000000000000000e+01 2.700000000000000000e+02 -2.800000000000000000e+01 4.563900000000000000e+04 4.615900000000000000e+04 4.259000000000000000e+04 4.738600000000000000e+04 2.870027428900357336e+01 6.000000000000000000e+01
7.400000000000000000e+01 3.980000000000000000e+02 0.000000000000000000e+00 4.616400000000000000e+04 4.416800000000000000e+04 4.248300000000000000e+04 4.877600000000000000e+04 2.870733762101735920e+01 6.000000000000000000e+01
1.290000000000000000e+02 4.440000000000000000e+02 1.500000000000000000e+01 4.760600000000000000e+04 4.358300000000000000e+04 4.139600000000000000e+04 4.871100000000000000e+04 2.871717104001436383e+01 6.100000000000000000e+01
2.300000000000000000e+02 3.870000000000000000e+02 3.400000000000000000e+01 4.808800000000000000e+04 4.439900000000000000e+04 4.134100000000000000e+04 4.754900000000000000e+04 2.872821520801517181e+01 6.100000000000000000e+01
2.760000000000000000e+02 2.450000000000000000e+02 3.100000000000000000e+01 4.835100000000000000e+04 4.546900000000000000e+04 4.160700000000000000e+04 4.621400000000000000e+04 2.873738787899492308e+01 6.100000000000000000e+01
3.370000000000000000e+02 5.400000000000000000e+01 2.400000000000000000e+01 4.766000000000000000e+04 4.696500000000000000e+04 4.258300000000000000e+04 4.456800000000000000e+04 2.874807350701303221e+01 6.100000000000000000e+01
3.840000000000000000e+02 -1.270000000000000000e+02 3.100000000000000000e+01 4.702200000000000000e+04 4.851100000000000000e+04 4.321600000000000000e+04 4.294700000000000000e+04 2.875784831601777114e+01 6.300000000000000000e+01
3.650000000000000000e+02 -3.350000000000000000e+02 2.600000000000000000e+01 4.559300000000000000e+04 5.008300000000000000e+04 4.474900000000000000e+04 4.073000000000000000e+04 2.876783475399133749e+01 6.300000000000000000e+01
3.040000000000000000e+02 -5.010000000000000000e+02 1.600000000000000000e+01 4.392400000000000000e+04 5.127900000000000000e+04 4.621000000000000000e+04 3.922500000000000000e+04 2.877759172199876048e+01 6.300000000000000000e+01
1.830000000000000000e+02 -5.370000000000000000e+02 1.600000000000000000e+01 4.194800000000000000e+04 5.138600000000000000e+04 4.780500000000000000e+04 3.949300000000000000e+04 2.878726164199179038e+01 6.300000000000000000e+01
