2.100000000000000000e+01 -4.000000000000000000e+00 2.900000000000000000e+01 4.520800000000000000e+04 4.773400000000000000e+04 4.570700000000000000e+04 4.531200000000000000e+04 2.040750759199727327e+01 8.110000000000000000e+02
1.900000000000000000e+01 4.400000000000000000e+01 2.400000000000000000e+01 4.545700000000000000e+04 4.715300000000000000e+04 4.552200000000000000e+04 4.587800000000000000e+04 2.041792835202068090e+01 8.120000000000000000e+02
4.400000000000000000e+01 1.100000000000000000e+01 3.500000000000000000e+01 4.481500000000000000e+04 4.781900000000000000e+04 4.585400000000000000e+04 4.468200000000000000e+04 2.042664225498447195e+01 8.120000000000000000e+02
7.500000000000000000e+01 5.200000000000000000e+01 4.200000000000000000e+01 4.537600000000000000e+04 4.748200000000000000e+04 4.520000000000000000e+04 4.494300000000000000e+04 2.043704231298761442e+01 8.120000000000000000e+02
9.800000000000000000e+01 4.500000000000000000e+01 3.000000000000000000e+01 4.520800000000000000e+04 4.793400000000000000e+04 4.522100000000000000e+04 4.433300000000000000e+04 2.044676632701884955e+01 8.120000000000000000e+02
1.100000000000000000e+02 6.400000000000000000e+01 3.500000000000000000e+01 4.526400000000000000e+04 4.780400000000000000e+04 4.510400000000000000e+04 4.437300000000000000e+04 2.045710301096551120e+01 8.120000000000000000e+02
1.130000000000000000e+02 4.900000000000000000e+01 3.600000000000000000e+01 4.560200000000000000e+04 4.750900000000000000e+04 4.487100000000000000e+04 4.465700000000000000e+04 2.046680985001148656e+01 8.100000000000000000e+02
1.210000000000000000e+02 4.800000000000000000e+01 4.100000000000000000e+01 4.530300000000000000e+04 4.759800000000000000e+04 4.519800000000000000e+04 4.440400000000000000e+04 2.047720002901041880e+01 8.100000000000000000e+02
8.800000000000000000e+01 -4.000000000000000000e+00 4.000000000000000000e+01 4.502400000000000000e+04 4.743300000000000000e+04 4.538900000000000000e+04 4.459400000000000000e+04 2.048683097696630284e+01 8.100000000000000000e+02
7.600000000000000000e+01 1.000000000000000000e+00 5.000000000000000000e+01 4.557000000000000000e+04 4.690100000000000000e+04 4.484500000000000000e+04 4.485800000000000000e+04 2.049727042601443827e+01 8.100000000000000000e+02
5.900000000000000000e+01 -1.200000000000000000e+01 4.000000000000000000e+01 4.521700000000000000e+04 4.680900000000000000e+04 4.521200000000000000e+04 4.489000000000000000e+04 2.050695259601343423e+01 8.110000000000000000e+02
6.000000000000000000e+01 -5.000000000000000000e+01 6.800000000000000000e+01 4.532400000000000000e+04 4.696600000000000000e+04 4.502300000000000000e+04 4.456400000000000000e+04 2.051723774697165936e+01 8.110000000000000000e+02
1.900000000000000000e+01 -9.500000000000000000e+01 4.900000000000000000e+01 4.435500000000000000e+04 4.674500000000000000e+04 4.594900000000000000e+04 4.461600000000000000e+04 2.052673585398588330e+01 8.110000000000000000e+02
-1.000000000000000000e+01 -1.750000000000000000e+02 5.400000000000000000e+01 4.488600000000000000e+04 4.699500000000000000e+04 4.565300000000000000e+04 4.420600000000000000e+04 2.053658324200659990e+01 8.110000000000000000e+02
1.100000000000000000e+01 -1.620000000000000000e+02 4.500000000000000000e+01 4.566100000000000000e+04 4.671100000000000000e+04 4.478800000000000000e+04 4.476900000000000000e+04 2.054677583096781746e+01 8.070000000000000000e+02
0.000000000000000000e+00 -2.010000000000000000e+02 6.300000000000000000e+01 4.459300000000000000e+04 4.764900000000000000e+04 4.632700000000000000e+04 4.407900000000000000e+04 2.055659409501822665e+01 8.070000000000000000e+02
-2.500000000000000000e+01 -2.500000000000000000e+02 5.800000000000000000e+01 4.463400000000000000e+04 4.707900000000000000e+04 4.625200000000000000e+04 4.463200000000000000e+04 2.056706660200143233e+01 8.070000000000000000e+02
-2.600000000000000000e+01 -2.290000000000000000e+02 5.500000000000000000e+01 4.504600000000000000e+04 4.755700000000000000e+04 4.612900000000000000e+04 4.414600000000000000e+04 2.057676721597090364e+01 8.070000000000000000e+02
-2.300000000000000000e+01 -2.360000000000000000e+02 6.100000000000000000e+01 4.475400000000000000e+04 4.779400000000000000e+04 4.649200000000000000e+04 4.392000000000000000e+04 2.058708603301784024e+01 8.070000000000000000e+02
-2.000000000000000000e+00 -2.380000000000000000e+02 6.400000000000000000e+01 4.458300000000000000e+04 4.718700000000000000e+04 4.612100000000000000e+04 4.389500000000000000e+04 2.059678431297652423e+01 8.150000000000000000e+02
-4.000000000000000000e+00 -2.050000000000000000e+02 6.000000000000000000e+01 4.468300000000000000e+04 4.676500000000000000e+04 4.598400000000000000e+04 4.420800000000000000e+04 2.060687295097159222e+01 8.150000000000000000e+02
1.300000000000000000e+01 -1.770000000000000000e+02 6.100000000000000000e+01 4.480400000000000000e+04 4.654600000000000000e+04 4.583000000000000000e+04 4.437500000000000000e+04 2.061660054198000580e+01 8.150000000000000000e+02
1.600000000000000000e+01 -1.490000000000000000e+02 5.100000000000000000e+01 4.490300000000000000e+04 4.670400000000000000e+04 4.556300000000000000e+04 4.403700000000000000e+04 2.062707704299828038e+01 8.150000000000000000e+02
1.900000000000000000e+01 -1.220000000000000000e+02 4.600000000000000000e+01 4.461200000000000000e+04 4.683700000000000000e+04 4.581700000000000000e+04 4.388700000000000000e+04 2.063682283600792289e+01 8.110000000000000000e+02
3.700000000000000000e+01 -1.150000000000000000e+02 4.200000000000000000e+01 4.499000000000000000e+04 4.669600000000000000e+04 4.559300000000000000e+04 4.428800000000000000e+04 2.064640452299499884e+01 8.110000000000000000e+02
2.900000000000000000e+01 -1.250000000000000000e+02 5.700000000000000000e+01 4.483200000000000000e+04 4.617300000000000000e+04 4.579600000000000000e+04 4.482100000000000000e+04 2.065708796802209690e+01 8.110000000000000000e+02
4.000000000000000000e+01 -1.390000000000000000e+02 4.900000000000000000e+01 4.531200000000000000e+04 4.656600000000000000e+04 4.525900000000000000e+04 4.438900000000000000e+04 2.066674926201812923e+01 8.110000000000000000e+02
3.000000000000000000e+01 -1.560000000000000000e+02 5.500000000000000000e+01 4.493500000000000000e+04 4.664400000000000000e+04 4.566900000000000000e+04 4.419800000000000000e+04 2.067652616399573162e+01 8.160000000000000000e+02
4.100000000000000000e+01 -1.960000000000000000e+02 5.500000000000000000e+01 4.469700000000000000e+04 4.681100000000000000e+04 4.562900000000000000e+04 4.353800000000000000e+04 2.068702967901481315e+01 8.160000000000000000e+02
1.300000000000000000e+01 -2.150000000000000000e+02 5.100000000000000000e+01 4.487900000000000000e+04 4.634000000000000000e+04 4.556500000000000000e+04 4.406500000000000000e+04 2.069725550699513406e+01 8.160000000000000000e+02
1.000000000000000000e+01 -2.350000000000000000e+02 4.800000000000000000e+01 4.460700000000000000e+04 4.638300000000000000e+04 4.576900000000000000e+04 4.412500000000000000e+04 2.070683890802320093e+01 8.160000000000000000e+02
-1.300000000000000000e+01 -2.250000000000000000e+02 5.400000000000000000e+01 4.459000000000000000e+04 4.599300000000000000e+04 4.585800000000000000e+04 4.442700000000000000e+04 2.071654957701684907e+01 8.160000000000000000e+02
-1.600000000000000000e+01 -2.630000000000000000e+02 5.700000000000000000e+01 4.437200000000000000e+04 4.672900000000000000e+04 4.606200000000000000e+04 4.369400000000000000e+04 2.072629791800864041e+01 8.140000000000000000e+02
-2.100000000000000000e+01 -2.520000000000000000e+02 4.900000000000000000e+01 4.458800000000000000e+04 4.636500000000000000e+04 4.588000000000000000e+04 4.407200000000000000e+04 2.073666085500735790e+01 8.140000000000000000e+02
-1.300000000000000000e+01 -2.330000000000000000e+02 5.300000000000000000e+01 4.419000000000000000e+04 4.644200000000000000e+04 4.631600000000000000e+04 4.403800000000000000e+04 2.074653757899068296e+01 8.140000000000000000e+02
3.200000000000000000e+01 -2.130000000000000000e+02 3.900000000000000000e+01 4.475800000000000000e+04 4.697500000000000000e+04 4.585300000000000000e+04 4.343000000000000000e+04 2.075627949100453407e+01 8.140000000000000000e+02
2.100000000000000000e+01 -1.830000000000000000e+02 3.600000000000000000e+01 4.521400000000000000e+04 4.683400000000000000e+04 4.595400000000000000e+04 4.419900000000000000e+04 2.076663705002283677e+01 8.090000000000000000e+02
2.900000000000000000e+01 -1.260000000000000000e+02 4.200000000000000000e+01 4.579700000000000000e+04 4.670300000000000000e+04 4.540000000000000000e+04 4.428900000000000000e+04 2.077692758000921458e+01 8.090000000000000000e+02
4.300000000000000000e+01 -1.410000000000000000e+02 3.500000000000000000e+01 4.541300000000000000e+04 4.713100000000000000e+04 4.585000000000000000e+04 4.402000000000000000e+04 2.078672033996554092e+01 8.090000000000000000e+02
4.100000000000000000e+01 -1.540000000000000000e+02 3.400000000000000000e+01 4.535800000000000000e+04 4.692100000000000000e+04 4.607100000000000000e+04 4.409100000000000000e+04 2.079633102996740490e+01 8.090000000000000000e+02
4.700000000000000000e+01 -1.550000000000000000e+02 4.000000000000000000e+01 4.546900000000000000e+04 4.722100000000000000e+04 4.598800000000000000e+04 4.390500000000000000e+04 2.080706809397088364e+01 8.140000000000000000e+02
3.000000000000000000e+01 -1.160000000000000000e+02 3.900000000000000000e+01 4.604500000000000000e+04 4.678300000000000000e+04 4.543400000000000000e+04 4.424400000000000000e+04 2.081670920999022201e+01 8.140000000000000000e+02
1.500000000000000000e+01 -1.720000000000000000e+02 4.800000000000000000e+01 4.514900000000000000e+04 4.733000000000000000e+04 4.622000000000000000e+04 4.369800000000000000e+04 2.082634466001763940e+01 8.140000000000000000e+02
-1.200000000000000000e+01 -1.610000000000000000e+02 4.000000000000000000e+01 4.535400000000000000e+04 4.681000000000000000e+04 4.596000000000000000e+04 4.419100000000000000e+04 2.083700385800329968e+01 8.140000000000000000e+02
-3.400000000000000000e+01 -1.950000000000000000e+02 5.700000000000000000e+01 4.502100000000000000e+04 4.702500000000000000e+04 4.634900000000000000e+04 4.389700000000000000e+04 2.084666242700768635e+01 8.150000000000000000e+02
-7.800000000000000000e+01 -1.880000000000000000e+02 3.700000000000000000e+01 4.390200000000000000e+04 4.667700000000000000e+04 4.726400000000000000e+04 4.409900000000000000e+04 2.085634348698658869e+01 8.150000000000000000e+02
-7.100000000000000000e+01 -2.120000000000000000e+02 5.100000000000000000e+01 4.401200000000000000e+04 4.690300000000000000e+04 4.717100000000000000e+04 4.375500000000000000e+04 2.086678920901613310e+01 8.150000000000000000e+02
-7.300000000000000000e+01 -1.990000000000000000e+02 1.800000000000000000e+01 4.492200000000000000e+04 4.622100000000000000e+04 4.622100000000000000e+04 4.456800000000000000e+04 2.087658684700727463e+01 8.150000000000000000e+02
-4.000000000000000000e+01 -1.150000000000000000e+02 3.200000000000000000e+01 4.481800000000000000e+04 4.647900000000000000e+04 4.627800000000000000e+04 4.437700000000000000e+04 2.088698088499950245e+01 8.150000000000000000e+02
-6.300000000000000000e+01 -1.130000000000000000e+02 1.200000000000000000e+01 4.489700000000000000e+04 4.650400000000000000e+04 4.630700000000000000e+04 4.448600000000000000e+04 2.089648904401110485e+01 8.130000000000000000e+02
-5.600000000000000000e+01 -1.140000000000000000e+02 8.000000000000000000e+00 4.506300000000000000e+04 4.659500000000000000e+04 4.594600000000000000e+04 4.433000000000000000e+04 2.090675118297804147e+01 8.130000000000000000e+02
-1.400000000000000000e+01 -1.120000000000000000e+02 1.800000000000000000e+01 4.542100000000000000e+04 4.662900000000000000e+04 4.574200000000000000e+04 4.448200000000000000e+04 2.091700828098692000e+01 8.130000000000000000e+02
-3.000000000000000000e+00 -1.240000000000000000e+02 1.500000000000000000e+01 4.503400000000000000e+04 4.697000000000000000e+04 4.620600000000000000e+04 4.403400000000000000e+04 2.092672923498321325e+01 8.130000000000000000e+02
1.900000000000000000e+01 -1.070000000000000000e+02 1.500000000000000000e+01 4.550400000000000000e+04 4.693100000000000000e+04 4.581000000000000000e+04 4.403400000000000000e+04 2.093630626000231132e+01 8.150000000000000000e+02
1.500000000000000000e+01 -1.340000000000000000e+02 1.900000000000000000e+01 4.499800000000000000e+04 4.726700000000000000e+04 4.610200000000000000e+04 4.346000000000000000e+04 2.094671724899671972e+01 8.150000000000000000e+02
2.100000000000000000e+01 -1.360000000000000000e+02 2.000000000000000000e+01 4.511400000000000000e+04 4.702000000000000000e+04 4.590600000000000000e+04 4.381300000000000000e+04 2.095632036397000775e+01 8.150000000000000000e+02
7.000000000000000000e+00 -1.150000000000000000e+02 2.100000000000000000e+01 4.521700000000000000e+04 4.690400000000000000e+04 4.589700000000000000e+04 4.382600000000000000e+04 2.096658628300065175e+01 8.150000000000000000e+02
-1.700000000000000000e+01 -1.030000000000000000e+02 2.100000000000000000e+01 4.505900000000000000e+04 4.679400000000000000e+04 4.602900000000000000e+04 4.395900000000000000e+04 2.097622668696567416e+01 8.110000000000000000e+02
-2.900000000000000000e+01 -9.500000000000000000e+01 2.200000000000000000e+01 4.503700000000000000e+04 4.717500000000000000e+04 4.643200000000000000e+04 4.390400000000000000e+04 2.098663982696598396e+01 8.110000000000000000e+02
-3.800000000000000000e+01 -6.800000000000000000e+01 2.800000000000000000e+01 4.563500000000000000e+04 4.668600000000000000e+04 4.601900000000000000e+04 4.452200000000000000e+04 2.099619660899043083e+01 8.110000000000000000e+02
-5.000000000000000000e+01 -8.200000000000000000e+01 3.600000000000000000e+01 4.529400000000000000e+04 4.695600000000000000e+04 4.642500000000000000e+04 4.429500000000000000e+04 2.100701575301354751e+01 8.110000000000000000e+02
-5.800000000000000000e+01 -8.800000000000000000e+01 3.300000000000000000e+01 4.514600000000000000e+04 4.712000000000000000e+04 4.664500000000000000e+04 4.407800000000000000e+04 2.101658836298156530e+01 8.110000000000000000e+02
-5.500000000000000000e+01 -7.000000000000000000e+01 3.000000000000000000e+01 4.483700000000000000e+04 4.693400000000000000e+04 4.681300000000000000e+04 4.399700000000000000e+04 2.102627586800372228e+01 8.140000000000000000e+02
-4.300000000000000000e+01 -7.500000000000000000e+01 5.000000000000000000e+01 4.492600000000000000e+04 4.691900000000000000e+04 4.675300000000000000e+04 4.381000000000000000e+04 2.103671153599862009e+01 8.140000000000000000e+02
-4.500000000000000000e+01 -3.900000000000000000e+01 4.800000000000000000e+01 4.584600000000000000e+04 4.613300000000000000e+04 4.581600000000000000e+04 4.468300000000000000e+04 2.104635809600586072e+01 8.140000000000000000e+02
-2.900000000000000000e+01 -4.000000000000000000e+00 4.300000000000000000e+01 4.538500000000000000e+04 4.642300000000000000e+04 4.633500000000000000e+04 4.429400000000000000e+04 2.105673841299721971e+01 8.140000000000000000e+02
-1.900000000000000000e+01 -1.400000000000000000e+01 3.500000000000000000e+01 4.584200000000000000e+04 4.687100000000000000e+04 4.597300000000000000e+04 4.354100000000000000e+04 2.106652270798804238e+01 8.140000000000000000e+02
3.000000000000000000e+00 -2.200000000000000000e+01 3.300000000000000000e+01 4.568500000000000000e+04 4.671100000000000000e+04 4.599200000000000000e+04 4.386000000000000000e+04 2.107685526402201504e+01 8.140000000000000000e+02
1.800000000000000000e+01 -1.800000000000000000e+01 5.000000000000000000e+01 4.554100000000000000e+04 4.681900000000000000e+04 4.623900000000000000e+04 4.370500000000000000e+04 2.108658516797004268e+01 8.140000000000000000e+02
2.500000000000000000e+01 -5.000000000000000000e+00 5.500000000000000000e+01 4.581500000000000000e+04 4.728500000000000000e+04 4.608300000000000000e+04 4.306000000000000000e+04 2.109620258602080867e+01 8.140000000000000000e+02
4.000000000000000000e+00 5.000000000000000000e+01 5.300000000000000000e+01 4.606900000000000000e+04 4.676500000000000000e+04 4.589400000000000000e+04 4.359400000000000000e+04 2.110671140399063006e+01 8.080000000000000000e+02
-1.600000000000000000e+01 6.600000000000000000e+01 5.000000000000000000e+01 4.623500000000000000e+04 4.628700000000000000e+04 4.637700000000000000e+04 4.464300000000000000e+04 2.111608934000832960e+01 8.080000000000000000e+02
-3.800000000000000000e+01 5.700000000000000000e+01 4.500000000000000000e+01 4.573200000000000000e+04 4.636400000000000000e+04 4.689700000000000000e+04 4.465600000000000000e+04 2.112650987302185968e+01 8.080000000000000000e+02
-6.000000000000000000e+01 7.200000000000000000e+01 6.200000000000000000e+01 4.599700000000000000e+04 4.610600000000000000e+04 4.676200000000000000e+04 4.485700000000000000e+04 2.113680966600077227e+01 8.080000000000000000e+02
-5.600000000000000000e+01 6.700000000000000000e+01 4.500000000000000000e+01 4.586100000000000000e+04 4.686900000000000000e+04 4.676200000000000000e+04 4.416800000000000000e+04 2.114698962797410786e+01 8.080000000000000000e+02
-4.800000000000000000e+01 6.700000000000000000e+01 5.700000000000000000e+01 4.635600000000000000e+04 4.656100000000000000e+04 4.649300000000000000e+04 4.441300000000000000e+04 2.115670618601143360e+01 8.110000000000000000e+02
-4.300000000000000000e+01 5.400000000000000000e+01 4.800000000000000000e+01 4.595500000000000000e+04 4.684500000000000000e+04 4.690900000000000000e+04 4.400000000000000000e+04 2.116679507697699592e+01 8.110000000000000000e+02
-5.200000000000000000e+01 3.700000000000000000e+01 2.800000000000000000e+01 4.550400000000000000e+04 4.686000000000000000e+04 4.720400000000000000e+04 4.407500000000000000e+04 2.117750934901414439e+01 8.110000000000000000e+02
-5.800000000000000000e+01 3.100000000000000000e+01 5.700000000000000000e+01 4.557900000000000000e+04 4.647300000000000000e+04 4.724500000000000000e+04 4.424500000000000000e+04 2.118684758397284895e+01 8.110000000000000000e+02
0.000000000000000000e+00 2.500000000000000000e+01 4.200000000000000000e+01 4.622800000000000000e+04 4.659400000000000000e+04 4.606800000000000000e+04 4.394800000000000000e+04 2.119628608401399106e+01 8.130000000000000000e+02
-7.000000000000000000e+00 1.600000000000000000e+01 5.000000000000000000e+01 4.576400000000000000e+04 4.630100000000000000e+04 4.671900000000000000e+04 4.399200000000000000e+04 2.120730546599952504e+01 8.130000000000000000e+02
4.600000000000000000e+01 -7.000000000000000000e+00 4.300000000000000000e+01 4.602800000000000000e+04 4.723600000000000000e+04 4.617100000000000000e+04 4.289300000000000000e+04 2.121608092001406476e+01 8.130000000000000000e+02
2.500000000000000000e+01 9.000000000000000000e+00 5.700000000000000000e+01 4.568300000000000000e+04 4.637200000000000000e+04 4.646900000000000000e+04 4.382200000000000000e+04 2.122649823297979310e+01 8.130000000000000000e+02
2.000000000000000000e+01 5.400000000000000000e+01 1.800000000000000000e+01 4.592800000000000000e+04 4.612000000000000000e+04 4.618500000000000000e+04 4.409000000000000000e+04 2.123678357998142019e+01 8.120000000000000000e+02
-1.000000000000000000e+00 3.400000000000000000e+01 5.200000000000000000e+01 4.554000000000000000e+04 4.630600000000000000e+04 4.650800000000000000e+04 4.368700000000000000e+04 2.124635650799609721e+01 8.120000000000000000e+02
8.000000000000000000e+00 6.900000000000000000e+01 4.300000000000000000e+01 4.631900000000000000e+04 4.609000000000000000e+04 4.576700000000000000e+04 4.379900000000000000e+04 2.125680996500886977e+01 8.120000000000000000e+02
-2.000000000000000000e+01 8.600000000000000000e+01 3.000000000000000000e+01 4.567300000000000000e+04 4.570200000000000000e+04 4.623900000000000000e+04 4.438700000000000000e+04 2.126652443996863440e+01 8.120000000000000000e+02
-2.200000000000000000e+01 8.900000000000000000e+01 1.800000000000000000e+01 4.631000000000000000e+04 4.586600000000000000e+04 4.570600000000000000e+04 4.414600000000000000e+04 2.127712318400153890e+01 8.150000000000000000e+02
-2.200000000000000000e+01 1.100000000000000000e+02 1.500000000000000000e+01 4.591400000000000000e+04 4.556200000000000000e+04 4.575700000000000000e+04 4.421000000000000000e+04 2.128897894598776475e+01 8.150000000000000000e+02
-1.900000000000000000e+01 1.020000000000000000e+02 2.000000000000000000e+01 4.577100000000000000e+04 4.565500000000000000e+04 4.588800000000000000e+04 4.426900000000000000e+04 2.129639649199089035e+01 8.150000000000000000e+02
-8.000000000000000000e+00 8.900000000000000000e+01 1.300000000000000000e+01 4.605900000000000000e+04 4.609200000000000000e+04 4.557500000000000000e+04 4.389900000000000000e+04 2.130675070697907358e+01 8.150000000000000000e+02
8.000000000000000000e+00 5.000000000000000000e+01 1.700000000000000000e+01 4.546200000000000000e+04 4.586600000000000000e+04 4.623200000000000000e+04 4.385000000000000000e+04 2.131641285499790683e+01 8.150000000000000000e+02
-1.600000000000000000e+01 7.500000000000000000e+01 2.300000000000000000e+01 4.525300000000000000e+04 4.592600000000000000e+04 4.624200000000000000e+04 4.404900000000000000e+04 2.132589208596618846e+01 8.110000000000000000e+02
-1.500000000000000000e+01 3.300000000000000000e+01 3.100000000000000000e+01 4.537000000000000000e+04 4.588200000000000000e+04 4.630100000000000000e+04 4.385500000000000000e+04 2.133692713599884883e+01 8.110000000000000000e+02
-1.800000000000000000e+01 1.200000000000000000e+01 1.000000000000000000e+01 4.532300000000000000e+04 4.604500000000000000e+04 4.628700000000000000e+04 4.368000000000000000e+04 2.134641671297140419e+01 8.110000000000000000e+02
-2.500000000000000000e+01 1.500000000000000000e+01 1.700000000000000000e+01 4.504100000000000000e+04 4.647500000000000000e+04 4.651500000000000000e+04 4.331400000000000000e+04 2.135615058301482350e+01 8.110000000000000000e+02
-3.400000000000000000e+01 2.000000000000000000e+00 1.000000000000000000e+00 4.484100000000000000e+04 4.605500000000000000e+04 4.673800000000000000e+04 4.371900000000000000e+04 2.136645464500179514e+01 8.000000000000000000e+02
-2.100000000000000000e+01 1.000000000000000000e+00 -8.000000000000000000e+00 4.603200000000000000e+04 4.702800000000000000e+04 4.669000000000000000e+04 4.442100000000000000e+04 2.137620731798233464e+01 8.000000000000000000e+02
-2.200000000000000000e+01 5.300000000000000000e+01 -1.000000000000000000e+01 4.622000000000000000e+04 4.711400000000000000e+04 4.653200000000000000e+04 4.449600000000000000e+04 2.138670907198684290e+01 8.000000000000000000e+02
-4.000000000000000000e+00 1.010000000000000000e+02 -1.800000000000000000e+01 4.644100000000000000e+04 4.703200000000000000e+04 4.642100000000000000e+04 4.484900000000000000e+04 2.139615121198585257e+01 8.000000000000000000e+02
-1.000000000000000000e+01 1.460000000000000000e+02 -1.900000000000000000e+01 4.665100000000000000e+04 4.644100000000000000e+04 4.638000000000000000e+04 4.545000000000000000e+04 2.140715170901967213e+01 6.000000000000000000e+00
-1.800000000000000000e+01 7.000000000000000000e+01 -1.400000000000000000e+01 4.807300000000000000e+04 4.981700000000000000e+04 4.966100000000000000e+04 4.698700000000000000e+04 2.141666568897198886e+01 6.000000000000000000e+00
2.000000000000000000e+00 1.410000000000000000e+02 -2.900000000000000000e+01 4.948700000000000000e+04 4.918200000000000000e+04 4.855400000000000000e+04 4.796400000000000000e+04 2.142587912501767278e+01 6.000000000000000000e+00
-1.800000000000000000e+01 2.110000000000000000e+02 -3.300000000000000000e+01 4.953600000000000000e+04 4.866900000000000000e+04 4.866200000000000000e+04 4.856100000000000000e+04 2.143662909499835223e+01 6.000000000000000000e+00
-3.600000000000000000e+01 1.580000000000000000e+02 -3.600000000000000000e+01 5.052000000000000000e+04 4.973100000000000000e+04 4.835900000000000000e+04 4.866700000000000000e+04 2.144589280796935782e+01 6.000000000000000000e+00
-6.000000000000000000e+00 1.150000000000000000e+02 -2.000000000000000000e+00 4.950200000000000000e+04 4.929700000000000000e+04 4.813500000000000000e+04 4.738800000000000000e+04 2.145635594602208585e+01 5.000000000000000000e+01
-5.600000000000000000e+01 6.400000000000000000e+01 1.300000000000000000e+01 4.881200000000000000e+04 4.929700000000000000e+04 4.883800000000000000e+04 4.734000000000000000e+04 2.146580498298862949e+01 5.000000000000000000e+01
-7.700000000000000000e+01 5.700000000000000000e+01 -3.000000000000000000e+00 4.882200000000000000e+04 4.891500000000000000e+04 4.860500000000000000e+04 4.747200000000000000e+04 2.147641738300444558e+01 5.000000000000000000e+01
-8.200000000000000000e+01 -1.700000000000000000e+01 -1.100000000000000000e+01 4.827600000000000000e+04 4.930200000000000000e+04 4.893700000000000000e+04 4.662800000000000000e+04 2.148597681598039344e+01 5.000000000000000000e+01
-9.200000000000000000e+01 -1.300000000000000000e+01 -1.400000000000000000e+01 4.801000000000000000e+04 4.889600000000000000e+04 4.890700000000000000e+04 4.699400000000000000e+04 2.149614150298293680e+01 6.400000000000000000e+01
-1.190000000000000000e+02 -1.200000000000000000e+01 -2.000000000000000000e+00 4.606800000000000000e+04 4.726900000000000000e+04 4.748900000000000000e+04 4.521800000000000000e+04 2.150599110400071368e+01 6.400000000000000000e+01
-1.180000000000000000e+02 1.400000000000000000e+01 -6.000000000000000000e+00 4.557700000000000000e+04 4.734200000000000000e+04 4.775500000000000000e+04 4.480500000000000000e+04 2.151585037400946021e+01 6.400000000000000000e+01
-1.230000000000000000e+02 8.100000000000000000e+01 -1.900000000000000000e+01 4.610600000000000000e+04 4.596100000000000000e+04 4.650900000000000000e+04 4.567400000000000000e+04 2.152625446900492534e+01 6.400000000000000000e+01
-9.800000000000000000e+01 1.210000000000000000e+02 -5.000000000000000000e+00 4.564300000000000000e+04 4.581000000000000000e+04 4.638900000000000000e+04 4.536200000000000000e+04 2.153636148996884003e+01 6.400000000000000000e+01
-4.400000000000000000e+01 1.670000000000000000e+02 -2.000000000000000000e+00 4.547000000000000000e+04 4.488900000000000000e+04 4.425000000000000000e+04 4.370700000000000000e+04 2.154628202499588951e+01 6.600000000000000000e+01
7.000000000000000000e+00 2.170000000000000000e+02 -7.000000000000000000e+00 4.532200000000000000e+04 4.450100000000000000e+04 4.405500000000000000e+04 4.379000000000000000e+04 2.155633320100605488e+01 6.600000000000000000e+01
1.800000000000000000e+01 2.410000000000000000e+02 1.100000000000000000e+01 4.459200000000000000e+04 4.443300000000000000e+04 4.435300000000000000e+04 4.341800000000000000e+04 2.156681540398858488e+01 6.600000000000000000e+01
5.200000000000000000e+01 2.770000000000000000e+02 3.000000000000000000e+00 4.568600000000000000e+04 4.340200000000000000e+04 4.270100000000000000e+04 4.398500000000000000e+04 2.157578414201270789e+01 6.600000000000000000e+01
1.090000000000000000e+02 2.510000000000000000e+02 -3.000000000000000000e+00 4.491500000000000000e+04 4.326800000000000000e+04 4.177200000000000000e+04 4.239200000000000000e+04 2.158653525798581541e+01 7.100000000000000000e+01
1.300000000000000000e+02 2.390000000000000000e+02 -2.000000000000000000e+00 4.509300000000000000e+04 4.322200000000000000e+04 4.134600000000000000e+04 4.207700000000000000e+04 2.159623567899689078e+01 7.100000000000000000e+01
1.040000000000000000e+02 1.760000000000000000e+02 4.000000000000000000e+00 4.443400000000000000e+04 4.337700000000000000e+04 4.172800000000000000e+04 4.172200000000000000e+04 2.160768561100121588e+01 7.100000000000000000e+01
8.300000000000000000e+01 1.340000000000000000e+02 4.000000000000000000e+00 4.409700000000000000e+04 4.245600000000000000e+04 4.208900000000000000e+04 4.248600000000000000e+04 2.161616749799577519e+01 7.100000000000000000e+01
3.800000000000000000e+01 7.700000000000000000e+01 -6.000000000000000000e+00 4.321000000000000000e+04 4.305000000000000000e+04 4.297700000000000000e+04 4.192600000000000000e+04 2.162645343900658190e+01 7.500000000000000000e+01
-4.400000000000000000e+01 8.000000000000000000e+00 -1.800000000000000000e+01 4.154400000000000000e+04 4.254500000000000000e+04 4.377200000000000000e+04 4.169600000000000000e+04 2.163623091700719669e+01 7.500000000000000000e+01
-3.500000000000000000e+01 -6.100000000000000000e+01 -2.600000000000000000e+01 4.175800000000000000e+04 4.376800000000000000e+04 4.351600000000000000e+04 4.049300000000000000e+04 2.164658539398806170e+01 7.500000000000000000e+01
-3.200000000000000000e+01 -8.300000000000000000e+01 -2.700000000000000000e+01 4.152200000000000000e+04 4.372100000000000000e+04 4.347600000000000000e+04 4.063300000000000000e+04 2.165647027397062629e+01 7.500000000000000000e+01
1.500000000000000000e+01 -8.900000000000000000e+01 -2.400000000000000000e+01 4.173400000000000000e+04 4.421400000000000000e+04 4.342500000000000000e+04 4.010800000000000000e+04 2.166613575001247227e+01 7.500000000000000000e+01
2.000000000000000000e+00 -6.100000000000000000e+01 -1.500000000000000000e+01 4.147100000000000000e+04 4.292000000000000000e+04 4.362300000000000000e+04 4.151900000000000000e+04 2.167620049300603569e+01 7.700000000000000000e+01
4.500000000000000000e+01 -1.500000000000000000e+01 -2.400000000000000000e+01 4.274900000000000000e+04 4.338900000000000000e+04 4.239300000000000000e+04 4.133200000000000000e+04 2.168583233602112159e+01 7.700000000000000000e+01
4.100000000000000000e+01 9.400000000000000000e+01 -3.200000000000000000e+01 4.338800000000000000e+04 4.298900000000000000e+04 4.211800000000000000e+04 4.194400000000000000e+04 2.169613404700066894e+01 7.700000000000000000e+01
4.600000000000000000e+01 1.260000000000000000e+02 -2.800000000000000000e+01 4.366300000000000000e+04 4.316000000000000000e+04 4.191300000000000000e+04 4.187800000000000000e+04 2.170585082797333598e+01 7.700000000000000000e+01
8.100000000000000000e+01 1.580000000000000000e+02 -1.400000000000000000e+01 4.450100000000000000e+04 4.330200000000000000e+04 4.150500000000000000e+04 4.195300000000000000e+04 2.171562775201164186e+01 8.000000000000000000e+01
5.300000000000000000e+01 1.660000000000000000e+02 -5.000000000000000000e+00 4.409600000000000000e+04 4.377000000000000000e+04 4.241200000000000000e+04 4.178900000000000000e+04 2.172696826100582257e+01 8.000000000000000000e+01
3.500000000000000000e+01 1.080000000000000000e+02 5.000000000000000000e+00 4.384400000000000000e+04 4.473100000000000000e+04 4.291500000000000000e+04 4.108100000000000000e+04 2.173609897796995938e+01 8.000000000000000000e+01
1.400000000000000000e+01 8.900000000000000000e+01 -3.000000000000000000e+00 4.423000000000000000e+04 4.442300000000000000e+04 4.294500000000000000e+04 4.190900000000000000e+04 2.174580607697134838e+01 8.000000000000000000e+01
-4.500000000000000000e+01 9.200000000000000000e+01 -1.000000000000000000e+01 4.451800000000000000e+04 4.359900000000000000e+04 4.295500000000000000e+04 4.313700000000000000e+04 2.175553106999723241e+01 8.000000000000000000e+01
-1.000000000000000000e+02 1.370000000000000000e+02 -2.000000000000000000e+00 4.489400000000000000e+04 4.394800000000000000e+04 4.360200000000000000e+04 4.378300000000000000e+04 2.176588005101075396e+01 7.800000000000000000e+01
-9.500000000000000000e+01 1.020000000000000000e+02 1.000000000000000000e+00 4.491300000000000000e+04 4.372800000000000000e+04 4.398500000000000000e+04 4.420700000000000000e+04 2.177762041898677126e+01 7.800000000000000000e+01
-7.800000000000000000e+01 1.030000000000000000e+02 -8.000000000000000000e+00 4.522600000000000000e+04 4.468100000000000000e+04 4.416800000000000000e+04 4.386900000000000000e+04 2.178651517501566559e+01 7.800000000000000000e+01
-9.300000000000000000e+01 4.600000000000000000e+01 1.900000000000000000e+01 4.424600000000000000e+04 4.511100000000000000e+04 4.559300000000000000e+04 4.349500000000000000e+04 2.179702199599705637e+01 7.800000000000000000e+01
-1.310000000000000000e+02 -4.000000000000000000e+00 3.100000000000000000e+01 4.440600000000000000e+04 4.525900000000000000e+04 4.667500000000000000e+04 4.455600000000000000e+04 2.180760539398761466e+01 7.400000000000000000e+01
-1.040000000000000000e+02 -5.000000000000000000e+00 1.100000000000000000e+01 4.527000000000000000e+04 4.557300000000000000e+04 4.606700000000000000e+04 4.457500000000000000e+04 2.181645205197855830e+01 7.400000000000000000e+01
-3.000000000000000000e+01 -1.000000000000000000e+00 3.000000000000000000e+01 4.586800000000000000e+04 4.634000000000000000e+04 4.599200000000000000e+04 4.400300000000000000e+04 2.182606444001430646e+01 7.400000000000000000e+01
4.500000000000000000e+01 1.300000000000000000e+01 2.300000000000000000e+01 4.684600000000000000e+04 4.629500000000000000e+04 4.531800000000000000e+04 4.447700000000000000e+04 2.183622420701431111e+01 7.400000000000000000e+01
7.900000000000000000e+01 1.400000000000000000e+01 4.000000000000000000e+01 4.708400000000000000e+04 4.660100000000000000e+04 4.541300000000000000e+04 4.414600000000000000e+04 2.184775348898256198e+01 6.700000000000000000e+01
8.800000000000000000e+01 4.800000000000000000e+01 2.100000000000000000e+01 4.780200000000000000e+04 4.711400000000000000e+04 4.572600000000000000e+04 4.490300000000000000e+04 2.185603174602147192e+01 6.700000000000000000e+01
9.100000000000000000e+01 6.600000000000000000e+01 4.100000000000000000e+01 4.797400000000000000e+04 4.725500000000000000e+04 4.593800000000000000e+04 4.473900000000000000e+04 2.186595544399460778e+01 6.700000000000000000e+01
6.100000000000000000e+01 9.800000000000000000e+01 5.900000000000000000e+01 4.766000000000000000e+04 4.683300000000000000e+04 4.671500000000000000e+04 4.537300000000000000e+04 2.187649397400673479e+01 6.700000000000000000e+01
5.300000000000000000e+01 1.070000000000000000e+02 4.800000000000000000e+01 4.845300000000000000e+04 4.632600000000000000e+04 4.597200000000000000e+04 4.626100000000000000e+04 2.188600102299824357e+01 6.700000000000000000e+01
3.700000000000000000e+01 9.400000000000000000e+01 4.700000000000000000e+01 4.825100000000000000e+04 4.696000000000000000e+04 4.693000000000000000e+04 4.614000000000000000e+04 2.189627881301566958e+01 6.400000000000000000e+01
1.600000000000000000e+01 3.100000000000000000e+01 3.400000000000000000e+01 4.751900000000000000e+04 4.751600000000000000e+04 4.764700000000000000e+04 4.569100000000000000e+04 2.190678549796575680e+01 6.400000000000000000e+01
2.100000000000000000e+01 7.000000000000000000e+00 3.200000000000000000e+01 4.775200000000000000e+04 4.761700000000000000e+04 4.748400000000000000e+04 4.563200000000000000e+04 2.191560714197112247e+01 6.400000000000000000e+01
1.900000000000000000e+01 -2.600000000000000000e+01 3.900000000000000000e+01 4.783100000000000000e+04 4.793300000000000000e+04 4.759800000000000000e+04 4.554600000000000000e+04 2.192601889697834849e+01 6.400000000000000000e+01
-1.800000000000000000e+01 -1.020000000000000000e+02 4.300000000000000000e+01 4.689200000000000000e+04 4.857300000000000000e+04 4.900900000000000000e+04 4.512400000000000000e+04 2.193632016301853582e+01 5.900000000000000000e+01
-3.000000000000000000e+00 -2.090000000000000000e+02 4.100000000000000000e+01 4.669500000000000000e+04 4.929700000000000000e+04 4.927500000000000000e+04 4.412700000000000000e+04 2.194600333296693861e+01 5.900000000000000000e+01
4.000000000000000000e+01 -1.680000000000000000e+02 5.400000000000000000e+01 4.768800000000000000e+04 4.876100000000000000e+04 4.846500000000000000e+04 4.482500000000000000e+04 2.195554096699925140e+01 5.900000000000000000e+01
2.000000000000000000e+00 -5.000000000000000000e+01 3.500000000000000000e+01 4.805500000000000000e+04 4.822600000000000000e+04 4.796000000000000000e+04 4.526100000000000000e+04 2.196648787299636751e+01 5.900000000000000000e+01
-3.200000000000000000e+01 1.320000000000000000e+02 3.900000000000000000e+01 4.892500000000000000e+04 4.634600000000000000e+04 4.680000000000000000e+04 4.708800000000000000e+04 2.197661202098242939e+01 5.900000000000000000e+01
-9.600000000000000000e+01 2.320000000000000000e+02 4.500000000000000000e+01 4.875200000000000000e+04 4.546100000000000000e+04 4.665100000000000000e+04 4.764000000000000000e+04 2.198663752002175897e+01 5.700000000000000000e+01
-1.380000000000000000e+02 2.850000000000000000e+02 3.700000000000000000e+01 4.816800000000000000e+04 4.487500000000000000e+04 4.711400000000000000e+04 4.788800000000000000e+04 2.199681186798261479e+01 5.700000000000000000e+01
-1.630000000000000000e+02 2.700000000000000000e+02 3.900000000000000000e+01 4.842900000000000000e+04 4.479800000000000000e+04 4.662800000000000000e+04 4.772000000000000000e+04 2.200574784300988540e+01 5.700000000000000000e+01
-1.900000000000000000e+02 1.390000000000000000e+02 3.400000000000000000e+01 4.721000000000000000e+04 4.500100000000000000e+04 4.744300000000000000e+04 4.724800000000000000e+04 2.201619597198441625e+01 5.700000000000000000e+01
-1.950000000000000000e+02 3.100000000000000000e+01 4.000000000000000000e+01 4.483500000000000000e+04 4.747600000000000000e+04 5.026700000000000000e+04 4.488000000000000000e+04 2.202679356397129595e+01 4.800000000000000000e+01
-1.510000000000000000e+02 -3.800000000000000000e+01 4.100000000000000000e+01 4.650900000000000000e+04 4.081200000000000000e+04 4.934200000000000000e+04 4.994800000000000000e+04 2.203565495199291036e+01 4.800000000000000000e+01
-8.100000000000000000e+01 -1.120000000000000000e+02 2.500000000000000000e+01 4.583800000000000000e+04 4.653800000000000000e+04 4.885100000000000000e+04 4.552800000000000000e+04 2.204732998699182644e+01 4.800000000000000000e+01
1.300000000000000000e+01 -2.550000000000000000e+02 4.200000000000000000e+01 4.537600000000000000e+04 4.872200000000000000e+04 4.922900000000000000e+04 4.294500000000000000e+04 2.205609070800710469e+01 4.800000000000000000e+01
1.080000000000000000e+02 -3.500000000000000000e+02 2.700000000000000000e+01 4.419400000000000000e+04 4.824200000000000000e+04 4.982400000000000000e+04 4.321600000000000000e+04 2.206576309300726280e+01 4.400000000000000000e+01
1.930000000000000000e+02 -4.020000000000000000e+02 1.000000000000000000e+00 4.535700000000000000e+04 5.071200000000000000e+04 4.913700000000000000e+04 4.039300000000000000e+04 2.207609589799540117e+01 4.400000000000000000e+01
2.820000000000000000e+02 -3.290000000000000000e+02 3.500000000000000000e+01 4.765400000000000000e+04 5.060100000000000000e+04 4.674800000000000000e+04 4.023600000000000000e+04 2.208578797098016366e+01 4.400000000000000000e+01
3.210000000000000000e+02 -1.510000000000000000e+02 3.400000000000000000e+01 5.326100000000000000e+04 4.614000000000000000e+04 3.884300000000000000e+04 4.515700000000000000e+04 2.209541924198856577e+01 4.400000000000000000e+01
3.270000000000000000e+02 1.700000000000000000e+01 -4.000000000000000000e+00 4.922700000000000000e+04 4.707900000000000000e+04 4.420700000000000000e+04 4.420700000000000000e+04 2.210585828102193773e+01 4.400000000000000000e+01
2.370000000000000000e+02 1.770000000000000000e+02 -8.000000000000000000e+00 5.025000000000000000e+04 4.736500000000000000e+04 4.283100000000000000e+04 4.393500000000000000e+04 2.211540732899447903e+01 4.400000000000000000e+01
8.400000000000000000e+01 3.010000000000000000e+02 -1.200000000000000000e+01 4.977300000000000000e+04 4.453500000000000000e+04 4.287100000000000000e+04 4.652000000000000000e+04 2.212597455998184159e+01 4.400000000000000000e+01
-8.100000000000000000e+01 3.230000000000000000e+02 1.000000000000000000e+01 4.756600000000000000e+04 4.332000000000000000e+04 4.534600000000000000e+04 4.719000000000000000e+04 2.213558851700508967e+01 4.400000000000000000e+01
-2.240000000000000000e+02 2.440000000000000000e+02 6.000000000000000000e+00 4.559700000000000000e+04 4.481000000000000000e+04 4.699700000000000000e+04 4.558900000000000000e+04 2.214603842899668962e+01 4.400000000000000000e+01
-3.620000000000000000e+02 1.370000000000000000e+02 6.000000000000000000e+00 4.710200000000000000e+04 3.800600000000000000e+04 4.570800000000000000e+04 5.098600000000000000e+04 2.215560227597597986e+01 4.200000000000000000e+01
-3.800000000000000000e+02 1.000000000000000000e+00 2.700000000000000000e+01 4.403600000000000000e+04 4.390700000000000000e+04 4.866400000000000000e+04 4.628200000000000000e+04 2.216592961899004877e+01 4.200000000000000000e+01
-3.030000000000000000e+02 -1.630000000000000000e+02 1.600000000000000000e+01 4.191900000000000000e+04 4.706100000000000000e+04 5.022200000000000000e+04 4.292200000000000000e+04 2.217781016096705571e+01 4.200000000000000000e+01
-2.410000000000000000e+02 -2.730000000000000000e+02 2.700000000000000000e+01 4.426000000000000000e+04 4.453300000000000000e+04 4.834700000000000000e+04 4.541700000000000000e+04 2.218608085898449644e+01 4.200000000000000000e+01
-9.000000000000000000e+01 -3.280000000000000000e+02 2.100000000000000000e+01 4.361700000000000000e+04 4.516400000000000000e+04 4.865000000000000000e+04 4.446300000000000000e+04 2.219583352701738477e+01 4.200000000000000000e+01
2.300000000000000000e+01 -3.580000000000000000e+02 2.700000000000000000e+01 4.324900000000000000e+04 4.984300000000000000e+04 4.855000000000000000e+04 3.810400000000000000e+04 2.220570041198516265e+01 4.800000000000000000e+01
1.610000000000000000e+02 -3.730000000000000000e+02 1.700000000000000000e+01 4.468000000000000000e+04 4.789900000000000000e+04 4.709200000000000000e+04 4.070300000000000000e+04 2.221537491498747841e+01 4.800000000000000000e+01
2.900000000000000000e+02 -2.620000000000000000e+02 -3.000000000000000000e+00 4.699100000000000000e+04 4.743300000000000000e+04 4.450200000000000000e+04 4.124100000000000000e+04 2.222588674997678027e+01 4.800000000000000000e+01
3.300000000000000000e+02 -1.200000000000000000e+02 2.100000000000000000e+01 4.609200000000000000e+04 4.833400000000000000e+04 4.542500000000000000e+04 3.980100000000000000e+04 2.223571252496913075e+01 4.800000000000000000e+01
2.970000000000000000e+02 1.000000000000000000e+01 3.900000000000000000e+01 4.737500000000000000e+04 4.614400000000000000e+04 4.358800000000000000e+04 4.204500000000000000e+04 2.224590521596837789e+01 5.000000000000000000e+01
2.480000000000000000e+02 1.590000000000000000e+02 2.900000000000000000e+01 4.738300000000000000e+04 4.455300000000000000e+04 4.350800000000000000e+04 4.359400000000000000e+04 2.225627365597756580e+01 5.000000000000000000e+01
1.370000000000000000e+02 1.830000000000000000e+02 3.900000000000000000e+01 4.652800000000000000e+04 4.540900000000000000e+04 4.436600000000000000e+04 4.232600000000000000e+04 2.226543300796765834e+01 5.000000000000000000e+01
5.400000000000000000e+01 2.070000000000000000e+02 3.200000000000000000e+01 4.648600000000000000e+04 4.383600000000000000e+04 4.431000000000000000e+04 4.386900000000000000e+04 2.227527171600377187e+01 5.000000000000000000e+01
-7.800000000000000000e+01 2.000000000000000000e+02 2.200000000000000000e+01 4.485500000000000000e+04 4.493500000000000000e+04 4.628400000000000000e+04 4.218500000000000000e+04 2.228567306598415598e+01 5.200000000000000000e+01
-1.720000000000000000e+02 1.530000000000000000e+02 1.400000000000000000e+01 4.455400000000000000e+04 4.330800000000000000e+04 4.606100000000000000e+04 4.439500000000000000e+04 2.229553998401388526e+01 5.200000000000000000e+01
-2.320000000000000000e+02 1.330000000000000000e+02 1.000000000000000000e+01 4.417400000000000000e+04 3.924500000000000000e+04 4.666400000000000000e+04 4.761300000000000000e+04 2.230584513599751517e+01 5.200000000000000000e+01
-2.400000000000000000e+02 5.100000000000000000e+01 2.000000000000000000e+01 4.384100000000000000e+04 4.358600000000000000e+04 4.668800000000000000e+04 4.409300000000000000e+04 2.231597709300694987e+01 5.200000000000000000e+01
-2.060000000000000000e+02 -3.400000000000000000e+01 1.400000000000000000e+01 4.360600000000000000e+04 4.284600000000000000e+04 4.709500000000000000e+04 4.447500000000000000e+04 2.232539878599345684e+01 5.200000000000000000e+01
-1.320000000000000000e+02 -9.600000000000000000e+01 1.200000000000000000e+01 4.375400000000000000e+04 4.428100000000000000e+04 4.618800000000000000e+04 4.303700000000000000e+04 2.233570797700667754e+01 5.800000000000000000e+01
-4.200000000000000000e+01 -1.410000000000000000e+02 8.000000000000000000e+00 4.297900000000000000e+04 4.478400000000000000e+04 4.700100000000000000e+04 4.235200000000000000e+04 2.234751168498769403e+01 5.800000000000000000e+01
5.400000000000000000e+01 -2.030000000000000000e+02 4.000000000000000000e+00 4.256500000000000000e+04 4.764400000000000000e+04 4.735000000000000000e+04 3.889300000000000000e+04 2.235573067801306024e+01 5.800000000000000000e+01
1.300000000000000000e+02 -1.700000000000000000e+02 -3.000000000000000000e+00 4.343800000000000000e+04 4.489200000000000000e+04 4.655200000000000000e+04 4.237600000000000000e+04 2.236611359700327739e+01 5.800000000000000000e+01
1.840000000000000000e+02 -1.210000000000000000e+02 0.000000000000000000e+00 4.386500000000000000e+04 4.605000000000000000e+04 4.588900000000000000e+04 4.082000000000000000e+04 2.237670197698753327e+01 6.100000000000000000e+01
2.660000000000000000e+02 -2.600000000000000000e+01 -1.000000000000000000e+00 4.561900000000000000e+04 4.625000000000000000e+04 4.422900000000000000e+04 4.041300000000000000e+04 2.238570152898319066e+01 6.100000000000000000e+01
2.820000000000000000e+02 6.200000000000000000e+01 0.000000000000000000e+00 4.716700000000000000e+04 4.670800000000000000e+04 4.244400000000000000e+04 3.994600000000000000e+04 2.239574049902148545e+01 6.100000000000000000e+01
