-7.000000000000000000e+01 -5.000000000000000000e+00 -6.300000000000000000e+01 4.345100000000000000e+04 4.471100000000000000e+04 4.585300000000000000e+04 4.399000000000000000e+04 3.970111384900519624e+01 8.010000000000000000e+02
-5.200000000000000000e+01 -5.100000000000000000e+01 -7.200000000000000000e+01 4.328100000000000000e+04 4.506300000000000000e+04 4.605600000000000000e+04 4.346500000000000000e+04 3.971027125598629937e+01 8.010000000000000000e+02
-3.700000000000000000e+01 -4.800000000000000000e+01 -8.400000000000000000e+01 4.301700000000000000e+04 4.485900000000000000e+04 4.585200000000000000e+04 4.404600000000000000e+04 3.972119644700433128e+01 8.000000000000000000e+02
-1.300000000000000000e+01 -5.100000000000000000e+01 -6.900000000000000000e+01 4.287100000000000000e+04 4.515800000000000000e+04 4.612300000000000000e+04 4.367500000000000000e+04 3.973032714298460633e+01 8.000000000000000000e+02
-2.000000000000000000e+00 -1.900000000000000000e+01 -9.200000000000000000e+01 4.278700000000000000e+04 4.556200000000000000e+04 4.612800000000000000e+04 4.332500000000000000e+04 3.974074986000778154e+01 8.000000000000000000e+02
4.900000000000000000e+01 -1.400000000000000000e+01 -9.500000000000000000e+01 4.285500000000000000e+04 4.512500000000000000e+04 4.599800000000000000e+04 4.386000000000000000e+04 3.975145535098272376e+01 8.000000000000000000e+02
7.200000000000000000e+01 1.700000000000000000e+01 -9.700000000000000000e+01 4.375900000000000000e+04 4.499300000000000000e+04 4.517200000000000000e+04 4.400400000000000000e+04 3.976131191299646161e+01 8.000000000000000000e+02
1.280000000000000000e+02 2.800000000000000000e+01 -9.600000000000000000e+01 4.373100000000000000e+04 4.509200000000000000e+04 4.488100000000000000e+04 4.382200000000000000e+04 3.977028416900429875e+01 8.020000000000000000e+02
1.340000000000000000e+02 7.600000000000000000e+01 -9.200000000000000000e+01 4.372300000000000000e+04 4.512800000000000000e+04 4.477800000000000000e+04 4.381100000000000000e+04 3.978111488200374879e+01 8.020000000000000000e+02
1.310000000000000000e+02 7.900000000000000000e+01 -9.900000000000000000e+01 4.359600000000000000e+04 4.478500000000000000e+04 4.472400000000000000e+04 4.421900000000000000e+04 3.979035010599181987e+01 8.020000000000000000e+02
1.170000000000000000e+02 5.800000000000000000e+01 -1.140000000000000000e+02 4.391100000000000000e+04 4.503100000000000000e+04 4.432600000000000000e+04 4.406900000000000000e+04 3.980058148398529738e+01 8.020000000000000000e+02
1.220000000000000000e+02 3.700000000000000000e+01 -1.040000000000000000e+02 4.372500000000000000e+04 4.502000000000000000e+04 4.451400000000000000e+04 4.408600000000000000e+04 3.981089780098409392e+01 8.000000000000000000e+02
9.900000000000000000e+01 3.200000000000000000e+01 -1.240000000000000000e+02 4.462800000000000000e+04 4.598900000000000000e+04 4.346100000000000000e+04 4.327100000000000000e+04 3.982003347098361701e+01 8.000000000000000000e+02
4.900000000000000000e+01 -1.300000000000000000e+01 -1.190000000000000000e+02 4.398900000000000000e+04 4.625500000000000000e+04 4.396200000000000000e+04 4.307700000000000000e+04 3.983082484098849818e+01 8.000000000000000000e+02
-1.500000000000000000e+01 -1.600000000000000000e+01 -9.100000000000000000e+01 4.355200000000000000e+04 4.569100000000000000e+04 4.444200000000000000e+04 4.372900000000000000e+04 3.983973364299163222e+01 8.000000000000000000e+02
-1.110000000000000000e+02 -5.400000000000000000e+01 -9.800000000000000000e+01 4.270700000000000000e+04 4.562700000000000000e+04 4.530400000000000000e+04 4.377000000000000000e+04 3.985223641598713584e+01 8.020000000000000000e+02
-1.780000000000000000e+02 -1.170000000000000000e+02 -1.020000000000000000e+02 4.208800000000000000e+04 4.563300000000000000e+04 4.550900000000000000e+04 4.374400000000000000e+04 3.986033481798949651e+01 8.020000000000000000e+02
-2.130000000000000000e+02 -1.160000000000000000e+02 -9.500000000000000000e+01 4.236700000000000000e+04 4.506600000000000000e+04 4.535900000000000000e+04 4.434400000000000000e+04 3.987028826598543674e+01 8.020000000000000000e+02
-2.370000000000000000e+02 -1.410000000000000000e+02 -9.400000000000000000e+01 4.217400000000000000e+04 4.504000000000000000e+04 4.556100000000000000e+04 4.448100000000000000e+04 3.988004692998947576e+01 8.020000000000000000e+02
-2.280000000000000000e+02 -1.530000000000000000e+02 -8.600000000000000000e+01 4.231900000000000000e+04 4.459700000000000000e+04 4.541200000000000000e+04 4.493800000000000000e+04 3.988991835599881597e+01 8.010000000000000000e+02
-1.770000000000000000e+02 -1.920000000000000000e+02 -9.500000000000000000e+01 4.188600000000000000e+04 4.509900000000000000e+04 4.563300000000000000e+04 4.443900000000000000e+04 3.990072535598301329e+01 8.010000000000000000e+02
-1.430000000000000000e+02 -1.770000000000000000e+02 -9.300000000000000000e+01 4.231500000000000000e+04 4.525600000000000000e+04 4.532800000000000000e+04 4.411800000000000000e+04 3.991074276799918152e+01 8.010000000000000000e+02
-8.200000000000000000e+01 -1.630000000000000000e+02 -7.100000000000000000e+01 4.242500000000000000e+04 4.601400000000000000e+04 4.515600000000000000e+04 4.324600000000000000e+04 3.992110401400714181e+01 8.010000000000000000e+02
-5.000000000000000000e+01 -1.270000000000000000e+02 -7.400000000000000000e+01 4.322300000000000000e+04 4.565000000000000000e+04 4.437000000000000000e+04 4.348000000000000000e+04 3.993031543298275210e+01 8.010000000000000000e+02
-1.300000000000000000e+01 -1.240000000000000000e+02 -6.400000000000000000e+01 4.326200000000000000e+04 4.620000000000000000e+04 4.391600000000000000e+04 4.254700000000000000e+04 3.994107068798621185e+01 8.040000000000000000e+02
5.400000000000000000e+01 -1.450000000000000000e+02 -6.800000000000000000e+01 4.324000000000000000e+04 4.585500000000000000e+04 4.389900000000000000e+04 4.285300000000000000e+04 3.995011806400725618e+01 8.040000000000000000e+02
3.000000000000000000e+01 -8.400000000000000000e+01 -6.200000000000000000e+01 4.362600000000000000e+04 4.528800000000000000e+04 4.345400000000000000e+04 4.352500000000000000e+04 3.996017718798248097e+01 8.040000000000000000e+02
3.000000000000000000e+00 -7.200000000000000000e+01 -6.300000000000000000e+01 4.341500000000000000e+04 4.508000000000000000e+04 4.347300000000000000e+04 4.366700000000000000e+04 3.997125178700662218e+01 8.040000000000000000e+02
9.000000000000000000e+00 -8.100000000000000000e+01 -5.800000000000000000e+01 4.349300000000000000e+04 4.535500000000000000e+04 4.329500000000000000e+04 4.338300000000000000e+04 3.997997591100283898e+01 8.050000000000000000e+02
-1.900000000000000000e+01 -1.150000000000000000e+02 -5.400000000000000000e+01 4.271300000000000000e+04 4.472000000000000000e+04 4.385700000000000000e+04 4.382000000000000000e+04 3.999015003000386059e+01 8.050000000000000000e+02
-3.300000000000000000e+01 -1.470000000000000000e+02 -4.800000000000000000e+01 4.247600000000000000e+04 4.483300000000000000e+04 4.405300000000000000e+04 4.379800000000000000e+04 4.000091173299006186e+01 8.050000000000000000e+02
-5.100000000000000000e+01 -1.510000000000000000e+02 -4.500000000000000000e+01 4.263500000000000000e+04 4.491600000000000000e+04 4.398800000000000000e+04 4.359600000000000000e+04 4.001038351698662154e+01 8.050000000000000000e+02
-7.300000000000000000e+01 -1.770000000000000000e+02 -4.100000000000000000e+01 4.136000000000000000e+04 4.510500000000000000e+04 4.498600000000000000e+04 4.339500000000000000e+04 4.002135299300425686e+01 8.020000000000000000e+02
-7.400000000000000000e+01 -1.810000000000000000e+02 -5.200000000000000000e+01 4.223300000000000000e+04 4.473900000000000000e+04 4.437500000000000000e+04 4.412200000000000000e+04 4.002949176100082695e+01 8.020000000000000000e+02
-3.800000000000000000e+01 -2.280000000000000000e+02 -7.400000000000000000e+01 4.237500000000000000e+04 4.523800000000000000e+04 4.440300000000000000e+04 4.360300000000000000e+04 4.004054466998786665e+01 8.020000000000000000e+02
-3.000000000000000000e+00 -2.210000000000000000e+02 -5.300000000000000000e+01 4.273500000000000000e+04 4.514000000000000000e+04 4.405500000000000000e+04 4.382400000000000000e+04 4.004969764800625853e+01 8.020000000000000000e+02
5.400000000000000000e+01 -2.780000000000000000e+02 -6.600000000000000000e+01 4.272700000000000000e+04 4.583600000000000000e+04 4.390700000000000000e+04 4.318400000000000000e+04 4.006151806600973941e+01 8.020000000000000000e+02
8.500000000000000000e+01 -2.570000000000000000e+02 -5.600000000000000000e+01 4.292800000000000000e+04 4.583800000000000000e+04 4.381600000000000000e+04 4.344500000000000000e+04 4.007010878500295803e+01 8.020000000000000000e+02
1.020000000000000000e+02 -2.650000000000000000e+02 -4.500000000000000000e+01 4.269900000000000000e+04 4.592900000000000000e+04 4.417500000000000000e+04 4.328400000000000000e+04 4.007951410798705183e+01 8.020000000000000000e+02
1.300000000000000000e+02 -2.620000000000000000e+02 -6.300000000000000000e+01 4.294800000000000000e+04 4.664900000000000000e+04 4.393500000000000000e+04 4.250400000000000000e+04 4.008989379598642699e+01 8.020000000000000000e+02
1.020000000000000000e+02 -2.440000000000000000e+02 -4.900000000000000000e+01 4.281100000000000000e+04 4.598200000000000000e+04 4.409500000000000000e+04 4.348900000000000000e+04 4.009966096098651178e+01 8.020000000000000000e+02
8.600000000000000000e+01 -2.430000000000000000e+02 -4.400000000000000000e+01 4.293500000000000000e+04 4.621800000000000000e+04 4.401300000000000000e+04 4.316800000000000000e+04 4.010961444998974912e+01 8.050000000000000000e+02
6.400000000000000000e+01 -2.270000000000000000e+02 -4.100000000000000000e+01 4.278200000000000000e+04 4.595600000000000000e+04 4.407100000000000000e+04 4.329800000000000000e+04 4.011938715798896737e+01 8.050000000000000000e+02
1.300000000000000000e+01 -2.000000000000000000e+02 -3.100000000000000000e+01 4.285600000000000000e+04 4.575000000000000000e+04 4.410700000000000000e+04 4.345400000000000000e+04 4.012921196300885640e+01 8.050000000000000000e+02
-3.200000000000000000e+01 -1.730000000000000000e+02 -2.000000000000000000e+01 4.250300000000000000e+04 4.545500000000000000e+04 4.449900000000000000e+04 4.376500000000000000e+04 4.013953982098610140e+01 8.050000000000000000e+02
-9.100000000000000000e+01 -1.720000000000000000e+02 -1.500000000000000000e+01 4.241100000000000000e+04 4.528300000000000000e+04 4.461000000000000000e+04 4.397400000000000000e+04 4.014955635700607672e+01 8.030000000000000000e+02
-1.040000000000000000e+02 -1.610000000000000000e+02 -1.800000000000000000e+01 4.253400000000000000e+04 4.526600000000000000e+04 4.464200000000000000e+04 4.409500000000000000e+04 4.015977367499726824e+01 8.030000000000000000e+02
-8.800000000000000000e+01 -1.480000000000000000e+02 -2.200000000000000000e+01 4.270000000000000000e+04 4.500000000000000000e+04 4.442800000000000000e+04 4.426100000000000000e+04 4.016972199999145232e+01 8.030000000000000000e+02
-9.700000000000000000e+01 -1.510000000000000000e+02 -1.700000000000000000e+01 4.243400000000000000e+04 4.498700000000000000e+04 4.449400000000000000e+04 4.445100000000000000e+04 4.018114965999848209e+01 8.030000000000000000e+02
-5.800000000000000000e+01 -1.470000000000000000e+02 -2.200000000000000000e+01 4.286300000000000000e+04 4.543700000000000000e+04 4.428900000000000000e+04 4.394600000000000000e+04 4.018961825198493898e+01 8.030000000000000000e+02
-1.700000000000000000e+01 -1.610000000000000000e+02 -2.300000000000000000e+01 4.269100000000000000e+04 4.600200000000000000e+04 4.463700000000000000e+04 4.370500000000000000e+04 4.019968412298476323e+01 8.010000000000000000e+02
9.000000000000000000e+00 -1.370000000000000000e+02 -1.400000000000000000e+01 4.318700000000000000e+04 4.584200000000000000e+04 4.426500000000000000e+04 4.367200000000000000e+04 4.020992549500078894e+01 8.010000000000000000e+02
3.600000000000000000e+01 -1.400000000000000000e+02 -1.400000000000000000e+01 4.328400000000000000e+04 4.622300000000000000e+04 4.408300000000000000e+04 4.324800000000000000e+04 4.021924195598694496e+01 8.010000000000000000e+02
5.600000000000000000e+01 -1.440000000000000000e+02 -3.000000000000000000e+00 4.341100000000000000e+04 4.588700000000000000e+04 4.402600000000000000e+04 4.355200000000000000e+04 4.022933305098558776e+01 8.010000000000000000e+02
2.300000000000000000e+01 -1.880000000000000000e+02 3.000000000000000000e+00 4.279100000000000000e+04 4.589200000000000000e+04 4.495300000000000000e+04 4.383500000000000000e+04 4.023966473600012250e+01 8.000000000000000000e+02
-8.000000000000000000e+00 -1.460000000000000000e+02 8.000000000000000000e+00 4.343800000000000000e+04 4.549200000000000000e+04 4.450100000000000000e+04 4.406500000000000000e+04 4.025041177199454978e+01 8.000000000000000000e+02
-2.000000000000000000e+01 -1.310000000000000000e+02 9.000000000000000000e+00 4.305100000000000000e+04 4.575400000000000000e+04 4.467300000000000000e+04 4.393500000000000000e+04 4.025950109100085683e+01 8.000000000000000000e+02
-3.000000000000000000e+01 -1.280000000000000000e+02 1.800000000000000000e+01 4.308800000000000000e+04 4.566900000000000000e+04 4.475300000000000000e+04 4.386600000000000000e+04 4.026983618299709633e+01 8.000000000000000000e+02
-3.900000000000000000e+01 -1.190000000000000000e+02 1.100000000000000000e+01 4.270700000000000000e+04 4.536800000000000000e+04 4.500100000000000000e+04 4.426400000000000000e+04 4.027980414699413814e+01 8.000000000000000000e+02
-3.200000000000000000e+01 -9.600000000000000000e+01 3.600000000000000000e+01 4.268100000000000000e+04 4.583200000000000000e+04 4.537800000000000000e+04 4.371800000000000000e+04 4.028975532599724829e+01 8.000000000000000000e+02
-2.000000000000000000e+01 -5.400000000000000000e+01 4.200000000000000000e+01 4.349100000000000000e+04 4.595700000000000000e+04 4.485400000000000000e+04 4.343200000000000000e+04 4.030042067499016412e+01 8.000000000000000000e+02
-3.500000000000000000e+01 -2.400000000000000000e+01 4.700000000000000000e+01 4.373600000000000000e+04 4.574200000000000000e+04 4.445800000000000000e+04 4.388900000000000000e+04 4.030961256398586556e+01 8.000000000000000000e+02
-1.000000000000000000e+00 -2.700000000000000000e+01 4.600000000000000000e+01 4.412300000000000000e+04 4.588300000000000000e+04 4.442600000000000000e+04 4.361200000000000000e+04 4.032195014800527133e+01 7.950000000000000000e+02
-1.000000000000000000e+00 -6.000000000000000000e+00 5.800000000000000000e+01 4.411200000000000000e+04 4.598600000000000000e+04 4.504700000000000000e+04 4.388700000000000000e+04 4.033007904599071480e+01 7.950000000000000000e+02
-4.000000000000000000e+00 -4.200000000000000000e+01 5.400000000000000000e+01 4.352000000000000000e+04 4.647000000000000000e+04 4.557000000000000000e+04 4.326500000000000000e+04 4.033989901398308575e+01 7.950000000000000000e+02
-1.200000000000000000e+01 -4.600000000000000000e+01 6.100000000000000000e+01 4.402600000000000000e+04 4.585200000000000000e+04 4.527500000000000000e+04 4.359900000000000000e+04 4.035000899000442587e+01 7.950000000000000000e+02
-1.100000000000000000e+01 -4.600000000000000000e+01 7.000000000000000000e+01 4.385700000000000000e+04 4.600100000000000000e+04 4.537100000000000000e+04 4.348700000000000000e+04 4.035989858998800628e+01 7.950000000000000000e+02
2.000000000000000000e+00 -3.600000000000000000e+01 7.700000000000000000e+01 4.398600000000000000e+04 4.591800000000000000e+04 4.523500000000000000e+04 4.348400000000000000e+04 4.036934248800389469e+01 7.980000000000000000e+02
-1.300000000000000000e+01 -4.800000000000000000e+01 8.500000000000000000e+01 4.405300000000000000e+04 4.541900000000000000e+04 4.528700000000000000e+04 4.390900000000000000e+04 4.038086691498756409e+01 7.980000000000000000e+02
-2.700000000000000000e+01 -6.100000000000000000e+01 8.900000000000000000e+01 4.362100000000000000e+04 4.574300000000000000e+04 4.593600000000000000e+04 4.336900000000000000e+04 4.039041579299373552e+01 7.980000000000000000e+02
-1.200000000000000000e+01 -8.300000000000000000e+01 7.600000000000000000e+01 4.373200000000000000e+04 4.590800000000000000e+04 4.568100000000000000e+04 4.342900000000000000e+04 4.039960355398943648e+01 7.980000000000000000e+02
-3.100000000000000000e+01 -8.500000000000000000e+01 7.700000000000000000e+01 4.377000000000000000e+04 4.576300000000000000e+04 4.570300000000000000e+04 4.350100000000000000e+04 4.041041431500343606e+01 7.950000000000000000e+02
-1.400000000000000000e+01 -2.200000000000000000e+01 7.600000000000000000e+01 4.455400000000000000e+04 4.517100000000000000e+04 4.538700000000000000e+04 4.410200000000000000e+04 4.042045927900471725e+01 7.950000000000000000e+02
-3.400000000000000000e+01 -1.000000000000000000e+01 8.400000000000000000e+01 4.388000000000000000e+04 4.539400000000000000e+04 4.614800000000000000e+04 4.370800000000000000e+04 4.042894916399382055e+01 7.950000000000000000e+02
-3.100000000000000000e+01 -2.300000000000000000e+01 6.900000000000000000e+01 4.370200000000000000e+04 4.599400000000000000e+04 4.581600000000000000e+04 4.351100000000000000e+04 4.043977142698713578e+01 7.950000000000000000e+02
-3.400000000000000000e+01 -3.000000000000000000e+00 8.300000000000000000e+01 4.418400000000000000e+04 4.537000000000000000e+04 4.565600000000000000e+04 4.386700000000000000e+04 4.045191547699505463e+01 7.940000000000000000e+02
-3.100000000000000000e+01 -4.000000000000000000e+00 8.800000000000000000e+01 4.419800000000000000e+04 4.548100000000000000e+04 4.589700000000000000e+04 4.380300000000000000e+04 4.046054392700898461e+01 7.940000000000000000e+02
-1.700000000000000000e+01 5.700000000000000000e+01 7.700000000000000000e+01 4.495800000000000000e+04 4.499900000000000000e+04 4.501200000000000000e+04 4.427300000000000000e+04 4.047034366498701274e+01 7.940000000000000000e+02
-2.500000000000000000e+01 3.600000000000000000e+01 7.300000000000000000e+01 4.413500000000000000e+04 4.512800000000000000e+04 4.583400000000000000e+04 4.400500000000000000e+04 4.048005098599242046e+01 7.940000000000000000e+02
-2.000000000000000000e+01 5.000000000000000000e+01 8.400000000000000000e+01 4.485000000000000000e+04 4.522600000000000000e+04 4.516200000000000000e+04 4.384900000000000000e+04 4.049031702399952337e+01 7.940000000000000000e+02
-5.000000000000000000e+00 5.400000000000000000e+01 8.400000000000000000e+01 4.511500000000000000e+04 4.552200000000000000e+04 4.560100000000000000e+04 4.416700000000000000e+04 4.049985358398407698e+01 7.870000000000000000e+02
-1.700000000000000000e+01 4.900000000000000000e+01 7.900000000000000000e+01 4.491300000000000000e+04 4.571000000000000000e+04 4.580200000000000000e+04 4.390200000000000000e+04 4.050966473700827919e+01 7.870000000000000000e+02
-2.900000000000000000e+01 4.200000000000000000e+01 7.300000000000000000e+01 4.499600000000000000e+04 4.574100000000000000e+04 4.582000000000000000e+04 4.393000000000000000e+04 4.052006185599020682e+01 7.870000000000000000e+02
0.000000000000000000e+00 5.000000000000000000e+00 5.800000000000000000e+01 4.466300000000000000e+04 4.634600000000000000e+04 4.596000000000000000e+04 4.332600000000000000e+04 4.053024910599924624e+01 7.870000000000000000e+02
-5.200000000000000000e+01 1.900000000000000000e+01 6.200000000000000000e+01 4.475600000000000000e+04 4.551800000000000000e+04 4.654500000000000000e+04 4.466600000000000000e+04 4.054048567599966191e+01 7.840000000000000000e+02
-4.600000000000000000e+01 -2.900000000000000000e+01 5.400000000000000000e+01 4.444700000000000000e+04 4.649100000000000000e+04 4.664300000000000000e+04 4.357700000000000000e+04 4.054928090999601409e+01 7.840000000000000000e+02
-2.500000000000000000e+01 -1.500000000000000000e+01 5.200000000000000000e+01 4.442300000000000000e+04 4.624100000000000000e+04 4.655900000000000000e+04 4.376600000000000000e+04 4.055946479999693111e+01 7.840000000000000000e+02
-1.300000000000000000e+01 -1.300000000000000000e+01 4.900000000000000000e+01 4.462100000000000000e+04 4.590300000000000000e+04 4.640100000000000000e+04 4.414700000000000000e+04 4.056972995199612342e+01 7.840000000000000000e+02
-6.000000000000000000e+00 5.000000000000000000e+01 5.600000000000000000e+01 4.474900000000000000e+04 4.567300000000000000e+04 4.607300000000000000e+04 4.403400000000000000e+04 4.057964014599565417e+01 7.770000000000000000e+02
-1.500000000000000000e+01 8.800000000000000000e+01 5.800000000000000000e+01 4.519400000000000000e+04 4.581900000000000000e+04 4.660700000000000000e+04 4.466200000000000000e+04 4.059039824100909755e+01 7.770000000000000000e+02
-1.200000000000000000e+01 7.200000000000000000e+01 4.300000000000000000e+01 4.559300000000000000e+04 4.617300000000000000e+04 4.621900000000000000e+04 4.431300000000000000e+04 4.059987944699241780e+01 7.770000000000000000e+02
-1.000000000000000000e+01 9.800000000000000000e+01 4.600000000000000000e+01 4.561100000000000000e+04 4.547700000000000000e+04 4.613300000000000000e+04 4.504800000000000000e+04 4.060999535300652497e+01 7.770000000000000000e+02
-2.300000000000000000e+01 7.500000000000000000e+01 2.700000000000000000e+01 4.527100000000000000e+04 4.560300000000000000e+04 4.648500000000000000e+04 4.499300000000000000e+04 4.061975820598308928e+01 7.770000000000000000e+02
-4.900000000000000000e+01 1.050000000000000000e+02 4.300000000000000000e+01 4.549200000000000000e+04 4.615100000000000000e+04 4.712500000000000000e+04 4.530900000000000000e+04 4.063002610200783238e+01 7.720000000000000000e+02
-7.100000000000000000e+01 9.300000000000000000e+01 3.300000000000000000e+01 4.545600000000000000e+04 4.610100000000000000e+04 4.711600000000000000e+04 4.536100000000000000e+04 4.064013993000844494e+01 7.720000000000000000e+02
-5.500000000000000000e+01 9.100000000000000000e+01 4.000000000000000000e+01 4.569000000000000000e+04 4.597000000000000000e+04 4.700600000000000000e+04 4.544000000000000000e+04 4.065065631800098345e+01 7.720000000000000000e+02
-6.100000000000000000e+01 1.000000000000000000e+02 3.300000000000000000e+01 4.514300000000000000e+04 4.557000000000000000e+04 4.739500000000000000e+04 4.571400000000000000e+04 4.065980160600156523e+01 7.720000000000000000e+02
-3.000000000000000000e+00 8.100000000000000000e+01 4.800000000000000000e+01 4.573800000000000000e+04 4.690600000000000000e+04 4.751300000000000000e+04 4.507600000000000000e+04 4.067066934800823219e+01 7.680000000000000000e+02
-2.000000000000000000e+00 5.100000000000000000e+01 2.800000000000000000e+01 4.571200000000000000e+04 4.661300000000000000e+04 4.746200000000000000e+04 4.539900000000000000e+04 4.067965474200900644e+01 7.680000000000000000e+02
1.600000000000000000e+01 1.200000000000000000e+01 2.100000000000000000e+01 4.540500000000000000e+04 4.697300000000000000e+04 4.757000000000000000e+04 4.502700000000000000e+04 4.069088073898456059e+01 7.680000000000000000e+02
2.000000000000000000e+01 2.000000000000000000e+01 2.600000000000000000e+01 4.555100000000000000e+04 4.670500000000000000e+04 4.733700000000000000e+04 4.511600000000000000e+04 4.070013622500118800e+01 7.680000000000000000e+02
4.800000000000000000e+01 5.400000000000000000e+01 2.600000000000000000e+01 4.600700000000000000e+04 4.656800000000000000e+04 4.680500000000000000e+04 4.504700000000000000e+04 4.070938584298710339e+01 7.620000000000000000e+02
4.400000000000000000e+01 4.400000000000000000e+01 1.100000000000000000e+01 4.577100000000000000e+04 4.719900000000000000e+04 4.770000000000000000e+04 4.510700000000000000e+04 4.071961752598872408e+01 7.620000000000000000e+02
6.000000000000000000e+01 8.500000000000000000e+01 1.600000000000000000e+01 4.648400000000000000e+04 4.680600000000000000e+04 4.686100000000000000e+04 4.543500000000000000e+04 4.072871316000237130e+01 7.620000000000000000e+02
5.200000000000000000e+01 1.020000000000000000e+02 1.500000000000000000e+01 4.635600000000000000e+04 4.664700000000000000e+04 4.683500000000000000e+04 4.548400000000000000e+04 4.073957000600057654e+01 7.620000000000000000e+02
3.900000000000000000e+01 1.410000000000000000e+02 2.100000000000000000e+01 4.631200000000000000e+04 4.634900000000000000e+04 4.683900000000000000e+04 4.579600000000000000e+04 4.074953108499175869e+01 7.620000000000000000e+02
3.600000000000000000e+01 1.460000000000000000e+02 6.000000000000000000e+00 4.456100000000000000e+04 4.395300000000000000e+04 4.489500000000000000e+04 4.433400000000000000e+04 4.076034068100852892e+01 5.400000000000000000e+01
1.500000000000000000e+01 1.750000000000000000e+02 1.200000000000000000e+01 4.440900000000000000e+04 4.401200000000000000e+04 4.474000000000000000e+04 4.399800000000000000e+04 4.076951205299701542e+01 5.400000000000000000e+01
2.000000000000000000e+00 1.690000000000000000e+02 1.600000000000000000e+01 4.441800000000000000e+04 4.339400000000000000e+04 4.392600000000000000e+04 4.381200000000000000e+04 4.078017901099519804e+01 5.400000000000000000e+01
-1.600000000000000000e+01 1.420000000000000000e+02 1.400000000000000000e+01 4.362200000000000000e+04 4.363500000000000000e+04 4.444100000000000000e+04 4.330000000000000000e+04 4.078900573300779797e+01 5.400000000000000000e+01
-3.400000000000000000e+01 1.580000000000000000e+02 5.000000000000000000e+00 4.289500000000000000e+04 4.181000000000000000e+04 4.320200000000000000e+04 4.329700000000000000e+04 4.079870744000072591e+01 4.900000000000000000e+01
-3.800000000000000000e+01 1.060000000000000000e+02 3.000000000000000000e+00 4.236500000000000000e+04 4.240900000000000000e+04 4.345300000000000000e+04 4.228700000000000000e+04 4.081047418600064702e+01 4.900000000000000000e+01
-3.200000000000000000e+01 5.500000000000000000e+01 2.600000000000000000e+01 4.127400000000000000e+04 4.217600000000000000e+04 4.399100000000000000e+04 4.201200000000000000e+04 4.082013978098984808e+01 4.900000000000000000e+01
-1.100000000000000000e+01 1.400000000000000000e+01 8.000000000000000000e+00 4.168200000000000000e+04 4.257500000000000000e+04 4.348400000000000000e+04 4.130300000000000000e+04 4.083030751100159250e+01 4.900000000000000000e+01
1.900000000000000000e+01 1.800000000000000000e+01 1.600000000000000000e+01 4.145800000000000000e+04 4.224700000000000000e+04 4.345200000000000000e+04 4.135000000000000000e+04 4.084007972999825142e+01 7.800000000000000000e+01
5.600000000000000000e+01 -5.100000000000000000e+01 2.000000000000000000e+00 3.943000000000000000e+04 4.095400000000000000e+04 4.175600000000000000e+04 3.885400000000000000e+04 4.085008913298952393e+01 7.800000000000000000e+01
5.100000000000000000e+01 -1.800000000000000000e+01 8.000000000000000000e+00 3.920700000000000000e+04 4.077300000000000000e+04 4.176200000000000000e+04 3.902600000000000000e+04 4.086033650900935754e+01 7.800000000000000000e+01
6.500000000000000000e+01 -9.000000000000000000e+00 -4.000000000000000000e+00 3.917100000000000000e+04 4.120000000000000000e+04 4.065100000000000000e+04 3.917900000000000000e+04 4.086988639298942871e+01 7.800000000000000000e+01
5.300000000000000000e+01 2.200000000000000000e+01 -1.000000000000000000e+00 4.008000000000000000e+04 4.045900000000000000e+04 4.021700000000000000e+04 3.922300000000000000e+04 4.087990774901118129e+01 7.800000000000000000e+01
7.100000000000000000e+01 2.700000000000000000e+01 1.000000000000000000e+00 3.861900000000000000e+04 4.008200000000000000e+04 3.899900000000000000e+04 3.772000000000000000e+04 4.089164027498918585e+01 8.500000000000000000e+01
6.600000000000000000e+01 4.600000000000000000e+01 2.000000000000000000e+00 3.903200000000000000e+04 3.926300000000000000e+04 4.015200000000000000e+04 3.697600000000000000e+04 4.090004827801021747e+01 8.500000000000000000e+01
5.900000000000000000e+01 4.400000000000000000e+01 8.000000000000000000e+00 3.808800000000000000e+04 3.995200000000000000e+04 3.971200000000000000e+04 3.783100000000000000e+04 4.090943882998544723e+01 8.500000000000000000e+01
7.000000000000000000e+01 7.200000000000000000e+01 9.000000000000000000e+00 3.848500000000000000e+04 4.014100000000000000e+04 3.939100000000000000e+04 3.759100000000000000e+04 4.091969488598988391e+01 8.500000000000000000e+01
3.800000000000000000e+01 8.700000000000000000e+01 9.000000000000000000e+00 3.859600000000000000e+04 3.905700000000000000e+04 4.016100000000000000e+04 3.809800000000000000e+04 4.092920550701091997e+01 8.900000000000000000e+01
9.000000000000000000e+00 9.000000000000000000e+01 5.000000000000000000e+00 3.809300000000000000e+04 3.957600000000000000e+04 3.964300000000000000e+04 3.792000000000000000e+04 4.094157152299885638e+01 8.900000000000000000e+01
5.000000000000000000e+00 9.600000000000000000e+01 0.000000000000000000e+00 3.837400000000000000e+04 4.006900000000000000e+04 4.004800000000000000e+04 3.720900000000000000e+04 4.095013465298688971e+01 8.900000000000000000e+01
-2.400000000000000000e+01 1.080000000000000000e+02 -2.000000000000000000e+00 3.793100000000000000e+04 4.000300000000000000e+04 4.034700000000000000e+04 3.798600000000000000e+04 4.096024444600334391e+01 8.900000000000000000e+01
-5.000000000000000000e+01 9.200000000000000000e+01 -1.700000000000000000e+01 3.827700000000000000e+04 3.937400000000000000e+04 4.141300000000000000e+04 3.784400000000000000e+04 4.096975472100893967e+01 8.900000000000000000e+01
-6.000000000000000000e+01 1.080000000000000000e+02 -1.600000000000000000e+01 3.793400000000000000e+04 3.869300000000000000e+04 4.167000000000000000e+04 3.942200000000000000e+04 4.098008326298440807e+01 9.400000000000000000e+01
-6.600000000000000000e+01 1.010000000000000000e+02 0.000000000000000000e+00 3.760400000000000000e+04 3.959600000000000000e+04 4.154100000000000000e+04 3.978300000000000000e+04 4.098938838700996712e+01 9.400000000000000000e+01
-6.000000000000000000e+00 9.100000000000000000e+01 -1.800000000000000000e+01 3.904300000000000000e+04 4.055800000000000000e+04 4.119300000000000000e+04 3.882400000000000000e+04 4.100105680199339986e+01 9.400000000000000000e+01
1.600000000000000000e+01 1.030000000000000000e+02 -1.600000000000000000e+01 3.965200000000000000e+04 4.020600000000000000e+04 4.102300000000000000e+04 3.963600000000000000e+04 4.101017461300943978e+01 9.400000000000000000e+01
4.600000000000000000e+01 1.370000000000000000e+02 -2.000000000000000000e+01 4.010500000000000000e+04 4.149300000000000000e+04 4.080100000000000000e+04 4.020200000000000000e+04 4.101961427199421450e+01 9.500000000000000000e+01
8.900000000000000000e+01 1.740000000000000000e+02 -4.000000000000000000e+00 4.148400000000000000e+04 4.103500000000000000e+04 4.108900000000000000e+04 3.981300000000000000e+04 4.102956823099520989e+01 9.500000000000000000e+01
5.700000000000000000e+01 1.970000000000000000e+02 0.000000000000000000e+00 4.069500000000000000e+04 4.094900000000000000e+04 4.196000000000000000e+04 4.067100000000000000e+04 4.103989647800335661e+01 9.500000000000000000e+01
8.400000000000000000e+01 1.960000000000000000e+02 9.000000000000000000e+00 4.152900000000000000e+04 4.109900000000000000e+04 4.191300000000000000e+04 4.083500000000000000e+04 4.104943640198325738e+01 9.500000000000000000e+01
1.080000000000000000e+02 1.470000000000000000e+02 2.000000000000000000e+00 4.156100000000000000e+04 4.270500000000000000e+04 4.166800000000000000e+04 4.055400000000000000e+04 4.105977501400047913e+01 9.100000000000000000e+01
1.260000000000000000e+02 1.180000000000000000e+02 7.000000000000000000e+00 4.249200000000000000e+04 4.315000000000000000e+04 4.273200000000000000e+04 4.072300000000000000e+04 4.106937537700287066e+01 9.100000000000000000e+01
1.150000000000000000e+02 1.190000000000000000e+02 1.500000000000000000e+01 4.259700000000000000e+04 4.301400000000000000e+04 4.324200000000000000e+04 4.137100000000000000e+04 4.107986326600075699e+01 9.100000000000000000e+01
1.070000000000000000e+02 1.370000000000000000e+02 6.000000000000000000e+00 4.304100000000000000e+04 4.339000000000000000e+04 4.259500000000000000e+04 4.214400000000000000e+04 4.109002285599126481e+01 9.100000000000000000e+01
7.700000000000000000e+01 1.280000000000000000e+02 8.000000000000000000e+00 4.378600000000000000e+04 4.304200000000000000e+04 4.337700000000000000e+04 4.233400000000000000e+04 4.110000498598674312e+01 9.100000000000000000e+01
6.100000000000000000e+01 1.510000000000000000e+02 1.700000000000000000e+01 4.416500000000000000e+04 4.412500000000000000e+04 4.410500000000000000e+04 4.381500000000000000e+04 4.110962039700825699e+01 8.200000000000000000e+01
2.400000000000000000e+01 1.280000000000000000e+02 3.200000000000000000e+01 4.423900000000000000e+04 4.438200000000000000e+04 4.497400000000000000e+04 4.334900000000000000e+04 4.111931452699354850e+01 8.200000000000000000e+01
0.000000000000000000e+00 7.400000000000000000e+01 4.900000000000000000e+01 4.423900000000000000e+04 4.513500000000000000e+04 4.543700000000000000e+04 4.328700000000000000e+04 4.112921481399098411e+01 8.200000000000000000e+01
5.000000000000000000e+00 -4.000000000000000000e+00 3.700000000000000000e+01 4.459000000000000000e+04 4.575600000000000000e+04 4.584600000000000000e+04 4.275700000000000000e+04 4.113892246599425562e+01 8.200000000000000000e+01
-6.000000000000000000e+00 -5.800000000000000000e+01 2.400000000000000000e+01 4.476000000000000000e+04 4.642200000000000000e+04 4.673200000000000000e+04 4.322000000000000000e+04 4.114902682200772688e+01 7.700000000000000000e+01
-2.100000000000000000e+01 -1.090000000000000000e+02 2.900000000000000000e+01 4.464700000000000000e+04 4.626600000000000000e+04 4.733400000000000000e+04 4.381400000000000000e+04 4.115891833300702274e+01 7.700000000000000000e+01
-4.700000000000000000e+01 -1.650000000000000000e+02 2.400000000000000000e+01 4.410900000000000000e+04 4.678700000000000000e+04 4.783400000000000000e+04 4.389700000000000000e+04 4.116909352099173702e+01 7.700000000000000000e+01
-6.500000000000000000e+01 -1.580000000000000000e+02 1.900000000000000000e+01 4.456600000000000000e+04 4.629900000000000000e+04 4.782800000000000000e+04 4.467300000000000000e+04 4.117939924899837933e+01 7.700000000000000000e+01
-4.300000000000000000e+01 -8.300000000000000000e+01 -1.500000000000000000e+01 4.504800000000000000e+04 4.672400000000000000e+04 4.702900000000000000e+04 4.491300000000000000e+04 4.118956094598979689e+01 7.700000000000000000e+01
-3.200000000000000000e+01 -1.000000000000000000e+00 -4.000000000000000000e+00 4.577400000000000000e+04 4.689100000000000000e+04 4.801300000000000000e+04 4.544300000000000000e+04 4.120005516899982467e+01 6.300000000000000000e+01
9.000000000000000000e+00 1.010000000000000000e+02 -1.100000000000000000e+01 4.818300000000000000e+04 4.535600000000000000e+04 4.618800000000000000e+04 4.662300000000000000e+04 4.120951441800571047e+01 6.300000000000000000e+01
3.000000000000000000e+00 2.420000000000000000e+02 -2.700000000000000000e+01 5.267500000000000000e+04 3.924700000000000000e+04 3.813000000000000000e+04 5.200800000000000000e+04 4.121924897900316864e+01 6.300000000000000000e+01
2.600000000000000000e+01 2.570000000000000000e+02 -2.900000000000000000e+01 4.902000000000000000e+04 4.571000000000000000e+04 4.377300000000000000e+04 4.796500000000000000e+04 4.122979799000313506e+01 6.300000000000000000e+01
2.600000000000000000e+01 1.490000000000000000e+02 -2.200000000000000000e+01 4.735400000000000000e+04 4.602500000000000000e+04 4.653500000000000000e+04 4.851200000000000000e+04 4.123927620798349380e+01 5.600000000000000000e+01
5.100000000000000000e+01 1.100000000000000000e+01 -3.000000000000000000e+00 4.783800000000000000e+04 4.755200000000000000e+04 4.618400000000000000e+04 4.640900000000000000e+04 4.124896537500899285e+01 5.600000000000000000e+01
1.110000000000000000e+02 -9.100000000000000000e+01 6.000000000000000000e+00 4.777800000000000000e+04 4.591300000000000000e+04 4.657900000000000000e+04 4.755800000000000000e+04 4.125951656099641696e+01 5.600000000000000000e+01
7.000000000000000000e+01 -1.750000000000000000e+02 3.200000000000000000e+01 4.582300000000000000e+04 4.846000000000000000e+04 4.845000000000000000e+04 4.435900000000000000e+04 4.126895435899496078e+01 5.600000000000000000e+01
4.400000000000000000e+01 -2.690000000000000000e+02 4.000000000000000000e+01 4.633000000000000000e+04 4.934200000000000000e+04 4.816600000000000000e+04 4.255000000000000000e+04 4.127913756700581871e+01 4.400000000000000000e+01
-3.700000000000000000e+01 -2.870000000000000000e+02 4.400000000000000000e+01 4.633200000000000000e+04 4.705100000000000000e+04 4.893800000000000000e+04 4.554600000000000000e+04 4.128944601400871761e+01 4.400000000000000000e+01
-6.400000000000000000e+01 -2.090000000000000000e+02 5.500000000000000000e+01 4.464000000000000000e+04 4.732200000000000000e+04 5.035500000000000000e+04 4.473900000000000000e+04 4.129895904700970277e+01 4.400000000000000000e+01
-4.800000000000000000e+01 -1.090000000000000000e+02 4.700000000000000000e+01 4.706800000000000000e+04 4.652700000000000000e+04 4.842500000000000000e+04 4.505100000000000000e+04 4.130913608300033957e+01 4.400000000000000000e+01
-1.600000000000000000e+01 -6.100000000000000000e+01 5.500000000000000000e+01 4.686700000000000000e+04 4.678200000000000000e+04 4.837500000000000000e+04 4.442200000000000000e+04 4.131905953900422901e+01 4.400000000000000000e+01
1.400000000000000000e+01 -4.000000000000000000e+00 5.700000000000000000e+01 4.769200000000000000e+04 4.606800000000000000e+04 4.805200000000000000e+04 4.569900000000000000e+04 4.132923972798744217e+01 3.500000000000000000e+01
2.400000000000000000e+01 3.500000000000000000e+01 6.600000000000000000e+01 4.792800000000000000e+04 4.622000000000000000e+04 4.748400000000000000e+04 4.509800000000000000e+04 4.133949172799475491e+01 3.500000000000000000e+01
4.400000000000000000e+01 1.000000000000000000e+00 8.000000000000000000e+01 4.803400000000000000e+04 4.692500000000000000e+04 4.726700000000000000e+04 4.382300000000000000e+04 4.134905006398912519e+01 3.500000000000000000e+01
-4.000000000000000000e+00 -7.600000000000000000e+01 6.500000000000000000e+01 4.589700000000000000e+04 4.590100000000000000e+04 4.910000000000000000e+04 4.437700000000000000e+04 4.135903269200935028e+01 3.500000000000000000e+01
-1.300000000000000000e+01 -8.900000000000000000e+01 7.800000000000000000e+01 4.828500000000000000e+04 4.791600000000000000e+04 4.726000000000000000e+04 4.243900000000000000e+04 4.136952209498849697e+01 2.700000000000000000e+01
-6.300000000000000000e+01 -1.120000000000000000e+02 6.200000000000000000e+01 4.483400000000000000e+04 4.403800000000000000e+04 5.005800000000000000e+04 4.591400000000000000e+04 4.137921363598434255e+01 2.700000000000000000e+01
-7.200000000000000000e+01 -1.320000000000000000e+02 6.400000000000000000e+01 4.507500000000000000e+04 4.648600000000000000e+04 4.941800000000000000e+04 4.319600000000000000e+04 4.138917774098808877e+01 2.700000000000000000e+01
-8.200000000000000000e+01 -1.200000000000000000e+02 5.800000000000000000e+01 4.462000000000000000e+04 4.527600000000000000e+04 4.966500000000000000e+04 4.409500000000000000e+04 4.139899623699602671e+01 2.700000000000000000e+01
-8.100000000000000000e+01 -8.700000000000000000e+01 6.200000000000000000e+01 4.518000000000000000e+04 4.485300000000000000e+04 4.868600000000000000e+04 4.401400000000000000e+04 4.140888057099073194e+01 2.700000000000000000e+01
-7.800000000000000000e+01 -4.000000000000000000e+01 5.300000000000000000e+01 4.553200000000000000e+04 4.499800000000000000e+04 4.828100000000000000e+04 4.371600000000000000e+04 4.141905548100476153e+01 2.500000000000000000e+01
-7.100000000000000000e+01 -1.500000000000000000e+01 5.600000000000000000e+01 4.483500000000000000e+04 4.436500000000000000e+04 4.838100000000000000e+04 4.412000000000000000e+04 4.142930698700365610e+01 2.500000000000000000e+01
-1.000000000000000000e+01 4.200000000000000000e+01 4.200000000000000000e+01 4.559400000000000000e+04 4.388500000000000000e+04 4.724900000000000000e+04 4.424500000000000000e+04 4.143899285199586302e+01 2.500000000000000000e+01
5.500000000000000000e+01 1.220000000000000000e+02 5.900000000000000000e+01 4.567000000000000000e+04 4.521600000000000000e+04 4.665600000000000000e+04 4.247800000000000000e+04 4.144954165199305862e+01 2.500000000000000000e+01
1.260000000000000000e+02 1.220000000000000000e+02 3.700000000000000000e+01 4.653600000000000000e+04 4.504600000000000000e+04 4.505500000000000000e+04 4.155300000000000000e+04 4.145882253799936734e+01 3.000000000000000000e+01
2.300000000000000000e+02 2.020000000000000000e+02 4.800000000000000000e+01 4.655400000000000000e+04 4.336900000000000000e+04 4.433800000000000000e+04 4.259500000000000000e+04 4.146872491098474711e+01 3.000000000000000000e+01
2.990000000000000000e+02 2.410000000000000000e+02 4.900000000000000000e+01 4.790900000000000000e+04 4.457700000000000000e+04 4.233600000000000000e+04 4.053100000000000000e+04 4.147957411498646252e+01 3.000000000000000000e+01
2.610000000000000000e+02 2.290000000000000000e+02 4.400000000000000000e+01 4.704100000000000000e+04 4.358900000000000000e+04 4.304300000000000000e+04 4.139500000000000000e+04 4.149002792401006445e+01 3.000000000000000000e+01
1.530000000000000000e+02 1.600000000000000000e+02 3.200000000000000000e+01 4.486800000000000000e+04 4.369000000000000000e+04 4.437300000000000000e+04 4.216400000000000000e+04 4.149875817500287667e+01 3.500000000000000000e+01
1.100000000000000000e+01 1.130000000000000000e+02 4.400000000000000000e+01 4.517700000000000000e+04 4.342700000000000000e+04 4.359000000000000000e+04 4.049400000000000000e+04 4.150949661000049673e+01 3.500000000000000000e+01
-1.380000000000000000e+02 4.800000000000000000e+01 3.800000000000000000e+01 4.300800000000000000e+04 4.048500000000000000e+04 4.538000000000000000e+04 4.296600000000000000e+04 4.151916632300708443e+01 3.500000000000000000e+01
-2.460000000000000000e+02 2.900000000000000000e+01 3.700000000000000000e+01 4.266900000000000000e+04 4.042700000000000000e+04 4.551100000000000000e+04 4.281700000000000000e+04 4.152879570701043122e+01 3.500000000000000000e+01
-2.970000000000000000e+02 2.000000000000000000e+00 2.600000000000000000e+01 4.287800000000000000e+04 3.906000000000000000e+04 4.514200000000000000e+04 4.382900000000000000e+04 4.153912755899364129e+01 3.500000000000000000e+01
-2.660000000000000000e+02 -2.000000000000000000e+00 2.300000000000000000e+01 4.112700000000000000e+04 4.266000000000000000e+04 4.554900000000000000e+04 3.918000000000000000e+04 4.154940919799264520e+01 4.500000000000000000e+01
-2.100000000000000000e+02 1.900000000000000000e+01 1.300000000000000000e+01 4.246500000000000000e+04 3.962800000000000000e+04 4.434600000000000000e+04 4.180400000000000000e+04 4.155895455199060962e+01 4.500000000000000000e+01
-1.010000000000000000e+02 1.620000000000000000e+02 5.100000000000000000e+01 4.336900000000000000e+04 3.877300000000000000e+04 4.327400000000000000e+04 4.240400000000000000e+04 4.156922716498957016e+01 4.500000000000000000e+01
-5.000000000000000000e+00 2.370000000000000000e+02 5.000000000000000000e+01 4.386400000000000000e+04 3.726300000000000000e+04 4.264000000000000000e+04 4.328100000000000000e+04 4.157897220499580726e+01 4.500000000000000000e+01
1.290000000000000000e+02 2.270000000000000000e+02 4.200000000000000000e+01 4.448200000000000000e+04 4.030900000000000000e+04 4.140500000000000000e+04 3.994600000000000000e+04 4.158987619500840083e+01 5.100000000000000000e+01
2.260000000000000000e+02 1.630000000000000000e+02 3.800000000000000000e+01 4.577500000000000000e+04 4.031100000000000000e+04 3.983800000000000000e+04 3.961300000000000000e+04 4.159924537199549377e+01 5.100000000000000000e+01
2.870000000000000000e+02 1.110000000000000000e+02 5.500000000000000000e+01 4.533400000000000000e+04 4.056500000000000000e+04 4.030300000000000000e+04 3.915300000000000000e+04 4.160901494600693695e+01 5.100000000000000000e+01
2.640000000000000000e+02 3.300000000000000000e+01 4.600000000000000000e+01 4.636000000000000000e+04 4.227800000000000000e+04 3.898700000000000000e+04 3.707200000000000000e+04 4.161930585399386473e+01 5.100000000000000000e+01
1.950000000000000000e+02 -7.100000000000000000e+01 4.500000000000000000e+01 4.271600000000000000e+04 4.293600000000000000e+04 4.301200000000000000e+04 3.646700000000000000e+04 4.162951128900749609e+01 5.100000000000000000e+01
8.900000000000000000e+01 -1.960000000000000000e+02 1.900000000000000000e+01 4.195900000000000000e+04 4.109400000000000000e+04 4.270200000000000000e+04 3.704200000000000000e+04 4.163902682100888342e+01 6.600000000000000000e+01
-1.600000000000000000e+01 -2.250000000000000000e+02 3.800000000000000000e+01 3.834200000000000000e+04 4.356200000000000000e+04 4.551500000000000000e+04 3.463500000000000000e+04 4.164910226498614065e+01 6.600000000000000000e+01
-1.250000000000000000e+02 -2.880000000000000000e+02 1.600000000000000000e+01 3.985600000000000000e+04 4.361500000000000000e+04 4.416600000000000000e+04 3.475400000000000000e+04 4.165904919899185188e+01 6.600000000000000000e+01
-2.310000000000000000e+02 -3.680000000000000000e+02 1.000000000000000000e+00 3.681000000000000000e+04 3.946500000000000000e+04 4.653200000000000000e+04 3.967400000000000000e+04 4.166896997499861754e+01 6.600000000000000000e+01
-3.240000000000000000e+02 -4.050000000000000000e+02 -3.100000000000000000e+01 3.450300000000000000e+04 4.290000000000000000e+04 4.717900000000000000e+04 3.644900000000000000e+04 4.167943880098755471e+01 6.800000000000000000e+01
-3.770000000000000000e+02 -3.790000000000000000e+02 -2.600000000000000000e+01 3.203700000000000000e+04 4.141600000000000000e+04 4.824700000000000000e+04 3.899500000000000000e+04 4.168957850700826384e+01 6.800000000000000000e+01
