5.000000000000000000e+01 -1.740000000000000000e+02 -1.200000000000000000e+01 4.516600000000000000e+04 4.849600000000000000e+04 4.704600000000000000e+04 4.691600000000000000e+04 6.736623537199920975e+01 8.010000000000000000e+02
7.500000000000000000e+01 -1.640000000000000000e+02 -8.000000000000000000e+00 4.571300000000000000e+04 4.864900000000000000e+04 4.666900000000000000e+04 4.667600000000000000e+04 6.737584840599447489e+01 8.010000000000000000e+02
9.600000000000000000e+01 -1.330000000000000000e+02 -9.000000000000000000e+00 4.605600000000000000e+04 4.800600000000000000e+04 4.639000000000000000e+04 4.727600000000000000e+04 6.738597269199090078e+01 8.010000000000000000e+02
8.300000000000000000e+01 -1.730000000000000000e+02 -4.000000000000000000e+00 4.471400000000000000e+04 4.861800000000000000e+04 4.735700000000000000e+04 4.677000000000000000e+04 6.739652015999308787e+01 8.010000000000000000e+02
9.800000000000000000e+01 -1.500000000000000000e+02 -1.100000000000000000e+01 4.577300000000000000e+04 4.828200000000000000e+04 4.617500000000000000e+04 4.700400000000000000e+04 6.740556037300848402e+01 8.010000000000000000e+02
1.100000000000000000e+02 -1.450000000000000000e+02 -1.300000000000000000e+01 4.613100000000000000e+04 4.831100000000000000e+04 4.586700000000000000e+04 4.687800000000000000e+04 6.741667971599963494e+01 8.040000000000000000e+02
8.700000000000000000e+01 -1.690000000000000000e+02 -8.000000000000000000e+00 4.552700000000000000e+04 4.836400000000000000e+04 4.626000000000000000e+04 4.648300000000000000e+04 6.742600631300592795e+01 8.040000000000000000e+02
8.400000000000000000e+01 -1.260000000000000000e+02 -8.000000000000000000e+00 4.551600000000000000e+04 4.837500000000000000e+04 4.631100000000000000e+04 4.647400000000000000e+04 6.743614453199552372e+01 8.040000000000000000e+02
1.040000000000000000e+02 -1.080000000000000000e+02 -1.900000000000000000e+01 4.553700000000000000e+04 4.857700000000000000e+04 4.617200000000000000e+04 4.623000000000000000e+04 6.744650439699762501e+01 8.040000000000000000e+02
6.000000000000000000e+01 -1.110000000000000000e+02 7.000000000000000000e+00 4.445100000000000000e+04 4.809900000000000000e+04 4.717800000000000000e+04 4.673400000000000000e+04 6.745679162500891834e+01 8.040000000000000000e+02
7.700000000000000000e+01 -1.060000000000000000e+02 -1.100000000000000000e+01 4.524300000000000000e+04 4.893600000000000000e+04 4.634400000000000000e+04 4.598000000000000000e+04 6.746613781500491314e+01 8.040000000000000000e+02
3.000000000000000000e+01 -1.140000000000000000e+02 2.000000000000000000e+00 4.482500000000000000e+04 4.825700000000000000e+04 4.693700000000000000e+04 4.638400000000000000e+04 6.747626663799746893e+01 8.040000000000000000e+02
1.500000000000000000e+01 -5.200000000000000000e+01 3.000000000000000000e+00 4.542000000000000000e+04 4.777200000000000000e+04 4.637300000000000000e+04 4.687500000000000000e+04 6.748590719900676049e+01 8.040000000000000000e+02
1.700000000000000000e+01 -2.900000000000000000e+01 1.100000000000000000e+01 4.535000000000000000e+04 4.757600000000000000e+04 4.639500000000000000e+04 4.708500000000000000e+04 6.749563577500521205e+01 8.040000000000000000e+02
2.900000000000000000e+01 0.000000000000000000e+00 9.000000000000000000e+00 4.586200000000000000e+04 4.736100000000000000e+04 4.594700000000000000e+04 4.714400000000000000e+04 6.750573230799636804e+01 8.020000000000000000e+02
2.400000000000000000e+01 -4.200000000000000000e+01 1.400000000000000000e+01 4.560400000000000000e+04 4.785800000000000000e+04 4.638800000000000000e+04 4.692700000000000000e+04 6.751582754700211808e+01 8.020000000000000000e+02
4.600000000000000000e+01 -2.900000000000000000e+01 1.100000000000000000e+01 4.575200000000000000e+04 4.772100000000000000e+04 4.634900000000000000e+04 4.703000000000000000e+04 6.752562874599243514e+01 8.020000000000000000e+02
4.000000000000000000e+01 -6.000000000000000000e+01 2.600000000000000000e+01 4.510700000000000000e+04 4.821000000000000000e+04 4.696300000000000000e+04 4.652800000000000000e+04 6.753607592399930581e+01 8.020000000000000000e+02
4.700000000000000000e+01 -6.800000000000000000e+01 3.000000000000000000e+01 4.527400000000000000e+04 4.864900000000000000e+04 4.684300000000000000e+04 4.600100000000000000e+04 6.754658047499833629e+01 8.040000000000000000e+02
4.800000000000000000e+01 -9.500000000000000000e+01 3.900000000000000000e+01 4.534400000000000000e+04 4.889500000000000000e+04 4.691300000000000000e+04 4.570100000000000000e+04 6.755545066500781104e+01 8.040000000000000000e+02
5.200000000000000000e+01 -7.300000000000000000e+01 4.900000000000000000e+01 4.617800000000000000e+04 4.840500000000000000e+04 4.620900000000000000e+04 4.627600000000000000e+04 6.756621484499191865e+01 8.040000000000000000e+02
5.000000000000000000e+01 -5.900000000000000000e+01 3.500000000000000000e+01 4.582200000000000000e+04 4.820500000000000000e+04 4.659400000000000000e+04 4.640700000000000000e+04 6.757615992400678806e+01 8.040000000000000000e+02
1.800000000000000000e+01 -5.400000000000000000e+01 3.400000000000000000e+01 4.596900000000000000e+04 4.798000000000000000e+04 4.655300000000000000e+04 4.659700000000000000e+04 6.758601238700794056e+01 8.040000000000000000e+02
-4.000000000000000000e+00 -9.400000000000000000e+01 2.900000000000000000e+01 4.465400000000000000e+04 4.857200000000000000e+04 4.785000000000000000e+04 4.611100000000000000e+04 6.759632943000178784e+01 8.040000000000000000e+02
-1.000000000000000000e+00 -8.600000000000000000e+01 2.400000000000000000e+01 4.530000000000000000e+04 4.876200000000000000e+04 4.729700000000000000e+04 4.601000000000000000e+04 6.760831184999551624e+01 8.040000000000000000e+02
-6.000000000000000000e+00 -6.700000000000000000e+01 2.900000000000000000e+01 4.563700000000000000e+04 4.842300000000000000e+04 4.704200000000000000e+04 4.633700000000000000e+04 6.761631400900660083e+01 8.040000000000000000e+02
-1.300000000000000000e+01 -4.300000000000000000e+01 3.000000000000000000e+01 4.574600000000000000e+04 4.826600000000000000e+04 4.687100000000000000e+04 4.659800000000000000e+04 6.762476921099005267e+01 8.040000000000000000e+02
-1.400000000000000000e+01 -1.400000000000000000e+01 2.500000000000000000e+01 4.586700000000000000e+04 4.808400000000000000e+04 4.690700000000000000e+04 4.679800000000000000e+04 6.763544622898916714e+01 8.010000000000000000e+02
-1.300000000000000000e+01 -3.700000000000000000e+01 3.700000000000000000e+01 4.609900000000000000e+04 4.895900000000000000e+04 4.706500000000000000e+04 4.621700000000000000e+04 6.764538529899436980e+01 8.010000000000000000e+02
-3.200000000000000000e+01 -8.000000000000000000e+00 4.300000000000000000e+01 4.615900000000000000e+04 4.815300000000000000e+04 4.721300000000000000e+04 4.706600000000000000e+04 6.765512134699383751e+01 8.010000000000000000e+02
-2.400000000000000000e+01 1.200000000000000000e+01 4.000000000000000000e+01 4.634900000000000000e+04 4.840000000000000000e+04 4.689900000000000000e+04 4.681700000000000000e+04 6.766564665199257433e+01 8.010000000000000000e+02
-2.700000000000000000e+01 2.600000000000000000e+01 2.300000000000000000e+01 4.628700000000000000e+04 4.871500000000000000e+04 4.700400000000000000e+04 4.647800000000000000e+04 6.767549274800694548e+01 8.000000000000000000e+02
-3.700000000000000000e+01 1.000000000000000000e+00 3.500000000000000000e+01 4.612900000000000000e+04 4.868900000000000000e+04 4.754600000000000000e+04 4.683300000000000000e+04 6.768531409100978635e+01 8.000000000000000000e+02
-5.100000000000000000e+01 0.000000000000000000e+00 3.800000000000000000e+01 4.623500000000000000e+04 4.827100000000000000e+04 4.749800000000000000e+04 4.729200000000000000e+04 6.769608891001553275e+01 8.000000000000000000e+02
-3.200000000000000000e+01 9.000000000000000000e+00 3.600000000000000000e+01 4.645800000000000000e+04 4.823000000000000000e+04 4.734400000000000000e+04 4.737700000000000000e+04 6.770567243499681354e+01 8.000000000000000000e+02
-1.000000000000000000e+00 2.600000000000000000e+01 3.600000000000000000e+01 4.701200000000000000e+04 4.835500000000000000e+04 4.694300000000000000e+04 4.725600000000000000e+04 6.771560316099203192e+01 8.000000000000000000e+02
-1.800000000000000000e+01 2.100000000000000000e+01 3.600000000000000000e+01 4.647300000000000000e+04 4.827100000000000000e+04 4.759300000000000000e+04 4.754500000000000000e+04 6.772555756900692359e+01 8.000000000000000000e+02
-1.100000000000000000e+01 1.400000000000000000e+01 3.500000000000000000e+01 4.665800000000000000e+04 4.870300000000000000e+04 4.740300000000000000e+04 4.711200000000000000e+04 6.773510594799881801e+01 8.000000000000000000e+02
-2.000000000000000000e+00 -3.000000000000000000e+00 3.600000000000000000e+01 4.669300000000000000e+04 4.867200000000000000e+04 4.760800000000000000e+04 4.721200000000000000e+04 6.774571484199259430e+01 8.000000000000000000e+02
-1.500000000000000000e+01 -1.900000000000000000e+01 2.800000000000000000e+01 4.662800000000000000e+04 4.895200000000000000e+04 4.765800000000000000e+04 4.691900000000000000e+04 6.775538604499888606e+01 8.000000000000000000e+02
-6.000000000000000000e+00 8.000000000000000000e+00 3.100000000000000000e+01 4.666700000000000000e+04 4.894600000000000000e+04 4.759600000000000000e+04 4.695900000000000000e+04 6.776607628099736758e+01 7.990000000000000000e+02
-1.300000000000000000e+01 3.000000000000000000e+00 3.100000000000000000e+01 4.691700000000000000e+04 4.857700000000000000e+04 4.750300000000000000e+04 4.731100000000000000e+04 6.777558700699592009e+01 7.990000000000000000e+02
-2.900000000000000000e+01 1.400000000000000000e+01 3.400000000000000000e+01 4.662400000000000000e+04 4.855600000000000000e+04 4.773700000000000000e+04 4.739500000000000000e+04 6.778561465200618841e+01 7.990000000000000000e+02
-2.600000000000000000e+01 9.000000000000000000e+00 3.500000000000000000e+01 4.676300000000000000e+04 4.857800000000000000e+04 4.761800000000000000e+04 4.726800000000000000e+04 6.779554542899131775e+01 7.990000000000000000e+02
-1.700000000000000000e+01 -1.200000000000000000e+01 3.100000000000000000e+01 4.673500000000000000e+04 4.893400000000000000e+04 4.763300000000000000e+04 4.691100000000000000e+04 6.780635284000891261e+01 8.010000000000000000e+02
-2.100000000000000000e+01 -4.000000000000000000e+00 3.200000000000000000e+01 4.696700000000000000e+04 4.843600000000000000e+04 4.722000000000000000e+04 4.708800000000000000e+04 6.781664053301210515e+01 8.010000000000000000e+02
-2.700000000000000000e+01 -3.100000000000000000e+01 4.400000000000000000e+01 4.650800000000000000e+04 4.845300000000000000e+04 4.766800000000000000e+04 4.688800000000000000e+04 6.782652885100105777e+01 8.010000000000000000e+02
-3.000000000000000000e+01 -4.700000000000000000e+01 4.600000000000000000e+01 4.614900000000000000e+04 4.838900000000000000e+04 4.786900000000000000e+04 4.663100000000000000e+04 6.783645379100926220e+01 8.010000000000000000e+02
-1.400000000000000000e+01 -1.900000000000000000e+01 5.800000000000000000e+01 4.657400000000000000e+04 4.852100000000000000e+04 4.754500000000000000e+04 4.630300000000000000e+04 6.784635791400796734e+01 8.010000000000000000e+02
-5.000000000000000000e+00 -3.500000000000000000e+01 6.000000000000000000e+01 4.623100000000000000e+04 4.837000000000000000e+04 4.774800000000000000e+04 4.622400000000000000e+04 6.785539128599339165e+01 8.010000000000000000e+02
1.000000000000000000e+00 -3.400000000000000000e+01 7.000000000000000000e+01 4.684000000000000000e+04 4.764500000000000000e+04 4.719700000000000000e+04 4.693300000000000000e+04 6.786575974800507538e+01 8.010000000000000000e+02
1.200000000000000000e+01 9.000000000000000000e+00 6.300000000000000000e+01 4.718900000000000000e+04 4.790400000000000000e+04 4.680500000000000000e+04 4.666600000000000000e+04 6.787590446299873292e+01 8.010000000000000000e+02
-7.000000000000000000e+00 2.100000000000000000e+01 5.800000000000000000e+01 4.619600000000000000e+04 4.841400000000000000e+04 4.773900000000000000e+04 4.607300000000000000e+04 6.788625914198928513e+01 8.010000000000000000e+02
-1.600000000000000000e+01 5.200000000000000000e+01 6.100000000000000000e+01 4.707100000000000000e+04 4.779700000000000000e+04 4.723800000000000000e+04 4.689800000000000000e+04 6.789649256400298327e+01 7.970000000000000000e+02
-3.100000000000000000e+01 -1.800000000000000000e+01 6.200000000000000000e+01 4.619400000000000000e+04 4.825400000000000000e+04 4.802900000000000000e+04 4.628400000000000000e+04 6.790543585200794041e+01 7.970000000000000000e+02
-5.800000000000000000e+01 -2.800000000000000000e+01 5.100000000000000000e+01 4.579000000000000000e+04 4.824500000000000000e+04 4.830700000000000000e+04 4.623100000000000000e+04 6.791561031001037918e+01 7.970000000000000000e+02
-5.600000000000000000e+01 -1.600000000000000000e+01 5.100000000000000000e+01 4.632000000000000000e+04 4.785000000000000000e+04 4.777700000000000000e+04 4.662800000000000000e+04 6.792502569899079390e+01 7.970000000000000000e+02
-4.600000000000000000e+01 2.500000000000000000e+01 5.400000000000000000e+01 4.642000000000000000e+04 4.760400000000000000e+04 4.770600000000000000e+04 4.686700000000000000e+04 6.793648886401206255e+01 7.990000000000000000e+02
-5.400000000000000000e+01 4.900000000000000000e+01 5.300000000000000000e+01 4.681000000000000000e+04 4.768200000000000000e+04 4.737200000000000000e+04 4.677200000000000000e+04 6.794517460701172240e+01 7.990000000000000000e+02
-4.300000000000000000e+01 5.000000000000000000e+01 4.500000000000000000e+01 4.674800000000000000e+04 4.757200000000000000e+04 4.740700000000000000e+04 4.690800000000000000e+04 6.795516343001509085e+01 7.990000000000000000e+02
-3.800000000000000000e+01 2.000000000000000000e+01 4.600000000000000000e+01 4.678300000000000000e+04 4.751600000000000000e+04 4.730900000000000000e+04 4.691300000000000000e+04 6.796557717499672435e+01 7.990000000000000000e+02
-4.100000000000000000e+01 -1.000000000000000000e+00 3.200000000000000000e+01 4.641200000000000000e+04 4.801400000000000000e+04 4.755800000000000000e+04 4.647300000000000000e+04 6.797625649999827147e+01 8.000000000000000000e+02
-3.100000000000000000e+01 -1.500000000000000000e+01 3.600000000000000000e+01 4.663800000000000000e+04 4.798300000000000000e+04 4.726800000000000000e+04 4.616200000000000000e+04 6.798575204200460576e+01 8.000000000000000000e+02
-3.000000000000000000e+00 -6.100000000000000000e+01 4.400000000000000000e+01 4.644100000000000000e+04 4.833800000000000000e+04 4.759000000000000000e+04 4.565000000000000000e+04 6.799532377001014538e+01 8.000000000000000000e+02
-9.000000000000000000e+00 -5.900000000000000000e+01 3.800000000000000000e+01 4.611800000000000000e+04 4.836200000000000000e+04 4.773400000000000000e+04 4.572900000000000000e+04 6.800481253999168985e+01 8.000000000000000000e+02
-8.000000000000000000e+00 -5.600000000000000000e+01 4.200000000000000000e+01 4.578000000000000000e+04 4.852800000000000000e+04 4.800000000000000000e+04 4.539700000000000000e+04 6.801534934499068186e+01 8.000000000000000000e+02
-5.900000000000000000e+01 -2.000000000000000000e+01 2.800000000000000000e+01 4.616200000000000000e+04 4.792700000000000000e+04 4.771900000000000000e+04 4.642100000000000000e+04 6.802580498400493525e+01 7.970000000000000000e+02
-5.100000000000000000e+01 -3.900000000000000000e+01 3.400000000000000000e+01 4.644000000000000000e+04 4.805300000000000000e+04 4.758000000000000000e+04 4.610800000000000000e+04 6.803545998100889847e+01 7.970000000000000000e+02
-7.400000000000000000e+01 2.500000000000000000e+01 2.100000000000000000e+01 4.585400000000000000e+04 4.756400000000000000e+04 4.807900000000000000e+04 4.674300000000000000e+04 6.804506478400435299e+01 7.970000000000000000e+02
-7.900000000000000000e+01 2.600000000000000000e+01 2.100000000000000000e+01 4.642200000000000000e+04 4.742600000000000000e+04 4.760900000000000000e+04 4.693800000000000000e+04 6.805501300000469200e+01 7.970000000000000000e+02
-6.400000000000000000e+01 5.400000000000000000e+01 2.600000000000000000e+01 4.624500000000000000e+04 4.739900000000000000e+04 4.769600000000000000e+04 4.715300000000000000e+04 6.806568517800769769e+01 8.030000000000000000e+02
-4.700000000000000000e+01 3.300000000000000000e+01 2.200000000000000000e+01 4.636000000000000000e+04 4.735200000000000000e+04 4.727100000000000000e+04 4.666100000000000000e+04 6.807529148799949326e+01 8.030000000000000000e+02
-1.300000000000000000e+01 7.700000000000000000e+01 2.300000000000000000e+01 4.703800000000000000e+04 4.723400000000000000e+04 4.653900000000000000e+04 4.665400000000000000e+04 6.808482382001238875e+01 8.030000000000000000e+02
-1.900000000000000000e+01 5.200000000000000000e+01 1.400000000000000000e+01 4.599700000000000000e+04 4.731500000000000000e+04 4.749400000000000000e+04 4.647000000000000000e+04 6.809536319301696494e+01 8.030000000000000000e+02
2.000000000000000000e+00 7.800000000000000000e+01 1.900000000000000000e+01 4.671900000000000000e+04 4.741400000000000000e+04 4.680400000000000000e+04 4.635000000000000000e+04 6.810537961299996823e+01 8.030000000000000000e+02
1.200000000000000000e+01 5.200000000000000000e+01 1.800000000000000000e+01 4.574300000000000000e+04 4.753600000000000000e+04 4.740100000000000000e+04 4.594400000000000000e+04 6.811615822199382819e+01 8.030000000000000000e+02
1.500000000000000000e+01 4.300000000000000000e+01 1.000000000000000000e+01 4.606000000000000000e+04 4.743300000000000000e+04 4.702200000000000000e+04 4.612400000000000000e+04 6.812510782899335027e+01 8.030000000000000000e+02
1.700000000000000000e+01 5.900000000000000000e+01 4.000000000000000000e+00 4.585000000000000000e+04 4.776300000000000000e+04 4.724300000000000000e+04 4.573700000000000000e+04 6.813574518100358546e+01 8.030000000000000000e+02
2.200000000000000000e+01 6.300000000000000000e+01 0.000000000000000000e+00 4.572800000000000000e+04 4.758400000000000000e+04 4.733600000000000000e+04 4.594400000000000000e+04 6.814550564499222673e+01 8.040000000000000000e+02
1.400000000000000000e+01 6.100000000000000000e+01 -1.000000000000000000e+00 4.648100000000000000e+04 4.705400000000000000e+04 4.639000000000000000e+04 4.633500000000000000e+04 6.815530064201448113e+01 8.040000000000000000e+02
1.100000000000000000e+01 4.500000000000000000e+01 2.000000000000000000e+00 4.642300000000000000e+04 4.738600000000000000e+04 4.650600000000000000e+04 4.592000000000000000e+04 6.816522857898962684e+01 8.040000000000000000e+02
-2.000000000000000000e+00 2.500000000000000000e+01 1.000000000000000000e+01 4.626500000000000000e+04 4.737800000000000000e+04 4.674800000000000000e+04 4.591400000000000000e+04 6.817692844901466742e+01 8.040000000000000000e+02
4.000000000000000000e+00 2.000000000000000000e+01 6.000000000000000000e+00 4.648500000000000000e+04 4.682500000000000000e+04 4.633700000000000000e+04 4.662600000000000000e+04 6.818507637100992724e+01 8.040000000000000000e+02
-2.500000000000000000e+01 -9.000000000000000000e+00 2.000000000000000000e+00 4.615800000000000000e+04 4.691700000000000000e+04 4.690700000000000000e+04 4.665900000000000000e+04 6.819522292198962532e+01 8.020000000000000000e+02
-2.300000000000000000e+01 -5.800000000000000000e+01 7.000000000000000000e+00 4.568400000000000000e+04 4.735900000000000000e+04 4.752700000000000000e+04 4.622000000000000000e+04 6.820602306301589124e+01 8.020000000000000000e+02
-2.600000000000000000e+01 -5.900000000000000000e+01 6.000000000000000000e+00 4.603600000000000000e+04 4.729200000000000000e+04 4.728800000000000000e+04 4.627300000000000000e+04 6.821458469500066712e+01 8.020000000000000000e+02
-3.000000000000000000e+00 -4.000000000000000000e+01 7.000000000000000000e+00 4.623100000000000000e+04 4.757100000000000000e+04 4.707600000000000000e+04 4.603900000000000000e+04 6.822476754899253137e+01 8.020000000000000000e+02
-1.000000000000000000e+01 -2.900000000000000000e+01 2.600000000000000000e+01 4.570400000000000000e+04 4.737400000000000000e+04 4.771700000000000000e+04 4.633200000000000000e+04 6.823489352100295946e+01 8.010000000000000000e+02
-7.000000000000000000e+00 -3.400000000000000000e+01 2.000000000000000000e+01 4.658400000000000000e+04 4.791000000000000000e+04 4.733400000000000000e+04 4.610000000000000000e+04 6.824540906999027357e+01 8.010000000000000000e+02
-1.100000000000000000e+01 -6.000000000000000000e+00 3.400000000000000000e+01 4.627800000000000000e+04 4.766300000000000000e+04 4.786300000000000000e+04 4.643300000000000000e+04 6.825541739200707525e+01 8.010000000000000000e+02
-4.000000000000000000e+01 -9.000000000000000000e+00 3.600000000000000000e+01 4.698900000000000000e+04 4.738800000000000000e+04 4.730700000000000000e+04 4.658400000000000000e+04 6.826585038698976859e+01 8.010000000000000000e+02
-4.600000000000000000e+01 5.000000000000000000e+00 3.600000000000000000e+01 4.689900000000000000e+04 4.684700000000000000e+04 4.751100000000000000e+04 4.713000000000000000e+04 6.827616146299988031e+01 8.030000000000000000e+02
-5.500000000000000000e+01 1.400000000000000000e+01 5.300000000000000000e+01 4.714600000000000000e+04 4.695600000000000000e+04 4.730000000000000000e+04 4.703000000000000000e+04 6.828523943101754412e+01 8.030000000000000000e+02
-3.300000000000000000e+01 -1.000000000000000000e+01 3.600000000000000000e+01 4.625500000000000000e+04 4.743800000000000000e+04 4.825400000000000000e+04 4.643900000000000000e+04 6.829511987799196504e+01 8.030000000000000000e+02
-3.500000000000000000e+01 -1.700000000000000000e+01 4.600000000000000000e+01 4.643600000000000000e+04 4.729100000000000000e+04 4.808700000000000000e+04 4.651000000000000000e+04 6.830503484999644570e+01 8.030000000000000000e+02
-1.400000000000000000e+01 -3.800000000000000000e+01 4.500000000000000000e+01 4.643900000000000000e+04 4.794900000000000000e+04 4.804900000000000000e+04 4.581000000000000000e+04 6.831581675101188011e+01 8.030000000000000000e+02
6.000000000000000000e+00 -9.000000000000000000e+00 4.300000000000000000e+01 4.703000000000000000e+04 4.740400000000000000e+04 4.756700000000000000e+04 4.632600000000000000e+04 6.832515591199626215e+01 8.030000000000000000e+02
4.700000000000000000e+01 1.300000000000000000e+01 5.200000000000000000e+01 4.746800000000000000e+04 4.766000000000000000e+04 4.722200000000000000e+04 4.604100000000000000e+04 6.833563310801400803e+01 8.030000000000000000e+02
3.400000000000000000e+01 1.100000000000000000e+01 4.600000000000000000e+01 4.702600000000000000e+04 4.759700000000000000e+04 4.757500000000000000e+04 4.614600000000000000e+04 6.834513556800084189e+01 8.030000000000000000e+02
4.400000000000000000e+01 0.000000000000000000e+00 4.000000000000000000e+01 4.705800000000000000e+04 4.741300000000000000e+04 4.755300000000000000e+04 4.618400000000000000e+04 6.835450594601570629e+01 8.030000000000000000e+02
6.100000000000000000e+01 3.300000000000000000e+01 4.100000000000000000e+01 4.718900000000000000e+04 4.795300000000000000e+04 4.730700000000000000e+04 4.559600000000000000e+04 6.836450845099170692e+01 8.030000000000000000e+02
5.600000000000000000e+01 7.000000000000000000e+01 4.000000000000000000e+01 4.726300000000000000e+04 4.786700000000000000e+04 4.721000000000000000e+04 4.562700000000000000e+04 6.837551344299572520e+01 8.030000000000000000e+02
3.000000000000000000e+01 1.030000000000000000e+02 3.900000000000000000e+01 4.724000000000000000e+04 4.667400000000000000e+04 4.732500000000000000e+04 4.682200000000000000e+04 6.838594340300187469e+01 8.030000000000000000e+02
7.000000000000000000e+00 1.160000000000000000e+02 4.600000000000000000e+01 4.822500000000000000e+04 4.668100000000000000e+04 4.624100000000000000e+04 4.683200000000000000e+04 6.839609177000238560e+01 8.030000000000000000e+02
-1.500000000000000000e+01 1.260000000000000000e+02 4.800000000000000000e+01 4.799300000000000000e+04 4.612200000000000000e+04 4.637900000000000000e+04 4.714100000000000000e+04 6.840612392401089892e+01 3.430000000000000000e+02
0.000000000000000000e+00 1.440000000000000000e+02 3.800000000000000000e+01 4.813100000000000000e+04 4.662100000000000000e+04 4.630300000000000000e+04 4.682300000000000000e+04 6.841560466599185020e+01 3.430000000000000000e+02
-6.000000000000000000e+01 1.000000000000000000e+02 4.800000000000000000e+01 4.627200000000000000e+04 4.593500000000000000e+04 4.827700000000000000e+04 4.709400000000000000e+04 6.842729096399853006e+01 3.430000000000000000e+02
-2.500000000000000000e+01 9.300000000000000000e+01 2.800000000000000000e+01 4.752300000000000000e+04 4.654100000000000000e+04 4.690400000000000000e+04 4.669000000000000000e+04 6.843604525199043564e+01 3.430000000000000000e+02
1.000000000000000000e+00 2.100000000000000000e+01 4.900000000000000000e+01 4.688000000000000000e+04 4.740000000000000000e+04 4.760200000000000000e+04 4.571300000000000000e+04 6.844529252799111418e+01 3.430000000000000000e+02
-2.100000000000000000e+01 -3.200000000000000000e+01 3.800000000000000000e+01 4.675800000000000000e+04 4.754300000000000000e+04 4.831500000000000000e+04 4.614300000000000000e+04 6.845547593999071978e+01 4.700000000000000000e+01
2.400000000000000000e+01 -2.500000000000000000e+01 2.100000000000000000e+01 4.724700000000000000e+04 4.776000000000000000e+04 4.766700000000000000e+04 4.611000000000000000e+04 6.846495099700405262e+01 4.700000000000000000e+01
5.000000000000000000e+00 -2.400000000000000000e+01 4.100000000000000000e+01 4.690800000000000000e+04 4.772700000000000000e+04 4.841500000000000000e+04 4.608400000000000000e+04 6.847526416901382618e+01 4.700000000000000000e+01
3.800000000000000000e+01 -1.000000000000000000e+00 1.700000000000000000e+01 4.763200000000000000e+04 4.800800000000000000e+04 4.745700000000000000e+04 4.606100000000000000e+04 6.848504546598996967e+01 4.700000000000000000e+01
4.400000000000000000e+01 -1.400000000000000000e+01 2.300000000000000000e+01 4.672000000000000000e+04 4.753900000000000000e+04 4.851500000000000000e+04 4.657200000000000000e+04 6.849577039200812578e+01 5.500000000000000000e+01
3.300000000000000000e+01 1.100000000000000000e+01 2.700000000000000000e+01 4.684900000000000000e+04 4.745100000000000000e+04 4.790000000000000000e+04 4.617200000000000000e+04 6.850569518000702374e+01 5.500000000000000000e+01
1.900000000000000000e+01 6.800000000000000000e+01 6.000000000000000000e+00 4.766400000000000000e+04 4.732600000000000000e+04 4.700100000000000000e+04 4.634600000000000000e+04 6.851565900500281714e+01 5.500000000000000000e+01
1.700000000000000000e+01 9.500000000000000000e+01 -9.000000000000000000e+00 4.731000000000000000e+04 4.661300000000000000e+04 4.701700000000000000e+04 4.694200000000000000e+04 6.852508577800472267e+01 5.500000000000000000e+01
2.600000000000000000e+01 1.010000000000000000e+02 1.000000000000000000e+01 4.720900000000000000e+04 4.688400000000000000e+04 4.713500000000000000e+04 4.648700000000000000e+04 6.853480011801002547e+01 5.500000000000000000e+01
1.300000000000000000e+01 8.600000000000000000e+01 5.000000000000000000e+00 4.663700000000000000e+04 4.641800000000000000e+04 4.692800000000000000e+04 4.611300000000000000e+04 6.854572721201111563e+01 5.900000000000000000e+01
4.400000000000000000e+01 8.600000000000000000e+01 6.000000000000000000e+00 4.709200000000000000e+04 4.597000000000000000e+04 4.619400000000000000e+04 4.635600000000000000e+04 6.855535976999090053e+01 5.900000000000000000e+01
2.100000000000000000e+01 7.100000000000000000e+01 -1.000000000000000000e+00 4.629100000000000000e+04 4.613500000000000000e+04 4.693500000000000000e+04 4.619600000000000000e+04 6.856521838001208380e+01 5.900000000000000000e+01
1.300000000000000000e+01 8.200000000000000000e+01 6.000000000000000000e+00 4.643600000000000000e+04 4.642400000000000000e+04 4.676600000000000000e+04 4.590100000000000000e+04 6.857442130800336599e+01 5.900000000000000000e+01
3.100000000000000000e+01 6.400000000000000000e+01 -2.000000000000000000e+00 4.648000000000000000e+04 4.632500000000000000e+04 4.622300000000000000e+04 4.574700000000000000e+04 6.858493989499402232e+01 5.800000000000000000e+01
3.500000000000000000e+01 1.400000000000000000e+01 7.000000000000000000e+00 4.680300000000000000e+04 4.680400000000000000e+04 4.594400000000000000e+04 4.519100000000000000e+04 6.859463096701074392e+01 5.800000000000000000e+01
3.200000000000000000e+01 3.000000000000000000e+00 1.700000000000000000e+01 4.705700000000000000e+04 4.698400000000000000e+04 4.578700000000000000e+04 4.494300000000000000e+04 6.860466832699603401e+01 5.800000000000000000e+01
1.800000000000000000e+01 -2.600000000000000000e+01 2.600000000000000000e+01 4.774000000000000000e+04 4.701100000000000000e+04 4.518300000000000000e+04 4.482600000000000000e+04 6.861443276400677860e+01 5.800000000000000000e+01
-3.500000000000000000e+01 -1.500000000000000000e+01 3.700000000000000000e+01 4.673900000000000000e+04 4.673600000000000000e+04 4.631100000000000000e+04 4.495000000000000000e+04 6.862506352999480441e+01 5.500000000000000000e+01
-6.600000000000000000e+01 -1.000000000000000000e+00 3.700000000000000000e+01 4.625700000000000000e+04 4.714300000000000000e+04 4.711500000000000000e+04 4.487500000000000000e+04 6.863421191400266252e+01 5.500000000000000000e+01
-1.020000000000000000e+02 1.000000000000000000e+00 2.600000000000000000e+01 4.586900000000000000e+04 4.670000000000000000e+04 4.757300000000000000e+04 4.542600000000000000e+04 6.864427471501403488e+01 5.500000000000000000e+01
-9.900000000000000000e+01 -1.700000000000000000e+01 4.100000000000000000e+01 4.537100000000000000e+04 4.668900000000000000e+04 4.837600000000000000e+04 4.527400000000000000e+04 6.865438669201103039e+01 5.500000000000000000e+01
-1.080000000000000000e+02 -5.000000000000000000e+00 5.400000000000000000e+01 4.716500000000000000e+04 4.662400000000000000e+04 4.681800000000000000e+04 4.561800000000000000e+04 6.866445431200554594e+01 5.500000000000000000e+01
-1.200000000000000000e+02 7.600000000000000000e+01 5.100000000000000000e+01 4.728200000000000000e+04 4.648300000000000000e+04 4.681600000000000000e+04 4.561200000000000000e+04 6.867459005300770514e+01 5.600000000000000000e+01
-1.280000000000000000e+02 6.200000000000000000e+01 5.900000000000000000e+01 4.652300000000000000e+04 4.610500000000000000e+04 4.763800000000000000e+04 4.574900000000000000e+04 6.868457521300297230e+01 5.600000000000000000e+01
-1.430000000000000000e+02 7.800000000000000000e+01 5.300000000000000000e+01 4.671400000000000000e+04 4.601700000000000000e+04 4.764500000000000000e+04 4.587700000000000000e+04 6.869475242699263617e+01 5.600000000000000000e+01
-2.060000000000000000e+02 -9.000000000000000000e+00 6.300000000000000000e+01 4.613700000000000000e+04 4.601000000000000000e+04 4.823800000000000000e+04 4.599500000000000000e+04 6.870469323699944653e+01 5.600000000000000000e+01
-2.020000000000000000e+02 -3.200000000000000000e+01 4.700000000000000000e+01 4.588300000000000000e+04 4.581900000000000000e+04 4.850900000000000000e+04 4.627600000000000000e+04 6.871480633300961927e+01 5.300000000000000000e+01
-1.970000000000000000e+02 1.700000000000000000e+01 5.600000000000000000e+01 4.663900000000000000e+04 4.629700000000000000e+04 4.822300000000000000e+04 4.629100000000000000e+04 6.872436469400417991e+01 5.300000000000000000e+01
-1.900000000000000000e+02 2.700000000000000000e+01 4.400000000000000000e+01 4.663100000000000000e+04 4.554000000000000000e+04 4.821900000000000000e+04 4.702700000000000000e+04 6.873475275401142426e+01 5.300000000000000000e+01
-9.700000000000000000e+01 7.500000000000000000e+01 5.800000000000000000e+01 4.726700000000000000e+04 4.667100000000000000e+04 4.774800000000000000e+04 4.573600000000000000e+04 6.874480085499817505e+01 5.300000000000000000e+01
-1.300000000000000000e+01 1.020000000000000000e+02 5.800000000000000000e+01 4.794400000000000000e+04 4.712300000000000000e+04 4.724500000000000000e+04 4.521600000000000000e+04 6.875569493501097895e+01 5.300000000000000000e+01
9.000000000000000000e+00 1.160000000000000000e+02 6.000000000000000000e+01 4.837100000000000000e+04 4.689200000000000000e+04 4.719400000000000000e+04 4.587300000000000000e+04 6.876449208799749613e+01 5.100000000000000000e+01
5.000000000000000000e+01 1.770000000000000000e+02 7.000000000000000000e+01 4.924100000000000000e+04 4.673300000000000000e+04 4.633000000000000000e+04 4.604700000000000000e+04 6.877490925701567903e+01 5.100000000000000000e+01
5.000000000000000000e+01 1.730000000000000000e+02 6.400000000000000000e+01 4.888400000000000000e+04 4.643200000000000000e+04 4.676500000000000000e+04 4.634400000000000000e+04 6.878452842499245889e+01 5.100000000000000000e+01
7.900000000000000000e+01 1.880000000000000000e+02 6.300000000000000000e+01 4.903700000000000000e+04 4.619300000000000000e+04 4.668900000000000000e+04 4.642700000000000000e+04 6.879462868999689817e+01 5.100000000000000000e+01
1.150000000000000000e+02 2.420000000000000000e+02 5.800000000000000000e+01 4.981200000000000000e+04 4.620000000000000000e+04 4.611800000000000000e+04 4.650700000000000000e+04 6.880481651599984616e+01 5.100000000000000000e+01
1.550000000000000000e+02 1.980000000000000000e+02 4.900000000000000000e+01 4.976900000000000000e+04 4.671600000000000000e+04 4.600000000000000000e+04 4.595600000000000000e+04 6.881479417800437659e+01 5.100000000000000000e+01
1.830000000000000000e+02 9.400000000000000000e+01 4.500000000000000000e+01 5.047800000000000000e+04 4.687000000000000000e+04 4.599900000000000000e+04 4.494200000000000000e+04 6.882451740599935874e+01 5.100000000000000000e+01
1.160000000000000000e+02 5.000000000000000000e+00 3.500000000000000000e+01 4.823700000000000000e+04 4.747000000000000000e+04 4.735900000000000000e+04 4.508600000000000000e+04 6.883507167600328103e+01 5.100000000000000000e+01
-3.100000000000000000e+01 -1.210000000000000000e+02 4.200000000000000000e+01 4.669100000000000000e+04 4.751600000000000000e+04 4.944400000000000000e+04 4.434600000000000000e+04 6.884420994500396773e+01 5.200000000000000000e+01
-7.300000000000000000e+01 -1.600000000000000000e+02 1.100000000000000000e+01 4.688400000000000000e+04 4.726000000000000000e+04 4.849800000000000000e+04 4.549300000000000000e+04 6.885491602600086480e+01 5.200000000000000000e+01
-7.000000000000000000e+01 -1.390000000000000000e+02 -2.000000000000000000e+00 4.624800000000000000e+04 4.732600000000000000e+04 4.921600000000000000e+04 4.526300000000000000e+04 6.886467065100441687e+01 5.200000000000000000e+01
-1.370000000000000000e+02 -1.010000000000000000e+02 -1.500000000000000000e+01 4.620600000000000000e+04 4.679200000000000000e+04 4.855500000000000000e+04 4.602800000000000000e+04 6.887502173500251956e+01 5.200000000000000000e+01
-1.250000000000000000e+02 -5.300000000000000000e+01 -2.500000000000000000e+01 4.550000000000000000e+04 4.631900000000000000e+04 4.879500000000000000e+04 4.692700000000000000e+04 6.888479328900575638e+01 5.200000000000000000e+01
-1.440000000000000000e+02 5.300000000000000000e+01 -3.800000000000000000e+01 4.650700000000000000e+04 4.597700000000000000e+04 4.779000000000000000e+04 4.766200000000000000e+04 6.889526657600072213e+01 5.000000000000000000e+01
-9.000000000000000000e+01 1.550000000000000000e+02 -2.300000000000000000e+01 4.647700000000000000e+04 4.467300000000000000e+04 4.748400000000000000e+04 4.869700000000000000e+04 6.890487894701072946e+01 5.000000000000000000e+01
1.200000000000000000e+01 1.750000000000000000e+02 -2.700000000000000000e+01 4.857500000000000000e+04 4.446000000000000000e+04 4.542100000000000000e+04 4.884100000000000000e+04 6.891536959100631066e+01 5.000000000000000000e+01
1.080000000000000000e+02 1.060000000000000000e+02 -6.000000000000000000e+00 4.893800000000000000e+04 4.515500000000000000e+04 4.495900000000000000e+04 4.805600000000000000e+04 6.892489219701383263e+01 5.000000000000000000e+01
1.570000000000000000e+02 1.200000000000000000e+01 -1.800000000000000000e+01 4.895900000000000000e+04 4.604700000000000000e+04 4.507400000000000000e+04 4.672800000000000000e+04 6.893414735500118695e+01 5.200000000000000000e+01
1.660000000000000000e+02 -1.450000000000000000e+02 -2.400000000000000000e+01 4.663000000000000000e+04 4.674600000000000000e+04 4.710700000000000000e+04 4.593500000000000000e+04 6.894422428001416847e+01 5.200000000000000000e+01
2.580000000000000000e+02 -2.510000000000000000e+02 -4.500000000000000000e+01 4.643900000000000000e+04 4.866200000000000000e+04 4.688600000000000000e+04 4.421300000000000000e+04 6.895427882799413055e+01 5.200000000000000000e+01
3.070000000000000000e+02 -3.810000000000000000e+02 -4.100000000000000000e+01 4.512700000000000000e+04 5.100400000000000000e+04 4.772500000000000000e+04 4.141300000000000000e+04 6.896421256201574579e+01 5.200000000000000000e+01
2.710000000000000000e+02 -4.070000000000000000e+02 -2.300000000000000000e+01 4.528200000000000000e+04 5.013400000000000000e+04 4.783400000000000000e+04 4.209500000000000000e+04 6.897409648299799301e+01 5.200000000000000000e+01
1.930000000000000000e+02 -3.870000000000000000e+02 -2.400000000000000000e+01 4.544000000000000000e+04 5.074400000000000000e+04 4.803800000000000000e+04 4.132600000000000000e+04 6.898477422501309775e+01 5.000000000000000000e+01
8.000000000000000000e+01 -3.550000000000000000e+02 -2.000000000000000000e+00 4.522200000000000000e+04 4.963200000000000000e+04 4.821700000000000000e+04 4.263000000000000000e+04 6.899490299899480306e+01 5.000000000000000000e+01
1.000000000000000000e+00 -2.530000000000000000e+02 -3.000000000000000000e+00 4.458300000000000000e+04 4.892100000000000000e+04 4.881800000000000000e+04 4.306300000000000000e+04 6.900447282299865037e+01 5.000000000000000000e+01
-1.280000000000000000e+02 -1.470000000000000000e+02 -1.000000000000000000e+00 4.425100000000000000e+04 4.707300000000000000e+04 4.911300000000000000e+04 4.489600000000000000e+04 6.901543169500655495e+01 5.000000000000000000e+01
-2.390000000000000000e+02 5.700000000000000000e+01 -7.000000000000000000e+00 4.495700000000000000e+04 4.449300000000000000e+04 4.904100000000000000e+04 4.772500000000000000e+04 6.902440692498930730e+01 4.800000000000000000e+01
-2.580000000000000000e+02 2.050000000000000000e+02 -9.000000000000000000e+00 4.550000000000000000e+04 4.346600000000000000e+04 4.829700000000000000e+04 4.851400000000000000e+04 6.903499584100791253e+01 4.800000000000000000e+01
-2.170000000000000000e+02 4.370000000000000000e+02 -4.000000000000000000e+00 4.785200000000000000e+04 4.167400000000000000e+04 4.585000000000000000e+04 4.990600000000000000e+04 6.904474037699401379e+01 4.800000000000000000e+01
-1.370000000000000000e+02 5.150000000000000000e+02 2.000000000000000000e+00 4.871600000000000000e+04 4.261000000000000000e+04 4.506600000000000000e+04 4.922000000000000000e+04 6.905464471800951287e+01 4.800000000000000000e+01
-3.000000000000000000e+00 4.860000000000000000e+02 -1.700000000000000000e+01 4.939800000000000000e+04 4.375600000000000000e+04 4.403000000000000000e+04 4.833200000000000000e+04 6.906487681300495751e+01 5.100000000000000000e+01
7.600000000000000000e+01 3.940000000000000000e+02 -2.100000000000000000e+01 4.942800000000000000e+04 4.448500000000000000e+04 4.366600000000000000e+04 4.801400000000000000e+04 6.907423626800300553e+01 5.100000000000000000e+01
1.510000000000000000e+02 1.940000000000000000e+02 -2.300000000000000000e+01 4.809600000000000000e+04 4.680400000000000000e+04 4.482000000000000000e+04 4.604500000000000000e+04 6.908481173601467162e+01 5.100000000000000000e+01
1.850000000000000000e+02 -1.400000000000000000e+01 -3.400000000000000000e+01 4.695800000000000000e+04 4.853500000000000000e+04 4.578800000000000000e+04 4.420100000000000000e+04 6.909453775399015285e+01 5.100000000000000000e+01
2.140000000000000000e+02 -1.300000000000000000e+02 -3.700000000000000000e+01 4.647600000000000000e+04 4.953000000000000000e+04 4.595900000000000000e+04 4.304300000000000000e+04 6.910461127499002032e+01 5.100000000000000000e+01
1.590000000000000000e+02 -2.230000000000000000e+02 -2.600000000000000000e+01 4.525900000000000000e+04 4.929800000000000000e+04 4.729700000000000000e+04 4.351800000000000000e+04 6.911440649599535391e+01 5.000000000000000000e+01
1.570000000000000000e+02 -1.790000000000000000e+02 -2.700000000000000000e+01 4.644000000000000000e+04 4.959900000000000000e+04 4.596000000000000000e+04 4.286300000000000000e+04 6.912448901601601392e+01 5.000000000000000000e+01
3.300000000000000000e+01 -9.200000000000000000e+01 -2.800000000000000000e+01 4.475900000000000000e+04 4.805400000000000000e+04 4.757500000000000000e+04 4.470100000000000000e+04 6.913424399399082176e+01 5.000000000000000000e+01
-4.400000000000000000e+01 -3.100000000000000000e+01 -3.300000000000000000e+01 4.554400000000000000e+04 4.686100000000000000e+04 4.677700000000000000e+04 4.573800000000000000e+04 6.914424660999793559e+01 5.000000000000000000e+01
-1.070000000000000000e+02 5.300000000000000000e+01 -3.100000000000000000e+01 4.494700000000000000e+04 4.557500000000000000e+04 4.667600000000000000e+04 4.667900000000000000e+04 6.915429681699606590e+01 5.800000000000000000e+01
-1.540000000000000000e+02 1.750000000000000000e+02 -3.500000000000000000e+01 4.585600000000000000e+04 4.425800000000000000e+04 4.570400000000000000e+04 4.790200000000000000e+04 6.916414042501128279e+01 5.800000000000000000e+01
-1.370000000000000000e+02 2.310000000000000000e+02 -4.400000000000000000e+01 4.653100000000000000e+04 4.386600000000000000e+04 4.565900000000000000e+04 4.745900000000000000e+04 6.917398086300818250e+01 5.800000000000000000e+01
-1.400000000000000000e+02 2.440000000000000000e+02 -5.000000000000000000e+01 4.569200000000000000e+04 4.348000000000000000e+04 4.555100000000000000e+04 4.864300000000000000e+04 6.918443749300786294e+01 5.800000000000000000e+01
-1.000000000000000000e+02 1.950000000000000000e+02 -4.300000000000000000e+01 4.570400000000000000e+04 4.595000000000000000e+04 4.609600000000000000e+04 4.554600000000000000e+04 6.919474331999663264e+01 5.800000000000000000e+01
-6.000000000000000000e+01 1.030000000000000000e+02 -2.600000000000000000e+01 4.536200000000000000e+04 4.528400000000000000e+04 4.559100000000000000e+04 4.687400000000000000e+04 6.920455577201209962e+01 5.600000000000000000e+01
-8.000000000000000000e+00 6.200000000000000000e+01 -3.700000000000000000e+01 4.576500000000000000e+04 4.517400000000000000e+04 4.611100000000000000e+04 4.618500000000000000e+04 6.921437106901430525e+01 5.600000000000000000e+01
3.300000000000000000e+01 -3.900000000000000000e+01 -4.900000000000000000e+01 4.506200000000000000e+04 4.640000000000000000e+04 4.595000000000000000e+04 4.579400000000000000e+04 6.922428221299196593e+01 5.600000000000000000e+01
8.900000000000000000e+01 -1.040000000000000000e+02 -5.000000000000000000e+01 4.531800000000000000e+04 4.729300000000000000e+04 4.625100000000000000e+04 4.418600000000000000e+04 6.923474906600313261e+01 5.600000000000000000e+01
1.720000000000000000e+02 -1.810000000000000000e+02 -6.300000000000000000e+01 4.528000000000000000e+04 4.979600000000000000e+04 4.499100000000000000e+04 4.227700000000000000e+04 6.924586979599553160e+01 5.900000000000000000e+01
2.190000000000000000e+02 -1.660000000000000000e+02 -6.600000000000000000e+01 4.494000000000000000e+04 4.932700000000000000e+04 4.516300000000000000e+04 4.289300000000000000e+04 6.925422839500242844e+01 5.900000000000000000e+01
2.040000000000000000e+02 -1.320000000000000000e+02 -6.100000000000000000e+01 4.472800000000000000e+04 4.939400000000000000e+04 4.515500000000000000e+04 4.299500000000000000e+04 6.926479242101777345e+01 5.900000000000000000e+01
1.770000000000000000e+02 -8.900000000000000000e+01 -6.500000000000000000e+01 4.489000000000000000e+04 4.933700000000000000e+04 4.473500000000000000e+04 4.319700000000000000e+04 6.927462250800454058e+01 5.900000000000000000e+01
1.020000000000000000e+02 -2.800000000000000000e+01 -4.900000000000000000e+01 4.450200000000000000e+04 4.813700000000000000e+04 4.517000000000000000e+04 4.459900000000000000e+04 6.928447111099376343e+01 6.000000000000000000e+01
8.000000000000000000e+00 1.900000000000000000e+01 -5.700000000000000000e+01 4.460600000000000000e+04 4.724900000000000000e+04 4.551700000000000000e+04 4.532200000000000000e+04 6.929423248700913973e+01 6.000000000000000000e+01
-9.600000000000000000e+01 8.000000000000000000e+01 -5.200000000000000000e+01 4.570800000000000000e+04 4.284300000000000000e+04 4.528900000000000000e+04 4.851900000000000000e+04 6.930401303901453502e+01 6.000000000000000000e+01
-1.510000000000000000e+02 1.570000000000000000e+02 -5.300000000000000000e+01 4.341300000000000000e+04 4.685900000000000000e+04 4.750900000000000000e+04 4.480700000000000000e+04 6.931388006001361646e+01 6.000000000000000000e+01
-2.030000000000000000e+02 2.000000000000000000e+02 -3.900000000000000000e+01 4.616100000000000000e+04 4.566300000000000000e+04 4.506200000000000000e+04 4.595200000000000000e+04 6.932379580399719998e+01 6.000000000000000000e+01
-2.070000000000000000e+02 2.410000000000000000e+02 -3.400000000000000000e+01 4.413700000000000000e+04 4.274400000000000000e+04 4.720000000000000000e+04 4.871700000000000000e+04 6.933373448299244046e+01 6.000000000000000000e+01
-1.820000000000000000e+02 2.230000000000000000e+02 -2.600000000000000000e+01 4.920500000000000000e+04 4.725600000000000000e+04 4.188800000000000000e+04 4.448600000000000000e+04 6.934348105301614851e+01 6.000000000000000000e+01
-9.700000000000000000e+01 2.530000000000000000e+02 -6.000000000000000000e+00 4.746000000000000000e+04 4.431400000000000000e+04 4.425200000000000000e+04 4.731200000000000000e+04 6.935413470500498079e+01 6.000000000000000000e+01
