4.600000000000000000e+01 -2.500000000000000000e+01 1.100000000000000000e+01 4.532300000000000000e+04 4.756100000000000000e+04 4.927500000000000000e+04 4.398000000000000000e+04 2.010490143101196736e+01 8.070000000000000000e+02
1.200000000000000000e+01 -3.600000000000000000e+01 -1.000000000000000000e+01 4.498400000000000000e+04 4.803900000000000000e+04 4.976000000000000000e+04 4.388200000000000000e+04 2.011551894800504670e+01 8.050000000000000000e+02
-9.000000000000000000e+00 -1.100000000000000000e+01 -3.000000000000000000e+00 4.514200000000000000e+04 4.748500000000000000e+04 4.966500000000000000e+04 4.444800000000000000e+04 2.012564433400984854e+01 8.050000000000000000e+02
-2.100000000000000000e+01 -3.800000000000000000e+01 -4.000000000000000000e+00 4.466300000000000000e+04 4.822200000000000000e+04 5.009300000000000000e+04 4.355400000000000000e+04 2.013449748995481059e+01 8.050000000000000000e+02
-4.200000000000000000e+01 6.000000000000000000e+00 -1.400000000000000000e+01 4.546800000000000000e+04 4.713100000000000000e+04 4.937500000000000000e+04 4.483000000000000000e+04 2.014964182098628953e+01 8.050000000000000000e+02
-2.300000000000000000e+01 4.000000000000000000e+00 -3.000000000000000000e+00 4.518300000000000000e+04 4.750300000000000000e+04 4.957100000000000000e+04 4.441700000000000000e+04 2.015523385198321193e+01 8.090000000000000000e+02
-1.000000000000000000e+00 -1.800000000000000000e+01 1.200000000000000000e+01 4.511200000000000000e+04 4.775200000000000000e+04 4.949300000000000000e+04 4.374600000000000000e+04 2.016540449298918247e+01 8.090000000000000000e+02
-8.000000000000000000e+00 8.000000000000000000e+00 -1.000000000000000000e+00 4.477900000000000000e+04 4.722300000000000000e+04 4.971400000000000000e+04 4.435100000000000000e+04 2.017532309499802068e+01 8.090000000000000000e+02
1.300000000000000000e+01 5.800000000000000000e+01 -3.100000000000000000e+01 4.552300000000000000e+04 4.707200000000000000e+04 4.887300000000000000e+04 4.462600000000000000e+04 2.018541685695527121e+01 8.090000000000000000e+02
1.200000000000000000e+01 2.200000000000000000e+01 -1.400000000000000000e+01 4.496700000000000000e+04 4.754700000000000000e+04 4.922500000000000000e+04 4.407900000000000000e+04 2.019488423195434734e+01 8.080000000000000000e+02
3.800000000000000000e+01 -1.100000000000000000e+01 1.000000000000000000e+00 4.516800000000000000e+04 4.797200000000000000e+04 4.892200000000000000e+04 4.320300000000000000e+04 2.020487463695462793e+01 8.080000000000000000e+02
3.800000000000000000e+01 -2.000000000000000000e+00 -2.900000000000000000e+01 4.470400000000000000e+04 4.695400000000000000e+04 4.916600000000000000e+04 4.446400000000000000e+04 2.021521186496829614e+01 8.080000000000000000e+02
3.800000000000000000e+01 -2.500000000000000000e+01 -1.400000000000000000e+01 4.452600000000000000e+04 4.794700000000000000e+04 4.926700000000000000e+04 4.323400000000000000e+04 2.022543847997440025e+01 8.080000000000000000e+02
5.700000000000000000e+01 -2.500000000000000000e+01 -1.900000000000000000e+01 4.477000000000000000e+04 4.737500000000000000e+04 4.900600000000000000e+04 4.388100000000000000e+04 2.023535000300034881e+01 8.080000000000000000e+02
6.200000000000000000e+01 -6.000000000000000000e+00 -8.000000000000000000e+00 4.526600000000000000e+04 4.805400000000000000e+04 4.895100000000000000e+04 4.318800000000000000e+04 2.024536362197250128e+01 8.050000000000000000e+02
5.600000000000000000e+01 4.000000000000000000e+00 -1.000000000000000000e+00 4.545600000000000000e+04 4.792700000000000000e+04 4.870700000000000000e+04 4.340400000000000000e+04 2.025532167899655178e+01 8.050000000000000000e+02
4.000000000000000000e+01 8.000000000000000000e+00 -1.200000000000000000e+01 4.504400000000000000e+04 4.787500000000000000e+04 4.906200000000000000e+04 4.340200000000000000e+04 2.026557980099460110e+01 8.050000000000000000e+02
3.800000000000000000e+01 -8.000000000000000000e+00 -6.000000000000000000e+00 4.465200000000000000e+04 4.746800000000000000e+04 4.933500000000000000e+04 4.382600000000000000e+04 2.027459522598655894e+01 8.050000000000000000e+02
5.000000000000000000e+00 6.000000000000000000e+00 9.000000000000000000e+00 4.464500000000000000e+04 4.736000000000000000e+04 4.901700000000000000e+04 4.366400000000000000e+04 2.028493580198846757e+01 8.100000000000000000e+02
7.000000000000000000e+00 1.100000000000000000e+01 -1.100000000000000000e+01 4.487000000000000000e+04 4.746300000000000000e+04 4.877200000000000000e+04 4.359200000000000000e+04 2.029539890500018373e+01 8.100000000000000000e+02
1.000000000000000000e+00 2.000000000000000000e+01 -1.600000000000000000e+01 4.477000000000000000e+04 4.723900000000000000e+04 4.891000000000000000e+04 4.375000000000000000e+04 2.030533604399533942e+01 8.100000000000000000e+02
-3.200000000000000000e+01 -7.000000000000000000e+00 -1.700000000000000000e+01 4.485700000000000000e+04 4.725100000000000000e+04 4.872400000000000000e+04 4.377300000000000000e+04 2.031475308898370713e+01 8.100000000000000000e+02
-2.600000000000000000e+01 -1.800000000000000000e+01 -1.600000000000000000e+01 4.440100000000000000e+04 4.724700000000000000e+04 4.905200000000000000e+04 4.373700000000000000e+04 2.032495027099503204e+01 8.100000000000000000e+02
-2.000000000000000000e+00 -1.300000000000000000e+01 -2.200000000000000000e+01 4.445300000000000000e+04 4.697800000000000000e+04 4.889100000000000000e+04 4.386700000000000000e+04 2.033504308899864554e+01 8.100000000000000000e+02
7.000000000000000000e+00 -3.000000000000000000e+01 -2.200000000000000000e+01 4.512400000000000000e+04 4.737800000000000000e+04 4.832400000000000000e+04 4.341900000000000000e+04 2.034494419500697404e+01 8.100000000000000000e+02
9.000000000000000000e+00 -3.100000000000000000e+01 -2.400000000000000000e+01 4.504300000000000000e+04 4.739300000000000000e+04 4.832900000000000000e+04 4.347000000000000000e+04 2.035476877796463668e+01 8.100000000000000000e+02
4.600000000000000000e+01 -1.700000000000000000e+01 -2.400000000000000000e+01 4.486200000000000000e+04 4.783600000000000000e+04 4.848500000000000000e+04 4.297500000000000000e+04 2.036506919597741216e+01 8.100000000000000000e+02
3.000000000000000000e+01 -1.100000000000000000e+01 -1.700000000000000000e+01 4.544600000000000000e+04 4.739000000000000000e+04 4.807600000000000000e+04 4.353500000000000000e+04 2.037476716696983203e+01 8.080000000000000000e+02
-7.000000000000000000e+00 -1.200000000000000000e+01 -1.200000000000000000e+01 4.559700000000000000e+04 4.712500000000000000e+04 4.805800000000000000e+04 4.400900000000000000e+04 2.038456697296351194e+01 8.080000000000000000e+02
-1.000000000000000000e+01 -5.400000000000000000e+01 -2.100000000000000000e+01 4.468600000000000000e+04 4.742700000000000000e+04 4.875700000000000000e+04 4.375200000000000000e+04 2.039483705000020564e+01 8.080000000000000000e+02
-3.000000000000000000e+01 -8.200000000000000000e+01 -1.600000000000000000e+01 4.469900000000000000e+04 4.706300000000000000e+04 4.872800000000000000e+04 4.417700000000000000e+04 2.040438260399969295e+01 8.080000000000000000e+02
-4.100000000000000000e+01 -9.800000000000000000e+01 -1.500000000000000000e+01 4.430700000000000000e+04 4.746600000000000000e+04 4.888400000000000000e+04 4.352900000000000000e+04 2.041468076000455767e+01 8.110000000000000000e+02
-7.800000000000000000e+01 -1.210000000000000000e+02 -1.800000000000000000e+01 4.396600000000000000e+04 4.721700000000000000e+04 4.918800000000000000e+04 4.373000000000000000e+04 2.042503385897725821e+01 8.110000000000000000e+02
-6.000000000000000000e+01 -1.290000000000000000e+02 -1.900000000000000000e+01 4.445900000000000000e+04 4.732900000000000000e+04 4.874000000000000000e+04 4.363500000000000000e+04 2.043556214199634269e+01 8.110000000000000000e+02
-4.400000000000000000e+01 -1.460000000000000000e+02 -1.100000000000000000e+01 4.443000000000000000e+04 4.725200000000000000e+04 4.880000000000000000e+04 4.364300000000000000e+04 2.044514981098473072e+01 8.110000000000000000e+02
-5.300000000000000000e+01 -1.740000000000000000e+02 -3.000000000000000000e+00 4.380100000000000000e+04 4.712700000000000000e+04 4.929600000000000000e+04 4.377100000000000000e+04 2.045630309096304700e+01 8.090000000000000000e+02
-3.200000000000000000e+01 -1.730000000000000000e+02 -1.000000000000000000e+01 4.493200000000000000e+04 4.759900000000000000e+04 4.862600000000000000e+04 4.327300000000000000e+04 2.046542211098130792e+01 8.090000000000000000e+02
1.100000000000000000e+01 -1.780000000000000000e+02 -7.000000000000000000e+00 4.493100000000000000e+04 4.751200000000000000e+04 4.857200000000000000e+04 4.346500000000000000e+04 2.047442680498352274e+01 8.090000000000000000e+02
-6.000000000000000000e+00 -1.930000000000000000e+02 -4.000000000000000000e+00 4.461000000000000000e+04 4.751400000000000000e+04 4.881500000000000000e+04 4.355600000000000000e+04 2.048459728300804272e+01 8.090000000000000000e+02
2.000000000000000000e+00 -1.850000000000000000e+02 5.000000000000000000e+00 4.505100000000000000e+04 4.744400000000000000e+04 4.863400000000000000e+04 4.342700000000000000e+04 2.049463104800088331e+01 8.090000000000000000e+02
-2.100000000000000000e+01 -1.930000000000000000e+02 1.700000000000000000e+01 4.419900000000000000e+04 4.736200000000000000e+04 4.909100000000000000e+04 4.350700000000000000e+04 2.050605759798781946e+01 8.120000000000000000e+02
-2.600000000000000000e+01 -1.990000000000000000e+02 2.000000000000000000e+00 4.495600000000000000e+04 4.755400000000000000e+04 4.851800000000000000e+04 4.325500000000000000e+04 2.051449311600299552e+01 8.120000000000000000e+02
-2.900000000000000000e+01 -1.930000000000000000e+02 -5.000000000000000000e+00 4.459400000000000000e+04 4.732600000000000000e+04 4.885500000000000000e+04 4.348700000000000000e+04 2.052489176898961887e+01 8.120000000000000000e+02
-5.900000000000000000e+01 -2.120000000000000000e+02 -2.000000000000000000e+00 4.426700000000000000e+04 4.701200000000000000e+04 4.903500000000000000e+04 4.396300000000000000e+04 2.053547007899032906e+01 8.120000000000000000e+02
-9.500000000000000000e+01 -2.380000000000000000e+02 0.000000000000000000e+00 4.380600000000000000e+04 4.737100000000000000e+04 4.949000000000000000e+04 4.371500000000000000e+04 2.054464969300897792e+01 8.100000000000000000e+02
-8.500000000000000000e+01 -2.280000000000000000e+02 1.500000000000000000e+01 4.459900000000000000e+04 4.730900000000000000e+04 4.896900000000000000e+04 4.367000000000000000e+04 2.055458337697200477e+01 8.100000000000000000e+02
-7.000000000000000000e+01 -2.130000000000000000e+02 3.000000000000000000e+00 4.423600000000000000e+04 4.738500000000000000e+04 4.927300000000000000e+04 4.356900000000000000e+04 2.056479572399985045e+01 8.100000000000000000e+02
-6.400000000000000000e+01 -2.380000000000000000e+02 -5.000000000000000000e+00 4.426400000000000000e+04 4.736200000000000000e+04 4.923400000000000000e+04 4.362800000000000000e+04 2.057472770498134196e+01 8.100000000000000000e+02
-3.100000000000000000e+01 -2.080000000000000000e+02 -5.000000000000000000e+00 4.449300000000000000e+04 4.778000000000000000e+04 4.892500000000000000e+04 4.329800000000000000e+04 2.058479270699899644e+01 8.080000000000000000e+02
-3.600000000000000000e+01 -2.080000000000000000e+02 -1.000000000000000000e+00 4.428000000000000000e+04 4.784300000000000000e+04 4.956400000000000000e+04 4.339000000000000000e+04 2.059477716498076916e+01 8.080000000000000000e+02
3.000000000000000000e+00 -1.920000000000000000e+02 -1.000000000000000000e+00 4.507100000000000000e+04 4.780700000000000000e+04 4.884100000000000000e+04 4.362400000000000000e+04 2.060470143897691742e+01 8.080000000000000000e+02
-6.000000000000000000e+00 -2.070000000000000000e+02 1.000000000000000000e+00 4.475800000000000000e+04 4.774000000000000000e+04 4.929100000000000000e+04 4.349800000000000000e+04 2.061438323900802061e+01 8.080000000000000000e+02
1.100000000000000000e+01 -1.830000000000000000e+02 0.000000000000000000e+00 4.507300000000000000e+04 4.797100000000000000e+04 4.909000000000000000e+04 4.351800000000000000e+04 2.062476082501234487e+01 8.120000000000000000e+02
-2.000000000000000000e+00 -1.590000000000000000e+02 9.000000000000000000e+00 4.479600000000000000e+04 4.756000000000000000e+04 4.918700000000000000e+04 4.366200000000000000e+04 2.063456276099896058e+01 8.120000000000000000e+02
4.000000000000000000e+00 -1.690000000000000000e+02 -6.000000000000000000e+00 4.470400000000000000e+04 4.756100000000000000e+04 4.916000000000000000e+04 4.384300000000000000e+04 2.064485247997799888e+01 8.120000000000000000e+02
1.000000000000000000e+01 -1.760000000000000000e+02 1.000000000000000000e+00 4.504100000000000000e+04 4.748300000000000000e+04 4.902200000000000000e+04 4.371300000000000000e+04 2.065451038896571845e+01 8.120000000000000000e+02
1.000000000000000000e+00 -1.530000000000000000e+02 7.000000000000000000e+00 4.426200000000000000e+04 4.743300000000000000e+04 4.953100000000000000e+04 4.385900000000000000e+04 2.066483098000753671e+01 8.120000000000000000e+02
-6.000000000000000000e+00 -1.710000000000000000e+02 1.100000000000000000e+01 4.416300000000000000e+04 4.740500000000000000e+04 4.952600000000000000e+04 4.363600000000000000e+04 2.067460338096134365e+01 8.120000000000000000e+02
-1.300000000000000000e+01 -1.940000000000000000e+02 1.700000000000000000e+01 4.413800000000000000e+04 4.718000000000000000e+04 4.945500000000000000e+04 4.370200000000000000e+04 2.068480456800898537e+01 8.120000000000000000e+02
-6.000000000000000000e+00 -1.920000000000000000e+02 1.600000000000000000e+01 4.452300000000000000e+04 4.755400000000000000e+04 4.913600000000000000e+04 4.329700000000000000e+04 2.069411384098930284e+01 8.120000000000000000e+02
3.000000000000000000e+00 -1.930000000000000000e+02 9.000000000000000000e+00 4.452100000000000000e+04 4.755300000000000000e+04 4.916200000000000000e+04 4.323900000000000000e+04 2.070525823096977547e+01 8.120000000000000000e+02
3.200000000000000000e+01 -1.890000000000000000e+02 -1.000000000000000000e+00 4.455900000000000000e+04 4.753300000000000000e+04 4.896600000000000000e+04 4.288900000000000000e+04 2.071447852300480008e+01 8.140000000000000000e+02
2.300000000000000000e+01 -1.740000000000000000e+02 1.600000000000000000e+01 4.453200000000000000e+04 4.702800000000000000e+04 4.902800000000000000e+04 4.343200000000000000e+04 2.072435227298410609e+01 8.140000000000000000e+02
1.900000000000000000e+01 -1.650000000000000000e+02 1.400000000000000000e+01 4.437400000000000000e+04 4.731200000000000000e+04 4.900000000000000000e+04 4.323900000000000000e+04 2.073478111898293719e+01 8.140000000000000000e+02
3.400000000000000000e+01 -1.520000000000000000e+02 3.000000000000000000e+00 4.455800000000000000e+04 4.717800000000000000e+04 4.880600000000000000e+04 4.316000000000000000e+04 2.074448956898413599e+01 8.140000000000000000e+02
7.000000000000000000e+00 -1.700000000000000000e+02 2.100000000000000000e+01 4.378100000000000000e+04 4.720200000000000000e+04 4.951800000000000000e+04 4.340900000000000000e+04 2.075432714895578101e+01 8.100000000000000000e+02
3.100000000000000000e+01 -1.450000000000000000e+02 1.800000000000000000e+01 4.489400000000000000e+04 4.756800000000000000e+04 4.889900000000000000e+04 4.293300000000000000e+04 2.076472540100803599e+01 8.100000000000000000e+02
3.300000000000000000e+01 -1.280000000000000000e+02 6.000000000000000000e+00 4.475500000000000000e+04 4.739000000000000000e+04 4.896600000000000000e+04 4.319500000000000000e+04 2.077443498995853588e+01 8.100000000000000000e+02
3.000000000000000000e+00 -1.260000000000000000e+02 1.700000000000000000e+01 4.438800000000000000e+04 4.698700000000000000e+04 4.940500000000000000e+04 4.381900000000000000e+04 2.078478480997728184e+01 8.100000000000000000e+02
2.300000000000000000e+01 -1.340000000000000000e+02 1.000000000000000000e+01 4.469300000000000000e+04 4.749100000000000000e+04 4.913800000000000000e+04 4.329700000000000000e+04 2.079497918195556849e+01 8.100000000000000000e+02
1.100000000000000000e+01 -1.280000000000000000e+02 2.900000000000000000e+01 4.465300000000000000e+04 4.694600000000000000e+04 4.934700000000000000e+04 4.409200000000000000e+04 2.080460759397828951e+01 8.100000000000000000e+02
2.600000000000000000e+01 -1.050000000000000000e+02 3.500000000000000000e+01 4.503000000000000000e+04 4.712400000000000000e+04 4.918200000000000000e+04 4.375300000000000000e+04 2.081425803899765015e+01 8.100000000000000000e+02
3.800000000000000000e+01 -1.160000000000000000e+02 3.600000000000000000e+01 4.486500000000000000e+04 4.763300000000000000e+04 4.929600000000000000e+04 4.323100000000000000e+04 2.082448427297640592e+01 8.100000000000000000e+02
2.200000000000000000e+01 -1.180000000000000000e+02 2.200000000000000000e+01 4.429900000000000000e+04 4.742200000000000000e+04 4.974300000000000000e+04 4.357700000000000000e+04 2.083427174401003867e+01 8.100000000000000000e+02
2.500000000000000000e+01 -9.900000000000000000e+01 1.600000000000000000e+01 4.492000000000000000e+04 4.726300000000000000e+04 4.947800000000000000e+04 4.397300000000000000e+04 2.084478550701169297e+01 8.100000000000000000e+02
3.900000000000000000e+01 -1.020000000000000000e+02 3.700000000000000000e+01 4.481400000000000000e+04 4.757000000000000000e+04 4.965500000000000000e+04 4.344100000000000000e+04 2.085448982595698908e+01 8.100000000000000000e+02
3.100000000000000000e+01 -6.600000000000000000e+01 3.000000000000000000e+01 4.566400000000000000e+04 4.728500000000000000e+04 4.898600000000000000e+04 4.373400000000000000e+04 2.086429576697992161e+01 8.100000000000000000e+02
2.800000000000000000e+01 -7.600000000000000000e+01 4.400000000000000000e+01 4.452600000000000000e+04 4.831600000000000000e+04 5.005100000000000000e+04 4.238300000000000000e+04 2.087465542997233570e+01 8.100000000000000000e+02
-4.000000000000000000e+00 -3.000000000000000000e+01 3.300000000000000000e+01 4.467500000000000000e+04 4.638900000000000000e+04 4.985600000000000000e+04 4.474000000000000000e+04 2.088429258699761704e+01 8.150000000000000000e+02
-1.300000000000000000e+01 -1.000000000000000000e+00 3.100000000000000000e+01 4.550500000000000000e+04 4.700800000000000000e+04 4.879400000000000000e+04 4.347900000000000000e+04 2.089472102897707373e+01 8.150000000000000000e+02
-8.000000000000000000e+00 1.000000000000000000e+01 3.900000000000000000e+01 4.533300000000000000e+04 4.661600000000000000e+04 4.895400000000000000e+04 4.392600000000000000e+04 2.090577287296764553e+01 8.150000000000000000e+02
-6.000000000000000000e+00 -1.400000000000000000e+01 4.300000000000000000e+01 4.429800000000000000e+04 4.756700000000000000e+04 4.976000000000000000e+04 4.260900000000000000e+04 2.091480247298022732e+01 8.150000000000000000e+02
-2.100000000000000000e+01 1.700000000000000000e+01 3.100000000000000000e+01 4.441300000000000000e+04 4.671000000000000000e+04 4.972100000000000000e+04 4.352200000000000000e+04 2.092436376900877804e+01 8.150000000000000000e+02
-2.100000000000000000e+01 1.400000000000000000e+01 2.400000000000000000e+01 4.457700000000000000e+04 4.596900000000000000e+04 4.978200000000000000e+04 4.475700000000000000e+04 2.093395233299816027e+01 8.090000000000000000e+02
-8.000000000000000000e+00 -4.000000000000000000e+00 3.300000000000000000e+01 4.500300000000000000e+04 4.649000000000000000e+04 4.937700000000000000e+04 4.429200000000000000e+04 2.094432934699580073e+01 8.090000000000000000e+02
3.600000000000000000e+01 -1.400000000000000000e+01 3.800000000000000000e+01 4.530000000000000000e+04 4.795600000000000000e+04 4.920900000000000000e+04 4.250900000000000000e+04 2.095406404900131747e+01 8.090000000000000000e+02
2.900000000000000000e+01 -1.300000000000000000e+01 3.700000000000000000e+01 4.493400000000000000e+04 4.729600000000000000e+04 4.975400000000000000e+04 4.329300000000000000e+04 2.096453534596366808e+01 8.090000000000000000e+02
4.400000000000000000e+01 -2.800000000000000000e+01 4.000000000000000000e+01 4.532800000000000000e+04 4.801100000000000000e+04 4.970900000000000000e+04 4.286600000000000000e+04 2.097415540501242504e+01 8.070000000000000000e+02
3.300000000000000000e+01 -2.400000000000000000e+01 4.200000000000000000e+01 4.526300000000000000e+04 4.759000000000000000e+04 4.988200000000000000e+04 4.330900000000000000e+04 2.098456520796753466e+01 8.070000000000000000e+02
8.000000000000000000e+00 1.100000000000000000e+01 9.000000000000000000e+00 4.539000000000000000e+04 4.584100000000000000e+04 4.969600000000000000e+04 4.542700000000000000e+04 2.099443313898518682e+01 8.070000000000000000e+02
-1.000000000000000000e+00 -3.400000000000000000e+01 2.000000000000000000e+01 4.549000000000000000e+04 4.789700000000000000e+04 4.953500000000000000e+04 4.335100000000000000e+04 2.100401526596397161e+01 8.070000000000000000e+02
-2.500000000000000000e+01 6.000000000000000000e+00 1.700000000000000000e+01 4.575500000000000000e+04 4.635500000000000000e+04 4.936900000000000000e+04 4.496500000000000000e+04 2.101447503198869526e+01 8.090000000000000000e+02
-1.000000000000000000e+00 2.400000000000000000e+01 1.500000000000000000e+01 4.543500000000000000e+04 4.749700000000000000e+04 4.969000000000000000e+04 4.366700000000000000e+04 2.102505188196664676e+01 8.090000000000000000e+02
-2.000000000000000000e+01 3.100000000000000000e+01 2.000000000000000000e+00 4.487300000000000000e+04 4.724500000000000000e+04 5.012200000000000000e+04 4.403200000000000000e+04 2.103419808996841311e+01 8.090000000000000000e+02
-2.000000000000000000e+01 4.800000000000000000e+01 1.600000000000000000e+01 4.643600000000000000e+04 4.740000000000000000e+04 4.881300000000000000e+04 4.390400000000000000e+04 2.104461571399588138e+01 8.090000000000000000e+02
-2.300000000000000000e+01 2.800000000000000000e+01 1.900000000000000000e+01 4.425300000000000000e+04 4.700100000000000000e+04 5.058100000000000000e+04 4.442400000000000000e+04 2.105512067797826603e+01 8.120000000000000000e+02
-1.300000000000000000e+01 1.000000000000000000e+01 6.000000000000000000e+00 4.598500000000000000e+04 4.790100000000000000e+04 4.886500000000000000e+04 4.291500000000000000e+04 2.106425251998007298e+01 8.120000000000000000e+02
-1.900000000000000000e+01 3.600000000000000000e+01 5.000000000000000000e+00 4.616400000000000000e+04 4.790400000000000000e+04 4.867300000000000000e+04 4.284300000000000000e+04 2.107484867295715958e+01 8.120000000000000000e+02
1.000000000000000000e+00 1.300000000000000000e+01 1.500000000000000000e+01 4.430200000000000000e+04 4.650400000000000000e+04 5.020600000000000000e+04 4.442100000000000000e+04 2.108444112801225856e+01 8.120000000000000000e+02
-6.000000000000000000e+00 1.600000000000000000e+01 1.800000000000000000e+01 4.454300000000000000e+04 4.728700000000000000e+04 4.995900000000000000e+04 4.359600000000000000e+04 2.109421795897651464e+01 8.120000000000000000e+02
-8.000000000000000000e+00 3.000000000000000000e+01 1.200000000000000000e+01 4.449500000000000000e+04 4.742400000000000000e+04 4.975300000000000000e+04 4.307600000000000000e+04 2.110444299096707255e+01 5.740000000000000000e+02
-2.300000000000000000e+01 6.100000000000000000e+01 0.000000000000000000e+00 4.628900000000000000e+04 4.697200000000000000e+04 4.801900000000000000e+04 4.348300000000000000e+04 2.111405152996303514e+01 5.740000000000000000e+02
-1.900000000000000000e+01 1.040000000000000000e+02 5.000000000000000000e+00 4.461100000000000000e+04 4.528700000000000000e+04 4.948900000000000000e+04 4.519200000000000000e+04 2.112437514198245481e+01 5.740000000000000000e+02
-3.200000000000000000e+01 6.100000000000000000e+01 0.000000000000000000e+00 4.534000000000000000e+04 4.543700000000000000e+04 4.879000000000000000e+04 4.510700000000000000e+04 2.113420787500217557e+01 5.740000000000000000e+02
-1.800000000000000000e+01 8.800000000000000000e+01 -4.000000000000000000e+00 4.843500000000000000e+04 4.938500000000000000e+04 5.079800000000000000e+04 4.648000000000000000e+04 2.114395529200555757e+01 6.000000000000000000e+00
-1.300000000000000000e+01 1.070000000000000000e+02 -6.000000000000000000e+00 4.726300000000000000e+04 4.902800000000000000e+04 5.185100000000000000e+04 4.695600000000000000e+04 2.115440340701024979e+01 6.000000000000000000e+00
-1.600000000000000000e+01 7.100000000000000000e+01 -1.500000000000000000e+01 4.716200000000000000e+04 4.962500000000000000e+04 5.251900000000000000e+04 4.695300000000000000e+04 2.116386100300587714e+01 6.000000000000000000e+00
-4.700000000000000000e+01 6.000000000000000000e+01 8.000000000000000000e+00 4.765500000000000000e+04 5.014400000000000000e+04 5.253200000000000000e+04 4.694500000000000000e+04 2.117397591797634959e+01 6.000000000000000000e+00
-5.000000000000000000e+00 3.700000000000000000e+01 -7.000000000000000000e+00 4.807500000000000000e+04 5.110900000000000000e+04 5.235000000000000000e+04 4.598500000000000000e+04 2.118428489298094064e+01 6.000000000000000000e+00
1.500000000000000000e+01 3.000000000000000000e+01 -9.000000000000000000e+00 5.112600000000000000e+04 4.833000000000000000e+04 4.762300000000000000e+04 4.717800000000000000e+04 2.119463503698352724e+01 5.400000000000000000e+01
1.400000000000000000e+01 4.000000000000000000e+00 -8.000000000000000000e+00 5.145100000000000000e+04 4.283400000000000000e+04 4.712400000000000000e+04 5.173900000000000000e+04 2.120438269595615566e+01 5.400000000000000000e+01
-1.000000000000000000e+00 -3.000000000000000000e+01 -2.000000000000000000e+00 4.879700000000000000e+04 4.823100000000000000e+04 4.990400000000000000e+04 4.702500000000000000e+04 2.121468119998462498e+01 5.400000000000000000e+01
8.000000000000000000e+00 -9.500000000000000000e+01 -2.000000000000000000e+01 4.594100000000000000e+04 4.870800000000000000e+04 5.182800000000000000e+04 4.611300000000000000e+04 2.122429094399558380e+01 5.400000000000000000e+01
-1.900000000000000000e+01 -1.550000000000000000e+02 -1.500000000000000000e+01 4.375000000000000000e+04 4.870800000000000000e+04 5.122700000000000000e+04 4.307400000000000000e+04 2.123431836999952793e+01 6.400000000000000000e+01
-3.000000000000000000e+00 -1.980000000000000000e+02 -8.000000000000000000e+00 4.543400000000000000e+04 4.948500000000000000e+04 4.956800000000000000e+04 4.166000000000000000e+04 2.124415739398682490e+01 6.400000000000000000e+01
-2.000000000000000000e+00 -1.900000000000000000e+02 -1.100000000000000000e+01 4.281500000000000000e+04 4.769300000000000000e+04 5.129600000000000000e+04 4.369900000000000000e+04 2.125454566197004169e+01 6.400000000000000000e+01
8.000000000000000000e+00 -1.590000000000000000e+02 -9.000000000000000000e+00 4.423600000000000000e+04 4.733700000000000000e+04 4.975600000000000000e+04 4.332000000000000000e+04 2.126458601298509166e+01 6.400000000000000000e+01
-1.000000000000000000e+01 -1.050000000000000000e+02 -3.200000000000000000e+01 4.359000000000000000e+04 4.855500000000000000e+04 4.971700000000000000e+04 4.136800000000000000e+04 2.127452380198519677e+01 6.300000000000000000e+01
-2.100000000000000000e+01 -7.100000000000000000e+01 -2.000000000000000000e+01 4.248400000000000000e+04 4.648200000000000000e+04 4.917400000000000000e+04 4.230600000000000000e+04 2.128520549100358039e+01 6.300000000000000000e+01
-2.900000000000000000e+01 -2.500000000000000000e+01 -3.600000000000000000e+01 4.302300000000000000e+04 4.632300000000000000e+04 4.832900000000000000e+04 4.230500000000000000e+04 2.129496474796906114e+01 6.300000000000000000e+01
-3.000000000000000000e+01 4.100000000000000000e+01 -5.500000000000000000e+01 4.332300000000000000e+04 4.557600000000000000e+04 4.775100000000000000e+04 4.288500000000000000e+04 2.130541883397381753e+01 6.300000000000000000e+01
2.500000000000000000e+01 7.800000000000000000e+01 -4.900000000000000000e+01 4.336800000000000000e+04 4.591500000000000000e+04 4.746900000000000000e+04 4.241500000000000000e+04 2.131522098800633103e+01 6.300000000000000000e+01
7.200000000000000000e+01 1.220000000000000000e+02 -5.400000000000000000e+01 4.211600000000000000e+04 4.527400000000000000e+04 4.730300000000000000e+04 4.169200000000000000e+04 2.132492806896334514e+01 6.800000000000000000e+01
9.800000000000000000e+01 1.390000000000000000e+02 -5.400000000000000000e+01 4.432600000000000000e+04 4.620200000000000000e+04 4.498900000000000000e+04 4.037200000000000000e+04 2.133405765000497922e+01 6.800000000000000000e+01
8.700000000000000000e+01 1.770000000000000000e+02 -3.700000000000000000e+01 4.137900000000000000e+04 4.334300000000000000e+04 4.766300000000000000e+04 4.327600000000000000e+04 2.134390030498616397e+01 6.800000000000000000e+01
9.800000000000000000e+01 1.650000000000000000e+02 -3.900000000000000000e+01 4.270000000000000000e+04 4.501300000000000000e+04 4.643600000000000000e+04 4.127500000000000000e+04 2.135367223899811506e+01 6.800000000000000000e+01
3.700000000000000000e+01 1.480000000000000000e+02 -2.900000000000000000e+01 4.433600000000000000e+04 4.769600000000000000e+04 4.389800000000000000e+04 3.661800000000000000e+04 2.136413500498747453e+01 7.600000000000000000e+01
-1.800000000000000000e+01 1.310000000000000000e+02 -1.500000000000000000e+01 3.965200000000000000e+04 4.258400000000000000e+04 4.793300000000000000e+04 4.262100000000000000e+04 2.137393403996247798e+01 7.600000000000000000e+01
-1.500000000000000000e+01 1.130000000000000000e+02 -1.500000000000000000e+01 4.100700000000000000e+04 4.374200000000000000e+04 4.687800000000000000e+04 4.137300000000000000e+04 2.138447571598226205e+01 7.600000000000000000e+01
1.700000000000000000e+01 1.150000000000000000e+02 -1.700000000000000000e+01 4.247600000000000000e+04 4.620400000000000000e+04 4.559000000000000000e+04 3.837500000000000000e+04 2.139419120695674792e+01 7.600000000000000000e+01
2.600000000000000000e+01 6.700000000000000000e+01 -1.400000000000000000e+01 3.992300000000000000e+04 4.425700000000000000e+04 4.778100000000000000e+04 4.083100000000000000e+04 2.140395492699462920e+01 7.600000000000000000e+01
1.100000000000000000e+01 7.600000000000000000e+01 -3.500000000000000000e+01 4.047600000000000000e+04 4.652500000000000000e+04 4.727800000000000000e+04 3.844200000000000000e+04 2.141379772400250658e+01 7.500000000000000000e+01
-2.000000000000000000e+00 5.800000000000000000e+01 -2.600000000000000000e+01 4.258800000000000000e+04 4.435300000000000000e+04 4.559200000000000000e+04 4.116000000000000000e+04 2.142420014896197245e+01 7.500000000000000000e+01
-9.000000000000000000e+00 1.020000000000000000e+02 -4.400000000000000000e+01 4.102300000000000000e+04 4.459900000000000000e+04 4.684400000000000000e+04 4.131300000000000000e+04 2.143402182700810954e+01 7.500000000000000000e+01
-2.300000000000000000e+01 1.680000000000000000e+02 -4.000000000000000000e+01 4.208200000000000000e+04 4.462300000000000000e+04 4.624700000000000000e+04 4.159500000000000000e+04 2.144375117396702990e+01 7.500000000000000000e+01
-1.900000000000000000e+01 2.600000000000000000e+02 -4.000000000000000000e+01 4.203500000000000000e+04 4.331300000000000000e+04 4.677200000000000000e+04 4.342900000000000000e+04 2.145366147498134524e+01 7.700000000000000000e+01
-3.100000000000000000e+01 3.050000000000000000e+02 -2.400000000000000000e+01 4.309200000000000000e+04 4.359600000000000000e+04 4.618500000000000000e+04 4.335000000000000000e+04 2.146435811097035185e+01 7.700000000000000000e+01
2.000000000000000000e+00 3.170000000000000000e+02 -1.600000000000000000e+01 4.335500000000000000e+04 4.364000000000000000e+04 4.649300000000000000e+04 4.360400000000000000e+04 2.147414447896881029e+01 7.700000000000000000e+01
1.700000000000000000e+01 2.580000000000000000e+02 -2.600000000000000000e+01 4.385300000000000000e+04 4.498000000000000000e+04 4.629800000000000000e+04 4.272700000000000000e+04 2.148372659395681694e+01 7.700000000000000000e+01
2.200000000000000000e+01 2.000000000000000000e+02 -2.600000000000000000e+01 4.354000000000000000e+04 4.546700000000000000e+04 4.675900000000000000e+04 4.253300000000000000e+04 2.149429870798485354e+01 7.800000000000000000e+01
6.300000000000000000e+01 1.950000000000000000e+02 -2.800000000000000000e+01 4.344100000000000000e+04 4.638500000000000000e+04 4.732200000000000000e+04 4.210200000000000000e+04 2.150456033297814429e+01 7.800000000000000000e+01
1.150000000000000000e+02 1.830000000000000000e+02 -3.000000000000000000e+00 4.538900000000000000e+04 4.621400000000000000e+04 4.605500000000000000e+04 4.260100000000000000e+04 2.151352704199962318e+01 7.800000000000000000e+01
1.250000000000000000e+02 1.410000000000000000e+02 -1.000000000000000000e+00 4.494400000000000000e+04 4.633200000000000000e+04 4.671900000000000000e+04 4.273000000000000000e+04 2.152383381396066397e+01 7.800000000000000000e+01
1.050000000000000000e+02 9.400000000000000000e+01 1.900000000000000000e+01 4.535600000000000000e+04 4.762700000000000000e+04 4.690900000000000000e+04 4.128700000000000000e+04 2.153433116700034589e+01 7.800000000000000000e+01
8.400000000000000000e+01 3.600000000000000000e+01 9.000000000000000000e+00 4.481500000000000000e+04 4.801600000000000000e+04 4.794000000000000000e+04 4.174600000000000000e+04 2.154401186300674453e+01 7.500000000000000000e+01
-1.000000000000000000e+00 1.900000000000000000e+01 1.200000000000000000e+01 4.383100000000000000e+04 4.658100000000000000e+04 4.904500000000000000e+04 4.358300000000000000e+04 2.155373835796490312e+01 7.500000000000000000e+01
-6.200000000000000000e+01 3.200000000000000000e+01 8.000000000000000000e+00 4.427300000000000000e+04 4.660300000000000000e+04 4.902500000000000000e+04 4.387700000000000000e+04 2.156430430797627196e+01 7.500000000000000000e+01
-1.290000000000000000e+02 8.600000000000000000e+01 -1.100000000000000000e+01 4.264700000000000000e+04 4.734500000000000000e+04 5.027700000000000000e+04 4.346200000000000000e+04 2.157378584798425436e+01 7.500000000000000000e+01
-1.010000000000000000e+02 1.440000000000000000e+02 -1.200000000000000000e+01 4.456600000000000000e+04 4.655900000000000000e+04 4.945000000000000000e+04 4.524600000000000000e+04 2.158428844896843657e+01 7.200000000000000000e+01
-2.400000000000000000e+01 1.640000000000000000e+02 1.000000000000000000e+00 4.692100000000000000e+04 4.869000000000000000e+04 4.749800000000000000e+04 4.299100000000000000e+04 2.159401836100732908e+01 7.200000000000000000e+01
-1.300000000000000000e+01 1.770000000000000000e+02 8.000000000000000000e+00 4.645000000000000000e+04 4.721000000000000000e+04 4.823900000000000000e+04 4.470700000000000000e+04 2.160368481196928769e+01 7.200000000000000000e+01
-2.000000000000000000e+00 2.190000000000000000e+02 1.600000000000000000e+01 4.732700000000000000e+04 4.576500000000000000e+04 4.757000000000000000e+04 4.631900000000000000e+04 2.161353266995865852e+01 7.200000000000000000e+01
-4.700000000000000000e+01 2.610000000000000000e+02 1.800000000000000000e+01 4.625700000000000000e+04 4.581100000000000000e+04 4.868400000000000000e+04 4.630500000000000000e+04 2.162391572596970946e+01 7.200000000000000000e+01
-2.400000000000000000e+01 2.740000000000000000e+02 1.400000000000000000e+01 4.746700000000000000e+04 4.638500000000000000e+04 4.764000000000000000e+04 4.576100000000000000e+04 2.163390521000837907e+01 6.900000000000000000e+01
3.100000000000000000e+01 2.220000000000000000e+02 1.000000000000000000e+01 4.737000000000000000e+04 4.733700000000000000e+04 4.805900000000000000e+04 4.520400000000000000e+04 2.164372738095698878e+01 6.900000000000000000e+01
9.700000000000000000e+01 1.300000000000000000e+02 1.900000000000000000e+01 4.754300000000000000e+04 4.794600000000000000e+04 4.811100000000000000e+04 4.466700000000000000e+04 2.165502919995924458e+01 6.900000000000000000e+01
1.440000000000000000e+02 6.300000000000000000e+01 2.000000000000000000e+01 4.719900000000000000e+04 4.807900000000000000e+04 4.862900000000000000e+04 4.434200000000000000e+04 2.166392583097331226e+01 6.900000000000000000e+01
1.830000000000000000e+02 4.000000000000000000e+00 3.400000000000000000e+01 4.717600000000000000e+04 4.837200000000000000e+04 4.860400000000000000e+04 4.403700000000000000e+04 2.167366177198709920e+01 5.900000000000000000e+01
1.890000000000000000e+02 -4.000000000000000000e+00 2.100000000000000000e+01 4.757100000000000000e+04 4.966300000000000000e+04 4.892500000000000000e+04 4.368300000000000000e+04 2.168399660900468007e+01 5.900000000000000000e+01
9.200000000000000000e+01 3.700000000000000000e+01 1.700000000000000000e+01 4.759000000000000000e+04 4.825500000000000000e+04 4.891400000000000000e+04 4.534600000000000000e+04 2.169392651098314673e+01 5.900000000000000000e+01
-3.000000000000000000e+01 1.150000000000000000e+02 1.400000000000000000e+01 4.731200000000000000e+04 4.626600000000000000e+04 4.936900000000000000e+04 4.745500000000000000e+04 2.170409802597714588e+01 5.900000000000000000e+01
-4.300000000000000000e+01 1.130000000000000000e+02 2.000000000000000000e+01 4.746500000000000000e+04 4.723700000000000000e+04 4.923600000000000000e+04 4.650900000000000000e+04 2.171379177999915555e+01 6.100000000000000000e+01
-5.500000000000000000e+01 4.000000000000000000e+00 1.100000000000000000e+01 4.654700000000000000e+04 4.818600000000000000e+04 5.012000000000000000e+04 4.540300000000000000e+04 2.172371875197859481e+01 6.100000000000000000e+01
-7.900000000000000000e+01 -6.600000000000000000e+01 2.400000000000000000e+01 4.598600000000000000e+04 4.816600000000000000e+04 5.048700000000000000e+04 4.540200000000000000e+04 2.173339825496077538e+01 6.100000000000000000e+01
-2.100000000000000000e+01 -1.670000000000000000e+02 1.300000000000000000e+01 4.589900000000000000e+04 4.931900000000000000e+04 5.043000000000000000e+04 4.399000000000000000e+04 2.174391975998878479e+01 6.100000000000000000e+01
2.900000000000000000e+01 -2.040000000000000000e+02 2.800000000000000000e+01 4.642200000000000000e+04 4.955100000000000000e+04 4.979800000000000000e+04 4.339500000000000000e+04 2.175370335095794871e+01 6.100000000000000000e+01
7.200000000000000000e+01 -1.660000000000000000e+02 2.400000000000000000e+01 4.650500000000000000e+04 4.961200000000000000e+04 4.973200000000000000e+04 4.299900000000000000e+04 2.176360857498366386e+01 5.200000000000000000e+01
8.900000000000000000e+01 -4.400000000000000000e+01 2.400000000000000000e+01 4.788400000000000000e+04 4.857500000000000000e+04 4.892700000000000000e+04 4.479800000000000000e+04 2.177344366698525846e+01 5.200000000000000000e+01
6.000000000000000000e+01 7.500000000000000000e+01 3.000000000000000000e+01 4.821600000000000000e+04 4.791100000000000000e+04 4.846600000000000000e+04 4.543200000000000000e+04 2.178398778795963153e+01 5.200000000000000000e+01
4.000000000000000000e+01 9.900000000000000000e+01 5.300000000000000000e+01 4.818000000000000000e+04 4.781300000000000000e+04 4.862700000000000000e+04 4.515700000000000000e+04 2.179378306795842946e+01 5.200000000000000000e+01
-1.000000000000000000e+01 1.240000000000000000e+02 6.500000000000000000e+01 4.773800000000000000e+04 4.762600000000000000e+04 4.897000000000000000e+04 4.518900000000000000e+04 2.180345387099077925e+01 5.400000000000000000e+01
-1.400000000000000000e+01 2.310000000000000000e+02 5.800000000000000000e+01 4.842400000000000000e+04 4.613000000000000000e+04 4.821700000000000000e+04 4.630600000000000000e+04 2.181397791096242145e+01 5.400000000000000000e+01
-5.400000000000000000e+01 3.120000000000000000e+02 7.200000000000000000e+01 4.847800000000000000e+04 4.562300000000000000e+04 4.800600000000000000e+04 4.658300000000000000e+04 2.182389825599966571e+01 5.400000000000000000e+01
-1.010000000000000000e+02 3.590000000000000000e+02 6.100000000000000000e+01 4.868000000000000000e+04 4.513900000000000000e+04 4.760800000000000000e+04 4.668200000000000000e+04 2.183351970999501646e+01 5.400000000000000000e+01
-1.480000000000000000e+02 2.820000000000000000e+02 6.700000000000000000e+01 4.796700000000000000e+04 4.575900000000000000e+04 4.831300000000000000e+04 4.588300000000000000e+04 2.184396964201005176e+01 5.400000000000000000e+01
-1.710000000000000000e+02 1.050000000000000000e+02 6.100000000000000000e+01 4.619700000000000000e+04 4.617300000000000000e+04 4.980700000000000000e+04 4.519800000000000000e+04 2.185369598999386653e+01 4.900000000000000000e+01
-1.950000000000000000e+02 -5.200000000000000000e+01 7.000000000000000000e+01 4.578800000000000000e+04 4.516000000000000000e+04 5.092700000000000000e+04 4.505900000000000000e+04 2.186343192501226440e+01 4.900000000000000000e+01
-1.270000000000000000e+02 -1.810000000000000000e+02 5.100000000000000000e+01 4.564500000000000000e+04 4.742900000000000000e+04 4.993400000000000000e+04 4.368200000000000000e+04 2.187393619696376845e+01 4.900000000000000000e+01
-9.600000000000000000e+01 -2.880000000000000000e+02 7.500000000000000000e+01 4.515700000000000000e+04 4.711100000000000000e+04 5.095400000000000000e+04 4.284500000000000000e+04 2.188357455399818718e+01 4.900000000000000000e+01
-6.200000000000000000e+01 -3.850000000000000000e+02 9.000000000000000000e+01 4.462600000000000000e+04 4.786900000000000000e+04 5.091000000000000000e+04 4.224900000000000000e+04 2.189338744396809489e+01 5.100000000000000000e+01
-5.200000000000000000e+01 -4.120000000000000000e+02 8.600000000000000000e+01 4.407400000000000000e+04 4.735800000000000000e+04 5.234600000000000000e+04 4.073300000000000000e+04 2.190429412497906014e+01 5.100000000000000000e+01
-4.300000000000000000e+01 -3.280000000000000000e+02 8.300000000000000000e+01 4.470700000000000000e+04 4.807100000000000000e+04 5.041600000000000000e+04 4.168800000000000000e+04 2.191386955697089434e+01 5.100000000000000000e+01
-2.800000000000000000e+01 -2.840000000000000000e+02 5.800000000000000000e+01 4.410900000000000000e+04 4.799900000000000000e+04 5.069700000000000000e+04 4.154700000000000000e+04 2.192375516798347235e+01 5.100000000000000000e+01
-6.500000000000000000e+01 -1.350000000000000000e+02 6.300000000000000000e+01 4.390300000000000000e+04 4.644400000000000000e+04 5.070900000000000000e+04 4.292500000000000000e+04 2.193341867497656494e+01 4.800000000000000000e+01
-4.800000000000000000e+01 6.100000000000000000e+01 6.800000000000000000e+01 4.579700000000000000e+04 4.590400000000000000e+04 4.934100000000000000e+04 4.380700000000000000e+04 2.194392014399636537e+01 4.800000000000000000e+01
3.400000000000000000e+01 2.470000000000000000e+02 6.700000000000000000e+01 4.723200000000000000e+04 4.538200000000000000e+04 4.800600000000000000e+04 4.413900000000000000e+04 2.195347383397165686e+01 4.800000000000000000e+01
1.550000000000000000e+02 4.220000000000000000e+02 5.800000000000000000e+01 4.851100000000000000e+04 4.476500000000000000e+04 4.655900000000000000e+04 4.457400000000000000e+04 2.196328685199841857e+01 4.800000000000000000e+01
2.170000000000000000e+02 5.090000000000000000e+02 8.200000000000000000e+01 4.925100000000000000e+04 4.465200000000000000e+04 4.548900000000000000e+04 4.451800000000000000e+04 2.197378367499914020e+01 4.800000000000000000e+01
2.150000000000000000e+02 5.350000000000000000e+02 6.700000000000000000e+01 4.956800000000000000e+04 4.417700000000000000e+04 4.501000000000000000e+04 4.473300000000000000e+04 2.198354114196263254e+01 4.900000000000000000e+01
1.750000000000000000e+02 4.010000000000000000e+02 4.900000000000000000e+01 4.843400000000000000e+04 4.413700000000000000e+04 4.619200000000000000e+04 4.470100000000000000e+04 2.199396924098255113e+01 4.900000000000000000e+01
9.700000000000000000e+01 2.400000000000000000e+02 5.800000000000000000e+01 4.770800000000000000e+04 4.488600000000000000e+04 4.709600000000000000e+04 4.394300000000000000e+04 2.200357810896821320e+01 4.900000000000000000e+01
3.400000000000000000e+01 5.000000000000000000e+00 6.700000000000000000e+01 4.588600000000000000e+04 4.592400000000000000e+04 4.864800000000000000e+04 4.255000000000000000e+04 2.201345611299620941e+01 4.900000000000000000e+01
-7.300000000000000000e+01 -1.780000000000000000e+02 6.300000000000000000e+01 4.493900000000000000e+04 4.622300000000000000e+04 4.958600000000000000e+04 4.212200000000000000e+04 2.202377417596289888e+01 5.400000000000000000e+01
-1.550000000000000000e+02 -3.200000000000000000e+02 7.600000000000000000e+01 4.300400000000000000e+04 4.630100000000000000e+04 5.099000000000000000e+04 4.129200000000000000e+04 2.203349875297863036e+01 5.400000000000000000e+01
-2.430000000000000000e+02 -4.720000000000000000e+02 6.800000000000000000e+01 4.128700000000000000e+04 4.646300000000000000e+04 5.194100000000000000e+04 4.114100000000000000e+04 2.204331172798993066e+01 5.400000000000000000e+01
-3.330000000000000000e+02 -5.480000000000000000e+02 6.900000000000000000e+01 4.024700000000000000e+04 4.631600000000000000e+04 5.244200000000000000e+04 4.136100000000000000e+04 2.205382679100148380e+01 5.400000000000000000e+01
-3.510000000000000000e+02 -5.810000000000000000e+02 4.500000000000000000e+01 3.971900000000000000e+04 4.676100000000000000e+04 5.264500000000000000e+04 4.078600000000000000e+04 2.206344142096349970e+01 5.400000000000000000e+01
-3.440000000000000000e+02 -5.000000000000000000e+02 3.900000000000000000e+01 4.008600000000000000e+04 4.606200000000000000e+04 5.233000000000000000e+04 4.169700000000000000e+04 2.207390500296605751e+01 5.600000000000000000e+01
-2.450000000000000000e+02 -3.450000000000000000e+02 2.900000000000000000e+01 4.180600000000000000e+04 4.556700000000000000e+04 5.111100000000000000e+04 4.198900000000000000e+04 2.208354425500147045e+01 5.600000000000000000e+01
-1.360000000000000000e+02 -1.230000000000000000e+02 1.600000000000000000e+01 4.347300000000000000e+04 4.507500000000000000e+04 4.982400000000000000e+04 4.255300000000000000e+04 2.209326349600451067e+01 5.600000000000000000e+01
