1.000000000000000000e+00 -5.000000000000000000e+00 0.000000000000000000e+00 4.637200000000000000e+04 4.906000000000000000e+04 5.004900000000000000e+04 4.586200000000000000e+04 2.750012454303214327e+01 8.050000000000000000e+02
-1.400000000000000000e+01 1.600000000000000000e+01 -6.000000000000000000e+00 4.628300000000000000e+04 4.923600000000000000e+04 5.001300000000000000e+04 4.532700000000000000e+04 2.750977784499991685e+01 8.050000000000000000e+02
-2.200000000000000000e+01 2.600000000000000000e+01 -3.000000000000000000e+00 4.619900000000000000e+04 4.905900000000000000e+04 5.000200000000000000e+04 4.574400000000000000e+04 2.751907041703816503e+01 8.050000000000000000e+02
-3.700000000000000000e+01 3.900000000000000000e+01 -6.000000000000000000e+00 4.619400000000000000e+04 4.881100000000000000e+04 5.005900000000000000e+04 4.596400000000000000e+04 2.753066427400335670e+01 8.050000000000000000e+02
-2.400000000000000000e+01 5.100000000000000000e+01 -7.000000000000000000e+00 4.658300000000000000e+04 4.882400000000000000e+04 4.978800000000000000e+04 4.609000000000000000e+04 2.753919022303307429e+01 8.070000000000000000e+02
5.000000000000000000e+00 4.900000000000000000e+01 -2.000000000000000000e+00 4.592800000000000000e+04 4.868200000000000000e+04 4.990600000000000000e+04 4.584700000000000000e+04 2.754929604998324066e+01 8.070000000000000000e+02
2.000000000000000000e+01 2.200000000000000000e+01 -7.000000000000000000e+00 4.653100000000000000e+04 4.881700000000000000e+04 4.962700000000000000e+04 4.566900000000000000e+04 2.755921945901354775e+01 8.070000000000000000e+02
8.400000000000000000e+01 8.000000000000000000e+00 0.000000000000000000e+00 4.646200000000000000e+04 4.952000000000000000e+04 4.960800000000000000e+04 4.494100000000000000e+04 2.756916516198543832e+01 8.070000000000000000e+02
9.600000000000000000e+01 -2.000000000000000000e+00 -6.000000000000000000e+00 4.652100000000000000e+04 4.959300000000000000e+04 4.964400000000000000e+04 4.492400000000000000e+04 2.757943076500669122e+01 8.010000000000000000e+02
1.410000000000000000e+02 -1.100000000000000000e+01 -4.000000000000000000e+00 4.696000000000000000e+04 5.017300000000000000e+04 4.944700000000000000e+04 4.463100000000000000e+04 2.758937755500664935e+01 8.010000000000000000e+02
1.210000000000000000e+02 -2.000000000000000000e+01 -1.000000000000000000e+01 4.628500000000000000e+04 5.016200000000000000e+04 5.015100000000000000e+04 4.457400000000000000e+04 2.759905212302692235e+01 8.010000000000000000e+02
1.040000000000000000e+02 -1.400000000000000000e+01 -1.200000000000000000e+01 4.670400000000000000e+04 5.012800000000000000e+04 4.980100000000000000e+04 4.467800000000000000e+04 2.760878839198267087e+01 8.010000000000000000e+02
8.300000000000000000e+01 3.600000000000000000e+01 -1.700000000000000000e+01 4.745200000000000000e+04 4.947600000000000000e+04 4.906700000000000000e+04 4.564300000000000000e+04 2.761891183303669095e+01 8.010000000000000000e+02
3.300000000000000000e+01 3.300000000000000000e+01 -9.000000000000000000e+00 4.672300000000000000e+04 4.952800000000000000e+04 4.988700000000000000e+04 4.562200000000000000e+04 2.762892519100569189e+01 8.010000000000000000e+02
-4.300000000000000000e+01 3.300000000000000000e+01 -4.000000000000000000e+00 4.604500000000000000e+04 4.887500000000000000e+04 5.047500000000000000e+04 4.652400000000000000e+04 2.763897293701302260e+01 8.010000000000000000e+02
-6.500000000000000000e+01 2.900000000000000000e+01 5.000000000000000000e+00 4.621300000000000000e+04 4.912200000000000000e+04 5.053000000000000000e+04 4.646300000000000000e+04 2.764922020299127325e+01 8.010000000000000000e+02
-8.200000000000000000e+01 3.100000000000000000e+01 6.000000000000000000e+00 4.627400000000000000e+04 4.907300000000000000e+04 5.058600000000000000e+04 4.646000000000000000e+04 2.765865542698884383e+01 8.010000000000000000e+02
-7.000000000000000000e+01 3.900000000000000000e+01 8.000000000000000000e+00 4.653700000000000000e+04 4.908700000000000000e+04 5.039100000000000000e+04 4.651000000000000000e+04 2.766877808101708069e+01 8.010000000000000000e+02
-5.100000000000000000e+01 2.900000000000000000e+01 7.000000000000000000e+00 4.675100000000000000e+04 4.933900000000000000e+04 5.011800000000000000e+04 4.606100000000000000e+04 2.767864908801857382e+01 8.010000000000000000e+02
-2.600000000000000000e+01 1.700000000000000000e+01 6.000000000000000000e+00 4.653400000000000000e+04 4.932100000000000000e+04 5.031500000000000000e+04 4.604100000000000000e+04 2.768936859699897468e+01 8.010000000000000000e+02
4.000000000000000000e+00 1.900000000000000000e+01 9.000000000000000000e+00 4.692100000000000000e+04 4.986300000000000000e+04 4.998100000000000000e+04 4.535900000000000000e+04 2.769908658100757748e+01 8.010000000000000000e+02
1.200000000000000000e+01 1.300000000000000000e+01 -5.000000000000000000e+00 4.649100000000000000e+04 4.965700000000000000e+04 5.026000000000000000e+04 4.563100000000000000e+04 2.770898560900241137e+01 8.010000000000000000e+02
6.100000000000000000e+01 0.000000000000000000e+00 1.500000000000000000e+01 4.667500000000000000e+04 5.014600000000000000e+04 4.993600000000000000e+04 4.471800000000000000e+04 2.771883094101212919e+01 8.010000000000000000e+02
5.500000000000000000e+01 0.000000000000000000e+00 -2.000000000000000000e+00 4.679200000000000000e+04 5.003600000000000000e+04 4.980900000000000000e+04 4.485300000000000000e+04 2.772847060003550723e+01 8.010000000000000000e+02
4.700000000000000000e+01 3.400000000000000000e+01 9.000000000000000000e+00 4.712300000000000000e+04 4.968800000000000000e+04 4.948800000000000000e+04 4.497900000000000000e+04 2.773860320902895182e+01 8.010000000000000000e+02
3.000000000000000000e+01 4.900000000000000000e+01 2.000000000000000000e+00 4.653700000000000000e+04 4.958300000000000000e+04 4.987900000000000000e+04 4.529300000000000000e+04 2.774946114904014394e+01 8.020000000000000000e+02
1.700000000000000000e+01 6.000000000000000000e+01 4.000000000000000000e+00 4.713200000000000000e+04 4.900800000000000000e+04 4.916200000000000000e+04 4.545900000000000000e+04 2.775923238298855722e+01 8.020000000000000000e+02
2.000000000000000000e+00 6.800000000000000000e+01 1.400000000000000000e+01 4.706200000000000000e+04 4.889900000000000000e+04 4.919500000000000000e+04 4.560200000000000000e+04 2.776885225903242826e+01 8.020000000000000000e+02
-2.300000000000000000e+01 3.400000000000000000e+01 1.600000000000000000e+01 4.658500000000000000e+04 4.892500000000000000e+04 4.963800000000000000e+04 4.555900000000000000e+04 2.777919258299516514e+01 8.020000000000000000e+02
-4.500000000000000000e+01 1.100000000000000000e+01 2.700000000000000000e+01 4.664100000000000000e+04 4.898000000000000000e+04 4.969300000000000000e+04 4.538800000000000000e+04 2.778870820999145508e+01 8.020000000000000000e+02
-7.500000000000000000e+01 -1.600000000000000000e+01 1.700000000000000000e+01 4.611400000000000000e+04 4.895800000000000000e+04 5.010700000000000000e+04 4.548100000000000000e+04 2.779884438402950764e+01 8.030000000000000000e+02
-7.000000000000000000e+01 -5.400000000000000000e+01 2.800000000000000000e+01 4.574300000000000000e+04 4.937200000000000000e+04 5.013800000000000000e+04 4.452500000000000000e+04 2.780928201798815280e+01 8.030000000000000000e+02
-9.100000000000000000e+01 -7.500000000000000000e+01 2.400000000000000000e+01 4.546100000000000000e+04 4.915500000000000000e+04 5.041500000000000000e+04 4.476100000000000000e+04 2.781985607702517882e+01 8.030000000000000000e+02
-8.600000000000000000e+01 -1.030000000000000000e+02 2.200000000000000000e+01 4.544500000000000000e+04 4.954200000000000000e+04 5.045100000000000000e+04 4.433200000000000000e+04 2.782956199999898672e+01 8.030000000000000000e+02
-9.100000000000000000e+01 -1.210000000000000000e+02 2.500000000000000000e+01 4.527000000000000000e+04 4.927500000000000000e+04 5.058900000000000000e+04 4.468100000000000000e+04 2.783881439402466640e+01 8.040000000000000000e+02
-6.600000000000000000e+01 -1.060000000000000000e+02 1.900000000000000000e+01 4.607200000000000000e+04 4.944100000000000000e+04 4.968100000000000000e+04 4.404000000000000000e+04 2.784944884601281956e+01 8.040000000000000000e+02
-8.100000000000000000e+01 -7.400000000000000000e+01 1.700000000000000000e+01 4.668200000000000000e+04 4.895200000000000000e+04 4.901700000000000000e+04 4.442000000000000000e+04 2.785935754101956263e+01 8.040000000000000000e+02
-8.500000000000000000e+01 -5.500000000000000000e+01 2.400000000000000000e+01 4.610400000000000000e+04 4.890500000000000000e+04 4.955500000000000000e+04 4.444100000000000000e+04 2.786925458698533475e+01 8.040000000000000000e+02
-1.210000000000000000e+02 -3.100000000000000000e+01 1.800000000000000000e+01 4.600400000000000000e+04 4.860000000000000000e+04 4.953800000000000000e+04 4.502800000000000000e+04 2.788083569303853437e+01 8.030000000000000000e+02
-1.380000000000000000e+02 -1.900000000000000000e+01 1.900000000000000000e+01 4.608300000000000000e+04 4.867600000000000000e+04 4.953200000000000000e+04 4.464000000000000000e+04 2.788889568502781913e+01 8.030000000000000000e+02
-1.290000000000000000e+02 -2.700000000000000000e+01 3.000000000000000000e+01 4.603500000000000000e+04 4.857900000000000000e+04 4.963800000000000000e+04 4.489900000000000000e+04 2.789853050903184339e+01 8.030000000000000000e+02
-1.210000000000000000e+02 -4.000000000000000000e+01 4.000000000000000000e+01 4.618400000000000000e+04 4.814000000000000000e+04 4.959400000000000000e+04 4.529700000000000000e+04 2.790936251200037077e+01 8.030000000000000000e+02
-1.470000000000000000e+02 -8.200000000000000000e+01 4.000000000000000000e+01 4.658300000000000000e+04 4.813000000000000000e+04 4.937600000000000000e+04 4.538800000000000000e+04 2.791905294399475679e+01 8.030000000000000000e+02
-1.480000000000000000e+02 -1.020000000000000000e+02 3.900000000000000000e+01 4.615900000000000000e+04 4.833400000000000000e+04 4.963700000000000000e+04 4.473900000000000000e+04 2.792826290603261441e+01 8.050000000000000000e+02
-1.400000000000000000e+02 -1.580000000000000000e+02 4.900000000000000000e+01 4.596900000000000000e+04 4.849700000000000000e+04 4.985900000000000000e+04 4.459200000000000000e+04 2.793851595703745261e+01 8.050000000000000000e+02
-1.190000000000000000e+02 -1.880000000000000000e+02 4.300000000000000000e+01 4.554700000000000000e+04 4.908000000000000000e+04 5.031600000000000000e+04 4.388000000000000000e+04 2.794864372198935598e+01 8.050000000000000000e+02
-9.600000000000000000e+01 -2.080000000000000000e+02 5.000000000000000000e+01 4.591800000000000000e+04 4.899100000000000000e+04 5.013600000000000000e+04 4.392100000000000000e+04 2.795877686201129109e+01 8.050000000000000000e+02
-9.900000000000000000e+01 -2.390000000000000000e+02 3.700000000000000000e+01 4.609500000000000000e+04 4.884400000000000000e+04 5.007900000000000000e+04 4.410200000000000000e+04 2.796873483603121713e+01 8.080000000000000000e+02
-1.050000000000000000e+02 -2.240000000000000000e+02 2.700000000000000000e+01 4.582500000000000000e+04 4.832700000000000000e+04 4.977900000000000000e+04 4.437900000000000000e+04 2.797919194103451446e+01 8.080000000000000000e+02
-8.700000000000000000e+01 -2.260000000000000000e+02 3.400000000000000000e+01 4.559400000000000000e+04 4.878600000000000000e+04 5.003700000000000000e+04 4.391500000000000000e+04 2.798899361403891817e+01 8.080000000000000000e+02
-7.600000000000000000e+01 -2.410000000000000000e+02 4.400000000000000000e+01 4.574000000000000000e+04 4.897600000000000000e+04 5.006100000000000000e+04 4.362900000000000000e+04 2.799875005200738087e+01 8.080000000000000000e+02
-6.600000000000000000e+01 -2.290000000000000000e+02 4.400000000000000000e+01 4.612800000000000000e+04 4.874000000000000000e+04 4.988400000000000000e+04 4.386400000000000000e+04 2.800909136899281293e+01 8.050000000000000000e+02
-5.300000000000000000e+01 -1.800000000000000000e+02 2.700000000000000000e+01 4.669200000000000000e+04 4.854000000000000000e+04 4.939400000000000000e+04 4.423800000000000000e+04 2.801880964200245216e+01 8.050000000000000000e+02
-4.800000000000000000e+01 -1.690000000000000000e+02 4.700000000000000000e+01 4.646500000000000000e+04 4.865800000000000000e+04 4.959000000000000000e+04 4.428900000000000000e+04 2.802860210003564134e+01 8.050000000000000000e+02
-7.000000000000000000e+01 -1.410000000000000000e+02 3.300000000000000000e+01 4.617500000000000000e+04 4.837400000000000000e+04 4.995200000000000000e+04 4.469300000000000000e+04 2.803887453000061214e+01 8.050000000000000000e+02
-6.500000000000000000e+01 -1.390000000000000000e+02 2.800000000000000000e+01 4.666000000000000000e+04 4.817300000000000000e+04 4.961700000000000000e+04 4.504300000000000000e+04 2.804907233302947134e+01 8.050000000000000000e+02
-9.000000000000000000e+01 -1.260000000000000000e+02 3.200000000000000000e+01 4.664200000000000000e+04 4.790200000000000000e+04 4.971300000000000000e+04 4.544800000000000000e+04 2.805884676001733169e+01 8.050000000000000000e+02
-7.900000000000000000e+01 -1.460000000000000000e+02 2.300000000000000000e+01 4.667400000000000000e+04 4.844100000000000000e+04 4.982800000000000000e+04 4.493500000000000000e+04 2.806854765000753105e+01 8.050000000000000000e+02
-6.800000000000000000e+01 -1.590000000000000000e+02 2.500000000000000000e+01 4.653800000000000000e+04 4.898100000000000000e+04 5.014700000000000000e+04 4.454800000000000000e+04 2.807900972000788897e+01 8.050000000000000000e+02
-6.000000000000000000e+01 -2.010000000000000000e+02 7.000000000000000000e+00 4.572900000000000000e+04 4.917900000000000000e+04 5.081900000000000000e+04 4.449000000000000000e+04 2.808831784798530862e+01 8.050000000000000000e+02
-5.000000000000000000e+01 -2.360000000000000000e+02 1.100000000000000000e+01 4.606500000000000000e+04 4.931300000000000000e+04 5.052900000000000000e+04 4.451000000000000000e+04 2.809915088099660352e+01 8.040000000000000000e+02
-3.000000000000000000e+01 -2.120000000000000000e+02 6.000000000000000000e+00 4.661900000000000000e+04 4.884900000000000000e+04 5.017800000000000000e+04 4.508400000000000000e+04 2.810839489602949470e+01 8.040000000000000000e+02
-4.000000000000000000e+00 -2.160000000000000000e+02 1.100000000000000000e+01 4.706500000000000000e+04 4.930100000000000000e+04 4.985800000000000000e+04 4.464000000000000000e+04 2.811860349902417511e+01 8.040000000000000000e+02
1.300000000000000000e+01 -2.320000000000000000e+02 1.400000000000000000e+01 4.678400000000000000e+04 4.911200000000000000e+04 5.014700000000000000e+04 4.499000000000000000e+04 2.812909405503887683e+01 8.040000000000000000e+02
1.400000000000000000e+01 -2.200000000000000000e+02 6.000000000000000000e+00 4.680800000000000000e+04 4.949200000000000000e+04 5.020900000000000000e+04 4.461900000000000000e+04 2.813893047103192657e+01 8.050000000000000000e+02
1.700000000000000000e+01 -1.850000000000000000e+02 0.000000000000000000e+00 4.685800000000000000e+04 4.976300000000000000e+04 5.004300000000000000e+04 4.413900000000000000e+04 2.814842532598413527e+01 8.050000000000000000e+02
-2.400000000000000000e+01 -1.960000000000000000e+02 -2.000000000000000000e+00 4.612000000000000000e+04 4.930900000000000000e+04 5.071300000000000000e+04 4.475500000000000000e+04 2.815876030101208016e+01 8.050000000000000000e+02
-5.000000000000000000e+00 -1.790000000000000000e+02 3.000000000000000000e+00 4.687200000000000000e+04 4.931900000000000000e+04 5.016900000000000000e+04 4.477700000000000000e+04 2.816876963101094589e+01 8.050000000000000000e+02
-5.000000000000000000e+00 -1.150000000000000000e+02 9.000000000000000000e+00 4.774500000000000000e+04 4.903400000000000000e+04 4.944900000000000000e+04 4.515400000000000000e+04 2.817839815898332745e+01 8.030000000000000000e+02
-1.700000000000000000e+01 -1.420000000000000000e+02 1.000000000000000000e+01 4.686900000000000000e+04 4.914200000000000000e+04 5.024100000000000000e+04 4.509500000000000000e+04 2.818897567800013348e+01 8.030000000000000000e+02
-1.800000000000000000e+01 -1.370000000000000000e+02 1.500000000000000000e+01 4.698100000000000000e+04 4.933700000000000000e+04 5.035300000000000000e+04 4.508500000000000000e+04 2.819919865200063214e+01 8.030000000000000000e+02
-2.600000000000000000e+01 -9.300000000000000000e+01 1.900000000000000000e+01 4.750400000000000000e+04 4.859100000000000000e+04 5.014600000000000000e+04 4.572800000000000000e+04 2.820853675802936777e+01 8.030000000000000000e+02
-4.700000000000000000e+01 -9.700000000000000000e+01 7.000000000000000000e+00 4.692100000000000000e+04 4.887200000000000000e+04 5.057700000000000000e+04 4.562300000000000000e+04 2.821866227901773527e+01 8.030000000000000000e+02
-5.600000000000000000e+01 -1.130000000000000000e+02 2.500000000000000000e+01 4.717500000000000000e+04 4.940300000000000000e+04 5.056100000000000000e+04 4.509600000000000000e+04 2.822868607100099325e+01 8.000000000000000000e+02
-1.800000000000000000e+01 -1.290000000000000000e+02 2.000000000000000000e+01 4.736200000000000000e+04 4.911400000000000000e+04 5.050200000000000000e+04 4.556200000000000000e+04 2.823887777503114194e+01 8.000000000000000000e+02
-8.000000000000000000e+00 -1.660000000000000000e+02 2.200000000000000000e+01 4.702500000000000000e+04 5.013000000000000000e+04 5.081500000000000000e+04 4.432600000000000000e+04 2.824907053401693702e+01 8.000000000000000000e+02
2.300000000000000000e+01 -1.330000000000000000e+02 1.500000000000000000e+01 4.747800000000000000e+04 4.978100000000000000e+04 5.057000000000000000e+04 4.472900000000000000e+04 2.825844809302361682e+01 8.000000000000000000e+02
1.700000000000000000e+01 -1.560000000000000000e+02 2.300000000000000000e+01 4.740400000000000000e+04 4.933300000000000000e+04 5.067900000000000000e+04 4.524500000000000000e+04 2.826869541802443564e+01 7.960000000000000000e+02
2.500000000000000000e+01 -1.230000000000000000e+02 2.300000000000000000e+01 4.772700000000000000e+04 4.945400000000000000e+04 5.059400000000000000e+04 4.555600000000000000e+04 2.827894431701861322e+01 7.960000000000000000e+02
4.800000000000000000e+01 -1.540000000000000000e+02 3.300000000000000000e+01 4.740400000000000000e+04 5.008800000000000000e+04 5.120000000000000000e+04 4.475100000000000000e+04 2.828857976204017177e+01 7.960000000000000000e+02
1.000000000000000000e+00 -1.160000000000000000e+02 3.000000000000000000e+01 4.756600000000000000e+04 4.957000000000000000e+04 5.099900000000000000e+04 4.551000000000000000e+04 2.829887725302251056e+01 7.960000000000000000e+02
4.200000000000000000e+01 -8.400000000000000000e+01 3.200000000000000000e+01 4.812500000000000000e+04 4.960500000000000000e+04 5.076700000000000000e+04 4.517000000000000000e+04 2.830869020498357713e+01 7.930000000000000000e+02
-1.500000000000000000e+01 -6.200000000000000000e+01 1.400000000000000000e+01 4.754700000000000000e+04 4.911900000000000000e+04 5.114200000000000000e+04 4.668000000000000000e+04 2.831833665602607653e+01 7.930000000000000000e+02
-3.800000000000000000e+01 -1.100000000000000000e+01 9.000000000000000000e+00 4.780900000000000000e+04 4.921800000000000000e+04 5.110900000000000000e+04 4.632400000000000000e+04 2.832874052901752293e+01 7.930000000000000000e+02
-3.000000000000000000e+01 -1.100000000000000000e+01 2.200000000000000000e+01 4.794400000000000000e+04 4.952100000000000000e+04 5.099100000000000000e+04 4.632400000000000000e+04 2.833900665701366961e+01 7.930000000000000000e+02
-3.300000000000000000e+01 1.000000000000000000e+00 2.900000000000000000e+01 4.778900000000000000e+04 4.974000000000000000e+04 5.141600000000000000e+04 4.573900000000000000e+04 2.834835882403422147e+01 7.930000000000000000e+02
-1.400000000000000000e+01 -4.700000000000000000e+01 2.900000000000000000e+01 4.784000000000000000e+04 4.963700000000000000e+04 5.185200000000000000e+04 4.663900000000000000e+04 2.835825037601171061e+01 7.870000000000000000e+02
-2.000000000000000000e+01 -4.300000000000000000e+01 1.800000000000000000e+01 4.871100000000000000e+04 4.877500000000000000e+04 5.086600000000000000e+04 4.752500000000000000e+04 2.836828116799006239e+01 7.870000000000000000e+02
-4.800000000000000000e+01 -5.300000000000000000e+01 6.000000000000000000e+00 4.826600000000000000e+04 4.904100000000000000e+04 5.147700000000000000e+04 4.727500000000000000e+04 2.837910850398475304e+01 7.870000000000000000e+02
-3.600000000000000000e+01 -8.300000000000000000e+01 3.100000000000000000e+01 4.806000000000000000e+04 4.973800000000000000e+04 5.160600000000000000e+04 4.653500000000000000e+04 2.838879936299053952e+01 7.870000000000000000e+02
-2.600000000000000000e+01 -8.100000000000000000e+01 1.200000000000000000e+01 4.770300000000000000e+04 5.040800000000000000e+04 5.186900000000000000e+04 4.568600000000000000e+04 2.839897970098536462e+01 7.810000000000000000e+02
-1.400000000000000000e+01 -8.100000000000000000e+01 9.000000000000000000e+00 4.771000000000000000e+04 5.022900000000000000e+04 5.250700000000000000e+04 4.663400000000000000e+04 2.840835143101867288e+01 7.810000000000000000e+02
-1.100000000000000000e+01 -7.200000000000000000e+01 1.000000000000000000e+01 4.827000000000000000e+04 5.012500000000000000e+04 5.200400000000000000e+04 4.674900000000000000e+04 2.841896982799516991e+01 7.810000000000000000e+02
1.000000000000000000e+00 -6.700000000000000000e+01 1.200000000000000000e+01 4.828500000000000000e+04 5.043800000000000000e+04 5.213200000000000000e+04 4.643400000000000000e+04 2.842877796798711643e+01 7.810000000000000000e+02
8.000000000000000000e+00 -6.000000000000000000e+01 1.900000000000000000e+01 4.821800000000000000e+04 5.067500000000000000e+04 5.213500000000000000e+04 4.614000000000000000e+04 2.843821783800376579e+01 7.740000000000000000e+02
1.000000000000000000e+00 -4.400000000000000000e+01 -1.000000000000000000e+00 4.871200000000000000e+04 5.110900000000000000e+04 5.243900000000000000e+04 4.665400000000000000e+04 2.844844421598827466e+01 7.740000000000000000e+02
-2.000000000000000000e+00 -4.000000000000000000e+01 1.100000000000000000e+01 4.846500000000000000e+04 5.087000000000000000e+04 5.259100000000000000e+04 4.693900000000000000e+04 2.845826767099788412e+01 7.740000000000000000e+02
-2.200000000000000000e+01 2.400000000000000000e+01 5.000000000000000000e+00 4.880900000000000000e+04 5.043700000000000000e+04 5.240700000000000000e+04 4.755500000000000000e+04 2.846838381601264700e+01 7.740000000000000000e+02
-3.100000000000000000e+01 3.300000000000000000e+01 -6.000000000000000000e+00 4.872100000000000000e+04 5.031500000000000000e+04 5.236900000000000000e+04 4.767400000000000000e+04 2.847818455699598417e+01 7.740000000000000000e+02
-2.000000000000000000e+01 3.800000000000000000e+01 -4.000000000000000000e+00 4.917100000000000000e+04 5.093100000000000000e+04 5.283800000000000000e+04 4.809900000000000000e+04 2.848811736202333122e+01 7.660000000000000000e+02
-9.000000000000000000e+00 1.600000000000000000e+01 -1.000000000000000000e+00 4.921000000000000000e+04 5.080500000000000000e+04 5.278100000000000000e+04 4.815000000000000000e+04 2.849805169703904539e+01 7.660000000000000000e+02
1.000000000000000000e+01 2.000000000000000000e+00 9.000000000000000000e+00 4.941300000000000000e+04 5.160800000000000000e+04 5.271900000000000000e+04 4.725900000000000000e+04 2.850791316403774545e+01 7.660000000000000000e+02
3.800000000000000000e+01 -4.000000000000000000e+00 9.000000000000000000e+00 4.928900000000000000e+04 5.157500000000000000e+04 5.270000000000000000e+04 4.724100000000000000e+04 2.851839273300720379e+01 7.660000000000000000e+02
3.300000000000000000e+01 -7.000000000000000000e+00 -1.200000000000000000e+01 4.941900000000000000e+04 5.182700000000000000e+04 5.344000000000000000e+04 4.811000000000000000e+04 2.852915306802606210e+01 7.580000000000000000e+02
3.700000000000000000e+01 -1.900000000000000000e+01 2.000000000000000000e+00 4.950500000000000000e+04 5.210500000000000000e+04 5.326500000000000000e+04 4.766800000000000000e+04 2.853840522200334817e+01 7.580000000000000000e+02
4.600000000000000000e+01 -5.000000000000000000e+00 -9.000000000000000000e+00 4.962200000000000000e+04 5.175300000000000000e+04 5.327600000000000000e+04 4.798700000000000000e+04 2.854809768701670691e+01 7.580000000000000000e+02
5.200000000000000000e+01 4.000000000000000000e+00 -1.700000000000000000e+01 4.927500000000000000e+04 5.169900000000000000e+04 5.338100000000000000e+04 4.793600000000000000e+04 2.855793697602348402e+01 7.580000000000000000e+02
8.500000000000000000e+01 4.200000000000000000e+01 1.000000000000000000e+00 4.979300000000000000e+04 5.164200000000000000e+04 5.275100000000000000e+04 4.784600000000000000e+04 2.856794191902736202e+01 2.300000000000000000e+01
7.100000000000000000e+01 9.000000000000000000e+01 -1.000000000000000000e+00 4.920500000000000000e+04 5.076200000000000000e+04 5.217300000000000000e+04 4.740100000000000000e+04 2.857782016700366512e+01 2.300000000000000000e+01
7.100000000000000000e+01 8.700000000000000000e+01 -7.000000000000000000e+00 4.911600000000000000e+04 5.031000000000000000e+04 5.204800000000000000e+04 4.785900000000000000e+04 2.858838382898829877e+01 2.300000000000000000e+01
5.100000000000000000e+01 1.370000000000000000e+02 3.000000000000000000e+00 4.869400000000000000e+04 4.969600000000000000e+04 5.209000000000000000e+04 4.789300000000000000e+04 2.859918136603664607e+01 2.300000000000000000e+01
7.400000000000000000e+01 1.550000000000000000e+02 6.000000000000000000e+00 4.902800000000000000e+04 5.021000000000000000e+04 5.166800000000000000e+04 4.718400000000000000e+04 2.860843605903210118e+01 2.300000000000000000e+01
6.900000000000000000e+01 1.890000000000000000e+02 -1.000000000000000000e+00 4.646600000000000000e+04 4.784100000000000000e+04 4.942800000000000000e+04 4.460000000000000000e+04 2.861841062799794599e+01 5.700000000000000000e+01
7.700000000000000000e+01 1.720000000000000000e+02 -1.000000000000000000e+00 4.690600000000000000e+04 4.807900000000000000e+04 4.898200000000000000e+04 4.436300000000000000e+04 2.862851174600655213e+01 5.700000000000000000e+01
7.500000000000000000e+01 1.920000000000000000e+02 -3.000000000000000000e+00 4.632700000000000000e+04 4.636600000000000000e+04 4.808900000000000000e+04 4.462200000000000000e+04 2.863840395299484953e+01 5.700000000000000000e+01
8.200000000000000000e+01 1.720000000000000000e+02 -1.100000000000000000e+01 4.609100000000000000e+04 4.664600000000000000e+04 4.807300000000000000e+04 4.425000000000000000e+04 2.864813834603410214e+01 5.700000000000000000e+01
1.220000000000000000e+02 7.800000000000000000e+01 4.000000000000000000e+00 4.548900000000000000e+04 4.803700000000000000e+04 4.826100000000000000e+04 4.190600000000000000e+04 2.865804586501326412e+01 8.900000000000000000e+01
1.330000000000000000e+02 6.600000000000000000e+01 -2.000000000000000000e+01 4.195600000000000000e+04 4.369500000000000000e+04 4.507900000000000000e+04 3.977700000000000000e+04 2.866793069202685729e+01 8.900000000000000000e+01
1.400000000000000000e+02 2.800000000000000000e+01 -1.600000000000000000e+01 4.114600000000000000e+04 4.401100000000000000e+04 4.535900000000000000e+04 3.902100000000000000e+04 2.867851677298313007e+01 8.900000000000000000e+01
1.280000000000000000e+02 6.000000000000000000e+00 -2.600000000000000000e+01 4.080400000000000000e+04 4.372100000000000000e+04 4.480200000000000000e+04 3.842000000000000000e+04 2.868848304200218990e+01 8.900000000000000000e+01
1.520000000000000000e+02 -3.500000000000000000e+01 -4.000000000000000000e+00 4.068900000000000000e+04 4.449700000000000000e+04 4.484200000000000000e+04 3.690700000000000000e+04 2.869818103301804513e+01 9.400000000000000000e+01
1.300000000000000000e+02 -5.100000000000000000e+01 -8.000000000000000000e+00 3.737100000000000000e+04 4.245200000000000000e+04 4.408900000000000000e+04 3.546800000000000000e+04 2.870824028301285580e+01 9.400000000000000000e+01
1.120000000000000000e+02 -3.900000000000000000e+01 -1.000000000000000000e+00 3.791700000000000000e+04 4.226100000000000000e+04 4.378000000000000000e+04 3.541500000000000000e+04 2.871801218600012362e+01 9.400000000000000000e+01
1.070000000000000000e+02 -1.700000000000000000e+01 1.100000000000000000e+01 3.846700000000000000e+04 4.200600000000000000e+04 4.325500000000000000e+04 3.549700000000000000e+04 2.872806509601650760e+01 9.400000000000000000e+01
9.100000000000000000e+01 2.700000000000000000e+01 2.200000000000000000e+01 3.848800000000000000e+04 4.152400000000000000e+04 4.303000000000000000e+04 3.596600000000000000e+04 2.873786853800993413e+01 9.400000000000000000e+01
7.200000000000000000e+01 7.300000000000000000e+01 1.100000000000000000e+01 3.705200000000000000e+04 4.129100000000000000e+04 4.170400000000000000e+04 3.490600000000000000e+04 2.874778873001923785e+01 1.050000000000000000e+02
6.400000000000000000e+01 1.350000000000000000e+02 1.200000000000000000e+01 3.776900000000000000e+04 3.990900000000000000e+04 4.258800000000000000e+04 3.518500000000000000e+04 2.875779915699968114e+01 1.050000000000000000e+02
3.800000000000000000e+01 1.840000000000000000e+02 7.000000000000000000e+00 3.788100000000000000e+04 4.040100000000000000e+04 4.191500000000000000e+04 3.569600000000000000e+04 2.876844471698859707e+01 1.050000000000000000e+02
2.700000000000000000e+01 2.470000000000000000e+02 0.000000000000000000e+00 3.917600000000000000e+04 3.981200000000000000e+04 4.145500000000000000e+04 3.632400000000000000e+04 2.877853556099580601e+01 1.050000000000000000e+02
-1.500000000000000000e+01 2.740000000000000000e+02 -8.000000000000000000e+00 3.844100000000000000e+04 4.023900000000000000e+04 4.208200000000000000e+04 3.688700000000000000e+04 2.878860662801889703e+01 1.070000000000000000e+02
9.000000000000000000e+00 3.020000000000000000e+02 -1.200000000000000000e+01 3.921200000000000000e+04 4.016400000000000000e+04 4.218200000000000000e+04 3.722000000000000000e+04 2.879802271898370236e+01 1.070000000000000000e+02
9.000000000000000000e+00 3.000000000000000000e+02 -1.200000000000000000e+01 3.953100000000000000e+04 4.054400000000000000e+04 4.239800000000000000e+04 3.761900000000000000e+04 2.880796553700929508e+01 1.070000000000000000e+02
-1.800000000000000000e+01 2.700000000000000000e+02 -1.700000000000000000e+01 3.950200000000000000e+04 4.085000000000000000e+04 4.310900000000000000e+04 3.808300000000000000e+04 2.881931556202471256e+01 1.070000000000000000e+02
-1.400000000000000000e+01 2.130000000000000000e+02 -2.000000000000000000e+01 3.997700000000000000e+04 4.156000000000000000e+04 4.339300000000000000e+04 3.821800000000000000e+04 2.882952781498897821e+01 1.070000000000000000e+02
-2.400000000000000000e+01 2.280000000000000000e+02 -3.400000000000000000e+01 4.114400000000000000e+04 4.043900000000000000e+04 4.323900000000000000e+04 3.998500000000000000e+04 2.883819140802370384e+01 1.140000000000000000e+02
-2.800000000000000000e+01 1.900000000000000000e+02 -3.900000000000000000e+01 4.060300000000000000e+04 4.237500000000000000e+04 4.353100000000000000e+04 3.973000000000000000e+04 2.884887033503036946e+01 1.140000000000000000e+02
1.100000000000000000e+01 1.670000000000000000e+02 -1.900000000000000000e+01 4.157400000000000000e+04 4.271500000000000000e+04 4.439100000000000000e+04 3.922700000000000000e+04 2.885831234499346465e+01 1.140000000000000000e+02
2.300000000000000000e+01 1.520000000000000000e+02 -3.000000000000000000e+01 4.201900000000000000e+04 4.278000000000000000e+04 4.411100000000000000e+04 4.093600000000000000e+04 2.886820937902666628e+01 1.140000000000000000e+02
4.000000000000000000e+01 1.380000000000000000e+02 -2.600000000000000000e+01 4.312700000000000000e+04 4.357400000000000000e+04 4.495400000000000000e+04 4.161700000000000000e+04 2.887806717801140621e+01 1.120000000000000000e+02
5.800000000000000000e+01 1.200000000000000000e+02 -1.400000000000000000e+01 4.325600000000000000e+04 4.515300000000000000e+04 4.515800000000000000e+04 4.170700000000000000e+04 2.888809392799157649e+01 1.120000000000000000e+02
5.500000000000000000e+01 1.110000000000000000e+02 -1.900000000000000000e+01 4.436200000000000000e+04 4.473000000000000000e+04 4.586100000000000000e+04 4.181800000000000000e+04 2.889795161900110543e+01 1.120000000000000000e+02
6.500000000000000000e+01 1.070000000000000000e+02 -2.400000000000000000e+01 4.445500000000000000e+04 4.563900000000000000e+04 4.601000000000000000e+04 4.269600000000000000e+04 2.890813623502617702e+01 1.120000000000000000e+02
3.900000000000000000e+01 1.050000000000000000e+02 -2.800000000000000000e+01 4.472100000000000000e+04 4.583400000000000000e+04 4.682100000000000000e+04 4.307100000000000000e+04 2.891818295099074021e+01 1.040000000000000000e+02
1.100000000000000000e+01 1.070000000000000000e+02 -1.400000000000000000e+01 4.548800000000000000e+04 4.669900000000000000e+04 4.807900000000000000e+04 4.433800000000000000e+04 2.892817704402841628e+01 1.040000000000000000e+02
-3.900000000000000000e+01 1.000000000000000000e+02 -1.900000000000000000e+01 4.556700000000000000e+04 4.677900000000000000e+04 4.889000000000000000e+04 4.512000000000000000e+04 2.894070228503551334e+01 1.040000000000000000e+02
-5.500000000000000000e+01 1.130000000000000000e+02 -2.200000000000000000e+01 4.579400000000000000e+04 4.725800000000000000e+04 4.861300000000000000e+04 4.559000000000000000e+04 2.894841087801614776e+01 1.040000000000000000e+02
-4.900000000000000000e+01 1.070000000000000000e+02 -8.000000000000000000e+00 4.719300000000000000e+04 4.571300000000000000e+04 5.082000000000000000e+04 4.580100000000000000e+04 2.895854593499097973e+01 1.040000000000000000e+02
-4.200000000000000000e+01 1.030000000000000000e+02 -2.200000000000000000e+01 4.653700000000000000e+04 4.721400000000000000e+04 5.083600000000000000e+04 4.766400000000000000e+04 2.896819254703586921e+01 9.500000000000000000e+01
1.000000000000000000e+01 8.200000000000000000e+01 1.000000000000000000e+00 4.787000000000000000e+04 4.844600000000000000e+04 5.069200000000000000e+04 4.769200000000000000e+04 2.897805404098471627e+01 9.500000000000000000e+01
1.100000000000000000e+02 4.000000000000000000e+01 3.000000000000000000e+00 4.838400000000000000e+04 4.984900000000000000e+04 5.070300000000000000e+04 4.628800000000000000e+04 2.898854866903275251e+01 9.500000000000000000e+01
1.840000000000000000e+02 1.000000000000000000e+01 2.000000000000000000e+00 4.900700000000000000e+04 5.063600000000000000e+04 5.094000000000000000e+04 4.652500000000000000e+04 2.899939241103129461e+01 9.500000000000000000e+01
2.190000000000000000e+02 -6.800000000000000000e+01 9.000000000000000000e+00 4.853500000000000000e+04 5.102000000000000000e+04 5.181200000000000000e+04 4.588100000000000000e+04 2.900761516700731590e+01 9.000000000000000000e+01
2.630000000000000000e+02 -1.000000000000000000e+02 3.000000000000000000e+00 4.896200000000000000e+04 5.180900000000000000e+04 5.143400000000000000e+04 4.628600000000000000e+04 2.901809033600147814e+01 9.000000000000000000e+01
2.290000000000000000e+02 -1.170000000000000000e+02 9.000000000000000000e+00 4.881900000000000000e+04 5.169600000000000000e+04 5.227000000000000000e+04 4.655100000000000000e+04 2.902814364503137767e+01 9.000000000000000000e+01
2.230000000000000000e+02 -8.800000000000000000e+01 -1.000000000000000000e+00 4.950400000000000000e+04 5.208500000000000000e+04 5.130600000000000000e+04 4.702900000000000000e+04 2.903794398700119928e+01 9.000000000000000000e+01
1.620000000000000000e+02 4.800000000000000000e+01 3.000000000000000000e+00 5.033800000000000000e+04 5.078400000000000000e+04 5.154900000000000000e+04 4.779100000000000000e+04 2.904774245800217614e+01 9.000000000000000000e+01
1.300000000000000000e+02 1.630000000000000000e+02 -4.000000000000000000e+00 5.115700000000000000e+04 5.107600000000000000e+04 5.043800000000000000e+04 4.956200000000000000e+04 2.905765727901598439e+01 7.800000000000000000e+01
1.070000000000000000e+02 2.120000000000000000e+02 2.000000000000000000e+00 5.199200000000000000e+04 5.049000000000000000e+04 5.014600000000000000e+04 4.942200000000000000e+04 2.906756572698941454e+01 7.800000000000000000e+01
6.800000000000000000e+01 2.310000000000000000e+02 1.000000000000000000e+01 5.210700000000000000e+04 5.064600000000000000e+04 5.024200000000000000e+04 4.919000000000000000e+04 2.907751571398694068e+01 7.800000000000000000e+01
5.000000000000000000e+00 1.680000000000000000e+02 1.200000000000000000e+01 5.127400000000000000e+04 5.011900000000000000e+04 5.166000000000000000e+04 4.949800000000000000e+04 2.908759902702877298e+01 7.800000000000000000e+01
-5.400000000000000000e+01 7.000000000000000000e+01 1.700000000000000000e+01 5.059500000000000000e+04 5.054200000000000000e+04 5.287100000000000000e+04 4.959600000000000000e+04 2.909758199501084164e+01 6.600000000000000000e+01
-1.070000000000000000e+02 -1.380000000000000000e+02 6.100000000000000000e+01 4.863600000000000000e+04 5.146700000000000000e+04 5.467700000000000000e+04 4.818800000000000000e+04 2.910740136302774772e+01 6.600000000000000000e+01
-1.660000000000000000e+02 -2.370000000000000000e+02 6.900000000000000000e+01 4.766700000000000000e+04 5.105900000000000000e+04 5.565900000000000000e+04 4.798800000000000000e+04 2.911804974998813123e+01 6.600000000000000000e+01
-1.200000000000000000e+02 -2.120000000000000000e+02 7.600000000000000000e+01 4.892100000000000000e+04 5.152700000000000000e+04 5.498100000000000000e+04 4.686700000000000000e+04 2.912872901401715353e+01 6.600000000000000000e+01
-6.100000000000000000e+01 -9.600000000000000000e+01 8.800000000000000000e+01 5.024300000000000000e+04 5.086900000000000000e+04 5.417000000000000000e+04 4.703800000000000000e+04 2.913862306403461844e+01 5.100000000000000000e+01
-1.000000000000000000e+00 3.500000000000000000e+01 7.200000000000000000e+01 5.165400000000000000e+04 5.044700000000000000e+04 5.363600000000000000e+04 4.821300000000000000e+04 2.914773076603887603e+01 5.100000000000000000e+01
3.500000000000000000e+01 6.000000000000000000e+01 6.000000000000000000e+01 5.194800000000000000e+04 5.093900000000000000e+04 5.289600000000000000e+04 4.758700000000000000e+04 2.915772525302600116e+01 5.100000000000000000e+01
1.400000000000000000e+01 1.280000000000000000e+02 3.600000000000000000e+01 5.170800000000000000e+04 5.025200000000000000e+04 5.285700000000000000e+04 4.860800000000000000e+04 2.916740867804037407e+01 5.100000000000000000e+01
-1.900000000000000000e+01 1.770000000000000000e+02 4.200000000000000000e+01 5.169500000000000000e+04 4.968900000000000000e+04 5.242800000000000000e+04 4.915100000000000000e+04 2.917802304902579635e+01 5.100000000000000000e+01
-1.600000000000000000e+01 2.080000000000000000e+02 4.200000000000000000e+01 5.180400000000000000e+04 4.967700000000000000e+04 5.256000000000000000e+04 4.945600000000000000e+04 2.918805235001491383e+01 4.100000000000000000e+01
1.300000000000000000e+01 2.090000000000000000e+02 5.600000000000000000e+01 5.203700000000000000e+04 4.967200000000000000e+04 5.217600000000000000e+04 4.904900000000000000e+04 2.919810109998797998e+01 4.100000000000000000e+01
2.100000000000000000e+01 1.670000000000000000e+02 5.100000000000000000e+01 5.159000000000000000e+04 4.973800000000000000e+04 5.256100000000000000e+04 4.843200000000000000e+04 2.920797774201491848e+01 4.100000000000000000e+01
6.000000000000000000e+01 1.030000000000000000e+02 5.700000000000000000e+01 5.190500000000000000e+04 5.016600000000000000e+04 5.192500000000000000e+04 4.764600000000000000e+04 2.921781394502613693e+01 4.100000000000000000e+01
1.190000000000000000e+02 7.800000000000000000e+01 4.700000000000000000e+01 5.164200000000000000e+04 4.989500000000000000e+04 5.186500000000000000e+04 4.752000000000000000e+04 2.922760919702704996e+01 3.600000000000000000e+01
1.420000000000000000e+02 7.400000000000000000e+01 6.400000000000000000e+01 5.232500000000000000e+04 5.031200000000000000e+04 5.112700000000000000e+04 4.648300000000000000e+04 2.923744452203391120e+01 3.600000000000000000e+01
7.000000000000000000e+01 2.800000000000000000e+01 5.600000000000000000e+01 5.160800000000000000e+04 5.043900000000000000e+04 5.168200000000000000e+04 4.570900000000000000e+04 2.924748987302882597e+01 3.600000000000000000e+01
1.800000000000000000e+01 -2.300000000000000000e+01 6.200000000000000000e+01 5.056100000000000000e+04 4.962300000000000000e+04 5.224100000000000000e+04 4.630700000000000000e+04 2.925749716098653153e+01 3.600000000000000000e+01
-9.000000000000000000e+01 -3.700000000000000000e+01 5.500000000000000000e+01 4.903500000000000000e+04 4.921100000000000000e+04 5.314000000000000000e+04 4.607000000000000000e+04 2.926806264801416546e+01 3.600000000000000000e+01
-1.470000000000000000e+02 -9.100000000000000000e+01 5.300000000000000000e+01 4.887500000000000000e+04 4.914700000000000000e+04 5.302700000000000000e+04 4.588100000000000000e+04 2.927789514098549262e+01 3.100000000000000000e+01
-1.520000000000000000e+02 -1.110000000000000000e+02 6.000000000000000000e+01 4.869400000000000000e+04 4.881500000000000000e+04 5.281600000000000000e+04 4.590900000000000000e+04 2.928769270703196526e+01 3.100000000000000000e+01
-1.620000000000000000e+02 -1.640000000000000000e+02 4.400000000000000000e+01 4.746200000000000000e+04 4.916800000000000000e+04 5.226000000000000000e+04 4.556000000000000000e+04 2.929763156798435375e+01 3.100000000000000000e+01
-1.620000000000000000e+02 -1.420000000000000000e+02 3.800000000000000000e+01 4.679100000000000000e+04 4.882300000000000000e+04 5.325700000000000000e+04 4.494100000000000000e+04 2.930754951201379299e+01 3.100000000000000000e+01
-1.320000000000000000e+02 -9.300000000000000000e+01 2.000000000000000000e+01 4.724300000000000000e+04 4.817000000000000000e+04 5.171100000000000000e+04 4.607000000000000000e+04 2.931752923800377175e+01 2.900000000000000000e+01
-8.800000000000000000e+01 -3.100000000000000000e+01 5.000000000000000000e+00 4.822000000000000000e+04 4.833100000000000000e+04 5.122700000000000000e+04 4.548400000000000000e+04 2.932739894703263417e+01 2.900000000000000000e+01
-3.300000000000000000e+01 -4.200000000000000000e+01 1.000000000000000000e+01 4.757100000000000000e+04 4.862200000000000000e+04 5.041600000000000000e+04 4.507400000000000000e+04 2.933789883001009002e+01 2.900000000000000000e+01
1.300000000000000000e+01 3.500000000000000000e+01 7.000000000000000000e+00 4.789300000000000000e+04 4.801600000000000000e+04 5.022200000000000000e+04 4.564800000000000000e+04 2.934795005002524704e+01 2.900000000000000000e+01
5.400000000000000000e+01 1.020000000000000000e+02 1.200000000000000000e+01 4.900000000000000000e+04 4.788900000000000000e+04 4.839700000000000000e+04 4.498200000000000000e+04 2.935844640102004632e+01 3.500000000000000000e+01
6.900000000000000000e+01 9.600000000000000000e+01 -3.000000000000000000e+01 4.804500000000000000e+04 4.799000000000000000e+04 4.889300000000000000e+04 4.436400000000000000e+04 2.936753560102079064e+01 3.500000000000000000e+01
8.300000000000000000e+01 6.100000000000000000e+01 -1.200000000000000000e+01 4.746000000000000000e+04 4.685100000000000000e+04 4.879200000000000000e+04 4.508500000000000000e+04 2.937743851001141593e+01 3.500000000000000000e+01
6.200000000000000000e+01 8.000000000000000000e+00 -2.000000000000000000e+00 4.723400000000000000e+04 4.883500000000000000e+04 4.868700000000000000e+04 4.231300000000000000e+04 2.938732412602985278e+01 3.500000000000000000e+01
-5.300000000000000000e+01 -7.000000000000000000e+00 -1.100000000000000000e+01 4.675900000000000000e+04 4.749700000000000000e+04 4.879600000000000000e+04 4.348700000000000000e+04 2.939824073703493923e+01 3.500000000000000000e+01
-1.910000000000000000e+02 -2.700000000000000000e+01 -7.000000000000000000e+00 4.452600000000000000e+04 4.600300000000000000e+04 4.955700000000000000e+04 4.389500000000000000e+04 2.940755688102217391e+01 4.400000000000000000e+01
-2.960000000000000000e+02 -6.600000000000000000e+01 4.000000000000000000e+00 4.310400000000000000e+04 4.504800000000000000e+04 5.053200000000000000e+04 4.443000000000000000e+04 2.941748022002866492e+01 4.400000000000000000e+01
-3.030000000000000000e+02 -1.900000000000000000e+01 -3.000000000000000000e+00 4.367600000000000000e+04 4.503600000000000000e+04 4.984600000000000000e+04 4.447300000000000000e+04 2.942742778698448092e+01 4.400000000000000000e+01
-3.140000000000000000e+02 -7.000000000000000000e+00 6.000000000000000000e+00 4.400900000000000000e+04 4.462000000000000000e+04 4.958300000000000000e+04 4.454300000000000000e+04 2.943802879500435665e+01 4.400000000000000000e+01
-2.600000000000000000e+02 7.500000000000000000e+01 -1.000000000000000000e+00 4.517100000000000000e+04 4.434900000000000000e+04 4.840100000000000000e+04 4.459500000000000000e+04 2.944796083803521469e+01 5.000000000000000000e+01
-1.530000000000000000e+02 1.150000000000000000e+02 -2.000000000000000000e+00 4.547600000000000000e+04 4.537000000000000000e+04 4.722000000000000000e+04 4.256600000000000000e+04 2.945783020003000274e+01 5.000000000000000000e+01
-4.500000000000000000e+01 1.480000000000000000e+02 -1.800000000000000000e+01 4.697300000000000000e+04 4.585200000000000000e+04 4.552700000000000000e+04 4.192500000000000000e+04 2.946762874803971499e+01 5.000000000000000000e+01
3.300000000000000000e+01 1.290000000000000000e+02 -2.300000000000000000e+01 4.710200000000000000e+04 4.652600000000000000e+04 4.522400000000000000e+04 4.136300000000000000e+04 2.947758349601645023e+01 5.000000000000000000e+01
2.600000000000000000e+01 7.400000000000000000e+01 -5.100000000000000000e+01 4.632700000000000000e+04 4.679800000000000000e+04 4.586200000000000000e+04 4.109900000000000000e+04 2.948746520502027124e+01 5.000000000000000000e+01
