3.800000000000000000e+01 1.070000000000000000e+02 3.000000000000000000e+00 4.346800000000000000e+04 4.496900000000000000e+04 4.281000000000000000e+04 3.907400000000000000e+04 2.100285571702988818e+01 8.140000000000000000e+02
2.200000000000000000e+01 1.000000000000000000e+02 -1.000000000000000000e+01 4.201200000000000000e+04 4.397100000000000000e+04 4.431000000000000000e+04 4.017000000000000000e+04 2.101178281998727471e+01 8.140000000000000000e+02
1.700000000000000000e+01 7.800000000000000000e+01 1.700000000000000000e+01 4.183700000000000000e+04 4.359500000000000000e+04 4.446400000000000000e+04 4.061400000000000000e+04 2.102210881403880194e+01 8.120000000000000000e+02
1.100000000000000000e+01 6.800000000000000000e+01 5.000000000000000000e+00 4.179700000000000000e+04 4.410500000000000000e+04 4.431700000000000000e+04 4.021900000000000000e+04 2.103227014502044767e+01 8.120000000000000000e+02
-4.000000000000000000e+00 3.400000000000000000e+01 -1.800000000000000000e+01 4.130900000000000000e+04 4.412100000000000000e+04 4.489200000000000000e+04 4.000400000000000000e+04 2.104204309202032164e+01 8.120000000000000000e+02
-1.000000000000000000e+00 4.500000000000000000e+01 7.000000000000000000e+00 3.963300000000000000e+04 4.537200000000000000e+04 4.620500000000000000e+04 3.842300000000000000e+04 2.105166287400061265e+01 8.120000000000000000e+02
3.000000000000000000e+00 6.600000000000000000e+01 1.600000000000000000e+01 4.119000000000000000e+04 4.387000000000000000e+04 4.503100000000000000e+04 4.018400000000000000e+04 2.106215508398599923e+01 8.120000000000000000e+02
-1.200000000000000000e+01 1.080000000000000000e+02 -7.000000000000000000e+00 4.323000000000000000e+04 4.211500000000000000e+04 4.305600000000000000e+04 4.218900000000000000e+04 2.107187483500456437e+01 8.120000000000000000e+02
-3.000000000000000000e+00 1.410000000000000000e+02 9.000000000000000000e+00 4.165600000000000000e+04 4.279300000000000000e+04 4.447300000000000000e+04 4.147000000000000000e+04 2.108220984501531348e+01 8.120000000000000000e+02
1.900000000000000000e+01 1.570000000000000000e+02 1.100000000000000000e+01 4.245300000000000000e+04 4.364800000000000000e+04 4.377600000000000000e+04 4.035700000000000000e+04 2.109215992700774223e+01 8.120000000000000000e+02
3.700000000000000000e+01 1.780000000000000000e+02 1.500000000000000000e+01 4.250800000000000000e+04 4.325900000000000000e+04 4.370300000000000000e+04 4.076600000000000000e+04 2.110230043099727482e+01 8.120000000000000000e+02
4.300000000000000000e+01 1.800000000000000000e+02 9.000000000000000000e+00 4.221800000000000000e+04 4.344400000000000000e+04 4.424300000000000000e+04 4.080700000000000000e+04 2.111255651299143210e+01 8.090000000000000000e+02
6.000000000000000000e+01 1.720000000000000000e+02 2.200000000000000000e+01 4.260800000000000000e+04 4.314900000000000000e+04 4.383800000000000000e+04 4.116500000000000000e+04 2.112418890302069485e+01 8.090000000000000000e+02
4.600000000000000000e+01 1.420000000000000000e+02 3.000000000000000000e+00 4.303300000000000000e+04 4.283700000000000000e+04 4.348600000000000000e+04 4.140400000000000000e+04 2.113260589801939204e+01 8.090000000000000000e+02
4.500000000000000000e+01 1.170000000000000000e+02 1.200000000000000000e+01 4.191900000000000000e+04 4.275200000000000000e+04 4.454500000000000000e+04 4.143200000000000000e+04 2.114181119302520528e+01 8.090000000000000000e+02
5.700000000000000000e+01 9.800000000000000000e+01 2.200000000000000000e+01 4.308500000000000000e+04 4.397200000000000000e+04 4.370100000000000000e+04 4.029300000000000000e+04 2.115246218099491671e+01 8.080000000000000000e+02
6.900000000000000000e+01 8.600000000000000000e+01 7.000000000000000000e+00 4.304900000000000000e+04 4.407800000000000000e+04 4.345200000000000000e+04 4.040700000000000000e+04 2.116197678702883422e+01 8.080000000000000000e+02
4.200000000000000000e+01 4.800000000000000000e+01 -2.000000000000000000e+00 4.240900000000000000e+04 4.393200000000000000e+04 4.435500000000000000e+04 4.026000000000000000e+04 2.117170638800598681e+01 8.080000000000000000e+02
5.700000000000000000e+01 2.700000000000000000e+01 4.000000000000000000e+00 4.183100000000000000e+04 4.352300000000000000e+04 4.463100000000000000e+04 4.104800000000000000e+04 2.118234460201347247e+01 8.080000000000000000e+02
3.800000000000000000e+01 1.000000000000000000e+01 2.000000000000000000e+01 4.471900000000000000e+04 4.224200000000000000e+04 4.184100000000000000e+04 4.188100000000000000e+04 2.119245964300353080e+01 8.110000000000000000e+02
1.000000000000000000e+00 -4.000000000000000000e+00 -1.700000000000000000e+01 4.286900000000000000e+04 4.316400000000000000e+04 4.346000000000000000e+04 4.114400000000000000e+04 2.120234055002219975e+01 8.110000000000000000e+02
9.000000000000000000e+00 -2.900000000000000000e+01 5.000000000000000000e+00 4.238800000000000000e+04 4.359800000000000000e+04 4.389500000000000000e+04 4.055900000000000000e+04 2.121293905301718041e+01 8.110000000000000000e+02
6.000000000000000000e+00 -4.300000000000000000e+01 3.000000000000000000e+00 4.207400000000000000e+04 4.353400000000000000e+04 4.415700000000000000e+04 4.058300000000000000e+04 2.122156905999872833e+01 8.110000000000000000e+02
-1.100000000000000000e+01 -6.500000000000000000e+01 2.100000000000000000e+01 4.188900000000000000e+04 4.328800000000000000e+04 4.453500000000000000e+04 4.054600000000000000e+04 2.123177400603890419e+01 8.110000000000000000e+02
-4.400000000000000000e+01 -7.600000000000000000e+01 4.000000000000000000e+00 4.018800000000000000e+04 4.248500000000000000e+04 4.563400000000000000e+04 4.149500000000000000e+04 2.124172806099522859e+01 8.110000000000000000e+02
-4.100000000000000000e+01 -8.600000000000000000e+01 1.000000000000000000e+00 4.476800000000000000e+04 4.328300000000000000e+04 4.138000000000000000e+04 4.053600000000000000e+04 2.125205957202706486e+01 8.110000000000000000e+02
-2.700000000000000000e+01 -9.600000000000000000e+01 -1.500000000000000000e+01 4.203700000000000000e+04 4.323100000000000000e+04 4.411100000000000000e+04 4.069800000000000000e+04 2.126126749400282279e+01 8.110000000000000000e+02
-1.900000000000000000e+01 -9.700000000000000000e+01 1.700000000000000000e+01 4.253900000000000000e+04 4.350400000000000000e+04 4.374100000000000000e+04 4.023000000000000000e+04 2.127221659698989242e+01 8.110000000000000000e+02
-2.200000000000000000e+01 -8.800000000000000000e+01 1.100000000000000000e+01 4.203800000000000000e+04 4.299000000000000000e+04 4.449300000000000000e+04 4.089500000000000000e+04 2.128173618402797729e+01 8.080000000000000000e+02
-1.800000000000000000e+01 -9.000000000000000000e+01 1.100000000000000000e+01 4.196400000000000000e+04 4.391600000000000000e+04 4.444500000000000000e+04 4.006500000000000000e+04 2.129227012599585578e+01 8.080000000000000000e+02
-1.900000000000000000e+01 -8.100000000000000000e+01 2.200000000000000000e+01 4.368500000000000000e+04 4.211400000000000000e+04 4.289200000000000000e+04 4.195700000000000000e+04 2.130232498701661825e+01 8.080000000000000000e+02
-1.600000000000000000e+01 -8.900000000000000000e+01 3.100000000000000000e+01 4.263300000000000000e+04 4.276600000000000000e+04 4.396100000000000000e+04 4.122700000000000000e+04 2.131213854800444096e+01 8.080000000000000000e+02
-1.100000000000000000e+01 -8.700000000000000000e+01 2.100000000000000000e+01 4.275900000000000000e+04 4.377100000000000000e+04 4.388200000000000000e+04 4.018600000000000000e+04 2.132184285798575729e+01 8.090000000000000000e+02
-1.100000000000000000e+01 -1.160000000000000000e+02 1.700000000000000000e+01 4.250800000000000000e+04 4.374500000000000000e+04 4.409700000000000000e+04 4.025100000000000000e+04 2.133153912698617205e+01 8.090000000000000000e+02
-7.000000000000000000e+00 -1.180000000000000000e+02 3.400000000000000000e+01 4.223800000000000000e+04 4.398700000000000000e+04 4.434400000000000000e+04 3.995600000000000000e+04 2.134215451200725511e+01 8.090000000000000000e+02
1.000000000000000000e+01 -1.110000000000000000e+02 2.600000000000000000e+01 4.382900000000000000e+04 4.228800000000000000e+04 4.293500000000000000e+04 4.168300000000000000e+04 2.135279650700977072e+01 8.090000000000000000e+02
-1.000000000000000000e+00 -9.700000000000000000e+01 2.700000000000000000e+01 4.245500000000000000e+04 4.369600000000000000e+04 4.420900000000000000e+04 4.025800000000000000e+04 2.136177202401449904e+01 8.090000000000000000e+02
-5.000000000000000000e+00 -1.070000000000000000e+02 1.600000000000000000e+01 4.271700000000000000e+04 4.305300000000000000e+04 4.401100000000000000e+04 4.094300000000000000e+04 2.137172493099933490e+01 8.090000000000000000e+02
-4.000000000000000000e+00 -9.600000000000000000e+01 1.300000000000000000e+01 4.244300000000000000e+04 4.318000000000000000e+04 4.434700000000000000e+04 4.077600000000000000e+04 2.138242148398421705e+01 8.090000000000000000e+02
-4.000000000000000000e+00 -1.070000000000000000e+02 1.000000000000000000e+00 4.210600000000000000e+04 4.391900000000000000e+04 4.446900000000000000e+04 4.022600000000000000e+04 2.139255819801473990e+01 8.090000000000000000e+02
-3.000000000000000000e+00 -1.090000000000000000e+02 1.300000000000000000e+01 4.249100000000000000e+04 4.354700000000000000e+04 4.437700000000000000e+04 4.044800000000000000e+04 2.140236128203105181e+01 8.090000000000000000e+02
1.100000000000000000e+01 -8.500000000000000000e+01 2.800000000000000000e+01 4.242300000000000000e+04 4.383400000000000000e+04 4.431700000000000000e+04 4.026300000000000000e+04 2.141233292903052643e+01 8.100000000000000000e+02
-1.200000000000000000e+01 -1.140000000000000000e+02 2.400000000000000000e+01 4.287300000000000000e+04 4.302900000000000000e+04 4.396700000000000000e+04 4.093200000000000000e+04 2.142233549401862547e+01 8.100000000000000000e+02
8.000000000000000000e+00 -9.300000000000000000e+01 8.000000000000000000e+00 4.274000000000000000e+04 4.333800000000000000e+04 4.398900000000000000e+04 4.070900000000000000e+04 2.143198032700456679e+01 8.100000000000000000e+02
2.100000000000000000e+01 -8.000000000000000000e+01 4.500000000000000000e+01 4.279700000000000000e+04 4.339500000000000000e+04 4.410200000000000000e+04 4.036100000000000000e+04 2.144187824503751472e+01 8.100000000000000000e+02
1.600000000000000000e+01 -9.400000000000000000e+01 3.400000000000000000e+01 4.258500000000000000e+04 4.340400000000000000e+04 4.428600000000000000e+04 4.020700000000000000e+04 2.145219478401122615e+01 8.060000000000000000e+02
-2.000000000000000000e+00 -9.500000000000000000e+01 3.500000000000000000e+01 4.235400000000000000e+04 4.353300000000000000e+04 4.467100000000000000e+04 4.036100000000000000e+04 2.146136404603021219e+01 8.060000000000000000e+02
-4.000000000000000000e+00 -8.700000000000000000e+01 2.900000000000000000e+01 4.276100000000000000e+04 4.338100000000000000e+04 4.440800000000000000e+04 4.034800000000000000e+04 2.147136213298654184e+01 8.060000000000000000e+02
-4.000000000000000000e+00 -9.900000000000000000e+01 3.600000000000000000e+01 4.284900000000000000e+04 4.317500000000000000e+04 4.437900000000000000e+04 4.074900000000000000e+04 2.148226247599814087e+01 8.060000000000000000e+02
-5.300000000000000000e+01 -1.070000000000000000e+02 2.300000000000000000e+01 4.220800000000000000e+04 4.315800000000000000e+04 4.467100000000000000e+04 4.088000000000000000e+04 2.149180783901829273e+01 8.090000000000000000e+02
-4.600000000000000000e+01 -1.080000000000000000e+02 3.000000000000000000e+01 4.246200000000000000e+04 4.322300000000000000e+04 4.458900000000000000e+04 4.067500000000000000e+04 2.150188108399743214e+01 8.090000000000000000e+02
-4.300000000000000000e+01 -8.900000000000000000e+01 2.900000000000000000e+01 4.253600000000000000e+04 4.333400000000000000e+04 4.464900000000000000e+04 4.046700000000000000e+04 2.151193919999059290e+01 8.090000000000000000e+02
-1.800000000000000000e+01 -9.600000000000000000e+01 2.800000000000000000e+01 4.277600000000000000e+04 4.319500000000000000e+04 4.445000000000000000e+04 4.057700000000000000e+04 2.152135019999695942e+01 8.090000000000000000e+02
-2.000000000000000000e+00 -6.500000000000000000e+01 4.200000000000000000e+01 4.299500000000000000e+04 4.327400000000000000e+04 4.428000000000000000e+04 4.050700000000000000e+04 2.153166606999002397e+01 8.090000000000000000e+02
-1.500000000000000000e+01 -5.700000000000000000e+01 1.100000000000000000e+01 4.297100000000000000e+04 4.317100000000000000e+04 4.425800000000000000e+04 4.064600000000000000e+04 2.154231278598308563e+01 8.090000000000000000e+02
6.000000000000000000e+00 -6.100000000000000000e+01 3.700000000000000000e+01 4.277300000000000000e+04 4.339400000000000000e+04 4.425600000000000000e+04 4.037500000000000000e+04 2.155192618502769619e+01 8.090000000000000000e+02
-2.000000000000000000e+00 -8.300000000000000000e+01 1.600000000000000000e+01 4.258600000000000000e+04 4.326900000000000000e+04 4.436100000000000000e+04 4.041200000000000000e+04 2.156165682699065655e+01 8.090000000000000000e+02
5.000000000000000000e+00 -6.800000000000000000e+01 2.700000000000000000e+01 4.278500000000000000e+04 4.340300000000000000e+04 4.434100000000000000e+04 4.017000000000000000e+04 2.157208691700361669e+01 8.090000000000000000e+02
-2.000000000000000000e+01 -7.700000000000000000e+01 1.300000000000000000e+01 4.230900000000000000e+04 4.318900000000000000e+04 4.466000000000000000e+04 4.056600000000000000e+04 2.158165840100264177e+01 8.100000000000000000e+02
-4.000000000000000000e+00 -7.500000000000000000e+01 1.900000000000000000e+01 4.283600000000000000e+04 4.314400000000000000e+04 4.416000000000000000e+04 4.028600000000000000e+04 2.159448895003879443e+01 8.100000000000000000e+02
-9.000000000000000000e+00 -7.600000000000000000e+01 2.000000000000000000e+01 4.234600000000000000e+04 4.294600000000000000e+04 4.437900000000000000e+04 4.069900000000000000e+04 2.160217751003801823e+01 8.100000000000000000e+02
-1.700000000000000000e+01 -9.000000000000000000e+01 6.000000000000000000e+00 4.221500000000000000e+04 4.325600000000000000e+04 4.457900000000000000e+04 4.018200000000000000e+04 2.161271050001960248e+01 8.100000000000000000e+02
-1.300000000000000000e+01 -6.400000000000000000e+01 2.800000000000000000e+01 4.278700000000000000e+04 4.316000000000000000e+04 4.411100000000000000e+04 4.018600000000000000e+04 2.162308019801275805e+01 8.080000000000000000e+02
-3.300000000000000000e+01 -5.000000000000000000e+01 2.000000000000000000e+00 4.267400000000000000e+04 4.280200000000000000e+04 4.425400000000000000e+04 4.067100000000000000e+04 2.163340017100563273e+01 8.080000000000000000e+02
-4.200000000000000000e+01 -7.100000000000000000e+01 1.000000000000000000e+01 4.211200000000000000e+04 4.325500000000000000e+04 4.465300000000000000e+04 4.022900000000000000e+04 2.164209563098847866e+01 8.080000000000000000e+02
-4.000000000000000000e+01 -7.300000000000000000e+01 9.000000000000000000e+00 4.230900000000000000e+04 4.285600000000000000e+04 4.449400000000000000e+04 4.060000000000000000e+04 2.165268310200190172e+01 8.080000000000000000e+02
-3.400000000000000000e+01 -7.300000000000000000e+01 -3.000000000000000000e+00 4.215100000000000000e+04 4.317800000000000000e+04 4.456200000000000000e+04 4.034100000000000000e+04 2.166180168103892356e+01 8.090000000000000000e+02
6.000000000000000000e+00 -4.100000000000000000e+01 8.000000000000000000e+00 4.271500000000000000e+04 4.315800000000000000e+04 4.408700000000000000e+04 4.030400000000000000e+04 2.167159427801379934e+01 8.090000000000000000e+02
2.200000000000000000e+01 -4.200000000000000000e+01 2.100000000000000000e+01 4.263900000000000000e+04 4.318900000000000000e+04 4.427800000000000000e+04 4.024400000000000000e+04 2.168416913301916793e+01 8.090000000000000000e+02
1.200000000000000000e+01 -5.300000000000000000e+01 1.500000000000000000e+01 4.269500000000000000e+04 4.315900000000000000e+04 4.422800000000000000e+04 4.020500000000000000e+04 2.169297199900029227e+01 8.090000000000000000e+02
2.700000000000000000e+01 -6.400000000000000000e+01 1.600000000000000000e+01 4.281200000000000000e+04 4.319100000000000000e+04 4.407000000000000000e+04 4.020000000000000000e+04 2.170236233202740550e+01 8.090000000000000000e+02
1.000000000000000000e+01 -3.900000000000000000e+01 -4.000000000000000000e+00 4.277200000000000000e+04 4.314100000000000000e+04 4.412800000000000000e+04 4.025400000000000000e+04 2.171142869000323117e+01 8.070000000000000000e+02
-1.700000000000000000e+01 -5.700000000000000000e+01 -1.800000000000000000e+01 4.235400000000000000e+04 4.306000000000000000e+04 4.442900000000000000e+04 4.077000000000000000e+04 2.172290632902877405e+01 8.070000000000000000e+02
-1.900000000000000000e+01 -6.300000000000000000e+01 -7.000000000000000000e+00 4.228600000000000000e+04 4.332600000000000000e+04 4.463800000000000000e+04 4.057300000000000000e+04 2.173259560903534293e+01 8.070000000000000000e+02
-2.800000000000000000e+01 -6.200000000000000000e+01 -1.700000000000000000e+01 4.216400000000000000e+04 4.331700000000000000e+04 4.479300000000000000e+04 4.058800000000000000e+04 2.174110278201987967e+01 8.070000000000000000e+02
-2.100000000000000000e+01 -6.700000000000000000e+01 -2.300000000000000000e+01 4.236500000000000000e+04 4.329000000000000000e+04 4.448500000000000000e+04 4.076500000000000000e+04 2.175165745802223682e+01 8.110000000000000000e+02
-6.000000000000000000e+00 -2.500000000000000000e+01 7.000000000000000000e+00 4.256100000000000000e+04 4.298000000000000000e+04 4.395900000000000000e+04 4.059400000000000000e+04 2.176195128698600456e+01 8.110000000000000000e+02
1.100000000000000000e+01 -2.800000000000000000e+01 -2.200000000000000000e+01 4.244400000000000000e+04 4.322800000000000000e+04 4.413900000000000000e+04 4.047300000000000000e+04 2.177217117301188409e+01 8.110000000000000000e+02
-6.000000000000000000e+00 -7.000000000000000000e+00 -2.800000000000000000e+01 4.280000000000000000e+04 4.278300000000000000e+04 4.378400000000000000e+04 4.067500000000000000e+04 2.178184694400988519e+01 8.110000000000000000e+02
2.700000000000000000e+01 -1.100000000000000000e+01 -1.400000000000000000e+01 4.288700000000000000e+04 4.317700000000000000e+04 4.355900000000000000e+04 4.038300000000000000e+04 2.179118150303838775e+01 8.090000000000000000e+02
2.000000000000000000e+01 -2.400000000000000000e+01 -1.900000000000000000e+01 4.238200000000000000e+04 4.289100000000000000e+04 4.413500000000000000e+04 4.064500000000000000e+04 2.180147437599953264e+01 8.090000000000000000e+02
2.100000000000000000e+01 -2.700000000000000000e+01 -2.200000000000000000e+01 4.254700000000000000e+04 4.323300000000000000e+04 4.389600000000000000e+04 4.043700000000000000e+04 2.181206935102818534e+01 8.090000000000000000e+02
4.900000000000000000e+01 -3.900000000000000000e+01 -3.000000000000000000e+00 4.244100000000000000e+04 4.358900000000000000e+04 4.408900000000000000e+04 4.003000000000000000e+04 2.182189524499699473e+01 8.090000000000000000e+02
5.500000000000000000e+01 -5.900000000000000000e+01 -1.000000000000000000e+01 4.242500000000000000e+04 4.330300000000000000e+04 4.396300000000000000e+04 4.053700000000000000e+04 2.183135767100611702e+01 8.090000000000000000e+02
4.300000000000000000e+01 -5.900000000000000000e+01 -1.200000000000000000e+01 4.213000000000000000e+04 4.334000000000000000e+04 4.432900000000000000e+04 4.029200000000000000e+04 2.184256963199004531e+01 8.080000000000000000e+02
1.700000000000000000e+01 -6.500000000000000000e+01 -2.900000000000000000e+01 4.170500000000000000e+04 4.325500000000000000e+04 4.471100000000000000e+04 4.058100000000000000e+04 2.185193842300213873e+01 8.080000000000000000e+02
9.000000000000000000e+00 -7.300000000000000000e+01 -3.600000000000000000e+01 4.184100000000000000e+04 4.316200000000000000e+04 4.446300000000000000e+04 4.070200000000000000e+04 2.186194481200072914e+01 8.080000000000000000e+02
7.000000000000000000e+00 -4.800000000000000000e+01 -1.300000000000000000e+01 4.188900000000000000e+04 4.326200000000000000e+04 4.448000000000000000e+04 4.038300000000000000e+04 2.187178878998383880e+01 8.080000000000000000e+02
-2.000000000000000000e+00 -2.100000000000000000e+01 -3.600000000000000000e+01 4.215800000000000000e+04 4.306200000000000000e+04 4.410700000000000000e+04 4.070400000000000000e+04 2.188179588102502748e+01 4.010000000000000000e+02
1.500000000000000000e+01 1.900000000000000000e+01 -1.500000000000000000e+01 4.275500000000000000e+04 4.317100000000000000e+04 4.373100000000000000e+04 4.060200000000000000e+04 2.189178682101191953e+01 4.010000000000000000e+02
-6.000000000000000000e+00 3.600000000000000000e+01 -2.100000000000000000e+01 4.249800000000000000e+04 4.278200000000000000e+04 4.386500000000000000e+04 4.114900000000000000e+04 2.190159031300572678e+01 4.010000000000000000e+02
4.000000000000000000e+00 9.800000000000000000e+01 -1.600000000000000000e+01 4.294000000000000000e+04 4.266700000000000000e+04 4.354200000000000000e+04 4.115500000000000000e+04 2.191116271103965119e+01 4.010000000000000000e+02
2.000000000000000000e+00 1.050000000000000000e+02 -2.800000000000000000e+01 4.277600000000000000e+04 4.253600000000000000e+04 4.369900000000000000e+04 4.129100000000000000e+04 2.192120839998824522e+01 2.700000000000000000e+01
-3.000000000000000000e+00 1.400000000000000000e+02 -3.000000000000000000e+01 4.432700000000000000e+04 4.343600000000000000e+04 4.479900000000000000e+04 4.337700000000000000e+04 2.193168264103587717e+01 2.700000000000000000e+01
6.000000000000000000e+00 1.340000000000000000e+02 -4.000000000000000000e+00 4.413800000000000000e+04 4.371100000000000000e+04 4.494300000000000000e+04 4.316200000000000000e+04 2.194132375303888693e+01 2.700000000000000000e+01
1.800000000000000000e+01 9.600000000000000000e+01 -3.500000000000000000e+01 4.415000000000000000e+04 4.409100000000000000e+04 4.536400000000000000e+04 4.331000000000000000e+04 2.195140664302743971e+01 2.700000000000000000e+01
5.000000000000000000e+01 7.700000000000000000e+01 -2.600000000000000000e+01 4.458200000000000000e+04 4.426200000000000000e+04 4.511300000000000000e+04 4.295500000000000000e+04 2.196133275702595711e+01 2.700000000000000000e+01
8.200000000000000000e+01 3.900000000000000000e+01 -1.100000000000000000e+01 4.424600000000000000e+04 4.471000000000000000e+04 4.546200000000000000e+04 4.271600000000000000e+04 2.197157573403092101e+01 5.800000000000000000e+01
1.110000000000000000e+02 3.000000000000000000e+00 -2.500000000000000000e+01 4.364500000000000000e+04 4.472800000000000000e+04 4.484400000000000000e+04 4.137100000000000000e+04 2.198314124799799174e+01 5.800000000000000000e+01
1.260000000000000000e+02 -1.100000000000000000e+01 -1.600000000000000000e+01 4.329100000000000000e+04 4.471500000000000000e+04 4.505500000000000000e+04 4.135600000000000000e+04 2.199160425801528618e+01 5.800000000000000000e+01
1.360000000000000000e+02 2.400000000000000000e+01 -2.200000000000000000e+01 4.375800000000000000e+04 4.432600000000000000e+04 4.431700000000000000e+04 4.139700000000000000e+04 2.200169938598992303e+01 5.800000000000000000e+01
1.300000000000000000e+02 3.900000000000000000e+01 -2.300000000000000000e+01 4.399300000000000000e+04 4.379500000000000000e+04 4.397300000000000000e+04 4.195900000000000000e+04 2.201161697698989883e+01 6.400000000000000000e+01
1.250000000000000000e+02 2.400000000000000000e+01 -2.200000000000000000e+01 4.288500000000000000e+04 4.291900000000000000e+04 4.346100000000000000e+04 4.117600000000000000e+04 2.202204529999289662e+01 6.400000000000000000e+01
1.040000000000000000e+02 3.000000000000000000e+01 -3.200000000000000000e+01 4.238100000000000000e+04 4.297500000000000000e+04 4.373700000000000000e+04 4.091400000000000000e+04 2.203100266802357510e+01 6.400000000000000000e+01
8.900000000000000000e+01 1.600000000000000000e+01 -2.000000000000000000e+01 4.223000000000000000e+04 4.340600000000000000e+04 4.369200000000000000e+04 4.022200000000000000e+04 2.204142633703304455e+01 6.400000000000000000e+01
9.400000000000000000e+01 6.300000000000000000e+01 -1.100000000000000000e+01 4.264400000000000000e+04 4.261400000000000000e+04 4.317900000000000000e+04 4.104800000000000000e+04 2.205198145000031218e+01 6.400000000000000000e+01
8.100000000000000000e+01 9.300000000000000000e+01 -1.900000000000000000e+01 4.219000000000000000e+04 4.209100000000000000e+04 4.267500000000000000e+04 4.077400000000000000e+04 2.206192499201279134e+01 6.400000000000000000e+01
9.600000000000000000e+01 1.090000000000000000e+02 -2.000000000000000000e+01 4.242700000000000000e+04 4.239200000000000000e+04 4.234800000000000000e+04 4.008400000000000000e+04 2.207134249602677301e+01 6.400000000000000000e+01
9.200000000000000000e+01 1.090000000000000000e+02 -1.800000000000000000e+01 4.272100000000000000e+04 4.224900000000000000e+04 4.218000000000000000e+04 3.990800000000000000e+04 2.208273821603506804e+01 6.400000000000000000e+01
1.010000000000000000e+02 1.280000000000000000e+02 -2.000000000000000000e+00 4.269600000000000000e+04 4.222500000000000000e+04 4.202200000000000000e+04 3.972000000000000000e+04 2.209199221699964255e+01 6.400000000000000000e+01
1.090000000000000000e+02 1.150000000000000000e+02 0.000000000000000000e+00 4.245300000000000000e+04 4.283100000000000000e+04 4.218900000000000000e+04 3.890900000000000000e+04 2.210264801600715145e+01 6.500000000000000000e+01
8.200000000000000000e+01 1.060000000000000000e+02 1.600000000000000000e+01 4.201600000000000000e+04 4.180300000000000000e+04 4.202400000000000000e+04 3.959000000000000000e+04 2.211106957803713158e+01 6.500000000000000000e+01
2.900000000000000000e+01 9.000000000000000000e+01 9.000000000000000000e+00 4.174900000000000000e+04 4.161900000000000000e+04 4.238600000000000000e+04 3.962900000000000000e+04 2.212274993298342451e+01 6.500000000000000000e+01
-2.600000000000000000e+01 1.130000000000000000e+02 2.000000000000000000e+00 4.156200000000000000e+04 4.156200000000000000e+04 4.237200000000000000e+04 3.967300000000000000e+04 2.213175914203748107e+01 6.500000000000000000e+01
-4.100000000000000000e+01 1.390000000000000000e+02 1.000000000000000000e+00 4.117500000000000000e+04 4.108400000000000000e+04 4.266100000000000000e+04 4.023700000000000000e+04 2.214203761401586235e+01 6.600000000000000000e+01
-5.100000000000000000e+01 1.370000000000000000e+02 2.000000000000000000e+00 4.100000000000000000e+04 4.128200000000000000e+04 4.279100000000000000e+04 3.989900000000000000e+04 2.215223540499573573e+01 6.600000000000000000e+01
-2.700000000000000000e+01 1.610000000000000000e+02 4.000000000000000000e+00 4.172900000000000000e+04 4.098400000000000000e+04 4.216700000000000000e+04 4.013200000000000000e+04 2.216264499298995361e+01 6.600000000000000000e+01
4.000000000000000000e+00 1.680000000000000000e+02 1.600000000000000000e+01 4.210700000000000000e+04 4.093300000000000000e+04 4.177100000000000000e+04 4.014000000000000000e+04 2.217153590399539098e+01 6.600000000000000000e+01
2.800000000000000000e+01 1.290000000000000000e+02 8.000000000000000000e+00 4.205900000000000000e+04 4.130200000000000000e+04 4.190400000000000000e+04 3.966000000000000000e+04 2.218106654402799904e+01 6.600000000000000000e+01
-2.500000000000000000e+01 1.550000000000000000e+02 0.000000000000000000e+00 4.212800000000000000e+04 4.059400000000000000e+04 4.187700000000000000e+04 4.043600000000000000e+04 2.219249345798743889e+01 6.900000000000000000e+01
-6.800000000000000000e+01 1.800000000000000000e+02 -2.000000000000000000e+00 4.177200000000000000e+04 4.051200000000000000e+04 4.203500000000000000e+04 4.057900000000000000e+04 2.220182492898311466e+01 6.900000000000000000e+01
-1.120000000000000000e+02 1.930000000000000000e+02 -1.300000000000000000e+01 4.187000000000000000e+04 3.997800000000000000e+04 4.199300000000000000e+04 4.139300000000000000e+04 2.221225175302242860e+01 6.900000000000000000e+01
-9.100000000000000000e+01 1.670000000000000000e+02 -2.000000000000000000e+01 4.197000000000000000e+04 4.028100000000000000e+04 4.173900000000000000e+04 4.140200000000000000e+04 2.222070432698819786e+01 6.900000000000000000e+01
-1.040000000000000000e+02 1.060000000000000000e+02 -1.900000000000000000e+01 4.135800000000000000e+04 4.062100000000000000e+04 4.232300000000000000e+04 4.131900000000000000e+04 2.223209594201762229e+01 7.200000000000000000e+01
-1.170000000000000000e+02 1.000000000000000000e+01 -3.000000000000000000e+00 4.063700000000000000e+04 4.072900000000000000e+04 4.288200000000000000e+04 4.106400000000000000e+04 2.224193347402615473e+01 7.200000000000000000e+01
-9.900000000000000000e+01 -8.800000000000000000e+01 -1.800000000000000000e+01 3.985600000000000000e+04 4.201500000000000000e+04 4.366000000000000000e+04 3.970800000000000000e+04 2.225185353599954396e+01 7.200000000000000000e+01
-5.000000000000000000e+01 -1.510000000000000000e+02 -1.300000000000000000e+01 3.990700000000000000e+04 4.257600000000000000e+04 4.355100000000000000e+04 3.940600000000000000e+04 2.226121791300829500e+01 7.200000000000000000e+01
-5.000000000000000000e+00 -1.730000000000000000e+02 -7.000000000000000000e+00 3.986200000000000000e+04 4.338300000000000000e+04 4.375900000000000000e+04 3.868400000000000000e+04 2.227389983600005507e+01 6.600000000000000000e+01
4.700000000000000000e+01 -7.900000000000000000e+01 -2.200000000000000000e+01 4.135200000000000000e+04 4.335300000000000000e+04 4.307900000000000000e+04 3.927400000000000000e+04 2.228243127703899518e+01 6.600000000000000000e+01
1.380000000000000000e+02 5.500000000000000000e+01 -9.000000000000000000e+00 4.256000000000000000e+04 4.350500000000000000e+04 4.196800000000000000e+04 3.921000000000000000e+04 2.229179281101096421e+01 6.600000000000000000e+01
1.550000000000000000e+02 1.590000000000000000e+02 -1.300000000000000000e+01 4.322400000000000000e+04 4.279000000000000000e+04 4.147300000000000000e+04 4.031100000000000000e+04 2.230159317998914048e+01 6.600000000000000000e+01
1.280000000000000000e+02 1.940000000000000000e+02 -1.900000000000000000e+01 4.335700000000000000e+04 4.254100000000000000e+04 4.133400000000000000e+04 4.077500000000000000e+04 2.231144582002889365e+01 6.600000000000000000e+01
1.680000000000000000e+02 1.950000000000000000e+02 -2.000000000000000000e+01 4.389100000000000000e+04 4.321900000000000000e+04 4.084600000000000000e+04 4.006100000000000000e+04 2.232227925700135529e+01 6.500000000000000000e+01
1.330000000000000000e+02 2.170000000000000000e+02 -2.000000000000000000e+01 4.479900000000000000e+04 4.346400000000000000e+04 4.035800000000000000e+04 4.029700000000000000e+04 2.233221889601554722e+01 6.500000000000000000e+01
2.900000000000000000e+01 2.110000000000000000e+02 -5.000000000000000000e+00 4.486500000000000000e+04 4.279600000000000000e+04 4.049800000000000000e+04 4.112700000000000000e+04 2.234078889398369938e+01 6.500000000000000000e+01
-1.640000000000000000e+02 1.970000000000000000e+02 -2.100000000000000000e+01 4.351300000000000000e+04 4.158900000000000000e+04 4.208000000000000000e+04 4.251900000000000000e+04 2.235272317100316286e+01 6.500000000000000000e+01
-2.680000000000000000e+02 1.130000000000000000e+02 -1.100000000000000000e+01 4.194800000000000000e+04 4.215800000000000000e+04 4.382100000000000000e+04 4.197700000000000000e+04 2.236198722198605537e+01 6.800000000000000000e+01
-3.270000000000000000e+02 1.500000000000000000e+01 -1.500000000000000000e+01 4.105700000000000000e+04 4.195000000000000000e+04 4.487700000000000000e+04 4.224500000000000000e+04 2.237137262400938198e+01 6.800000000000000000e+01
-3.740000000000000000e+02 -4.100000000000000000e+01 -3.300000000000000000e+01 4.035000000000000000e+04 4.207100000000000000e+04 4.519800000000000000e+04 4.254600000000000000e+04 2.238066711602732539e+01 6.800000000000000000e+01
-3.370000000000000000e+02 -3.900000000000000000e+01 -1.600000000000000000e+01 4.010000000000000000e+04 4.279700000000000000e+04 4.518000000000000000e+04 4.211300000000000000e+04 2.239110521500697359e+01 6.800000000000000000e+01
-2.110000000000000000e+02 8.000000000000000000e+00 -1.200000000000000000e+01 4.163600000000000000e+04 4.256400000000000000e+04 4.421700000000000000e+04 4.209700000000000000e+04 2.240246469201520085e+01 6.800000000000000000e+01
-1.030000000000000000e+02 8.200000000000000000e+01 -1.100000000000000000e+01 4.283400000000000000e+04 4.259500000000000000e+04 4.352000000000000000e+04 4.219600000000000000e+04 2.241206206701463088e+01 6.400000000000000000e+01
-1.000000000000000000e+00 3.700000000000000000e+01 -3.000000000000000000e+00 4.314400000000000000e+04 4.332800000000000000e+04 4.334500000000000000e+04 4.131100000000000000e+04 2.242067684500943869e+01 6.400000000000000000e+01
7.000000000000000000e+01 3.700000000000000000e+01 1.300000000000000000e+01 4.391000000000000000e+04 4.413900000000000000e+04 4.300600000000000000e+04 4.001100000000000000e+04 2.243049372598761693e+01 6.400000000000000000e+01
1.020000000000000000e+02 3.400000000000000000e+01 1.300000000000000000e+01 4.423500000000000000e+04 4.394800000000000000e+04 4.285100000000000000e+04 4.012900000000000000e+04 2.244158262503333390e+01 6.400000000000000000e+01
6.400000000000000000e+01 -1.800000000000000000e+01 -2.500000000000000000e+01 4.287700000000000000e+04 4.460300000000000000e+04 4.383100000000000000e+04 3.970700000000000000e+04 2.245178013801341876e+01 6.100000000000000000e+01
4.600000000000000000e+01 -6.300000000000000000e+01 -1.600000000000000000e+01 4.347300000000000000e+04 4.494800000000000000e+04 4.325200000000000000e+04 3.985300000000000000e+04 2.246160540502751246e+01 6.100000000000000000e+01
-3.700000000000000000e+01 -7.700000000000000000e+01 -3.800000000000000000e+01 4.284100000000000000e+04 4.453900000000000000e+04 4.362400000000000000e+04 4.042100000000000000e+04 2.247212335199583322e+01 6.100000000000000000e+01
-1.360000000000000000e+02 -6.600000000000000000e+01 -3.700000000000000000e+01 4.185000000000000000e+04 4.416600000000000000e+04 4.413000000000000000e+04 4.137000000000000000e+04 2.248066392401233315e+01 6.100000000000000000e+01
-2.170000000000000000e+02 -4.900000000000000000e+01 -3.000000000000000000e+01 4.098800000000000000e+04 4.365400000000000000e+04 4.469200000000000000e+04 4.183000000000000000e+04 2.249171737802680582e+01 5.700000000000000000e+01
-2.630000000000000000e+02 -7.400000000000000000e+01 -2.600000000000000000e+01 4.057600000000000000e+04 4.364900000000000000e+04 4.546200000000000000e+04 4.228400000000000000e+04 2.250246064801467583e+01 5.700000000000000000e+01
-2.430000000000000000e+02 -5.000000000000000000e+01 -6.000000000000000000e+00 4.130300000000000000e+04 4.355600000000000000e+04 4.516500000000000000e+04 4.231300000000000000e+04 2.251130895799724385e+01 5.700000000000000000e+01
-1.980000000000000000e+02 7.900000000000000000e+01 9.000000000000000000e+00 4.241300000000000000e+04 4.268500000000000000e+04 4.447200000000000000e+04 4.286300000000000000e+04 2.252122608904028311e+01 5.700000000000000000e+01
-1.530000000000000000e+02 1.610000000000000000e+02 -1.000000000000000000e+00 4.302500000000000000e+04 4.204600000000000000e+04 4.383600000000000000e+04 4.345200000000000000e+04 2.253139993699733168e+01 5.700000000000000000e+01
-7.000000000000000000e+01 2.910000000000000000e+02 2.800000000000000000e+01 4.462000000000000000e+04 4.183400000000000000e+04 4.236400000000000000e+04 4.331600000000000000e+04 2.254105269903084263e+01 5.900000000000000000e+01
1.300000000000000000e+01 2.940000000000000000e+02 5.000000000000000000e+00 4.546300000000000000e+04 4.158200000000000000e+04 4.176500000000000000e+04 4.290100000000000000e+04 2.255098359502153471e+01 5.900000000000000000e+01
6.800000000000000000e+01 2.250000000000000000e+02 3.900000000000000000e+01 4.514700000000000000e+04 4.253200000000000000e+04 4.197500000000000000e+04 4.162800000000000000e+04 2.256191930099157616e+01 5.900000000000000000e+01
2.100000000000000000e+01 1.180000000000000000e+02 4.800000000000000000e+01 4.438200000000000000e+04 4.212700000000000000e+04 4.333900000000000000e+04 4.131100000000000000e+04 2.257106152799678966e+01 5.900000000000000000e+01
-3.800000000000000000e+01 9.000000000000000000e+00 5.000000000000000000e+01 4.357900000000000000e+04 4.207100000000000000e+04 4.429500000000000000e+04 4.102000000000000000e+04 2.258107680198736489e+01 5.700000000000000000e+01
-4.900000000000000000e+01 -9.200000000000000000e+01 3.700000000000000000e+01 4.272700000000000000e+04 4.292300000000000000e+04 4.492900000000000000e+04 4.030300000000000000e+04 2.259175060200504959e+01 5.700000000000000000e+01
-5.900000000000000000e+01 -1.930000000000000000e+02 2.800000000000000000e+01 4.163000000000000000e+04 4.346100000000000000e+04 4.556900000000000000e+04 3.988200000000000000e+04 2.260164287703810260e+01 5.700000000000000000e+01
-4.500000000000000000e+01 -1.650000000000000000e+02 2.700000000000000000e+01 4.170900000000000000e+04 4.345700000000000000e+04 4.528800000000000000e+04 3.990100000000000000e+04 2.261131923401262611e+01 5.700000000000000000e+01
-2.000000000000000000e+01 -9.500000000000000000e+01 3.500000000000000000e+01 4.209500000000000000e+04 4.323400000000000000e+04 4.485300000000000000e+04 4.003500000000000000e+04 2.262141863303259015e+01 5.700000000000000000e+01
2.900000000000000000e+01 -1.600000000000000000e+01 3.800000000000000000e+01 4.337700000000000000e+04 4.225500000000000000e+04 4.397000000000000000e+04 4.075500000000000000e+04 2.263134531903779134e+01 5.500000000000000000e+01
9.700000000000000000e+01 5.200000000000000000e+01 5.500000000000000000e+01 4.379700000000000000e+04 4.261800000000000000e+04 4.361400000000000000e+04 4.011600000000000000e+04 2.264137856703018770e+01 5.500000000000000000e+01
1.140000000000000000e+02 6.100000000000000000e+01 3.100000000000000000e+01 4.409400000000000000e+04 4.259800000000000000e+04 4.323100000000000000e+04 4.002900000000000000e+04 2.265047293703537434e+01 5.500000000000000000e+01
1.150000000000000000e+02 1.030000000000000000e+02 4.800000000000000000e+01 4.381300000000000000e+04 4.242700000000000000e+04 4.334500000000000000e+04 4.017200000000000000e+04 2.266134454403072596e+01 5.500000000000000000e+01
1.260000000000000000e+02 9.800000000000000000e+01 5.600000000000000000e+01 4.432000000000000000e+04 4.190900000000000000e+04 4.298500000000000000e+04 4.022900000000000000e+04 2.267231238901149482e+01 5.700000000000000000e+01
1.450000000000000000e+02 8.000000000000000000e+01 4.200000000000000000e+01 4.431600000000000000e+04 4.228500000000000000e+04 4.294300000000000000e+04 3.951400000000000000e+04 2.268236420699395239e+01 5.700000000000000000e+01
1.330000000000000000e+02 2.400000000000000000e+01 5.400000000000000000e+01 4.386300000000000000e+04 4.266000000000000000e+04 4.328700000000000000e+04 3.908300000000000000e+04 2.269052637403365225e+01 5.700000000000000000e+01
9.300000000000000000e+01 -5.500000000000000000e+01 5.600000000000000000e+01 4.304900000000000000e+04 4.322800000000000000e+04 4.403100000000000000e+04 3.830800000000000000e+04 2.270130033302120864e+01 5.700000000000000000e+01
2.700000000000000000e+01 -7.200000000000000000e+01 5.000000000000000000e+01 4.254400000000000000e+04 4.258900000000000000e+04 4.443400000000000000e+04 3.904800000000000000e+04 2.271075879700947553e+01 6.100000000000000000e+01
-6.200000000000000000e+01 -8.100000000000000000e+01 3.400000000000000000e+01 4.142000000000000000e+04 4.186400000000000000e+04 4.496800000000000000e+04 3.963600000000000000e+04 2.272092629899270833e+01 6.100000000000000000e+01
-9.300000000000000000e+01 -9.500000000000000000e+01 3.300000000000000000e+01 4.070900000000000000e+04 4.204500000000000000e+04 4.532400000000000000e+04 3.958000000000000000e+04 2.273150091303978115e+01 6.100000000000000000e+01
-1.310000000000000000e+02 -4.200000000000000000e+01 1.900000000000000000e+01 4.126400000000000000e+04 4.118500000000000000e+04 4.472300000000000000e+04 4.049300000000000000e+04 2.274106674501672387e+01 6.100000000000000000e+01
-1.270000000000000000e+02 1.200000000000000000e+01 2.500000000000000000e+01 4.128300000000000000e+04 4.109900000000000000e+04 4.440100000000000000e+04 4.063300000000000000e+04 2.275073972903192043e+01 6.100000000000000000e+01
-1.460000000000000000e+02 2.200000000000000000e+01 3.400000000000000000e+01 4.124200000000000000e+04 4.051600000000000000e+04 4.468900000000000000e+04 4.074500000000000000e+04 2.276240428502205759e+01 6.300000000000000000e+01
-1.290000000000000000e+02 1.900000000000000000e+01 4.200000000000000000e+01 4.122000000000000000e+04 4.056100000000000000e+04 4.464700000000000000e+04 4.007300000000000000e+04 2.277088173700030893e+01 6.300000000000000000e+01
-9.900000000000000000e+01 1.300000000000000000e+01 3.700000000000000000e+01 4.139500000000000000e+04 4.035600000000000000e+04 4.445200000000000000e+04 4.031400000000000000e+04 2.278083793603582308e+01 6.300000000000000000e+01
-3.000000000000000000e+00 5.000000000000000000e+00 4.500000000000000000e+01 4.222300000000000000e+04 4.110500000000000000e+04 4.373300000000000000e+04 3.939500000000000000e+04 2.279120521998265758e+01 6.300000000000000000e+01
6.800000000000000000e+01 3.000000000000000000e+01 4.000000000000000000e+01 4.255500000000000000e+04 4.158400000000000000e+04 4.341100000000000000e+04 3.871900000000000000e+04 2.280243453400908038e+01 5.900000000000000000e+01
1.340000000000000000e+02 8.100000000000000000e+01 3.400000000000000000e+01 4.319800000000000000e+04 4.159000000000000000e+04 4.286600000000000000e+04 3.905600000000000000e+04 2.281106342503335327e+01 5.900000000000000000e+01
2.090000000000000000e+02 9.100000000000000000e+01 5.900000000000000000e+01 4.357600000000000000e+04 4.213200000000000000e+04 4.263200000000000000e+04 3.846500000000000000e+04 2.282089790701866150e+01 5.900000000000000000e+01
2.800000000000000000e+02 1.180000000000000000e+02 2.900000000000000000e+01 4.479100000000000000e+04 4.222100000000000000e+04 4.153900000000000000e+04 3.816700000000000000e+04 2.283046500501222908e+01 5.900000000000000000e+01
3.300000000000000000e+02 1.020000000000000000e+02 1.800000000000000000e+01 4.466700000000000000e+04 4.305800000000000000e+04 4.129300000000000000e+04 3.772800000000000000e+04 2.284095097403042018e+01 5.900000000000000000e+01
3.190000000000000000e+02 6.400000000000000000e+01 1.400000000000000000e+01 4.446500000000000000e+04 4.306100000000000000e+04 4.110700000000000000e+04 3.808500000000000000e+04 2.285123265703441575e+01 6.300000000000000000e+01
2.720000000000000000e+02 6.900000000000000000e+01 5.000000000000000000e+00 4.410700000000000000e+04 4.301000000000000000e+04 4.147100000000000000e+04 3.818400000000000000e+04 2.286101158399833366e+01 6.300000000000000000e+01
1.650000000000000000e+02 1.200000000000000000e+02 5.000000000000000000e+00 4.381500000000000000e+04 4.183200000000000000e+04 4.178200000000000000e+04 3.972300000000000000e+04 2.287132735998602584e+01 6.300000000000000000e+01
4.800000000000000000e+01 9.900000000000000000e+01 -1.400000000000000000e+01 4.309300000000000000e+04 4.178600000000000000e+04 4.231400000000000000e+04 4.021600000000000000e+04 2.288068628200562671e+01 6.300000000000000000e+01
-6.800000000000000000e+01 4.500000000000000000e+01 -1.500000000000000000e+01 4.207900000000000000e+04 4.149700000000000000e+04 4.300200000000000000e+04 4.102300000000000000e+04 2.289071696600876749e+01 6.300000000000000000e+01
-1.590000000000000000e+02 -3.400000000000000000e+01 -2.200000000000000000e+01 4.091600000000000000e+04 4.167900000000000000e+04 4.440500000000000000e+04 4.079900000000000000e+04 2.290095519000897184e+01 6.300000000000000000e+01
-1.950000000000000000e+02 -5.000000000000000000e+01 -4.400000000000000000e+01 4.088100000000000000e+04 4.182600000000000000e+04 4.452300000000000000e+04 4.089200000000000000e+04 2.291096733399899676e+01 6.300000000000000000e+01
-2.180000000000000000e+02 -7.800000000000000000e+01 -4.300000000000000000e+01 4.078700000000000000e+04 4.204300000000000000e+04 4.465200000000000000e+04 4.111500000000000000e+04 2.292095201002666727e+01 6.300000000000000000e+01
-2.090000000000000000e+02 -6.000000000000000000e+01 -4.500000000000000000e+01 4.103800000000000000e+04 4.176200000000000000e+04 4.462400000000000000e+04 4.130500000000000000e+04 2.293205535400193185e+01 6.500000000000000000e+01
-1.150000000000000000e+02 -2.000000000000000000e+01 -3.400000000000000000e+01 4.211500000000000000e+04 4.192800000000000000e+04 4.351100000000000000e+04 4.121400000000000000e+04 2.294057756598340347e+01 6.500000000000000000e+01
1.200000000000000000e+01 -1.900000000000000000e+01 -2.600000000000000000e+01 4.206700000000000000e+04 4.322400000000000000e+04 4.370700000000000000e+04 3.981800000000000000e+04 2.295049638103228062e+01 6.500000000000000000e+01
1.170000000000000000e+02 -4.100000000000000000e+01 -1.500000000000000000e+01 4.311500000000000000e+04 4.328900000000000000e+04 4.292900000000000000e+04 3.954500000000000000e+04 2.296063454699469730e+01 6.500000000000000000e+01
2.330000000000000000e+02 -4.200000000000000000e+01 4.000000000000000000e+00 4.348000000000000000e+04 4.358000000000000000e+04 4.260300000000000000e+04 3.917900000000000000e+04 2.297079495998332277e+01 6.500000000000000000e+01
3.010000000000000000e+02 -3.500000000000000000e+01 1.200000000000000000e+01 4.405000000000000000e+04 4.394800000000000000e+04 4.217900000000000000e+04 3.868000000000000000e+04 2.298045813199132681e+01 6.500000000000000000e+01
3.200000000000000000e+02 -4.000000000000000000e+01 -2.000000000000000000e+00 4.375100000000000000e+04 4.410700000000000000e+04 4.244900000000000000e+04 3.844300000000000000e+04 2.299096852703951299e+01 6.500000000000000000e+01
