7.500000000000000000e+01 -1.070000000000000000e+02 -2.500000000000000000e+01 4.327400000000000000e+04 4.652000000000000000e+04 4.564800000000000000e+04 4.245800000000000000e+04 2.450434594898251817e+01 8.080000000000000000e+02
8.300000000000000000e+01 -1.080000000000000000e+02 -2.200000000000000000e+01 4.351100000000000000e+04 4.638400000000000000e+04 4.568900000000000000e+04 4.238700000000000000e+04 2.451339943899074569e+01 8.060000000000000000e+02
3.500000000000000000e+01 -1.070000000000000000e+02 -2.700000000000000000e+01 4.251300000000000000e+04 4.618500000000000000e+04 4.643500000000000000e+04 4.291400000000000000e+04 2.452281428995775059e+01 8.060000000000000000e+02
4.100000000000000000e+01 -8.200000000000000000e+01 -2.900000000000000000e+01 4.347100000000000000e+04 4.636100000000000000e+04 4.575700000000000000e+04 4.248200000000000000e+04 2.453327171294949949e+01 8.060000000000000000e+02
1.000000000000000000e+00 -8.000000000000000000e+01 -3.700000000000000000e+01 4.298100000000000000e+04 4.574700000000000000e+04 4.595900000000000000e+04 4.344200000000000000e+04 2.454324843198992312e+01 8.060000000000000000e+02
5.500000000000000000e+01 -4.700000000000000000e+01 -3.900000000000000000e+01 4.367300000000000000e+04 4.603700000000000000e+04 4.553800000000000000e+04 4.289700000000000000e+04 2.455345383996609598e+01 8.080000000000000000e+02
8.000000000000000000e+00 -4.200000000000000000e+01 -5.500000000000000000e+01 4.312200000000000000e+04 4.541000000000000000e+04 4.549400000000000000e+04 4.365800000000000000e+04 2.456411223299801350e+01 8.080000000000000000e+02
4.500000000000000000e+01 -1.500000000000000000e+01 -3.600000000000000000e+01 4.324400000000000000e+04 4.579700000000000000e+04 4.543600000000000000e+04 4.310800000000000000e+04 2.457294372696196660e+01 8.080000000000000000e+02
1.100000000000000000e+01 -4.300000000000000000e+01 -4.100000000000000000e+01 4.241600000000000000e+04 4.582800000000000000e+04 4.613200000000000000e+04 4.306400000000000000e+04 2.458322834997670725e+01 8.080000000000000000e+02
4.500000000000000000e+01 -4.400000000000000000e+01 -4.600000000000000000e+01 4.359100000000000000e+04 4.578900000000000000e+04 4.495500000000000000e+04 4.317000000000000000e+04 2.459498247096780688e+01 8.080000000000000000e+02
9.000000000000000000e+01 -4.500000000000000000e+01 -5.400000000000000000e+01 4.352400000000000000e+04 4.589000000000000000e+04 4.490800000000000000e+04 4.317000000000000000e+04 2.460385074396617711e+01 8.040000000000000000e+02
1.070000000000000000e+02 -5.600000000000000000e+01 -4.700000000000000000e+01 4.377900000000000000e+04 4.611600000000000000e+04 4.493800000000000000e+04 4.320400000000000000e+04 2.461385621497174725e+01 8.040000000000000000e+02
1.360000000000000000e+02 -4.800000000000000000e+01 -5.200000000000000000e+01 4.374600000000000000e+04 4.653600000000000000e+04 4.485100000000000000e+04 4.270300000000000000e+04 2.462398102995939553e+01 8.040000000000000000e+02
1.520000000000000000e+02 -6.200000000000000000e+01 -5.900000000000000000e+01 4.374900000000000000e+04 4.654400000000000000e+04 4.493400000000000000e+04 4.259600000000000000e+04 2.463429027399979532e+01 8.040000000000000000e+02
9.400000000000000000e+01 -5.800000000000000000e+01 -5.500000000000000000e+01 4.298600000000000000e+04 4.685000000000000000e+04 4.538400000000000000e+04 4.261500000000000000e+04 2.464297594997333363e+01 8.090000000000000000e+02
8.500000000000000000e+01 -4.500000000000000000e+01 -5.000000000000000000e+01 4.330900000000000000e+04 4.661300000000000000e+04 4.490800000000000000e+04 4.249600000000000000e+04 2.465333090600324795e+01 8.090000000000000000e+02
6.400000000000000000e+01 -5.400000000000000000e+01 -4.300000000000000000e+01 4.315700000000000000e+04 4.612500000000000000e+04 4.510600000000000000e+04 4.308300000000000000e+04 2.466191798995714635e+01 8.090000000000000000e+02
5.400000000000000000e+01 -2.700000000000000000e+01 -5.000000000000000000e+01 4.296300000000000000e+04 4.618100000000000000e+04 4.534600000000000000e+04 4.311900000000000000e+04 2.467271476896712556e+01 8.090000000000000000e+02
-2.000000000000000000e+00 -3.700000000000000000e+01 -5.000000000000000000e+01 4.229400000000000000e+04 4.627200000000000000e+04 4.592100000000000000e+04 4.306500000000000000e+04 2.468257643398828804e+01 8.110000000000000000e+02
-2.200000000000000000e+01 -5.500000000000000000e+01 -3.900000000000000000e+01 4.248900000000000000e+04 4.597500000000000000e+04 4.530700000000000000e+04 4.297200000000000000e+04 2.469364546699216589e+01 8.110000000000000000e+02
2.000000000000000000e+00 -6.000000000000000000e+01 -4.300000000000000000e+01 4.244000000000000000e+04 4.624700000000000000e+04 4.528000000000000000e+04 4.269000000000000000e+04 2.470295485696988180e+01 8.110000000000000000e+02
-3.700000000000000000e+01 -5.600000000000000000e+01 -4.800000000000000000e+01 4.217300000000000000e+04 4.585200000000000000e+04 4.541300000000000000e+04 4.327100000000000000e+04 2.471282728598453104e+01 8.110000000000000000e+02
-6.900000000000000000e+01 -4.300000000000000000e+01 -2.700000000000000000e+01 4.238800000000000000e+04 4.541700000000000000e+04 4.546000000000000000e+04 4.354200000000000000e+04 2.472289336699759588e+01 8.110000000000000000e+02
-2.000000000000000000e+01 -3.500000000000000000e+01 -4.000000000000000000e+01 4.290000000000000000e+04 4.633700000000000000e+04 4.469600000000000000e+04 4.266400000000000000e+04 2.473311832896433771e+01 8.100000000000000000e+02
-1.400000000000000000e+01 -6.500000000000000000e+01 -4.400000000000000000e+01 4.238900000000000000e+04 4.619600000000000000e+04 4.511700000000000000e+04 4.261800000000000000e+04 2.474300894199404866e+01 8.100000000000000000e+02
3.500000000000000000e+01 -6.000000000000000000e+01 -3.400000000000000000e+01 4.227000000000000000e+04 4.649700000000000000e+04 4.462000000000000000e+04 4.290300000000000000e+04 2.475368497695308179e+01 8.100000000000000000e+02
7.800000000000000000e+01 -4.000000000000000000e+01 -4.100000000000000000e+01 4.250600000000000000e+04 4.667900000000000000e+04 4.488800000000000000e+04 4.221300000000000000e+04 2.476330797700211406e+01 8.100000000000000000e+02
9.700000000000000000e+01 -9.000000000000000000e+00 -3.600000000000000000e+01 4.274400000000000000e+04 4.655400000000000000e+04 4.462000000000000000e+04 4.242800000000000000e+04 2.477403982594842091e+01 8.060000000000000000e+02
1.450000000000000000e+02 -1.900000000000000000e+01 -3.700000000000000000e+01 4.326300000000000000e+04 4.688300000000000000e+04 4.446800000000000000e+04 4.242300000000000000e+04 2.478281671396689489e+01 8.060000000000000000e+02
1.550000000000000000e+02 -1.800000000000000000e+01 -4.800000000000000000e+01 4.372500000000000000e+04 4.702600000000000000e+04 4.405100000000000000e+04 4.232600000000000000e+04 2.479255955299595371e+01 8.060000000000000000e+02
1.560000000000000000e+02 0.000000000000000000e+00 -4.100000000000000000e+01 4.344000000000000000e+04 4.720400000000000000e+04 4.443500000000000000e+04 4.214000000000000000e+04 2.480271290196105838e+01 8.060000000000000000e+02
9.500000000000000000e+01 -1.200000000000000000e+01 -3.600000000000000000e+01 4.311600000000000000e+04 4.674400000000000000e+04 4.499000000000000000e+04 4.282700000000000000e+04 2.481394780694972724e+01 8.080000000000000000e+02
5.700000000000000000e+01 -3.200000000000000000e+01 -3.800000000000000000e+01 4.317700000000000000e+04 4.704400000000000000e+04 4.478000000000000000e+04 4.269100000000000000e+04 2.482333087199367583e+01 8.080000000000000000e+02
1.400000000000000000e+01 -1.500000000000000000e+01 -3.400000000000000000e+01 4.314700000000000000e+04 4.673000000000000000e+04 4.484500000000000000e+04 4.308100000000000000e+04 2.483396700496086851e+01 8.080000000000000000e+02
-1.100000000000000000e+01 -1.300000000000000000e+01 -2.200000000000000000e+01 4.312400000000000000e+04 4.655100000000000000e+04 4.506200000000000000e+04 4.320800000000000000e+04 2.484291482198750600e+01 8.080000000000000000e+02
-4.400000000000000000e+01 5.000000000000000000e+00 -4.000000000000000000e+00 4.298900000000000000e+04 4.620000000000000000e+04 4.546200000000000000e+04 4.339800000000000000e+04 2.485270647198194638e+01 8.090000000000000000e+02
-7.700000000000000000e+01 1.300000000000000000e+01 -1.300000000000000000e+01 4.251300000000000000e+04 4.623700000000000000e+04 4.545500000000000000e+04 4.366300000000000000e+04 2.486227360897464678e+01 8.090000000000000000e+02
-1.190000000000000000e+02 2.700000000000000000e+01 7.000000000000000000e+00 4.255000000000000000e+04 4.565800000000000000e+04 4.583600000000000000e+04 4.393700000000000000e+04 2.487327960599213839e+01 8.090000000000000000e+02
-9.100000000000000000e+01 -2.000000000000000000e+00 -4.000000000000000000e+00 4.269300000000000000e+04 4.656000000000000000e+04 4.571800000000000000e+04 4.307000000000000000e+04 2.488316577498335391e+01 8.090000000000000000e+02
-8.900000000000000000e+01 1.000000000000000000e+00 7.000000000000000000e+00 4.327000000000000000e+04 4.644200000000000000e+04 4.529400000000000000e+04 4.343100000000000000e+04 2.489309887698618695e+01 8.090000000000000000e+02
-5.900000000000000000e+01 4.900000000000000000e+01 1.500000000000000000e+01 4.364200000000000000e+04 4.671700000000000000e+04 4.465500000000000000e+04 4.337700000000000000e+04 2.490249559597577900e+01 8.120000000000000000e+02
-1.800000000000000000e+01 1.700000000000000000e+01 1.600000000000000000e+01 4.355700000000000000e+04 4.659900000000000000e+04 4.498700000000000000e+04 4.249700000000000000e+04 2.491412280296208337e+01 8.120000000000000000e+02
2.200000000000000000e+01 -1.000000000000000000e+00 1.200000000000000000e+01 4.371700000000000000e+04 4.736900000000000000e+04 4.418800000000000000e+04 4.218900000000000000e+04 2.492247910000151023e+01 8.120000000000000000e+02
2.000000000000000000e+01 1.500000000000000000e+01 1.200000000000000000e+01 4.327000000000000000e+04 4.686700000000000000e+04 4.501100000000000000e+04 4.243100000000000000e+04 2.493307592498604208e+01 8.120000000000000000e+02
0.000000000000000000e+00 2.000000000000000000e+00 2.600000000000000000e+01 4.320100000000000000e+04 4.679100000000000000e+04 4.482900000000000000e+04 4.277100000000000000e+04 2.494282485399162397e+01 8.070000000000000000e+02
-1.500000000000000000e+01 2.900000000000000000e+01 2.700000000000000000e+01 4.388300000000000000e+04 4.662000000000000000e+04 4.479400000000000000e+04 4.280300000000000000e+04 2.495316651300527155e+01 8.070000000000000000e+02
-3.800000000000000000e+01 3.100000000000000000e+01 2.700000000000000000e+01 4.379500000000000000e+04 4.615200000000000000e+04 4.518300000000000000e+04 4.306400000000000000e+04 2.496242000896017998e+01 8.070000000000000000e+02
-5.900000000000000000e+01 4.200000000000000000e+01 3.200000000000000000e+01 4.362200000000000000e+04 4.647500000000000000e+04 4.495100000000000000e+04 4.316500000000000000e+04 2.497374027699697763e+01 8.070000000000000000e+02
-1.060000000000000000e+02 4.700000000000000000e+01 4.100000000000000000e+01 4.320400000000000000e+04 4.586600000000000000e+04 4.557300000000000000e+04 4.369600000000000000e+04 2.498359224497107789e+01 8.060000000000000000e+02
-1.230000000000000000e+02 3.700000000000000000e+01 3.900000000000000000e+01 4.344300000000000000e+04 4.618000000000000000e+04 4.558200000000000000e+04 4.354800000000000000e+04 2.499438287998782471e+01 8.060000000000000000e+02
-1.130000000000000000e+02 2.900000000000000000e+01 4.100000000000000000e+01 4.349500000000000000e+04 4.621600000000000000e+04 4.570500000000000000e+04 4.348000000000000000e+04 2.500366534700151533e+01 8.060000000000000000e+02
-1.190000000000000000e+02 3.000000000000000000e+00 4.200000000000000000e+01 4.336800000000000000e+04 4.654900000000000000e+04 4.602000000000000000e+04 4.321600000000000000e+04 2.501395264198072255e+01 8.060000000000000000e+02
-1.310000000000000000e+02 -1.300000000000000000e+01 5.100000000000000000e+01 4.357900000000000000e+04 4.641900000000000000e+04 4.572000000000000000e+04 4.350300000000000000e+04 2.502284777199383825e+01 8.060000000000000000e+02
-1.100000000000000000e+02 -2.200000000000000000e+01 4.700000000000000000e+01 4.355400000000000000e+04 4.669200000000000000e+04 4.629100000000000000e+04 4.340700000000000000e+04 2.503364257095381618e+01 8.020000000000000000e+02
-1.120000000000000000e+02 -2.500000000000000000e+01 5.300000000000000000e+01 4.349300000000000000e+04 4.688500000000000000e+04 4.627000000000000000e+04 4.335800000000000000e+04 2.504308367095654830e+01 8.020000000000000000e+02
-8.800000000000000000e+01 -7.000000000000000000e+00 4.700000000000000000e+01 4.435600000000000000e+04 4.686500000000000000e+04 4.594200000000000000e+04 4.291000000000000000e+04 2.505255733896046877e+01 8.020000000000000000e+02
-8.700000000000000000e+01 -3.100000000000000000e+01 4.300000000000000000e+01 4.388700000000000000e+04 4.688800000000000000e+04 4.616100000000000000e+04 4.310600000000000000e+04 2.506263688299804926e+01 8.020000000000000000e+02
-6.600000000000000000e+01 3.700000000000000000e+01 5.600000000000000000e+01 4.438300000000000000e+04 4.613400000000000000e+04 4.574400000000000000e+04 4.380000000000000000e+04 2.507526261894963682e+01 8.040000000000000000e+02
-3.300000000000000000e+01 2.200000000000000000e+01 6.000000000000000000e+01 4.415500000000000000e+04 4.641500000000000000e+04 4.578900000000000000e+04 4.349500000000000000e+04 2.508424579899292439e+01 8.040000000000000000e+02
-1.800000000000000000e+01 6.700000000000000000e+01 5.300000000000000000e+01 4.460500000000000000e+04 4.626300000000000000e+04 4.549000000000000000e+04 4.346200000000000000e+04 2.509380784298991784e+01 8.040000000000000000e+02
-5.000000000000000000e+01 5.000000000000000000e+01 4.500000000000000000e+01 4.351800000000000000e+04 4.625300000000000000e+04 4.639900000000000000e+04 4.350100000000000000e+04 2.510211024596355855e+01 8.040000000000000000e+02
-9.800000000000000000e+01 8.000000000000000000e+01 5.700000000000000000e+01 4.377500000000000000e+04 4.541900000000000000e+04 4.615800000000000000e+04 4.442100000000000000e+04 2.511337899696081877e+01 8.000000000000000000e+02
-6.200000000000000000e+01 7.500000000000000000e+01 5.000000000000000000e+01 4.457200000000000000e+04 4.639000000000000000e+04 4.600800000000000000e+04 4.330900000000000000e+04 2.512236775399651378e+01 8.000000000000000000e+02
-5.800000000000000000e+01 8.500000000000000000e+01 5.300000000000000000e+01 4.445800000000000000e+04 4.605400000000000000e+04 4.592300000000000000e+04 4.398500000000000000e+04 2.513293209596304223e+01 8.000000000000000000e+02
-3.600000000000000000e+01 8.200000000000000000e+01 6.200000000000000000e+01 4.446800000000000000e+04 4.643800000000000000e+04 4.579700000000000000e+04 4.401200000000000000e+04 2.514278701297007501e+01 8.000000000000000000e+02
-2.500000000000000000e+01 5.200000000000000000e+01 5.700000000000000000e+01 4.446400000000000000e+04 4.656600000000000000e+04 4.619100000000000000e+04 4.347500000000000000e+04 2.515275167697109282e+01 8.000000000000000000e+02
-4.300000000000000000e+01 3.500000000000000000e+01 5.100000000000000000e+01 4.437600000000000000e+04 4.705100000000000000e+04 4.631400000000000000e+04 4.309900000000000000e+04 2.516280236799502745e+01 7.990000000000000000e+02
-7.600000000000000000e+01 -1.000000000000000000e+00 3.500000000000000000e+01 4.350400000000000000e+04 4.647400000000000000e+04 4.664900000000000000e+04 4.388400000000000000e+04 2.517246934300055727e+01 7.990000000000000000e+02
-3.000000000000000000e+01 2.000000000000000000e+01 4.400000000000000000e+01 4.469600000000000000e+04 4.657600000000000000e+04 4.627400000000000000e+04 4.320900000000000000e+04 2.518256887997267768e+01 7.990000000000000000e+02
-6.700000000000000000e+01 2.000000000000000000e+00 5.300000000000000000e+01 4.417500000000000000e+04 4.690100000000000000e+04 4.624100000000000000e+04 4.339300000000000000e+04 2.519231281400425360e+01 7.990000000000000000e+02
-1.900000000000000000e+01 1.000000000000000000e+00 3.700000000000000000e+01 4.452900000000000000e+04 4.645600000000000000e+04 4.648200000000000000e+04 4.322400000000000000e+04 2.520262021396774799e+01 8.000000000000000000e+02
-5.500000000000000000e+01 9.000000000000000000e+00 4.000000000000000000e+01 4.419700000000000000e+04 4.634400000000000000e+04 4.623100000000000000e+04 4.361100000000000000e+04 2.521312367595965043e+01 8.000000000000000000e+02
-3.600000000000000000e+01 8.000000000000000000e+00 3.400000000000000000e+01 4.401800000000000000e+04 4.664000000000000000e+04 4.632000000000000000e+04 4.318900000000000000e+04 2.522258943394990638e+01 8.000000000000000000e+02
1.300000000000000000e+01 9.000000000000000000e+00 3.900000000000000000e+01 4.413200000000000000e+04 4.636500000000000000e+04 4.604700000000000000e+04 4.329000000000000000e+04 2.523232628597179428e+01 8.000000000000000000e+02
-1.600000000000000000e+01 1.200000000000000000e+01 2.300000000000000000e+01 4.424500000000000000e+04 4.632100000000000000e+04 4.593400000000000000e+04 4.328000000000000000e+04 2.524203844799194485e+01 8.040000000000000000e+02
-6.000000000000000000e+00 1.700000000000000000e+01 3.000000000000000000e+01 4.374600000000000000e+04 4.596200000000000000e+04 4.585500000000000000e+04 4.312400000000000000e+04 2.525261493097059429e+01 8.040000000000000000e+02
-9.000000000000000000e+00 1.700000000000000000e+01 2.200000000000000000e+01 4.353700000000000000e+04 4.569500000000000000e+04 4.592400000000000000e+04 4.349400000000000000e+04 2.526203987997723743e+01 8.040000000000000000e+02
-8.000000000000000000e+00 2.200000000000000000e+01 3.300000000000000000e+01 4.341100000000000000e+04 4.621100000000000000e+04 4.587100000000000000e+04 4.304600000000000000e+04 2.527246835798723623e+01 8.040000000000000000e+02
-6.000000000000000000e+00 2.000000000000000000e+01 2.900000000000000000e+01 4.325900000000000000e+04 4.597800000000000000e+04 4.612900000000000000e+04 4.316300000000000000e+04 2.528265778999775648e+01 8.000000000000000000e+02
-4.900000000000000000e+01 4.400000000000000000e+01 0.000000000000000000e+00 4.364600000000000000e+04 4.546700000000000000e+04 4.597700000000000000e+04 4.361000000000000000e+04 2.529239184199832380e+01 8.000000000000000000e+02
-3.900000000000000000e+01 3.700000000000000000e+01 1.900000000000000000e+01 4.337900000000000000e+04 4.612200000000000000e+04 4.575000000000000000e+04 4.305200000000000000e+04 2.530289788194932044e+01 8.000000000000000000e+02
-1.600000000000000000e+01 2.600000000000000000e+01 2.300000000000000000e+01 4.372700000000000000e+04 4.660400000000000000e+04 4.568600000000000000e+04 4.246900000000000000e+04 2.531304203096078709e+01 8.000000000000000000e+02
1.000000000000000000e+00 -1.600000000000000000e+01 1.600000000000000000e+01 4.354600000000000000e+04 4.631900000000000000e+04 4.595200000000000000e+04 4.277200000000000000e+04 2.532264293998014182e+01 8.000000000000000000e+02
-1.600000000000000000e+01 -1.200000000000000000e+01 1.700000000000000000e+01 4.336100000000000000e+04 4.593400000000000000e+04 4.625700000000000000e+04 4.325200000000000000e+04 2.533220495795831084e+01 8.000000000000000000e+02
-2.100000000000000000e+01 2.400000000000000000e+01 1.900000000000000000e+01 4.363900000000000000e+04 4.570700000000000000e+04 4.590500000000000000e+04 4.353900000000000000e+04 2.534266403596848249e+01 8.000000000000000000e+02
-1.500000000000000000e+01 5.500000000000000000e+01 1.400000000000000000e+01 4.368800000000000000e+04 4.551600000000000000e+04 4.594700000000000000e+04 4.351500000000000000e+04 2.535210619395365939e+01 8.000000000000000000e+02
-1.300000000000000000e+01 5.100000000000000000e+01 9.000000000000000000e+00 4.339200000000000000e+04 4.560400000000000000e+04 4.575100000000000000e+04 4.386600000000000000e+04 2.536261463997652754e+01 8.000000000000000000e+02
-1.300000000000000000e+01 4.800000000000000000e+01 -3.000000000000000000e+00 4.338400000000000000e+04 4.561000000000000000e+04 4.590300000000000000e+04 4.366200000000000000e+04 2.537205770600121468e+01 8.050000000000000000e+02
1.700000000000000000e+01 5.300000000000000000e+01 4.000000000000000000e+00 4.378200000000000000e+04 4.555900000000000000e+04 4.511900000000000000e+04 4.328500000000000000e+04 2.538258715195115656e+01 8.050000000000000000e+02
2.300000000000000000e+01 2.500000000000000000e+01 2.700000000000000000e+01 4.353100000000000000e+04 4.546000000000000000e+04 4.572700000000000000e+04 4.298800000000000000e+04 2.539225997799076140e+01 8.050000000000000000e+02
4.800000000000000000e+01 1.600000000000000000e+01 1.300000000000000000e+01 4.352600000000000000e+04 4.565500000000000000e+04 4.531700000000000000e+04 4.297000000000000000e+04 2.540377678000368178e+01 8.050000000000000000e+02
5.300000000000000000e+01 2.200000000000000000e+01 -5.000000000000000000e+00 4.304500000000000000e+04 4.536600000000000000e+04 4.561300000000000000e+04 4.341900000000000000e+04 2.541195207298733294e+01 8.020000000000000000e+02
3.700000000000000000e+01 4.000000000000000000e+00 -3.000000000000000000e+00 4.284600000000000000e+04 4.537900000000000000e+04 4.594600000000000000e+04 4.332800000000000000e+04 2.542155896895565093e+01 8.020000000000000000e+02
4.900000000000000000e+01 -1.400000000000000000e+01 5.000000000000000000e+00 4.335400000000000000e+04 4.574100000000000000e+04 4.540400000000000000e+04 4.301800000000000000e+04 2.543230393895646557e+01 8.020000000000000000e+02
4.800000000000000000e+01 3.000000000000000000e+00 1.100000000000000000e+01 4.398600000000000000e+04 4.615200000000000000e+04 4.484800000000000000e+04 4.264200000000000000e+04 2.544244804797926918e+01 8.020000000000000000e+02
2.200000000000000000e+01 -1.800000000000000000e+01 8.000000000000000000e+00 4.319200000000000000e+04 4.566600000000000000e+04 4.562400000000000000e+04 4.323200000000000000e+04 2.545267542498186231e+01 8.020000000000000000e+02
5.500000000000000000e+01 6.000000000000000000e+00 -5.000000000000000000e+00 4.345500000000000000e+04 4.578700000000000000e+04 4.517700000000000000e+04 4.281100000000000000e+04 2.546200986095936969e+01 8.050000000000000000e+02
2.600000000000000000e+01 0.000000000000000000e+00 -4.000000000000000000e+00 4.286800000000000000e+04 4.557400000000000000e+04 4.553200000000000000e+04 4.316800000000000000e+04 2.547175967495422810e+01 8.050000000000000000e+02
5.000000000000000000e+01 -3.000000000000000000e+00 -8.000000000000000000e+00 4.366500000000000000e+04 4.575400000000000000e+04 4.516100000000000000e+04 4.261100000000000000e+04 2.548186754999915138e+01 8.050000000000000000e+02
2.600000000000000000e+01 2.000000000000000000e+00 -6.000000000000000000e+00 4.278100000000000000e+04 4.529100000000000000e+04 4.571700000000000000e+04 4.343200000000000000e+04 2.549202847696142271e+01 8.050000000000000000e+02
2.700000000000000000e+01 -2.000000000000000000e+01 -9.000000000000000000e+00 4.284400000000000000e+04 4.578200000000000000e+04 4.553400000000000000e+04 4.305100000000000000e+04 2.550215202895924449e+01 8.000000000000000000e+02
3.800000000000000000e+01 -1.600000000000000000e+01 -7.000000000000000000e+00 4.312200000000000000e+04 4.608300000000000000e+04 4.553700000000000000e+04 4.327500000000000000e+04 2.551220208598533645e+01 8.000000000000000000e+02
4.600000000000000000e+01 -3.200000000000000000e+01 -1.800000000000000000e+01 4.353200000000000000e+04 4.604700000000000000e+04 4.520200000000000000e+04 4.331600000000000000e+04 2.552274517196929082e+01 8.000000000000000000e+02
6.300000000000000000e+01 -2.500000000000000000e+01 -1.100000000000000000e+01 4.395900000000000000e+04 4.630600000000000000e+04 4.517100000000000000e+04 4.268700000000000000e+04 2.553164535295218229e+01 8.000000000000000000e+02
6.500000000000000000e+01 -3.900000000000000000e+01 -1.900000000000000000e+01 4.330300000000000000e+04 4.631000000000000000e+04 4.568500000000000000e+04 4.320600000000000000e+04 2.554318261396838352e+01 8.030000000000000000e+02
6.600000000000000000e+01 -1.200000000000000000e+01 -1.800000000000000000e+01 4.381500000000000000e+04 4.609700000000000000e+04 4.521100000000000000e+04 4.325600000000000000e+04 2.555253299500327557e+01 8.030000000000000000e+02
4.500000000000000000e+01 -2.900000000000000000e+01 -2.700000000000000000e+01 4.341100000000000000e+04 4.650800000000000000e+04 4.563700000000000000e+04 4.313900000000000000e+04 2.556196308397920802e+01 8.030000000000000000e+02
7.400000000000000000e+01 -3.300000000000000000e+01 -1.900000000000000000e+01 4.336400000000000000e+04 4.664000000000000000e+04 4.566900000000000000e+04 4.301200000000000000e+04 2.557239138998556882e+01 8.030000000000000000e+02
6.200000000000000000e+01 -1.700000000000000000e+01 -1.300000000000000000e+01 4.388500000000000000e+04 4.670100000000000000e+04 4.512800000000000000e+04 4.298000000000000000e+04 2.558204019698314369e+01 8.030000000000000000e+02
6.100000000000000000e+01 -3.000000000000000000e+00 -2.800000000000000000e+01 4.365700000000000000e+04 4.622200000000000000e+04 4.520200000000000000e+04 4.338400000000000000e+04 2.559283027099445462e+01 8.040000000000000000e+02
2.600000000000000000e+01 7.000000000000000000e+00 -1.900000000000000000e+01 4.334600000000000000e+04 4.656000000000000000e+04 4.544500000000000000e+04 4.306600000000000000e+04 2.560196099500171840e+01 8.040000000000000000e+02
1.800000000000000000e+01 2.000000000000000000e+00 -2.900000000000000000e+01 4.360600000000000000e+04 4.623800000000000000e+04 4.531000000000000000e+04 4.338700000000000000e+04 2.561217682796996087e+01 8.040000000000000000e+02
2.000000000000000000e+01 2.400000000000000000e+01 -2.400000000000000000e+01 4.345400000000000000e+04 4.591700000000000000e+04 4.542900000000000000e+04 4.384900000000000000e+04 2.562402283295523375e+01 8.040000000000000000e+02
5.000000000000000000e+00 4.200000000000000000e+01 -2.100000000000000000e+01 4.354200000000000000e+04 4.628500000000000000e+04 4.536500000000000000e+04 4.359800000000000000e+04 2.563200753595447168e+01 8.030000000000000000e+02
-9.000000000000000000e+00 2.900000000000000000e+01 -7.000000000000000000e+00 4.337300000000000000e+04 4.617600000000000000e+04 4.587300000000000000e+04 4.341600000000000000e+04 2.564216887496877462e+01 8.030000000000000000e+02
-1.000000000000000000e+01 4.100000000000000000e+01 -1.400000000000000000e+01 4.334100000000000000e+04 4.603800000000000000e+04 4.548200000000000000e+04 4.396400000000000000e+04 2.565209998795762658e+01 8.030000000000000000e+02
1.000000000000000000e+00 4.200000000000000000e+01 -1.700000000000000000e+01 4.327100000000000000e+04 4.576100000000000000e+04 4.581200000000000000e+04 4.391700000000000000e+04 2.566221449495060369e+01 8.030000000000000000e+02
-2.000000000000000000e+01 3.300000000000000000e+01 -1.700000000000000000e+01 4.290000000000000000e+04 4.607000000000000000e+04 4.597300000000000000e+04 4.379900000000000000e+04 2.567147822596598417e+01 3.150000000000000000e+02
-1.400000000000000000e+01 3.100000000000000000e+01 -1.600000000000000000e+01 4.341300000000000000e+04 4.653300000000000000e+04 4.502000000000000000e+04 4.384700000000000000e+04 2.568204780598171055e+01 3.150000000000000000e+02
0.000000000000000000e+00 3.000000000000000000e+01 -7.000000000000000000e+00 4.368400000000000000e+04 4.611300000000000000e+04 4.540000000000000000e+04 4.369500000000000000e+04 2.569219447096111253e+01 3.150000000000000000e+02
1.200000000000000000e+01 3.500000000000000000e+01 -1.500000000000000000e+01 4.346400000000000000e+04 4.614600000000000000e+04 4.555900000000000000e+04 4.374000000000000000e+04 2.570212683599675074e+01 3.150000000000000000e+02
-3.000000000000000000e+00 2.300000000000000000e+01 -1.000000000000000000e+00 4.386800000000000000e+04 4.622100000000000000e+04 4.532800000000000000e+04 4.356400000000000000e+04 2.571194963098969311e+01 3.150000000000000000e+02
-3.000000000000000000e+00 3.400000000000000000e+01 2.000000000000000000e+00 4.490400000000000000e+04 4.679200000000000000e+04 4.609200000000000000e+04 4.465800000000000000e+04 2.572238243697211146e+01 3.500000000000000000e+01
-1.500000000000000000e+01 3.500000000000000000e+01 -5.000000000000000000e+00 4.464200000000000000e+04 4.682700000000000000e+04 4.616500000000000000e+04 4.484100000000000000e+04 2.573239711998030543e+01 3.500000000000000000e+01
-4.700000000000000000e+01 2.000000000000000000e+01 -5.000000000000000000e+00 4.435500000000000000e+04 4.672500000000000000e+04 4.667800000000000000e+04 4.519300000000000000e+04 2.574209016299573705e+01 3.500000000000000000e+01
-1.700000000000000000e+01 1.600000000000000000e+01 -8.000000000000000000e+00 4.486500000000000000e+04 4.705900000000000000e+04 4.646700000000000000e+04 4.451000000000000000e+04 2.575222736794967204e+01 3.500000000000000000e+01
-1.600000000000000000e+01 3.900000000000000000e+01 -1.500000000000000000e+01 4.476300000000000000e+04 4.700500000000000000e+04 4.580300000000000000e+04 4.467300000000000000e+04 2.576234180195024237e+01 4.900000000000000000e+01
1.800000000000000000e+01 4.000000000000000000e+01 -3.000000000000000000e+00 4.466900000000000000e+04 4.714300000000000000e+04 4.597700000000000000e+04 4.437500000000000000e+04 2.577248788299039006e+01 4.900000000000000000e+01
7.200000000000000000e+01 8.200000000000000000e+01 0.000000000000000000e+00 4.553500000000000000e+04 4.714700000000000000e+04 4.490100000000000000e+04 4.422300000000000000e+04 2.578186168498359621e+01 4.900000000000000000e+01
1.020000000000000000e+02 7.800000000000000000e+01 -1.000000000000000000e+01 4.497400000000000000e+04 4.678100000000000000e+04 4.517500000000000000e+04 4.475000000000000000e+04 2.579252621094929054e+01 4.900000000000000000e+01
7.500000000000000000e+01 9.300000000000000000e+01 1.000000000000000000e+00 4.500500000000000000e+04 4.658400000000000000e+04 4.531100000000000000e+04 4.456100000000000000e+04 2.580351408297428861e+01 5.400000000000000000e+01
1.050000000000000000e+02 8.500000000000000000e+01 -7.000000000000000000e+00 4.455000000000000000e+04 4.670000000000000000e+04 4.472300000000000000e+04 4.346800000000000000e+04 2.581314019398996606e+01 5.400000000000000000e+01
4.800000000000000000e+01 1.180000000000000000e+02 2.100000000000000000e+01 4.476100000000000000e+04 4.572000000000000000e+04 4.437000000000000000e+04 4.416400000000000000e+04 2.582260704500367865e+01 5.400000000000000000e+01
5.000000000000000000e+01 1.360000000000000000e+02 4.200000000000000000e+01 4.479300000000000000e+04 4.570600000000000000e+04 4.477000000000000000e+04 4.348000000000000000e+04 2.583131015097023919e+01 5.400000000000000000e+01
6.000000000000000000e+01 1.280000000000000000e+02 3.500000000000000000e+01 4.451300000000000000e+04 4.628100000000000000e+04 4.448900000000000000e+04 4.295300000000000000e+04 2.584158832498360425e+01 5.400000000000000000e+01
3.700000000000000000e+01 9.800000000000000000e+01 3.900000000000000000e+01 4.411800000000000000e+04 4.590400000000000000e+04 4.442700000000000000e+04 4.277000000000000000e+04 2.585129414295079187e+01 5.300000000000000000e+01
-4.100000000000000000e+01 6.600000000000000000e+01 2.600000000000000000e+01 4.296400000000000000e+04 4.538700000000000000e+04 4.522700000000000000e+04 4.319000000000000000e+04 2.586216959398007020e+01 5.300000000000000000e+01
-6.000000000000000000e+00 7.500000000000000000e+01 3.800000000000000000e+01 4.371400000000000000e+04 4.544100000000000000e+04 4.457500000000000000e+04 4.287400000000000000e+04 2.587218976399162784e+01 5.300000000000000000e+01
-2.900000000000000000e+01 1.080000000000000000e+02 6.200000000000000000e+01 4.400300000000000000e+04 4.530600000000000000e+04 4.448400000000000000e+04 4.258200000000000000e+04 2.588189350400352851e+01 5.300000000000000000e+01
-1.020000000000000000e+02 9.100000000000000000e+01 5.800000000000000000e+01 4.329000000000000000e+04 4.468500000000000000e+04 4.514300000000000000e+04 4.307300000000000000e+04 2.589210302097490057e+01 5.400000000000000000e+01
-1.080000000000000000e+02 8.000000000000000000e+01 8.000000000000000000e+01 4.356400000000000000e+04 4.432600000000000000e+04 4.496400000000000000e+04 4.267500000000000000e+04 2.590146609797375277e+01 5.400000000000000000e+01
-6.400000000000000000e+01 9.800000000000000000e+01 9.100000000000000000e+01 4.370400000000000000e+04 4.485000000000000000e+04 4.449500000000000000e+04 4.227300000000000000e+04 2.591188658797182143e+01 5.400000000000000000e+01
-6.000000000000000000e+00 1.130000000000000000e+02 1.030000000000000000e+02 4.429400000000000000e+04 4.424200000000000000e+04 4.402400000000000000e+04 4.219300000000000000e+04 2.592205083597218618e+01 5.400000000000000000e+01
4.000000000000000000e+01 1.140000000000000000e+02 9.200000000000000000e+01 4.487900000000000000e+04 4.369500000000000000e+04 4.308600000000000000e+04 4.275900000000000000e+04 2.593163604696746916e+01 5.500000000000000000e+01
7.400000000000000000e+01 1.070000000000000000e+02 9.800000000000000000e+01 4.384500000000000000e+04 4.223600000000000000e+04 4.401400000000000000e+04 4.399700000000000000e+04 2.594170324696460739e+01 5.500000000000000000e+01
1.040000000000000000e+02 7.400000000000000000e+01 1.130000000000000000e+02 4.454100000000000000e+04 4.249600000000000000e+04 4.345800000000000000e+04 4.343400000000000000e+04 2.595203261496499181e+01 5.500000000000000000e+01
2.050000000000000000e+02 -2.700000000000000000e+01 9.300000000000000000e+01 4.410700000000000000e+04 4.407700000000000000e+04 4.373200000000000000e+04 4.185400000000000000e+04 2.596204371599014848e+01 5.500000000000000000e+01
1.930000000000000000e+02 -9.000000000000000000e+01 1.160000000000000000e+02 4.378000000000000000e+04 4.380800000000000000e+04 4.412200000000000000e+04 4.185000000000000000e+04 2.597200066898949444e+01 5.500000000000000000e+01
1.750000000000000000e+02 -2.140000000000000000e+02 7.500000000000000000e+01 4.249500000000000000e+04 4.435300000000000000e+04 4.511900000000000000e+04 4.097000000000000000e+04 2.598197761096525937e+01 5.900000000000000000e+01
1.690000000000000000e+02 -2.260000000000000000e+02 6.100000000000000000e+01 4.266400000000000000e+04 4.392700000000000000e+04 4.537300000000000000e+04 4.089500000000000000e+04 2.599127232900355011e+01 5.900000000000000000e+01
1.910000000000000000e+02 -1.660000000000000000e+02 6.300000000000000000e+01 4.149000000000000000e+04 4.253500000000000000e+04 4.641100000000000000e+04 4.202200000000000000e+04 2.600195877096848562e+01 5.900000000000000000e+01
2.140000000000000000e+02 -1.600000000000000000e+02 5.800000000000000000e+01 4.105900000000000000e+04 4.332100000000000000e+04 4.585500000000000000e+04 4.229500000000000000e+04 2.601186079799663275e+01 5.900000000000000000e+01
2.470000000000000000e+02 -1.740000000000000000e+02 5.100000000000000000e+01 4.132300000000000000e+04 4.378800000000000000e+04 4.579400000000000000e+04 4.154500000000000000e+04 2.602183426194824278e+01 6.100000000000000000e+01
3.320000000000000000e+02 -1.540000000000000000e+02 5.700000000000000000e+01 4.165600000000000000e+04 4.474100000000000000e+04 4.541700000000000000e+04 4.033500000000000000e+04 2.603193424094934016e+01 6.100000000000000000e+01
4.540000000000000000e+02 -9.400000000000000000e+01 6.100000000000000000e+01 4.357400000000000000e+04 4.497200000000000000e+04 4.353000000000000000e+04 4.014500000000000000e+04 2.604200601199408993e+01 6.100000000000000000e+01
5.760000000000000000e+02 -4.300000000000000000e+01 6.000000000000000000e+01 4.426500000000000000e+04 4.564100000000000000e+04 4.311700000000000000e+04 3.907100000000000000e+04 2.605167674296535552e+01 6.100000000000000000e+01
6.020000000000000000e+02 8.200000000000000000e+01 7.300000000000000000e+01 4.488900000000000000e+04 4.556300000000000000e+04 4.226200000000000000e+04 3.953100000000000000e+04 2.606166093697538599e+01 6.100000000000000000e+01
5.870000000000000000e+02 1.060000000000000000e+02 5.000000000000000000e+01 4.527500000000000000e+04 4.653400000000000000e+04 4.119500000000000000e+04 3.866700000000000000e+04 2.607112318900180981e+01 6.500000000000000000e+01
4.940000000000000000e+02 1.170000000000000000e+02 1.300000000000000000e+01 4.533300000000000000e+04 4.592100000000000000e+04 4.146300000000000000e+04 3.913900000000000000e+04 2.608205898100277409e+01 6.500000000000000000e+01
3.480000000000000000e+02 9.900000000000000000e+01 -2.000000000000000000e+01 4.447500000000000000e+04 4.505800000000000000e+04 4.226800000000000000e+04 4.039200000000000000e+04 2.609086142899468541e+01 6.500000000000000000e+01
1.030000000000000000e+02 1.130000000000000000e+02 -1.700000000000000000e+01 4.305000000000000000e+04 4.404000000000000000e+04 4.366200000000000000e+04 4.181600000000000000e+04 2.610217057197587565e+01 6.500000000000000000e+01
-1.220000000000000000e+02 6.800000000000000000e+01 -2.800000000000000000e+01 4.138900000000000000e+04 4.390400000000000000e+04 4.505200000000000000e+04 4.242800000000000000e+04 2.611099603900220245e+01 6.500000000000000000e+01
-3.340000000000000000e+02 5.000000000000000000e+01 -3.700000000000000000e+01 4.055200000000000000e+04 4.277600000000000000e+04 4.602700000000000000e+04 4.341500000000000000e+04 2.612123510095989332e+01 6.500000000000000000e+01
-4.430000000000000000e+02 4.400000000000000000e+01 -3.300000000000000000e+01 4.010900000000000000e+04 4.200500000000000000e+04 4.676800000000000000e+04 4.395800000000000000e+04 2.613180212595034391e+01 6.500000000000000000e+01
-5.290000000000000000e+02 3.000000000000000000e+01 -3.300000000000000000e+01 3.906100000000000000e+04 4.216100000000000000e+04 4.713300000000000000e+04 4.453100000000000000e+04 2.614085297496058047e+01 6.500000000000000000e+01
-4.810000000000000000e+02 3.200000000000000000e+01 -3.600000000000000000e+01 3.985800000000000000e+04 4.250800000000000000e+04 4.684800000000000000e+04 4.432200000000000000e+04 2.615094536996912211e+01 6.600000000000000000e+01
-3.280000000000000000e+02 1.000000000000000000e+02 -2.600000000000000000e+01 4.149100000000000000e+04 4.272600000000000000e+04 4.575600000000000000e+04 4.418400000000000000e+04 2.616145447298185900e+01 6.600000000000000000e+01
-1.160000000000000000e+02 1.680000000000000000e+02 -1.800000000000000000e+01 4.288100000000000000e+04 4.345800000000000000e+04 4.458900000000000000e+04 4.349700000000000000e+04 2.617122470395406708e+01 6.600000000000000000e+01
8.700000000000000000e+01 2.120000000000000000e+02 -1.900000000000000000e+01 4.407100000000000000e+04 4.443900000000000000e+04 4.337400000000000000e+04 4.263500000000000000e+04 2.618088033096864820e+01 6.600000000000000000e+01
2.200000000000000000e+02 1.570000000000000000e+02 -6.000000000000000000e+00 4.423600000000000000e+04 4.564400000000000000e+04 4.350500000000000000e+04 4.123800000000000000e+04 2.619155837595462799e+01 6.600000000000000000e+01
3.080000000000000000e+02 4.100000000000000000e+01 7.000000000000000000e+00 4.445400000000000000e+04 4.675500000000000000e+04 4.350300000000000000e+04 4.015100000000000000e+04 2.620238859398523346e+01 6.400000000000000000e+01
3.520000000000000000e+02 -4.400000000000000000e+01 -5.000000000000000000e+00 4.398400000000000000e+04 4.722300000000000000e+04 4.416500000000000000e+04 3.954900000000000000e+04 2.621161122800549492e+01 6.400000000000000000e+01
3.610000000000000000e+02 -2.700000000000000000e+01 -2.200000000000000000e+01 4.438000000000000000e+04 4.729100000000000000e+04 4.376200000000000000e+04 4.001300000000000000e+04 2.622163050895323977e+01 6.400000000000000000e+01
3.270000000000000000e+02 6.100000000000000000e+01 -2.300000000000000000e+01 4.510600000000000000e+04 4.667900000000000000e+04 4.318700000000000000e+04 4.073200000000000000e+04 2.623168949596583843e+01 6.400000000000000000e+01
2.160000000000000000e+02 3.600000000000000000e+01 -3.300000000000000000e+01 4.432100000000000000e+04 4.632000000000000000e+04 4.381200000000000000e+04 4.141000000000000000e+04 2.624174837995087728e+01 6.300000000000000000e+01
8.400000000000000000e+01 9.700000000000000000e+01 -3.500000000000000000e+01 4.470500000000000000e+04 4.543900000000000000e+04 4.386900000000000000e+04 4.269400000000000000e+04 2.625134271796559915e+01 6.300000000000000000e+01
-4.100000000000000000e+01 1.500000000000000000e+02 -1.700000000000000000e+01 4.390600000000000000e+04 4.495100000000000000e+04 4.463800000000000000e+04 4.344800000000000000e+04 2.626157329895067960e+01 6.300000000000000000e+01
-1.820000000000000000e+02 1.680000000000000000e+02 -3.100000000000000000e+01 4.352200000000000000e+04 4.392200000000000000e+04 4.503900000000000000e+04 4.459200000000000000e+04 2.627134657697752118e+01 6.300000000000000000e+01
-3.050000000000000000e+02 2.070000000000000000e+02 -9.000000000000000000e+00 4.340800000000000000e+04 4.321400000000000000e+04 4.545400000000000000e+04 4.536600000000000000e+04 2.628122205997351557e+01 6.300000000000000000e+01
-3.730000000000000000e+02 1.620000000000000000e+02 8.000000000000000000e+00 4.241300000000000000e+04 4.326500000000000000e+04 4.656400000000000000e+04 4.528000000000000000e+04 2.629115316696697846e+01 6.400000000000000000e+01
-4.190000000000000000e+02 1.360000000000000000e+02 9.000000000000000000e+00 4.242500000000000000e+04 4.311200000000000000e+04 4.676200000000000000e+04 4.527400000000000000e+04 2.630106522300047800e+01 6.400000000000000000e+01
-4.020000000000000000e+02 9.000000000000000000e+01 1.100000000000000000e+01 4.263100000000000000e+04 4.333500000000000000e+04 4.647100000000000000e+04 4.530100000000000000e+04 2.631175296695437282e+01 6.400000000000000000e+01
-2.740000000000000000e+02 7.600000000000000000e+01 7.000000000000000000e+00 4.373900000000000000e+04 4.455900000000000000e+04 4.551600000000000000e+04 4.421200000000000000e+04 2.632079166499897838e+01 6.400000000000000000e+01
-8.800000000000000000e+01 5.000000000000000000e+01 1.800000000000000000e+01 4.471200000000000000e+04 4.528200000000000000e+04 4.505300000000000000e+04 4.356500000000000000e+04 2.633137435698881745e+01 6.000000000000000000e+01
8.000000000000000000e+01 6.000000000000000000e+00 3.000000000000000000e+01 4.522200000000000000e+04 4.622900000000000000e+04 4.460500000000000000e+04 4.239300000000000000e+04 2.634114284999668598e+01 6.000000000000000000e+01
2.010000000000000000e+02 -1.190000000000000000e+02 1.300000000000000000e+01 4.481000000000000000e+04 4.755300000000000000e+04 4.505300000000000000e+04 4.062700000000000000e+04 2.635159826098242775e+01 6.000000000000000000e+01
2.710000000000000000e+02 -2.170000000000000000e+02 1.500000000000000000e+01 4.439300000000000000e+04 4.841800000000000000e+04 4.534800000000000000e+04 3.942400000000000000e+04 2.636144655896350741e+01 6.000000000000000000e+01
2.560000000000000000e+02 -2.810000000000000000e+02 7.000000000000000000e+00 4.455400000000000000e+04 4.843000000000000000e+04 4.502100000000000000e+04 3.943500000000000000e+04 2.637323272397043183e+01 5.900000000000000000e+01
1.990000000000000000e+02 -2.380000000000000000e+02 4.000000000000000000e+00 4.403300000000000000e+04 4.748700000000000000e+04 4.610800000000000000e+04 4.055300000000000000e+04 2.638181112200254574e+01 5.900000000000000000e+01
1.700000000000000000e+01 -8.200000000000000000e+01 1.600000000000000000e+01 4.412700000000000000e+04 4.570700000000000000e+04 4.567700000000000000e+04 4.271900000000000000e+04 2.639140765095362440e+01 5.900000000000000000e+01
-6.600000000000000000e+01 2.100000000000000000e+01 4.000000000000000000e+00 4.425700000000000000e+04 4.572700000000000000e+04 4.533200000000000000e+04 4.286400000000000000e+04 2.640137161995517090e+01 5.900000000000000000e+01
-1.750000000000000000e+02 1.310000000000000000e+02 3.600000000000000000e+01 4.436700000000000000e+04 4.430700000000000000e+04 4.540100000000000000e+04 4.421400000000000000e+04 2.641187453997554258e+01 5.900000000000000000e+01
-2.870000000000000000e+02 2.130000000000000000e+02 3.500000000000000000e+01 4.437200000000000000e+04 4.345600000000000000e+04 4.561300000000000000e+04 4.498600000000000000e+04 2.642150576598942280e+01 5.800000000000000000e+01
-3.510000000000000000e+02 2.840000000000000000e+02 6.100000000000000000e+01 4.474000000000000000e+04 4.271100000000000000e+04 4.542500000000000000e+04 4.550100000000000000e+04 2.643184504000237212e+01 5.800000000000000000e+01
-3.440000000000000000e+02 2.780000000000000000e+02 5.900000000000000000e+01 4.455200000000000000e+04 4.289400000000000000e+04 4.550600000000000000e+04 4.532100000000000000e+04 2.644254504499258474e+01 5.800000000000000000e+01
-3.380000000000000000e+02 1.740000000000000000e+02 4.400000000000000000e+01 4.344000000000000000e+04 4.344900000000000000e+04 4.642700000000000000e+04 4.472800000000000000e+04 2.645095249899895862e+01 5.800000000000000000e+01
-2.920000000000000000e+02 3.000000000000000000e+01 2.000000000000000000e+01 4.274200000000000000e+04 4.465300000000000000e+04 4.686100000000000000e+04 4.354800000000000000e+04 2.646131464798236266e+01 5.800000000000000000e+01
-2.190000000000000000e+02 -6.500000000000000000e+01 4.300000000000000000e+01 4.318000000000000000e+04 4.504500000000000000e+04 4.648500000000000000e+04 4.296700000000000000e+04 2.647164318995783105e+01 5.800000000000000000e+01
-1.250000000000000000e+02 -1.670000000000000000e+02 2.000000000000000000e+01 4.286600000000000000e+04 4.630500000000000000e+04 4.652700000000000000e+04 4.170200000000000000e+04 2.648102791199926287e+01 5.800000000000000000e+01
7.200000000000000000e+01 -2.300000000000000000e+02 1.000000000000000000e+01 4.384900000000000000e+04 4.735100000000000000e+04 4.563000000000000000e+04 4.021200000000000000e+04 2.649155243497807533e+01 5.800000000000000000e+01
