3.000000000000000000e+01 -1.700000000000000000e+01 -1.000000000000000000e+00 4.090000000000000000e+04 4.521200000000000000e+04 4.427600000000000000e+04 4.056100000000000000e+04 1.960380347404861823e+01 8.120000000000000000e+02
4.000000000000000000e+00 -1.400000000000000000e+01 -7.000000000000000000e+00 4.112300000000000000e+04 4.496700000000000000e+04 4.432800000000000000e+04 4.112700000000000000e+04 1.961484341201139614e+01 8.100000000000000000e+02
-2.900000000000000000e+01 4.000000000000000000e+00 -1.000000000000000000e+01 4.144900000000000000e+04 4.430100000000000000e+04 4.405700000000000000e+04 4.201900000000000000e+04 1.962319204502273351e+01 8.100000000000000000e+02
-5.900000000000000000e+01 1.200000000000000000e+01 -1.000000000000000000e+01 4.127500000000000000e+04 4.436700000000000000e+04 4.434100000000000000e+04 4.214100000000000000e+04 1.963293158804299310e+01 8.100000000000000000e+02
-7.600000000000000000e+01 6.000000000000000000e+00 -1.400000000000000000e+01 4.089600000000000000e+04 4.444100000000000000e+04 4.467800000000000000e+04 4.212200000000000000e+04 1.964293466304661706e+01 8.100000000000000000e+02
-1.020000000000000000e+02 -3.000000000000000000e+00 -1.100000000000000000e+01 4.106900000000000000e+04 4.446500000000000000e+04 4.441600000000000000e+04 4.223300000000000000e+04 1.965340310201281682e+01 8.100000000000000000e+02
-8.900000000000000000e+01 1.300000000000000000e+01 1.000000000000000000e+00 4.140300000000000000e+04 4.463700000000000000e+04 4.431100000000000000e+04 4.205900000000000000e+04 1.966319773404393345e+01 8.100000000000000000e+02
-3.400000000000000000e+01 9.000000000000000000e+00 -7.000000000000000000e+00 4.201700000000000000e+04 4.517200000000000000e+04 4.377200000000000000e+04 4.144000000000000000e+04 1.967308754503028467e+01 8.100000000000000000e+02
-2.400000000000000000e+01 0.000000000000000000e+00 -2.000000000000000000e+00 4.143400000000000000e+04 4.526300000000000000e+04 4.421800000000000000e+04 4.138600000000000000e+04 1.968312603502999991e+01 8.100000000000000000e+02
-1.400000000000000000e+01 -3.000000000000000000e+00 2.000000000000000000e+00 4.135500000000000000e+04 4.505400000000000000e+04 4.424400000000000000e+04 4.144000000000000000e+04 1.969357339100679383e+01 8.140000000000000000e+02
6.200000000000000000e+01 -1.000000000000000000e+00 -5.000000000000000000e+00 4.177700000000000000e+04 4.511100000000000000e+04 4.342000000000000000e+04 4.098500000000000000e+04 1.970298934000311419e+01 8.140000000000000000e+02
4.000000000000000000e+00 -4.000000000000000000e+00 -2.400000000000000000e+01 4.041400000000000000e+04 4.452400000000000000e+04 4.461500000000000000e+04 4.162300000000000000e+04 1.971336610399885103e+01 8.140000000000000000e+02
4.500000000000000000e+01 -3.500000000000000000e+01 -2.200000000000000000e+01 4.127700000000000000e+04 4.527200000000000000e+04 4.388800000000000000e+04 4.057500000000000000e+04 1.972302327002398670e+01 8.140000000000000000e+02
4.100000000000000000e+01 -4.700000000000000000e+01 -2.400000000000000000e+01 4.118100000000000000e+04 4.507400000000000000e+04 4.366600000000000000e+04 4.068400000000000000e+04 1.973313575499923900e+01 8.140000000000000000e+02
4.700000000000000000e+01 -1.700000000000000000e+01 -2.100000000000000000e+01 4.049500000000000000e+04 4.467100000000000000e+04 4.421200000000000000e+04 4.108200000000000000e+04 1.974334181804442778e+01 8.120000000000000000e+02
6.800000000000000000e+01 -1.300000000000000000e+01 -1.000000000000000000e+01 4.108200000000000000e+04 4.494600000000000000e+04 4.364800000000000000e+04 4.078200000000000000e+04 1.975249856500886381e+01 8.120000000000000000e+02
3.900000000000000000e+01 -9.000000000000000000e+00 -2.300000000000000000e+01 4.116700000000000000e+04 4.491600000000000000e+04 4.350000000000000000e+04 4.086500000000000000e+04 1.976269792602397501e+01 8.120000000000000000e+02
3.600000000000000000e+01 -3.200000000000000000e+01 -2.400000000000000000e+01 4.072400000000000000e+04 4.467300000000000000e+04 4.386200000000000000e+04 4.118300000000000000e+04 1.977356960001634434e+01 8.120000000000000000e+02
3.000000000000000000e+01 8.000000000000000000e+00 -2.500000000000000000e+01 4.089700000000000000e+04 4.504600000000000000e+04 4.380100000000000000e+04 4.086900000000000000e+04 1.978307115001371130e+01 8.110000000000000000e+02
4.900000000000000000e+01 -1.200000000000000000e+01 -1.700000000000000000e+01 4.086200000000000000e+04 4.553500000000000000e+04 4.373200000000000000e+04 4.036300000000000000e+04 1.979262687702430412e+01 8.110000000000000000e+02
-1.100000000000000000e+01 1.000000000000000000e+01 -1.800000000000000000e+01 4.086900000000000000e+04 4.469600000000000000e+04 4.388300000000000000e+04 4.121100000000000000e+04 1.980388667003717273e+01 8.110000000000000000e+02
-3.000000000000000000e+00 2.500000000000000000e+01 -2.200000000000000000e+01 4.096400000000000000e+04 4.494100000000000000e+04 4.365800000000000000e+04 4.105300000000000000e+04 1.981250775000080466e+01 8.110000000000000000e+02
-3.800000000000000000e+01 6.200000000000000000e+01 -3.300000000000000000e+01 4.051000000000000000e+04 4.380100000000000000e+04 4.404600000000000000e+04 4.235300000000000000e+04 1.982290568802272901e+01 8.110000000000000000e+02
-3.200000000000000000e+01 7.100000000000000000e+01 -1.900000000000000000e+01 4.109500000000000000e+04 4.433400000000000000e+04 4.363800000000000000e+04 4.183700000000000000e+04 1.983386611100286245e+01 8.110000000000000000e+02
-2.800000000000000000e+01 3.500000000000000000e+01 -1.500000000000000000e+01 4.071400000000000000e+04 4.413400000000000000e+04 4.392000000000000000e+04 4.200700000000000000e+04 1.984351159003563225e+01 8.110000000000000000e+02
0.000000000000000000e+00 5.900000000000000000e+01 -1.600000000000000000e+01 4.141600000000000000e+04 4.463900000000000000e+04 4.331300000000000000e+04 4.132300000000000000e+04 1.985308237001299858e+01 8.110000000000000000e+02
2.900000000000000000e+01 4.700000000000000000e+01 -1.100000000000000000e+01 4.126200000000000000e+04 4.503900000000000000e+04 4.339900000000000000e+04 4.078000000000000000e+04 1.986255341104697436e+01 8.110000000000000000e+02
3.700000000000000000e+01 5.100000000000000000e+01 -3.000000000000000000e+00 4.138900000000000000e+04 4.491400000000000000e+04 4.344100000000000000e+04 4.108200000000000000e+04 1.987299349700333551e+01 8.100000000000000000e+02
7.600000000000000000e+01 1.800000000000000000e+01 1.300000000000000000e+01 4.179700000000000000e+04 4.536400000000000000e+04 4.317100000000000000e+04 4.052900000000000000e+04 1.988300056202569976e+01 8.100000000000000000e+02
8.500000000000000000e+01 1.200000000000000000e+01 7.000000000000000000e+00 4.134000000000000000e+04 4.517700000000000000e+04 4.360100000000000000e+04 4.078800000000000000e+04 1.989312407904071733e+01 8.100000000000000000e+02
6.400000000000000000e+01 -1.500000000000000000e+01 2.000000000000000000e+00 4.058100000000000000e+04 4.524400000000000000e+04 4.432000000000000000e+04 4.066800000000000000e+04 1.990271520300302655e+01 8.100000000000000000e+02
6.000000000000000000e+01 1.000000000000000000e+00 -9.000000000000000000e+00 4.126900000000000000e+04 4.511800000000000000e+04 4.394100000000000000e+04 4.095600000000000000e+04 1.991297599900281057e+01 8.100000000000000000e+02
5.900000000000000000e+01 2.800000000000000000e+01 3.000000000000000000e+00 4.126000000000000000e+04 4.529300000000000000e+04 4.389000000000000000e+04 4.085600000000000000e+04 1.992266595904948190e+01 8.100000000000000000e+02
6.100000000000000000e+01 5.000000000000000000e+00 -1.900000000000000000e+01 4.171200000000000000e+04 4.606800000000000000e+04 4.336400000000000000e+04 4.006900000000000000e+04 1.993286045803688467e+01 8.100000000000000000e+02
1.800000000000000000e+01 -3.000000000000000000e+00 -1.800000000000000000e+01 4.143800000000000000e+04 4.532400000000000000e+04 4.368800000000000000e+04 4.112100000000000000e+04 1.994255147402873263e+01 8.100000000000000000e+02
-1.700000000000000000e+01 1.100000000000000000e+01 -1.200000000000000000e+01 4.095200000000000000e+04 4.483000000000000000e+04 4.417700000000000000e+04 4.154400000000000000e+04 1.995358991302782670e+01 8.100000000000000000e+02
-3.400000000000000000e+01 1.200000000000000000e+01 -1.300000000000000000e+01 4.197100000000000000e+04 4.440100000000000000e+04 4.324500000000000000e+04 4.209500000000000000e+04 1.996263076103059575e+01 8.100000000000000000e+02
-9.100000000000000000e+01 -2.100000000000000000e+01 -1.600000000000000000e+01 4.075500000000000000e+04 4.369500000000000000e+04 4.430000000000000000e+04 4.291000000000000000e+04 1.997431120404507965e+01 8.100000000000000000e+02
-5.600000000000000000e+01 -6.400000000000000000e+01 -1.400000000000000000e+01 4.150600000000000000e+04 4.460900000000000000e+04 4.367300000000000000e+04 4.199600000000000000e+04 1.998369281302439049e+01 8.100000000000000000e+02
-1.400000000000000000e+01 -1.440000000000000000e+02 -8.000000000000000000e+00 4.106000000000000000e+04 4.516300000000000000e+04 4.417500000000000000e+04 4.124700000000000000e+04 1.999385546904522926e+01 8.100000000000000000e+02
-6.000000000000000000e+00 -1.940000000000000000e+02 0.000000000000000000e+00 4.045200000000000000e+04 4.493000000000000000e+04 4.472200000000000000e+04 4.160800000000000000e+04 2.000356164202094078e+01 8.090000000000000000e+02
6.800000000000000000e+01 -2.600000000000000000e+02 6.000000000000000000e+00 4.117600000000000000e+04 4.575600000000000000e+04 4.424200000000000000e+04 4.044500000000000000e+04 2.001354994502617046e+01 8.090000000000000000e+02
1.090000000000000000e+02 -2.970000000000000000e+02 -1.000000000000000000e+00 4.162100000000000000e+04 4.608800000000000000e+04 4.377100000000000000e+04 4.012400000000000000e+04 2.002254371001617983e+01 8.090000000000000000e+02
7.500000000000000000e+01 -3.250000000000000000e+02 1.000000000000000000e+00 4.086300000000000000e+04 4.557000000000000000e+04 4.441000000000000000e+04 4.073700000000000000e+04 2.003293673001462594e+01 8.090000000000000000e+02
1.220000000000000000e+02 -3.320000000000000000e+02 4.000000000000000000e+00 4.139000000000000000e+04 4.641200000000000000e+04 4.416300000000000000e+04 3.978000000000000000e+04 2.004300794203300029e+01 8.070000000000000000e+02
7.800000000000000000e+01 -2.950000000000000000e+02 2.000000000000000000e+00 4.132200000000000000e+04 4.577700000000000000e+04 4.416600000000000000e+04 4.068000000000000000e+04 2.005285762599669397e+01 8.070000000000000000e+02
4.700000000000000000e+01 -2.620000000000000000e+02 1.200000000000000000e+01 4.139600000000000000e+04 4.560600000000000000e+04 4.427300000000000000e+04 4.072100000000000000e+04 2.006279639102285728e+01 8.070000000000000000e+02
2.300000000000000000e+01 -2.740000000000000000e+02 1.000000000000000000e+00 4.088200000000000000e+04 4.593500000000000000e+04 4.458800000000000000e+04 4.045500000000000000e+04 2.007295156799955294e+01 8.070000000000000000e+02
-4.000000000000000000e+01 -2.390000000000000000e+02 2.200000000000000000e+01 4.157100000000000000e+04 4.500400000000000000e+04 4.447500000000000000e+04 4.195700000000000000e+04 2.008360382303362712e+01 8.040000000000000000e+02
-4.800000000000000000e+01 -2.130000000000000000e+02 9.000000000000000000e+00 4.108400000000000000e+04 4.525800000000000000e+04 4.498100000000000000e+04 4.162300000000000000e+04 2.009260366501985118e+01 8.040000000000000000e+02
-3.500000000000000000e+01 -1.860000000000000000e+02 2.300000000000000000e+01 4.167600000000000000e+04 4.517700000000000000e+04 4.445900000000000000e+04 4.171500000000000000e+04 2.010263784101698548e+01 8.040000000000000000e+02
-4.600000000000000000e+01 -1.680000000000000000e+02 9.000000000000000000e+00 4.151300000000000000e+04 4.527900000000000000e+04 4.463300000000000000e+04 4.172500000000000000e+04 2.011265367403393611e+01 8.040000000000000000e+02
-7.200000000000000000e+01 -1.560000000000000000e+02 1.000000000000000000e+01 4.285700000000000000e+04 4.393400000000000000e+04 4.359800000000000000e+04 4.303800000000000000e+04 2.012359733204357326e+01 8.030000000000000000e+02
-1.800000000000000000e+01 -1.790000000000000000e+02 1.900000000000000000e+01 4.218900000000000000e+04 4.589100000000000000e+04 4.461700000000000000e+04 4.091100000000000000e+04 2.013271265703951940e+01 8.030000000000000000e+02
3.000000000000000000e+00 -1.750000000000000000e+02 8.000000000000000000e+00 4.144200000000000000e+04 4.587400000000000000e+04 4.531000000000000000e+04 4.086400000000000000e+04 2.014321812603157014e+01 8.030000000000000000e+02
-5.000000000000000000e+00 -1.780000000000000000e+02 2.500000000000000000e+01 4.134100000000000000e+04 4.462300000000000000e+04 4.523200000000000000e+04 4.218600000000000000e+04 2.015248477901332080e+01 8.030000000000000000e+02
2.900000000000000000e+01 -2.180000000000000000e+02 2.300000000000000000e+01 4.198900000000000000e+04 4.632700000000000000e+04 4.481200000000000000e+04 4.007900000000000000e+04 2.016230907500721514e+01 8.030000000000000000e+02
9.000000000000000000e+00 -2.380000000000000000e+02 3.000000000000000000e+01 4.171700000000000000e+04 4.580900000000000000e+04 4.489400000000000000e+04 4.035600000000000000e+04 2.017411807103781030e+01 8.060000000000000000e+02
1.200000000000000000e+01 -2.480000000000000000e+02 2.300000000000000000e+01 4.057100000000000000e+04 4.615900000000000000e+04 4.586100000000000000e+04 3.967800000000000000e+04 2.018444487103261054e+01 8.060000000000000000e+02
4.000000000000000000e+00 -1.920000000000000000e+02 2.200000000000000000e+01 4.153200000000000000e+04 4.464700000000000000e+04 4.507000000000000000e+04 4.135500000000000000e+04 2.019361058901995420e+01 8.060000000000000000e+02
-1.700000000000000000e+01 -1.720000000000000000e+02 1.200000000000000000e+01 4.069300000000000000e+04 4.555500000000000000e+04 4.551000000000000000e+04 4.038000000000000000e+04 2.020275359600782394e+01 8.060000000000000000e+02
-1.400000000000000000e+01 -1.500000000000000000e+02 2.100000000000000000e+01 4.086100000000000000e+04 4.540700000000000000e+04 4.523300000000000000e+04 4.071000000000000000e+04 2.021270487701985985e+01 8.030000000000000000e+02
-7.000000000000000000e+00 -1.400000000000000000e+02 9.000000000000000000e+00 4.098500000000000000e+04 4.591900000000000000e+04 4.523800000000000000e+04 3.988700000000000000e+04 2.022259243903681636e+01 8.030000000000000000e+02
1.100000000000000000e+01 -9.900000000000000000e+01 2.400000000000000000e+01 4.038000000000000000e+04 4.529900000000000000e+04 4.574500000000000000e+04 4.053500000000000000e+04 2.023237852903548628e+01 8.030000000000000000e+02
-1.100000000000000000e+01 -7.900000000000000000e+01 2.900000000000000000e+01 4.264300000000000000e+04 4.381100000000000000e+04 4.373500000000000000e+04 4.231700000000000000e+04 2.024236342404037714e+01 8.030000000000000000e+02
3.400000000000000000e+01 -4.500000000000000000e+01 1.900000000000000000e+01 4.118200000000000000e+04 4.492300000000000000e+04 4.510900000000000000e+04 4.098300000000000000e+04 2.025259261199971661e+01 8.080000000000000000e+02
7.000000000000000000e+00 -7.000000000000000000e+00 1.200000000000000000e+01 4.270100000000000000e+04 4.512600000000000000e+04 4.342400000000000000e+04 4.025100000000000000e+04 2.026270674803527072e+01 8.080000000000000000e+02
3.400000000000000000e+01 -3.100000000000000000e+01 3.600000000000000000e+01 4.204400000000000000e+04 4.491400000000000000e+04 4.399100000000000000e+04 4.048200000000000000e+04 2.027297194401035085e+01 8.080000000000000000e+02
3.000000000000000000e+01 -3.600000000000000000e+01 2.000000000000000000e+01 4.060900000000000000e+04 4.435900000000000000e+04 4.533200000000000000e+04 4.086600000000000000e+04 2.028247324604308233e+01 8.080000000000000000e+02
3.100000000000000000e+01 -4.300000000000000000e+01 1.500000000000000000e+01 4.316500000000000000e+04 4.461300000000000000e+04 4.281000000000000000e+04 4.050800000000000000e+04 2.029329045501071960e+01 8.080000000000000000e+02
3.600000000000000000e+01 -4.800000000000000000e+01 3.100000000000000000e+01 4.173700000000000000e+04 4.493200000000000000e+04 4.406200000000000000e+04 4.030600000000000000e+04 2.030225058202631772e+01 8.070000000000000000e+02
2.900000000000000000e+01 -5.400000000000000000e+01 2.400000000000000000e+01 4.050400000000000000e+04 4.369700000000000000e+04 4.517900000000000000e+04 4.166400000000000000e+04 2.031326717202318832e+01 8.070000000000000000e+02
-1.200000000000000000e+01 -1.130000000000000000e+02 1.400000000000000000e+01 4.033800000000000000e+04 4.507200000000000000e+04 4.515900000000000000e+04 4.001100000000000000e+04 2.032280929700937122e+01 8.070000000000000000e+02
-3.000000000000000000e+01 -8.900000000000000000e+01 1.400000000000000000e+01 4.235300000000000000e+04 4.462500000000000000e+04 4.320300000000000000e+04 4.065900000000000000e+04 2.033226879901485518e+01 8.070000000000000000e+02
-4.300000000000000000e+01 -8.200000000000000000e+01 1.200000000000000000e+01 3.986100000000000000e+04 4.483500000000000000e+04 4.544600000000000000e+04 4.064600000000000000e+04 2.034213881503092125e+01 8.040000000000000000e+02
-6.400000000000000000e+01 -7.000000000000000000e+01 1.000000000000000000e+01 4.038800000000000000e+04 4.382000000000000000e+04 4.492700000000000000e+04 4.188400000000000000e+04 2.035187031904933974e+01 8.040000000000000000e+02
-7.100000000000000000e+01 -7.600000000000000000e+01 6.000000000000000000e+00 4.054300000000000000e+04 4.460800000000000000e+04 4.487100000000000000e+04 4.084400000000000000e+04 2.036299963505007327e+01 8.040000000000000000e+02
-7.500000000000000000e+01 -6.700000000000000000e+01 1.900000000000000000e+01 4.047700000000000000e+04 4.460300000000000000e+04 4.486400000000000000e+04 4.083100000000000000e+04 2.037302602001000196e+01 8.040000000000000000e+02
-4.000000000000000000e+01 -6.400000000000000000e+01 1.900000000000000000e+01 4.112000000000000000e+04 4.294600000000000000e+04 4.449900000000000000e+04 4.228800000000000000e+04 2.038275780103867874e+01 8.080000000000000000e+02
-8.000000000000000000e+00 -1.400000000000000000e+01 1.100000000000000000e+01 4.189400000000000000e+04 4.485400000000000000e+04 4.368400000000000000e+04 3.993100000000000000e+04 2.039345601503737271e+01 8.080000000000000000e+02
3.300000000000000000e+01 6.000000000000000000e+00 -1.000000000000000000e+00 4.122400000000000000e+04 4.446700000000000000e+04 4.399300000000000000e+04 4.072100000000000000e+04 2.040286575804930180e+01 8.080000000000000000e+02
3.000000000000000000e+01 -1.600000000000000000e+01 2.000000000000000000e+00 3.996800000000000000e+04 4.423800000000000000e+04 4.497900000000000000e+04 4.089300000000000000e+04 2.041444892302388325e+01 8.080000000000000000e+02
6.800000000000000000e+01 -1.700000000000000000e+01 -1.300000000000000000e+01 4.078100000000000000e+04 4.472900000000000000e+04 4.428700000000000000e+04 4.013800000000000000e+04 2.042332353501114994e+01 8.080000000000000000e+02
3.500000000000000000e+01 -9.000000000000000000e+00 1.000000000000000000e+00 4.148800000000000000e+04 4.348700000000000000e+04 4.327000000000000000e+04 4.167200000000000000e+04 2.043371909600682557e+01 8.090000000000000000e+02
3.900000000000000000e+01 -1.400000000000000000e+01 0.000000000000000000e+00 4.124500000000000000e+04 4.472900000000000000e+04 4.357600000000000000e+04 4.016500000000000000e+04 2.044306622201111168e+01 8.090000000000000000e+02
3.000000000000000000e+01 8.000000000000000000e+00 2.000000000000000000e+00 4.197900000000000000e+04 4.464000000000000000e+04 4.296600000000000000e+04 4.024100000000000000e+04 2.045247681904584169e+01 8.090000000000000000e+02
5.900000000000000000e+01 -1.300000000000000000e+01 1.100000000000000000e+01 4.113800000000000000e+04 4.476900000000000000e+04 4.382200000000000000e+04 3.999800000000000000e+04 2.046286153304390609e+01 8.090000000000000000e+02
9.000000000000000000e+00 -6.000000000000000000e+00 1.900000000000000000e+01 4.081300000000000000e+04 4.384400000000000000e+04 4.431900000000000000e+04 4.095700000000000000e+04 2.047364060400286689e+01 8.090000000000000000e+02
-3.500000000000000000e+01 -6.000000000000000000e+00 1.500000000000000000e+01 4.170000000000000000e+04 4.362200000000000000e+04 4.364700000000000000e+04 4.121100000000000000e+04 2.048227012599818408e+01 8.090000000000000000e+02
2.000000000000000000e+00 -2.900000000000000000e+01 9.000000000000000000e+00 4.115900000000000000e+04 4.459900000000000000e+04 4.412800000000000000e+04 4.019000000000000000e+04 2.049275425303494558e+01 8.090000000000000000e+02
-4.300000000000000000e+01 -1.700000000000000000e+01 1.000000000000000000e+01 4.056100000000000000e+04 4.410400000000000000e+04 4.463900000000000000e+04 4.082900000000000000e+04 2.050282851804513484e+01 8.090000000000000000e+02
-5.500000000000000000e+01 -1.800000000000000000e+01 3.000000000000000000e+00 4.047000000000000000e+04 4.433000000000000000e+04 4.450900000000000000e+04 4.020200000000000000e+04 2.051288009801646695e+01 8.130000000000000000e+02
-6.700000000000000000e+01 -1.100000000000000000e+01 1.100000000000000000e+01 4.042200000000000000e+04 4.373000000000000000e+04 4.460100000000000000e+04 4.096400000000000000e+04 2.052229369804263115e+01 8.130000000000000000e+02
-6.800000000000000000e+01 -7.000000000000000000e+00 1.200000000000000000e+01 4.098600000000000000e+04 4.388800000000000000e+04 4.425600000000000000e+04 4.076400000000000000e+04 2.053231396799674258e+01 8.130000000000000000e+02
-5.200000000000000000e+01 1.000000000000000000e+00 7.000000000000000000e+00 4.200500000000000000e+04 4.408900000000000000e+04 4.338000000000000000e+04 4.058600000000000000e+04 2.054266429401468486e+01 8.130000000000000000e+02
-1.000000000000000000e+01 4.000000000000000000e+00 -1.000000000000000000e+00 4.122300000000000000e+04 4.397800000000000000e+04 4.392800000000000000e+04 4.082100000000000000e+04 2.055263352999463677e+01 8.090000000000000000e+02
7.000000000000000000e+00 2.000000000000000000e+00 1.000000000000000000e+00 4.148100000000000000e+04 4.489500000000000000e+04 4.381700000000000000e+04 4.016800000000000000e+04 2.056219949503429234e+01 8.090000000000000000e+02
3.700000000000000000e+01 7.000000000000000000e+00 -8.000000000000000000e+00 4.142200000000000000e+04 4.469400000000000000e+04 4.399100000000000000e+04 4.039000000000000000e+04 2.057198438700288534e+01 8.090000000000000000e+02
9.000000000000000000e+00 -1.000000000000000000e+00 8.000000000000000000e+00 4.158300000000000000e+04 4.461600000000000000e+04 4.382100000000000000e+04 4.068200000000000000e+04 2.058239106804830953e+01 8.090000000000000000e+02
-2.100000000000000000e+01 -1.600000000000000000e+01 -1.300000000000000000e+01 4.054700000000000000e+04 4.451400000000000000e+04 4.473400000000000000e+04 4.099900000000000000e+04 2.059228727204026654e+01 8.090000000000000000e+02
-2.400000000000000000e+01 1.800000000000000000e+01 0.000000000000000000e+00 4.191900000000000000e+04 4.399900000000000000e+04 4.372700000000000000e+04 4.195800000000000000e+04 2.060195718903560191e+01 8.100000000000000000e+02
2.000000000000000000e+00 2.000000000000000000e+01 1.000000000000000000e+00 4.271300000000000000e+04 4.443100000000000000e+04 4.311800000000000000e+04 4.145600000000000000e+04 2.061186687601730227e+01 8.100000000000000000e+02
-5.600000000000000000e+01 7.000000000000000000e+00 3.000000000000000000e+00 4.022200000000000000e+04 4.429100000000000000e+04 4.536900000000000000e+04 4.165100000000000000e+04 2.062191996001638472e+01 8.100000000000000000e+02
-3.700000000000000000e+01 -2.000000000000000000e+00 -1.000000000000000000e+01 4.098500000000000000e+04 4.463600000000000000e+04 4.481700000000000000e+04 4.126100000000000000e+04 2.063244478299748152e+01 8.100000000000000000e+02
-1.400000000000000000e+01 -1.200000000000000000e+01 -1.500000000000000000e+01 4.139800000000000000e+04 4.471500000000000000e+04 4.434900000000000000e+04 4.115600000000000000e+04 2.064227946801111102e+01 8.110000000000000000e+02
-1.500000000000000000e+01 1.400000000000000000e+01 -2.100000000000000000e+01 4.008700000000000000e+04 4.429200000000000000e+04 4.527300000000000000e+04 4.179000000000000000e+04 2.065202953503467143e+01 8.110000000000000000e+02
-1.600000000000000000e+01 1.500000000000000000e+01 -4.000000000000000000e+00 4.242300000000000000e+04 4.428300000000000000e+04 4.314700000000000000e+04 4.186300000000000000e+04 2.066256176301976666e+01 8.110000000000000000e+02
-3.000000000000000000e+00 2.000000000000000000e+01 -1.300000000000000000e+01 4.076200000000000000e+04 4.432000000000000000e+04 4.456600000000000000e+04 4.193900000000000000e+04 2.067249677400104702e+01 8.110000000000000000e+02
-3.000000000000000000e+00 3.700000000000000000e+01 -2.800000000000000000e+01 4.118800000000000000e+04 4.473000000000000000e+04 4.419800000000000000e+04 4.156700000000000000e+04 2.068206741102039814e+01 5.480000000000000000e+02
3.400000000000000000e+01 8.000000000000000000e+00 -2.500000000000000000e+01 4.130300000000000000e+04 4.579500000000000000e+04 4.408400000000000000e+04 4.029800000000000000e+04 2.069264502200530842e+01 5.480000000000000000e+02
6.100000000000000000e+01 1.000000000000000000e+00 -3.500000000000000000e+01 4.125300000000000000e+04 4.533600000000000000e+04 4.414300000000000000e+04 4.099800000000000000e+04 2.070171774399932474e+01 5.480000000000000000e+02
7.100000000000000000e+01 1.600000000000000000e+01 -2.200000000000000000e+01 4.228300000000000000e+04 4.513000000000000000e+04 4.316900000000000000e+04 4.139200000000000000e+04 2.071233470801962540e+01 5.480000000000000000e+02
4.700000000000000000e+01 2.200000000000000000e+01 -4.000000000000000000e+01 4.111000000000000000e+04 4.578700000000000000e+04 4.427900000000000000e+04 4.085000000000000000e+04 2.072232312499545515e+01 5.480000000000000000e+02
2.500000000000000000e+01 3.200000000000000000e+01 -2.100000000000000000e+01 4.471800000000000000e+04 4.666000000000000000e+04 4.513200000000000000e+04 4.455900000000000000e+04 2.073217431805096567e+01 1.000000000000000000e+01
2.200000000000000000e+01 3.800000000000000000e+01 -2.900000000000000000e+01 4.527900000000000000e+04 4.743800000000000000e+04 4.471400000000000000e+04 4.370200000000000000e+04 2.074207137204939499e+01 1.000000000000000000e+01
2.000000000000000000e+00 3.400000000000000000e+01 -2.400000000000000000e+01 4.247500000000000000e+04 4.641400000000000000e+04 4.726100000000000000e+04 4.478100000000000000e+04 2.075204087502788752e+01 1.000000000000000000e+01
1.000000000000000000e+01 1.300000000000000000e+01 -3.100000000000000000e+01 4.274100000000000000e+04 4.869600000000000000e+04 4.759300000000000000e+04 4.272900000000000000e+04 2.076188256504246965e+01 1.000000000000000000e+01
-4.000000000000000000e+00 3.500000000000000000e+01 -4.100000000000000000e+01 4.454200000000000000e+04 4.711100000000000000e+04 4.505900000000000000e+04 4.373500000000000000e+04 2.077183020400116220e+01 5.000000000000000000e+01
1.000000000000000000e+00 5.500000000000000000e+01 -3.100000000000000000e+01 4.211100000000000000e+04 4.895200000000000000e+04 4.703800000000000000e+04 4.152200000000000000e+04 2.078182510205078870e+01 5.000000000000000000e+01
0.000000000000000000e+00 8.900000000000000000e+01 -2.500000000000000000e+01 4.426800000000000000e+04 4.656800000000000000e+04 4.515200000000000000e+04 4.453500000000000000e+04 2.079243900999426842e+01 5.000000000000000000e+01
3.500000000000000000e+01 1.490000000000000000e+02 -1.500000000000000000e+01 4.474700000000000000e+04 4.657600000000000000e+04 4.470800000000000000e+04 4.410500000000000000e+04 2.080228890804573894e+01 5.000000000000000000e+01
5.600000000000000000e+01 2.100000000000000000e+02 3.000000000000000000e+00 4.618100000000000000e+04 4.762300000000000000e+04 4.314300000000000000e+04 4.242900000000000000e+04 2.081194476003292948e+01 5.000000000000000000e+01
5.600000000000000000e+01 2.850000000000000000e+02 1.000000000000000000e+01 4.368000000000000000e+04 4.729900000000000000e+04 4.384800000000000000e+04 3.984500000000000000e+04 2.082195258204592392e+01 6.100000000000000000e+01
2.000000000000000000e+01 3.210000000000000000e+02 1.900000000000000000e+01 4.514100000000000000e+04 4.383700000000000000e+04 4.230400000000000000e+04 4.332000000000000000e+04 2.083223298302618787e+01 6.100000000000000000e+01
-1.000000000000000000e+00 3.780000000000000000e+02 3.300000000000000000e+01 4.491300000000000000e+04 4.313100000000000000e+04 4.268000000000000000e+04 4.321700000000000000e+04 2.084360277000814676e+01 6.100000000000000000e+01
-3.700000000000000000e+01 3.740000000000000000e+02 4.900000000000000000e+01 4.376800000000000000e+04 4.418300000000000000e+04 4.335200000000000000e+04 4.268000000000000000e+04 2.085189239605097100e+01 6.100000000000000000e+01
-1.130000000000000000e+02 3.140000000000000000e+02 6.900000000000000000e+01 4.370900000000000000e+04 4.396400000000000000e+04 4.326300000000000000e+04 4.209800000000000000e+04 2.086169120704289526e+01 6.400000000000000000e+01
-1.630000000000000000e+02 2.530000000000000000e+02 7.200000000000000000e+01 4.192700000000000000e+04 4.249100000000000000e+04 4.335500000000000000e+04 4.157600000000000000e+04 2.087227320700185373e+01 6.400000000000000000e+01
-2.020000000000000000e+02 1.730000000000000000e+02 7.400000000000000000e+01 4.122500000000000000e+04 4.281400000000000000e+04 4.364900000000000000e+04 4.083700000000000000e+04 2.088235051603987813e+01 6.400000000000000000e+01
-2.230000000000000000e+02 1.130000000000000000e+02 7.000000000000000000e+01 4.058900000000000000e+04 4.256500000000000000e+04 4.382000000000000000e+04 4.050200000000000000e+04 2.089233920699916780e+01 6.400000000000000000e+01
-1.900000000000000000e+02 6.300000000000000000e+01 8.600000000000000000e+01 4.065700000000000000e+04 4.275500000000000000e+04 4.363000000000000000e+04 3.992100000000000000e+04 2.090214393404312432e+01 6.400000000000000000e+01
-1.760000000000000000e+02 -8.000000000000000000e+00 6.900000000000000000e+01 3.962900000000000000e+04 4.238100000000000000e+04 4.364300000000000000e+04 3.926600000000000000e+04 2.091193069703876972e+01 6.400000000000000000e+01
-1.560000000000000000e+02 -3.800000000000000000e+01 5.900000000000000000e+01 3.938600000000000000e+04 4.197200000000000000e+04 4.351900000000000000e+04 3.950500000000000000e+04 2.092182170203886926e+01 6.400000000000000000e+01
-3.800000000000000000e+01 -3.500000000000000000e+01 6.800000000000000000e+01 3.971500000000000000e+04 4.279600000000000000e+04 4.313300000000000000e+04 3.819100000000000000e+04 2.093201494700042531e+01 6.400000000000000000e+01
5.500000000000000000e+01 -6.200000000000000000e+01 7.000000000000000000e+01 3.993800000000000000e+04 4.338900000000000000e+04 4.283600000000000000e+04 3.726700000000000000e+04 2.094175024301512167e+01 6.400000000000000000e+01
1.260000000000000000e+02 -7.500000000000000000e+01 5.700000000000000000e+01 4.019500000000000000e+04 4.345400000000000000e+04 4.242900000000000000e+04 3.697000000000000000e+04 2.095182991999899969e+01 6.600000000000000000e+01
1.760000000000000000e+02 -1.200000000000000000e+01 7.100000000000000000e+01 4.050500000000000000e+04 4.371400000000000000e+04 4.191400000000000000e+04 3.601600000000000000e+04 2.096266424300847575e+01 6.600000000000000000e+01
1.510000000000000000e+02 5.100000000000000000e+01 5.000000000000000000e+01 4.060700000000000000e+04 4.248100000000000000e+04 4.171100000000000000e+04 3.755100000000000000e+04 2.097164105402771384e+01 6.600000000000000000e+01
1.490000000000000000e+02 1.880000000000000000e+02 4.800000000000000000e+01 4.204800000000000000e+04 4.258800000000000000e+04 4.015600000000000000e+04 3.751100000000000000e+04 2.098227479000343010e+01 6.600000000000000000e+01
1.100000000000000000e+02 2.700000000000000000e+02 3.700000000000000000e+01 4.195200000000000000e+04 4.190400000000000000e+04 4.003300000000000000e+04 3.827400000000000000e+04 2.099173901102039963e+01 6.800000000000000000e+01
4.600000000000000000e+01 3.140000000000000000e+02 4.100000000000000000e+01 4.201800000000000000e+04 4.132900000000000000e+04 4.020600000000000000e+04 3.878200000000000000e+04 2.100237485702382401e+01 6.800000000000000000e+01
-2.600000000000000000e+01 3.180000000000000000e+02 6.800000000000000000e+01 4.113900000000000000e+04 4.066400000000000000e+04 4.107600000000000000e+04 3.955600000000000000e+04 2.101226363400928676e+01 6.800000000000000000e+01
-8.100000000000000000e+01 2.650000000000000000e+02 7.100000000000000000e+01 4.110300000000000000e+04 4.049400000000000000e+04 4.141900000000000000e+04 3.960800000000000000e+04 2.102197031804826111e+01 6.800000000000000000e+01
-1.820000000000000000e+02 1.500000000000000000e+02 6.800000000000000000e+01 3.992200000000000000e+04 4.092300000000000000e+04 4.274400000000000000e+04 3.918600000000000000e+04 2.103246213903184980e+01 6.800000000000000000e+01
-2.450000000000000000e+02 7.700000000000000000e+01 5.600000000000000000e+01 3.929800000000000000e+04 4.075800000000000000e+04 4.330500000000000000e+04 3.953500000000000000e+04 2.104215366003336385e+01 7.100000000000000000e+01
-2.440000000000000000e+02 2.000000000000000000e+01 4.100000000000000000e+01 3.876300000000000000e+04 4.108700000000000000e+04 4.407600000000000000e+04 3.978300000000000000e+04 2.105193835200043395e+01 7.100000000000000000e+01
-2.100000000000000000e+02 -4.000000000000000000e+00 2.100000000000000000e+01 3.980600000000000000e+04 4.163500000000000000e+04 4.329500000000000000e+04 3.931000000000000000e+04 2.106164439499843866e+01 7.100000000000000000e+01
-1.940000000000000000e+02 -2.900000000000000000e+01 0.000000000000000000e+00 3.873500000000000000e+04 4.152200000000000000e+04 4.417500000000000000e+04 3.996900000000000000e+04 2.107211649103555828e+01 7.100000000000000000e+01
-1.320000000000000000e+02 -6.100000000000000000e+01 6.000000000000000000e+00 3.968800000000000000e+04 4.207700000000000000e+04 4.338400000000000000e+04 3.952800000000000000e+04 2.108140755502972752e+01 7.300000000000000000e+01
-6.800000000000000000e+01 -6.200000000000000000e+01 -1.300000000000000000e+01 3.951300000000000000e+04 4.250300000000000000e+04 4.368500000000000000e+04 3.944500000000000000e+04 2.109218901500571519e+01 7.300000000000000000e+01
-1.000000000000000000e+01 -7.200000000000000000e+01 -1.100000000000000000e+01 3.960500000000000000e+04 4.302100000000000000e+04 4.364000000000000000e+04 3.908000000000000000e+04 2.110216062801191583e+01 7.300000000000000000e+01
1.310000000000000000e+02 -2.300000000000000000e+01 -1.800000000000000000e+01 4.109200000000000000e+04 4.316200000000000000e+04 4.267100000000000000e+04 3.912300000000000000e+04 2.111191524204332381e+01 7.300000000000000000e+01
2.440000000000000000e+02 8.800000000000000000e+01 -2.600000000000000000e+01 4.283400000000000000e+04 4.354800000000000000e+04 4.096900000000000000e+04 3.896400000000000000e+04 2.112160493701230735e+01 7.500000000000000000e+01
2.790000000000000000e+02 1.470000000000000000e+02 -2.000000000000000000e+01 4.298100000000000000e+04 4.397500000000000000e+04 4.098400000000000000e+04 3.864900000000000000e+04 2.113172351504908875e+01 7.500000000000000000e+01
3.130000000000000000e+02 1.720000000000000000e+02 -3.700000000000000000e+01 4.313000000000000000e+04 4.366300000000000000e+04 4.082200000000000000e+04 3.935000000000000000e+04 2.114197683602105826e+01 7.500000000000000000e+01
2.530000000000000000e+02 1.940000000000000000e+02 -1.800000000000000000e+01 4.288400000000000000e+04 4.279500000000000000e+04 4.136000000000000000e+04 4.043400000000000000e+04 2.115246254502562806e+01 7.500000000000000000e+01
1.480000000000000000e+02 1.550000000000000000e+02 -8.000000000000000000e+00 4.242600000000000000e+04 4.275700000000000000e+04 4.201200000000000000e+04 4.059700000000000000e+04 2.116176574100973085e+01 7.500000000000000000e+01
4.700000000000000000e+01 1.140000000000000000e+02 -6.000000000000000000e+00 4.221000000000000000e+04 4.281100000000000000e+04 4.260000000000000000e+04 4.086700000000000000e+04 2.117188840504968539e+01 7.100000000000000000e+01
-2.000000000000000000e+01 5.100000000000000000e+01 -6.000000000000000000e+00 4.172200000000000000e+04 4.329000000000000000e+04 4.372300000000000000e+04 4.094800000000000000e+04 2.118210557900601998e+01 7.100000000000000000e+01
-5.000000000000000000e+01 1.800000000000000000e+01 3.000000000000000000e+00 4.186900000000000000e+04 4.346400000000000000e+04 4.378900000000000000e+04 4.088600000000000000e+04 2.119233862304827198e+01 7.100000000000000000e+01
-9.000000000000000000e+01 -4.600000000000000000e+01 -6.000000000000000000e+00 4.116700000000000000e+04 4.354100000000000000e+04 4.466200000000000000e+04 4.117800000000000000e+04 2.120229414501227438e+01 7.100000000000000000e+01
-9.800000000000000000e+01 -8.100000000000000000e+01 1.900000000000000000e+01 4.168100000000000000e+04 4.381400000000000000e+04 4.457200000000000000e+04 4.068200000000000000e+04 2.121207699301885441e+01 6.800000000000000000e+01
-9.400000000000000000e+01 -1.230000000000000000e+02 3.200000000000000000e+01 4.146700000000000000e+04 4.426100000000000000e+04 4.537400000000000000e+04 4.063800000000000000e+04 2.122165711602428928e+01 6.800000000000000000e+01
-8.500000000000000000e+01 -1.290000000000000000e+02 2.400000000000000000e+01 4.171000000000000000e+04 4.378500000000000000e+04 4.522800000000000000e+04 4.130700000000000000e+04 2.123184561805101112e+01 6.800000000000000000e+01
-5.200000000000000000e+01 -9.900000000000000000e+01 3.000000000000000000e+01 4.236400000000000000e+04 4.453500000000000000e+04 4.486900000000000000e+04 4.062700000000000000e+04 2.124235286004841328e+01 6.800000000000000000e+01
-3.700000000000000000e+01 -5.700000000000000000e+01 2.000000000000000000e+01 4.227600000000000000e+04 4.428300000000000000e+04 4.502500000000000000e+04 4.101500000000000000e+04 2.125166185502894223e+01 6.800000000000000000e+01
1.800000000000000000e+01 1.800000000000000000e+01 1.800000000000000000e+01 4.354300000000000000e+04 4.415900000000000000e+04 4.394800000000000000e+04 4.127700000000000000e+04 2.126167096104472876e+01 6.300000000000000000e+01
7.300000000000000000e+01 6.300000000000000000e+01 3.000000000000000000e+01 4.398800000000000000e+04 4.452000000000000000e+04 4.421000000000000000e+04 4.143700000000000000e+04 2.127201494202017784e+01 6.300000000000000000e+01
4.600000000000000000e+01 1.110000000000000000e+02 5.100000000000000000e+01 4.442700000000000000e+04 4.440400000000000000e+04 4.388200000000000000e+04 4.146100000000000000e+04 2.128322696499526501e+01 6.300000000000000000e+01
5.000000000000000000e+00 7.300000000000000000e+01 3.900000000000000000e+01 4.297700000000000000e+04 4.367100000000000000e+04 4.553500000000000000e+04 4.229600000000000000e+04 2.129160040302667767e+01 6.300000000000000000e+01
5.900000000000000000e+01 4.700000000000000000e+01 4.400000000000000000e+01 4.365700000000000000e+04 4.435000000000000000e+04 4.498500000000000000e+04 4.161900000000000000e+04 2.130149038200033829e+01 5.900000000000000000e+01
8.500000000000000000e+01 3.700000000000000000e+01 2.500000000000000000e+01 4.365300000000000000e+04 4.486100000000000000e+04 4.524700000000000000e+04 4.171900000000000000e+04 2.131227019103243947e+01 5.900000000000000000e+01
1.020000000000000000e+02 5.700000000000000000e+01 3.200000000000000000e+01 4.387300000000000000e+04 4.442200000000000000e+04 4.505000000000000000e+04 4.207900000000000000e+04 2.132202454301295802e+01 5.900000000000000000e+01
4.300000000000000000e+01 8.400000000000000000e+01 2.800000000000000000e+01 4.348800000000000000e+04 4.384700000000000000e+04 4.529100000000000000e+04 4.259900000000000000e+04 2.133204538701102138e+01 5.900000000000000000e+01
6.600000000000000000e+01 9.900000000000000000e+01 3.400000000000000000e+01 4.426900000000000000e+04 4.412000000000000000e+04 4.463200000000000000e+04 4.197600000000000000e+04 2.134174977400107309e+01 5.600000000000000000e+01
9.900000000000000000e+01 1.600000000000000000e+01 3.400000000000000000e+01 4.424100000000000000e+04 4.520800000000000000e+04 4.484300000000000000e+04 4.121300000000000000e+04 2.135193383600562811e+01 5.600000000000000000e+01
8.500000000000000000e+01 -5.400000000000000000e+01 2.400000000000000000e+01 4.356500000000000000e+04 4.549100000000000000e+04 4.517500000000000000e+04 4.077600000000000000e+04 2.136280778702348471e+01 5.600000000000000000e+01
7.100000000000000000e+01 -3.300000000000000000e+01 1.600000000000000000e+01 4.412400000000000000e+04 4.491800000000000000e+04 4.475500000000000000e+04 4.149800000000000000e+04 2.137196317000780255e+01 5.600000000000000000e+01
-4.000000000000000000e+00 -3.300000000000000000e+01 3.100000000000000000e+01 4.356800000000000000e+04 4.473000000000000000e+04 4.530700000000000000e+04 4.136000000000000000e+04 2.138192604802316055e+01 5.600000000000000000e+01
-7.600000000000000000e+01 -2.000000000000000000e+00 6.000000000000000000e+01 4.362900000000000000e+04 4.394700000000000000e+04 4.531100000000000000e+04 4.199500000000000000e+04 2.139193396299378946e+01 5.400000000000000000e+01
-1.200000000000000000e+02 3.700000000000000000e+01 6.300000000000000000e+01 4.334200000000000000e+04 4.413800000000000000e+04 4.568300000000000000e+04 4.153200000000000000e+04 2.140245293400948867e+01 5.400000000000000000e+01
-1.500000000000000000e+02 8.500000000000000000e+01 6.100000000000000000e+01 4.393000000000000000e+04 4.315000000000000000e+04 4.498800000000000000e+04 4.250000000000000000e+04 2.141191566403722391e+01 5.400000000000000000e+01
-1.800000000000000000e+02 8.000000000000000000e+01 6.000000000000000000e+01 4.367200000000000000e+04 4.298400000000000000e+04 4.517900000000000000e+04 4.246000000000000000e+04 2.142295144504169002e+01 5.400000000000000000e+01
-2.160000000000000000e+02 3.300000000000000000e+01 7.300000000000000000e+01 4.254800000000000000e+04 4.297200000000000000e+04 4.610900000000000000e+04 4.223000000000000000e+04 2.143282158701913431e+01 5.300000000000000000e+01
-1.940000000000000000e+02 -2.300000000000000000e+01 6.100000000000000000e+01 4.138600000000000000e+04 4.271600000000000000e+04 4.693200000000000000e+04 4.216500000000000000e+04 2.144516932603437454e+01 5.300000000000000000e+01
-1.080000000000000000e+02 -8.300000000000000000e+01 7.200000000000000000e+01 4.122000000000000000e+04 4.309900000000000000e+04 4.688300000000000000e+04 4.164900000000000000e+04 2.145448034704895690e+01 5.300000000000000000e+01
2.600000000000000000e+01 -1.230000000000000000e+02 5.300000000000000000e+01 4.216400000000000000e+04 4.401800000000000000e+04 4.600200000000000000e+04 4.034000000000000000e+04 2.147894384904066101e+01 5.300000000000000000e+01
8.000000000000000000e+01 -2.300000000000000000e+02 4.100000000000000000e+01 4.091600000000000000e+04 4.469800000000000000e+04 4.678000000000000000e+04 3.926900000000000000e+04 2.148117404000367969e+01 5.300000000000000000e+01
1.220000000000000000e+02 -2.340000000000000000e+02 5.900000000000000000e+01 4.159700000000000000e+04 4.468800000000000000e+04 4.601600000000000000e+04 3.899900000000000000e+04 2.148296808899613097e+01 5.300000000000000000e+01
1.500000000000000000e+02 -1.630000000000000000e+02 3.100000000000000000e+01 4.141400000000000000e+04 4.367900000000000000e+04 4.589900000000000000e+04 3.997700000000000000e+04 2.149213651299942285e+01 5.300000000000000000e+01
2.410000000000000000e+02 -4.800000000000000000e+01 3.200000000000000000e+01 4.266000000000000000e+04 4.353700000000000000e+04 4.473300000000000000e+04 3.997200000000000000e+04 2.150434094300726429e+01 5.300000000000000000e+01
3.150000000000000000e+02 1.300000000000000000e+02 2.400000000000000000e+01 4.406700000000000000e+04 4.285500000000000000e+04 4.317400000000000000e+04 4.057100000000000000e+04 2.151259038102580234e+01 5.300000000000000000e+01
4.340000000000000000e+02 2.500000000000000000e+02 2.500000000000000000e+01 4.527200000000000000e+04 4.400700000000000000e+04 4.168000000000000000e+04 3.911200000000000000e+04 2.152301939402241260e+01 4.900000000000000000e+01
5.080000000000000000e+02 3.250000000000000000e+02 3.800000000000000000e+01 4.533800000000000000e+04 4.317500000000000000e+04 4.202200000000000000e+04 4.032100000000000000e+04 2.153248894802527502e+01 4.900000000000000000e+01
5.040000000000000000e+02 3.560000000000000000e+02 4.500000000000000000e+01 4.533600000000000000e+04 4.244300000000000000e+04 4.190000000000000000e+04 4.080700000000000000e+04 2.154303624300519004e+01 4.900000000000000000e+01
4.740000000000000000e+02 2.610000000000000000e+02 2.500000000000000000e+01 4.456000000000000000e+04 4.288700000000000000e+04 4.271400000000000000e+04 4.043100000000000000e+04 2.155261742800939828e+01 4.900000000000000000e+01
3.900000000000000000e+02 9.700000000000000000e+01 1.200000000000000000e+01 4.316400000000000000e+04 4.398100000000000000e+04 4.395100000000000000e+04 3.912200000000000000e+04 2.156273917504586279e+01 5.100000000000000000e+01
2.860000000000000000e+02 -2.200000000000000000e+01 2.000000000000000000e+00 4.302100000000000000e+04 4.442600000000000000e+04 4.400500000000000000e+04 3.872600000000000000e+04 2.157293946901336312e+01 5.100000000000000000e+01
1.560000000000000000e+02 -1.400000000000000000e+02 -1.200000000000000000e+01 4.200000000000000000e+04 4.385100000000000000e+04 4.472600000000000000e+04 3.917300000000000000e+04 2.158262364403344691e+01 5.100000000000000000e+01
6.000000000000000000e+00 -2.560000000000000000e+02 -1.700000000000000000e+01 4.050900000000000000e+04 4.407700000000000000e+04 4.587700000000000000e+04 3.889500000000000000e+04 2.159286251803860068e+01 5.100000000000000000e+01
