6.200000000000000000e+01 -4.200000000000000000e+01 3.400000000000000000e+01 4.761000000000000000e+04 4.775600000000000000e+04 4.947800000000000000e+04 4.567800000000000000e+04 3.309317737200763077e+01 8.030000000000000000e+02
3.300000000000000000e+01 -4.600000000000000000e+01 4.300000000000000000e+01 4.752500000000000000e+04 4.760000000000000000e+04 4.941700000000000000e+04 4.545100000000000000e+04 3.310319570801220834e+01 8.040000000000000000e+02
3.100000000000000000e+01 -3.700000000000000000e+01 4.200000000000000000e+01 4.763200000000000000e+04 4.762800000000000000e+04 4.922100000000000000e+04 4.554200000000000000e+04 3.311309107398847118e+01 8.040000000000000000e+02
9.000000000000000000e+00 -1.100000000000000000e+01 2.700000000000000000e+01 4.787100000000000000e+04 4.749900000000000000e+04 4.898100000000000000e+04 4.570900000000000000e+04 3.312505737598985434e+01 8.040000000000000000e+02
1.000000000000000000e+00 -1.400000000000000000e+01 1.600000000000000000e+01 4.790100000000000000e+04 4.766400000000000000e+04 4.895600000000000000e+04 4.588700000000000000e+04 3.313321769097819924e+01 8.040000000000000000e+02
-1.800000000000000000e+01 -3.200000000000000000e+01 2.400000000000000000e+01 4.768600000000000000e+04 4.775500000000000000e+04 4.907400000000000000e+04 4.548700000000000000e+04 3.314289664500392973e+01 8.030000000000000000e+02
7.000000000000000000e+00 -4.600000000000000000e+01 4.400000000000000000e+01 4.773900000000000000e+04 4.787700000000000000e+04 4.914600000000000000e+04 4.506300000000000000e+04 3.315460678900126368e+01 8.030000000000000000e+02
-3.000000000000000000e+00 -3.900000000000000000e+01 4.500000000000000000e+01 4.739800000000000000e+04 4.756000000000000000e+04 4.943800000000000000e+04 4.524900000000000000e+04 3.316390925401356071e+01 8.030000000000000000e+02
1.200000000000000000e+01 -3.800000000000000000e+01 3.200000000000000000e+01 4.772900000000000000e+04 4.770000000000000000e+04 4.899500000000000000e+04 4.507400000000000000e+04 3.317410978401312605e+01 8.030000000000000000e+02
3.700000000000000000e+01 -3.700000000000000000e+01 1.900000000000000000e+01 4.787800000000000000e+04 4.756100000000000000e+04 4.870700000000000000e+04 4.529600000000000000e+04 3.318374878098256886e+01 7.990000000000000000e+02
5.200000000000000000e+01 -4.900000000000000000e+01 2.900000000000000000e+01 4.807800000000000000e+04 4.789000000000000000e+04 4.888200000000000000e+04 4.531100000000000000e+04 3.319347565399948508e+01 7.990000000000000000e+02
7.700000000000000000e+01 -3.700000000000000000e+01 2.800000000000000000e+01 4.807200000000000000e+04 4.810700000000000000e+04 4.889100000000000000e+04 4.504700000000000000e+04 3.320331191702280194e+01 7.990000000000000000e+02
6.200000000000000000e+01 -3.000000000000000000e+01 -7.000000000000000000e+00 4.796900000000000000e+04 4.834100000000000000e+04 4.879400000000000000e+04 4.506700000000000000e+04 3.321329261700157076e+01 7.990000000000000000e+02
7.900000000000000000e+01 -5.600000000000000000e+01 8.000000000000000000e+00 4.797900000000000000e+04 4.837900000000000000e+04 4.899700000000000000e+04 4.489000000000000000e+04 3.322331867303000763e+01 7.990000000000000000e+02
3.900000000000000000e+01 -5.500000000000000000e+01 2.300000000000000000e+01 4.712200000000000000e+04 4.801800000000000000e+04 4.963000000000000000e+04 4.512900000000000000e+04 3.323310620198026299e+01 8.030000000000000000e+02
-2.800000000000000000e+01 -5.100000000000000000e+01 1.700000000000000000e+01 4.719800000000000000e+04 4.767000000000000000e+04 4.953700000000000000e+04 4.570100000000000000e+04 3.324354095401940867e+01 8.030000000000000000e+02
-2.600000000000000000e+01 -3.200000000000000000e+01 3.000000000000000000e+00 4.769400000000000000e+04 4.778200000000000000e+04 4.905000000000000000e+04 4.566500000000000000e+04 3.325296992802759632e+01 8.030000000000000000e+02
-4.900000000000000000e+01 -1.600000000000000000e+01 6.000000000000000000e+00 4.763400000000000000e+04 4.789200000000000000e+04 4.926700000000000000e+04 4.532600000000000000e+04 3.326318675698712468e+01 8.030000000000000000e+02
-3.000000000000000000e+01 -1.300000000000000000e+01 -5.000000000000000000e+00 4.783500000000000000e+04 4.810800000000000000e+04 4.928800000000000000e+04 4.565500000000000000e+04 3.327319589699618518e+01 7.980000000000000000e+02
-4.500000000000000000e+01 -2.000000000000000000e+00 -1.000000000000000000e+00 4.767000000000000000e+04 4.849000000000000000e+04 4.930700000000000000e+04 4.542100000000000000e+04 3.328412244003266096e+01 7.980000000000000000e+02
-5.900000000000000000e+01 3.000000000000000000e+00 4.000000000000000000e+00 4.748300000000000000e+04 4.579900000000000000e+04 4.972300000000000000e+04 4.788200000000000000e+04 3.329293008899549022e+01 7.980000000000000000e+02
-8.100000000000000000e+01 1.700000000000000000e+01 1.800000000000000000e+01 4.826500000000000000e+04 4.892300000000000000e+04 4.875100000000000000e+04 4.512500000000000000e+04 3.330319705099100247e+01 7.980000000000000000e+02
-6.300000000000000000e+01 8.000000000000000000e+00 1.500000000000000000e+01 4.809800000000000000e+04 4.727400000000000000e+04 4.916600000000000000e+04 4.652000000000000000e+04 3.331328767701052129e+01 7.990000000000000000e+02
-1.200000000000000000e+01 -1.100000000000000000e+01 5.000000000000000000e+00 4.757900000000000000e+04 4.854800000000000000e+04 4.986200000000000000e+04 4.493500000000000000e+04 3.332426981301978230e+01 7.990000000000000000e+02
0.000000000000000000e+00 -1.700000000000000000e+01 -7.000000000000000000e+00 4.841900000000000000e+04 4.894400000000000000e+04 4.873300000000000000e+04 4.474900000000000000e+04 3.333285994199104607e+01 7.990000000000000000e+02
5.400000000000000000e+01 -1.200000000000000000e+01 -5.000000000000000000e+00 4.776700000000000000e+04 4.873600000000000000e+04 4.928800000000000000e+04 4.505500000000000000e+04 3.334335746697615832e+01 7.990000000000000000e+02
2.900000000000000000e+01 -2.000000000000000000e+01 2.000000000000000000e+01 4.662200000000000000e+04 4.909700000000000000e+04 5.037000000000000000e+04 4.447800000000000000e+04 3.335403776698512957e+01 7.990000000000000000e+02
-4.000000000000000000e+00 -2.000000000000000000e+01 4.000000000000000000e+00 4.880100000000000000e+04 4.813000000000000000e+04 4.826300000000000000e+04 4.574800000000000000e+04 3.336400863900780678e+01 7.980000000000000000e+02
5.400000000000000000e+01 1.000000000000000000e+00 -1.200000000000000000e+01 4.896800000000000000e+04 4.898100000000000000e+04 4.804000000000000000e+04 4.474500000000000000e+04 3.337586060998728499e+01 7.980000000000000000e+02
4.700000000000000000e+01 1.000000000000000000e+00 -3.000000000000000000e+00 4.837800000000000000e+04 4.925500000000000000e+04 4.863700000000000000e+04 4.438400000000000000e+04 3.338366694899741560e+01 7.980000000000000000e+02
3.000000000000000000e+00 1.200000000000000000e+01 1.600000000000000000e+01 4.797300000000000000e+04 4.880300000000000000e+04 4.905200000000000000e+04 4.490200000000000000e+04 3.339330555201740935e+01 7.980000000000000000e+02
-1.000000000000000000e+00 2.600000000000000000e+01 -6.000000000000000000e+00 4.772500000000000000e+04 4.916400000000000000e+04 4.936400000000000000e+04 4.446800000000000000e+04 3.340356255701044574e+01 7.980000000000000000e+02
-4.300000000000000000e+01 2.000000000000000000e+01 9.000000000000000000e+00 4.730300000000000000e+04 4.879200000000000000e+04 4.965500000000000000e+04 4.508900000000000000e+04 3.341236787999514490e+01 7.980000000000000000e+02
-7.200000000000000000e+01 3.500000000000000000e+01 -6.000000000000000000e+00 4.780100000000000000e+04 4.815600000000000000e+04 4.918200000000000000e+04 4.587000000000000000e+04 3.342406187998130918e+01 7.980000000000000000e+02
-8.400000000000000000e+01 7.300000000000000000e+01 3.000000000000000000e+00 4.854300000000000000e+04 4.762500000000000000e+04 4.840000000000000000e+04 4.652800000000000000e+04 3.343326077499659732e+01 7.980000000000000000e+02
-6.500000000000000000e+01 9.100000000000000000e+01 1.700000000000000000e+01 4.745500000000000000e+04 4.656500000000000000e+04 4.944300000000000000e+04 4.728900000000000000e+04 3.344310188002418727e+01 7.990000000000000000e+02
-5.300000000000000000e+01 8.100000000000000000e+01 0.000000000000000000e+00 4.775300000000000000e+04 4.744400000000000000e+04 4.926900000000000000e+04 4.619500000000000000e+04 3.345259284001076594e+01 7.990000000000000000e+02
-4.900000000000000000e+01 6.700000000000000000e+01 5.000000000000000000e+00 4.877700000000000000e+04 4.911700000000000000e+04 4.817800000000000000e+04 4.438900000000000000e+04 3.346271675103344023e+01 7.990000000000000000e+02
1.700000000000000000e+01 5.400000000000000000e+01 1.600000000000000000e+01 4.769500000000000000e+04 4.740100000000000000e+04 4.929400000000000000e+04 4.620900000000000000e+04 3.347468131303321570e+01 7.990000000000000000e+02
-4.000000000000000000e+01 4.900000000000000000e+01 2.600000000000000000e+01 4.764700000000000000e+04 4.751600000000000000e+04 4.943800000000000000e+04 4.591600000000000000e+04 3.348382894298993051e+01 7.990000000000000000e+02
-2.000000000000000000e+00 5.500000000000000000e+01 2.100000000000000000e+01 4.772300000000000000e+04 4.789200000000000000e+04 4.924100000000000000e+04 4.537600000000000000e+04 3.349340853700414300e+01 7.990000000000000000e+02
-4.000000000000000000e+00 3.200000000000000000e+01 2.500000000000000000e+01 4.744500000000000000e+04 4.723300000000000000e+04 4.941800000000000000e+04 4.576100000000000000e+04 3.350321704603265971e+01 7.990000000000000000e+02
-6.000000000000000000e+00 3.900000000000000000e+01 2.000000000000000000e+01 4.762100000000000000e+04 4.760600000000000000e+04 4.935600000000000000e+04 4.516900000000000000e+04 3.351498736598296091e+01 7.990000000000000000e+02
-1.000000000000000000e+01 3.800000000000000000e+01 3.000000000000000000e+01 4.829000000000000000e+04 4.735200000000000000e+04 4.866700000000000000e+04 4.545700000000000000e+04 3.352266909898025915e+01 7.990000000000000000e+02
-7.000000000000000000e+00 3.900000000000000000e+01 2.000000000000000000e+00 4.820400000000000000e+04 4.760300000000000000e+04 4.908200000000000000e+04 4.562700000000000000e+04 3.353311485901940614e+01 7.950000000000000000e+02
-3.000000000000000000e+01 3.600000000000000000e+01 1.900000000000000000e+01 4.947300000000000000e+04 4.882600000000000000e+04 4.777600000000000000e+04 4.421200000000000000e+04 3.354394408903317526e+01 7.950000000000000000e+02
-3.200000000000000000e+01 4.700000000000000000e+01 2.400000000000000000e+01 4.714700000000000000e+04 4.744700000000000000e+04 5.003700000000000000e+04 4.569200000000000000e+04 3.355279673699988052e+01 7.950000000000000000e+02
-5.900000000000000000e+01 4.500000000000000000e+01 1.700000000000000000e+01 4.827700000000000000e+04 4.706600000000000000e+04 4.926300000000000000e+04 4.606500000000000000e+04 3.356391408201307058e+01 7.950000000000000000e+02
-5.400000000000000000e+01 3.800000000000000000e+01 2.700000000000000000e+01 4.810600000000000000e+04 4.830800000000000000e+04 4.927700000000000000e+04 4.475500000000000000e+04 3.357342606101883575e+01 7.980000000000000000e+02
-6.000000000000000000e+01 5.300000000000000000e+01 1.200000000000000000e+01 4.793100000000000000e+04 4.721200000000000000e+04 4.950800000000000000e+04 4.584200000000000000e+04 3.358341505500720814e+01 7.980000000000000000e+02
-5.700000000000000000e+01 5.600000000000000000e+01 -1.100000000000000000e+01 4.869000000000000000e+04 4.789500000000000000e+04 4.864400000000000000e+04 4.519800000000000000e+04 3.359293945098761469e+01 7.980000000000000000e+02
-7.200000000000000000e+01 7.600000000000000000e+01 1.900000000000000000e+01 4.818600000000000000e+04 4.698900000000000000e+04 4.895700000000000000e+04 4.633700000000000000e+04 3.360236747702583671e+01 7.980000000000000000e+02
-4.800000000000000000e+01 8.200000000000000000e+01 -4.000000000000000000e+00 4.804000000000000000e+04 4.737800000000000000e+04 4.906900000000000000e+04 4.599100000000000000e+04 3.361269692197674885e+01 7.950000000000000000e+02
-7.100000000000000000e+01 7.400000000000000000e+01 2.000000000000000000e+00 4.851300000000000000e+04 4.807600000000000000e+04 4.873000000000000000e+04 4.564200000000000000e+04 3.362267053901450709e+01 7.950000000000000000e+02
-2.300000000000000000e+01 6.100000000000000000e+01 -9.000000000000000000e+00 4.914300000000000000e+04 4.742100000000000000e+04 4.812500000000000000e+04 4.616200000000000000e+04 3.363277834799373522e+01 7.950000000000000000e+02
2.200000000000000000e+01 3.800000000000000000e+01 1.500000000000000000e+01 4.951600000000000000e+04 4.870200000000000000e+04 4.760700000000000000e+04 4.475900000000000000e+04 3.364447970798937604e+01 7.950000000000000000e+02
-2.800000000000000000e+01 4.400000000000000000e+01 5.000000000000000000e+00 4.818200000000000000e+04 4.804200000000000000e+04 4.915900000000000000e+04 4.521800000000000000e+04 3.365215892501873896e+01 7.950000000000000000e+02
-6.100000000000000000e+01 3.700000000000000000e+01 8.000000000000000000e+00 4.764800000000000000e+04 4.657400000000000000e+04 4.972700000000000000e+04 4.703900000000000000e+04 3.366232419299194589e+01 7.950000000000000000e+02
-6.100000000000000000e+01 2.000000000000000000e+00 -4.000000000000000000e+00 4.766700000000000000e+04 4.813500000000000000e+04 4.945500000000000000e+04 4.575200000000000000e+04 3.367319023399613798e+01 7.950000000000000000e+02
-3.400000000000000000e+01 -2.100000000000000000e+01 1.000000000000000000e+00 4.751600000000000000e+04 4.854100000000000000e+04 4.940400000000000000e+04 4.553600000000000000e+04 3.368339029699563980e+01 7.950000000000000000e+02
-1.400000000000000000e+01 -1.200000000000000000e+01 2.000000000000000000e+00 4.767700000000000000e+04 4.821100000000000000e+04 4.931500000000000000e+04 4.579900000000000000e+04 3.369515619700541720e+01 7.950000000000000000e+02
-2.900000000000000000e+01 -5.000000000000000000e+00 5.000000000000000000e+00 4.812000000000000000e+04 4.834400000000000000e+04 4.873300000000000000e+04 4.531200000000000000e+04 3.370229569001821801e+01 7.980000000000000000e+02
-1.700000000000000000e+01 5.000000000000000000e+00 2.000000000000000000e+00 4.812500000000000000e+04 4.824200000000000000e+04 4.868800000000000000e+04 4.532200000000000000e+04 3.371346205001464114e+01 7.980000000000000000e+02
-2.000000000000000000e+00 1.500000000000000000e+01 0.000000000000000000e+00 4.788300000000000000e+04 4.830200000000000000e+04 4.888700000000000000e+04 4.510300000000000000e+04 3.372243058303138241e+01 7.980000000000000000e+02
-5.900000000000000000e+01 1.400000000000000000e+01 -8.000000000000000000e+00 4.745000000000000000e+04 4.554500000000000000e+04 4.921900000000000000e+04 4.782700000000000000e+04 3.373221182601992041e+01 7.980000000000000000e+02
-3.900000000000000000e+01 -4.000000000000000000e+00 2.400000000000000000e+01 4.740100000000000000e+04 4.707700000000000000e+04 4.902600000000000000e+04 4.616900000000000000e+04 3.374250226700678468e+01 7.930000000000000000e+02
-3.400000000000000000e+01 -2.000000000000000000e+00 4.000000000000000000e+00 4.891900000000000000e+04 4.868800000000000000e+04 4.822600000000000000e+04 4.458500000000000000e+04 3.375280446402030066e+01 7.930000000000000000e+02
-7.400000000000000000e+01 1.200000000000000000e+01 -7.000000000000000000e+00 4.618700000000000000e+04 4.602800000000000000e+04 5.046000000000000000e+04 4.771600000000000000e+04 3.376304433902259916e+01 7.930000000000000000e+02
-7.000000000000000000e+00 -1.200000000000000000e+01 0.000000000000000000e+00 4.832100000000000000e+04 4.974800000000000000e+04 4.833800000000000000e+04 4.386700000000000000e+04 3.377308481500949711e+01 7.930000000000000000e+02
-2.000000000000000000e+00 -4.000000000000000000e+00 0.000000000000000000e+00 4.739200000000000000e+04 4.764500000000000000e+04 4.947900000000000000e+04 4.598600000000000000e+04 3.378303714102366939e+01 7.930000000000000000e+02
-1.800000000000000000e+01 -2.100000000000000000e+01 -7.000000000000000000e+00 4.739400000000000000e+04 4.836000000000000000e+04 4.967400000000000000e+04 4.539300000000000000e+04 3.379236853000475094e+01 7.940000000000000000e+02
3.000000000000000000e+00 3.000000000000000000e+00 2.100000000000000000e+01 4.782200000000000000e+04 4.828500000000000000e+04 4.900400000000000000e+04 4.579500000000000000e+04 3.380309653002768755e+01 7.940000000000000000e+02
-3.000000000000000000e+00 2.500000000000000000e+01 -1.500000000000000000e+01 4.785200000000000000e+04 4.852100000000000000e+04 4.921600000000000000e+04 4.550800000000000000e+04 3.381231564900372177e+01 7.940000000000000000e+02
1.100000000000000000e+01 2.200000000000000000e+01 1.100000000000000000e+01 4.764200000000000000e+04 4.878800000000000000e+04 4.929600000000000000e+04 4.514500000000000000e+04 3.382319683599052951e+01 7.940000000000000000e+02
4.300000000000000000e+01 4.200000000000000000e+01 -5.000000000000000000e+00 4.960900000000000000e+04 4.851500000000000000e+04 4.716700000000000000e+04 4.525300000000000000e+04 3.383242011599941179e+01 7.960000000000000000e+02
4.400000000000000000e+01 5.700000000000000000e+01 1.300000000000000000e+01 4.863000000000000000e+04 4.837000000000000000e+04 4.826700000000000000e+04 4.530400000000000000e+04 3.384269781602779403e+01 7.960000000000000000e+02
2.300000000000000000e+01 8.000000000000000000e+01 7.000000000000000000e+00 4.898600000000000000e+04 4.703600000000000000e+04 4.812000000000000000e+04 4.639200000000000000e+04 3.385280958801740780e+01 7.960000000000000000e+02
-3.000000000000000000e+00 7.600000000000000000e+01 1.000000000000000000e+01 4.851200000000000000e+04 4.781900000000000000e+04 4.845700000000000000e+04 4.537300000000000000e+04 3.386353689100360498e+01 7.960000000000000000e+02
3.000000000000000000e+00 6.900000000000000000e+01 1.300000000000000000e+01 4.868400000000000000e+04 4.850800000000000000e+04 4.829800000000000000e+04 4.502000000000000000e+04 3.387293056200724095e+01 7.940000000000000000e+02
-4.300000000000000000e+01 5.400000000000000000e+01 -8.000000000000000000e+00 4.792100000000000000e+04 4.715300000000000000e+04 4.900800000000000000e+04 4.650600000000000000e+04 3.388304476399207488e+01 7.940000000000000000e+02
-5.300000000000000000e+01 4.600000000000000000e+01 4.000000000000000000e+00 4.754800000000000000e+04 4.676100000000000000e+04 4.942600000000000000e+04 4.707800000000000000e+04 3.389280469802906737e+01 7.940000000000000000e+02
-5.600000000000000000e+01 3.100000000000000000e+01 1.400000000000000000e+01 4.726200000000000000e+04 4.752700000000000000e+04 4.974500000000000000e+04 4.616800000000000000e+04 3.390260500001022592e+01 7.940000000000000000e+02
-5.400000000000000000e+01 2.100000000000000000e+01 9.000000000000000000e+00 4.745500000000000000e+04 4.729400000000000000e+04 4.964600000000000000e+04 4.623700000000000000e+04 3.391278398700524122e+01 7.940000000000000000e+02
-3.000000000000000000e+01 2.500000000000000000e+01 2.000000000000000000e+00 4.796200000000000000e+04 4.760300000000000000e+04 4.872500000000000000e+04 4.588400000000000000e+04 3.392273644002852961e+01 7.970000000000000000e+02
1.000000000000000000e+01 1.700000000000000000e+01 1.100000000000000000e+01 4.755900000000000000e+04 4.804100000000000000e+04 4.914800000000000000e+04 4.533300000000000000e+04 3.393285962502704933e+01 7.970000000000000000e+02
5.000000000000000000e+01 2.600000000000000000e+01 8.000000000000000000e+00 4.945400000000000000e+04 4.845400000000000000e+04 4.718200000000000000e+04 4.458000000000000000e+04 3.394303259998559952e+01 7.970000000000000000e+02
5.500000000000000000e+01 3.700000000000000000e+01 4.000000000000000000e+00 4.694400000000000000e+04 4.574800000000000000e+04 4.975100000000000000e+04 4.724500000000000000e+04 3.395292601198889315e+01 7.970000000000000000e+02
7.800000000000000000e+01 2.900000000000000000e+01 -4.000000000000000000e+00 5.007900000000000000e+04 4.995600000000000000e+04 4.637000000000000000e+04 4.310800000000000000e+04 3.396228619600879028e+01 7.950000000000000000e+02
4.700000000000000000e+01 1.900000000000000000e+01 1.200000000000000000e+01 4.827700000000000000e+04 4.821800000000000000e+04 4.842300000000000000e+04 4.506800000000000000e+04 3.397303449403261766e+01 7.950000000000000000e+02
4.600000000000000000e+01 2.500000000000000000e+01 -2.000000000000000000e+00 4.860600000000000000e+04 4.842300000000000000e+04 4.816600000000000000e+04 4.478900000000000000e+04 3.398283185402397066e+01 7.950000000000000000e+02
3.300000000000000000e+01 3.700000000000000000e+01 -4.000000000000000000e+00 4.838100000000000000e+04 4.738800000000000000e+04 4.823900000000000000e+04 4.611800000000000000e+04 3.399288212799001485e+01 7.950000000000000000e+02
1.100000000000000000e+01 2.500000000000000000e+01 2.000000000000000000e+00 4.746100000000000000e+04 4.731600000000000000e+04 4.878400000000000000e+04 4.657600000000000000e+04 3.400357047503348440e+01 7.960000000000000000e+02
-2.000000000000000000e+01 1.200000000000000000e+01 1.300000000000000000e+01 4.829300000000000000e+04 4.780000000000000000e+04 4.834400000000000000e+04 4.569200000000000000e+04 3.401278517598984763e+01 7.960000000000000000e+02
-3.500000000000000000e+01 2.200000000000000000e+01 3.000000000000000000e+00 4.806600000000000000e+04 4.774200000000000000e+04 4.863200000000000000e+04 4.567800000000000000e+04 3.402231064002262428e+01 7.960000000000000000e+02
-6.000000000000000000e+01 1.600000000000000000e+01 2.000000000000000000e+00 4.759700000000000000e+04 4.766200000000000000e+04 4.909000000000000000e+04 4.583400000000000000e+04 3.403233849199023098e+01 7.960000000000000000e+02
-6.700000000000000000e+01 2.000000000000000000e+00 -8.000000000000000000e+00 4.784200000000000000e+04 4.778400000000000000e+04 4.894500000000000000e+04 4.570600000000000000e+04 3.404233399301301688e+01 2.300000000000000000e+02
-7.200000000000000000e+01 -1.000000000000000000e+01 -5.000000000000000000e+00 4.782800000000000000e+04 4.763300000000000000e+04 4.900000000000000000e+04 4.591800000000000000e+04 3.405250233900733292e+01 2.300000000000000000e+02
6.000000000000000000e+00 -1.900000000000000000e+01 1.000000000000000000e+01 4.797400000000000000e+04 4.828800000000000000e+04 4.901200000000000000e+04 4.553100000000000000e+04 3.406241032300749794e+01 2.300000000000000000e+02
7.000000000000000000e+00 -2.300000000000000000e+01 0.000000000000000000e+00 4.814800000000000000e+04 4.828000000000000000e+04 4.881900000000000000e+04 4.554200000000000000e+04 3.407240473100682721e+01 2.300000000000000000e+02
2.000000000000000000e+01 -3.300000000000000000e+01 -1.000000000000000000e+00 4.757300000000000000e+04 4.775000000000000000e+04 4.929700000000000000e+04 4.616200000000000000e+04 3.408305036398814991e+01 2.300000000000000000e+02
1.120000000000000000e+02 5.000000000000000000e+00 -1.000000000000000000e+01 4.850100000000000000e+04 4.874900000000000000e+04 4.835500000000000000e+04 4.510600000000000000e+04 3.409259373898385093e+01 3.500000000000000000e+01
1.250000000000000000e+02 3.000000000000000000e+00 9.000000000000000000e+00 4.956500000000000000e+04 4.956900000000000000e+04 4.855100000000000000e+04 4.549300000000000000e+04 3.410280306800268590e+01 3.500000000000000000e+01
1.140000000000000000e+02 3.000000000000000000e+01 -3.000000000000000000e+00 4.971800000000000000e+04 4.936300000000000000e+04 4.873700000000000000e+04 4.582300000000000000e+04 3.411282714200206101e+01 3.500000000000000000e+01
9.800000000000000000e+01 4.300000000000000000e+01 4.000000000000000000e+00 4.976900000000000000e+04 4.926600000000000000e+04 4.872500000000000000e+04 4.628400000000000000e+04 3.412213990802410990e+01 3.500000000000000000e+01
4.100000000000000000e+01 7.300000000000000000e+01 -2.200000000000000000e+01 4.930700000000000000e+04 4.834200000000000000e+04 4.913500000000000000e+04 4.737100000000000000e+04 3.413259060098789632e+01 4.200000000000000000e+01
2.400000000000000000e+01 7.600000000000000000e+01 -9.000000000000000000e+00 4.946500000000000000e+04 4.888900000000000000e+04 4.887600000000000000e+04 4.665400000000000000e+04 3.414393945998745039e+01 4.200000000000000000e+01
-2.600000000000000000e+01 7.800000000000000000e+01 -1.000000000000000000e+00 4.907700000000000000e+04 4.874900000000000000e+04 4.924000000000000000e+04 4.672600000000000000e+04 3.415276910102693364e+01 4.200000000000000000e+01
-5.300000000000000000e+01 7.300000000000000000e+01 -8.000000000000000000e+00 4.889200000000000000e+04 4.857300000000000000e+04 4.931800000000000000e+04 4.690400000000000000e+04 3.416328932199394330e+01 4.200000000000000000e+01
-1.080000000000000000e+02 6.500000000000000000e+01 -9.000000000000000000e+00 4.875900000000000000e+04 4.916400000000000000e+04 4.941000000000000000e+04 4.622700000000000000e+04 3.417221851798240095e+01 4.200000000000000000e+01
-1.640000000000000000e+02 9.300000000000000000e+01 -1.000000000000000000e+01 4.861300000000000000e+04 4.804700000000000000e+04 4.942300000000000000e+04 4.723500000000000000e+04 3.418223479599691927e+01 4.600000000000000000e+01
-2.150000000000000000e+02 1.200000000000000000e+02 7.000000000000000000e+00 4.849700000000000000e+04 4.766200000000000000e+04 4.897700000000000000e+04 4.701400000000000000e+04 3.419235588202718645e+01 4.600000000000000000e+01
-2.410000000000000000e+02 1.510000000000000000e+02 7.000000000000000000e+00 4.823400000000000000e+04 4.699200000000000000e+04 4.937900000000000000e+04 4.776000000000000000e+04 3.420222657400881872e+01 4.600000000000000000e+01
-2.560000000000000000e+02 1.690000000000000000e+02 -7.000000000000000000e+00 4.865600000000000000e+04 4.636900000000000000e+04 4.882800000000000000e+04 4.810200000000000000e+04 3.421270977501990274e+01 4.600000000000000000e+01
-1.930000000000000000e+02 1.530000000000000000e+02 3.000000000000000000e+00 4.867000000000000000e+04 4.732200000000000000e+04 4.870100000000000000e+04 4.720200000000000000e+04 3.422257265902590007e+01 4.500000000000000000e+01
-1.180000000000000000e+02 1.180000000000000000e+02 1.100000000000000000e+01 4.813700000000000000e+04 4.743400000000000000e+04 4.869900000000000000e+04 4.671700000000000000e+04 3.423226874502142891e+01 4.500000000000000000e+01
-2.000000000000000000e+01 6.400000000000000000e+01 1.700000000000000000e+01 4.833200000000000000e+04 4.816000000000000000e+04 4.849000000000000000e+04 4.570100000000000000e+04 3.424446764698950574e+01 4.500000000000000000e+01
2.400000000000000000e+01 4.000000000000000000e+00 1.100000000000000000e+01 4.796100000000000000e+04 4.789900000000000000e+04 4.874600000000000000e+04 4.589200000000000000e+04 3.425235230597900227e+01 4.500000000000000000e+01
3.600000000000000000e+01 -6.000000000000000000e+01 2.000000000000000000e+00 4.720200000000000000e+04 4.847500000000000000e+04 4.929600000000000000e+04 4.495600000000000000e+04 3.426212170202052221e+01 4.800000000000000000e+01
3.200000000000000000e+01 -9.200000000000000000e+01 -1.500000000000000000e+01 4.699800000000000000e+04 4.850000000000000000e+04 4.893600000000000000e+04 4.452900000000000000e+04 3.427253848902182654e+01 4.800000000000000000e+01
4.000000000000000000e+01 -5.900000000000000000e+01 -6.000000000000000000e+00 4.708200000000000000e+04 4.798300000000000000e+04 4.875200000000000000e+04 4.505500000000000000e+04 3.428261993703199551e+01 4.800000000000000000e+01
4.400000000000000000e+01 5.700000000000000000e+01 -1.600000000000000000e+01 4.807200000000000000e+04 4.793800000000000000e+04 4.754100000000000000e+04 4.518200000000000000e+04 3.429222155699972063e+01 4.800000000000000000e+01
9.400000000000000000e+01 1.630000000000000000e+02 -8.000000000000000000e+00 4.993300000000000000e+04 4.744200000000000000e+04 4.553800000000000000e+04 4.529600000000000000e+04 3.430182612902717665e+01 4.800000000000000000e+01
1.010000000000000000e+02 2.390000000000000000e+02 2.000000000000000000e+01 4.957800000000000000e+04 4.679700000000000000e+04 4.596100000000000000e+04 4.583700000000000000e+04 3.431219951302045956e+01 4.800000000000000000e+01
8.800000000000000000e+01 2.320000000000000000e+02 2.900000000000000000e+01 4.892700000000000000e+04 4.649800000000000000e+04 4.662900000000000000e+04 4.586800000000000000e+04 3.432270526600768790e+01 4.800000000000000000e+01
5.300000000000000000e+01 1.660000000000000000e+02 1.800000000000000000e+01 4.844900000000000000e+04 4.716700000000000000e+04 4.714600000000000000e+04 4.512900000000000000e+04 3.433219803601969033e+01 4.800000000000000000e+01
2.100000000000000000e+01 8.400000000000000000e+01 2.100000000000000000e+01 4.757100000000000000e+04 4.738600000000000000e+04 4.793300000000000000e+04 4.496100000000000000e+04 3.434252179600298405e+01 4.800000000000000000e+01
-8.100000000000000000e+01 6.200000000000000000e+01 5.000000000000000000e+00 4.704700000000000000e+04 4.603800000000000000e+04 4.842900000000000000e+04 4.629200000000000000e+04 3.435272194899152964e+01 5.100000000000000000e+01
-1.570000000000000000e+02 1.110000000000000000e+02 1.700000000000000000e+01 4.747000000000000000e+04 4.526700000000000000e+04 4.756500000000000000e+04 4.690200000000000000e+04 3.436346515599871054e+01 5.100000000000000000e+01
-1.860000000000000000e+02 1.290000000000000000e+02 4.000000000000000000e+00 4.707300000000000000e+04 4.504500000000000000e+04 4.792800000000000000e+04 4.701800000000000000e+04 3.437256239098496735e+01 5.100000000000000000e+01
-1.170000000000000000e+02 1.040000000000000000e+02 1.500000000000000000e+01 4.730000000000000000e+04 4.537200000000000000e+04 4.763000000000000000e+04 4.669000000000000000e+04 3.438597063301131129e+01 5.100000000000000000e+01
-1.600000000000000000e+01 -1.200000000000000000e+01 3.000000000000000000e+00 4.711800000000000000e+04 4.772700000000000000e+04 4.783700000000000000e+04 4.407500000000000000e+04 3.439240967697696760e+01 5.100000000000000000e+01
8.300000000000000000e+01 -7.900000000000000000e+01 5.000000000000000000e+00 4.715400000000000000e+04 4.760800000000000000e+04 4.752900000000000000e+04 4.398500000000000000e+04 3.440280545002315193e+01 5.100000000000000000e+01
1.430000000000000000e+02 -9.600000000000000000e+01 3.000000000000000000e+01 4.739000000000000000e+04 4.777900000000000000e+04 4.741800000000000000e+04 4.355400000000000000e+04 3.441218138101976365e+01 5.100000000000000000e+01
2.580000000000000000e+02 -5.100000000000000000e+01 2.300000000000000000e+01 4.864900000000000000e+04 4.855400000000000000e+04 4.609200000000000000e+04 4.251800000000000000e+04 3.442352911201305687e+01 5.100000000000000000e+01
2.300000000000000000e+02 4.100000000000000000e+01 1.800000000000000000e+01 4.880200000000000000e+04 4.791200000000000000e+04 4.586200000000000000e+04 4.337300000000000000e+04 3.443279689003247768e+01 5.100000000000000000e+01
2.090000000000000000e+02 7.200000000000000000e+01 2.600000000000000000e+01 4.877000000000000000e+04 4.738700000000000000e+04 4.602200000000000000e+04 4.395500000000000000e+04 3.444305852800607681e+01 5.300000000000000000e+01
1.290000000000000000e+02 7.200000000000000000e+01 2.600000000000000000e+01 4.779000000000000000e+04 4.653200000000000000e+04 4.720800000000000000e+04 4.485600000000000000e+04 3.445272306300466880e+01 5.300000000000000000e+01
6.500000000000000000e+01 1.600000000000000000e+01 9.000000000000000000e+00 4.730200000000000000e+04 4.726900000000000000e+04 4.749300000000000000e+04 4.421500000000000000e+04 3.446244047000072896e+01 5.300000000000000000e+01
-1.800000000000000000e+01 -3.000000000000000000e+01 1.600000000000000000e+01 4.662800000000000000e+04 4.739500000000000000e+04 4.821100000000000000e+04 4.409700000000000000e+04 3.447234407998621464e+01 5.300000000000000000e+01
-9.600000000000000000e+01 -4.800000000000000000e+01 2.000000000000000000e+00 4.667000000000000000e+04 4.697000000000000000e+04 4.814000000000000000e+04 4.474100000000000000e+04 3.448164330801228061e+01 5.700000000000000000e+01
-1.320000000000000000e+02 -2.200000000000000000e+01 -9.000000000000000000e+00 4.648100000000000000e+04 4.619400000000000000e+04 4.805800000000000000e+04 4.538400000000000000e+04 3.449271338700782508e+01 5.700000000000000000e+01
-1.080000000000000000e+02 1.700000000000000000e+01 -2.600000000000000000e+01 4.707900000000000000e+04 4.673200000000000000e+04 4.740200000000000000e+04 4.502600000000000000e+04 3.450200012797722593e+01 5.700000000000000000e+01
-9.300000000000000000e+01 5.000000000000000000e+01 -1.400000000000000000e+01 4.665200000000000000e+04 4.663300000000000000e+04 4.768400000000000000e+04 4.531400000000000000e+04 3.451213833800284192e+01 5.700000000000000000e+01
-1.210000000000000000e+02 4.000000000000000000e+01 1.800000000000000000e+01 4.680000000000000000e+04 4.614300000000000000e+04 4.783600000000000000e+04 4.551700000000000000e+04 3.452221070101950318e+01 5.700000000000000000e+01
-2.010000000000000000e+02 -3.000000000000000000e+00 2.000000000000000000e+01 4.569000000000000000e+04 4.565300000000000000e+04 4.912800000000000000e+04 4.583900000000000000e+04 3.453224101598607376e+01 5.500000000000000000e+01
-1.480000000000000000e+02 -6.300000000000000000e+01 3.000000000000000000e+00 4.574100000000000000e+04 4.699300000000000000e+04 4.928900000000000000e+04 4.496200000000000000e+04 3.454206537600839511e+01 5.500000000000000000e+01
-6.900000000000000000e+01 -8.100000000000000000e+01 1.600000000000000000e+01 4.678200000000000000e+04 4.726200000000000000e+04 4.834400000000000000e+04 4.480400000000000000e+04 3.455277097702492028e+01 5.500000000000000000e+01
5.500000000000000000e+01 -5.000000000000000000e+01 1.100000000000000000e+01 4.765500000000000000e+04 4.775900000000000000e+04 4.754700000000000000e+04 4.454100000000000000e+04 3.456251211999915540e+01 5.500000000000000000e+01
1.650000000000000000e+02 -3.000000000000000000e+00 8.000000000000000000e+00 4.835900000000000000e+04 4.792200000000000000e+04 4.693300000000000000e+04 4.445100000000000000e+04 3.457396889000665396e+01 5.200000000000000000e+01
2.500000000000000000e+02 4.000000000000000000e+01 -4.000000000000000000e+00 4.882500000000000000e+04 4.846900000000000000e+04 4.699200000000000000e+04 4.443800000000000000e+04 3.458217587397666648e+01 5.200000000000000000e+01
2.820000000000000000e+02 5.600000000000000000e+01 5.000000000000000000e+00 4.930700000000000000e+04 4.890200000000000000e+04 4.675700000000000000e+04 4.394700000000000000e+04 3.459300939802778885e+01 5.200000000000000000e+01
2.150000000000000000e+02 3.900000000000000000e+01 2.400000000000000000e+01 4.872100000000000000e+04 4.876500000000000000e+04 4.743800000000000000e+04 4.403600000000000000e+04 3.460175065702060238e+01 5.200000000000000000e+01
8.700000000000000000e+01 -3.500000000000000000e+01 5.800000000000000000e+01 4.764200000000000000e+04 4.780000000000000000e+04 4.896000000000000000e+04 4.483700000000000000e+04 3.461216398701071739e+01 5.200000000000000000e+01
-1.800000000000000000e+01 -7.800000000000000000e+01 4.400000000000000000e+01 4.733800000000000000e+04 4.795900000000000000e+04 4.950400000000000000e+04 4.484500000000000000e+04 3.462214722298085690e+01 5.300000000000000000e+01
-1.230000000000000000e+02 -7.600000000000000000e+01 5.700000000000000000e+01 4.702500000000000000e+04 4.767700000000000000e+04 4.989800000000000000e+04 4.549200000000000000e+04 3.463202832202659920e+01 5.300000000000000000e+01
-1.830000000000000000e+02 -5.000000000000000000e+01 3.200000000000000000e+01 4.652600000000000000e+04 4.748900000000000000e+04 5.027500000000000000e+04 4.579900000000000000e+04 3.464269891800358891e+01 5.300000000000000000e+01
-1.590000000000000000e+02 -2.700000000000000000e+01 4.400000000000000000e+01 4.729800000000000000e+04 4.719000000000000000e+04 4.990700000000000000e+04 4.591700000000000000e+04 3.465203431900590658e+01 5.300000000000000000e+01
-7.200000000000000000e+01 -3.000000000000000000e+00 3.000000000000000000e+01 4.818000000000000000e+04 4.782400000000000000e+04 4.890600000000000000e+04 4.551500000000000000e+04 3.466202431300189346e+01 5.500000000000000000e+01
1.000000000000000000e+01 6.400000000000000000e+01 3.000000000000000000e+01 4.863900000000000000e+04 4.743500000000000000e+04 4.830600000000000000e+04 4.579900000000000000e+04 3.467198118299711496e+01 5.500000000000000000e+01
4.500000000000000000e+01 1.460000000000000000e+02 3.500000000000000000e+01 4.931900000000000000e+04 4.712200000000000000e+04 4.764000000000000000e+04 4.596800000000000000e+04 3.468207825702847913e+01 5.500000000000000000e+01
4.700000000000000000e+01 2.060000000000000000e+02 3.600000000000000000e+01 4.854300000000000000e+04 4.664200000000000000e+04 4.845300000000000000e+04 4.629000000000000000e+04 3.469210908300010487e+01 5.500000000000000000e+01
8.100000000000000000e+01 2.490000000000000000e+02 4.600000000000000000e+01 4.960100000000000000e+04 4.660900000000000000e+04 4.733300000000000000e+04 4.615800000000000000e+04 3.470286675100214779e+01 5.500000000000000000e+01
7.400000000000000000e+01 3.010000000000000000e+02 5.200000000000000000e+01 5.003200000000000000e+04 4.514700000000000000e+04 4.672700000000000000e+04 4.704200000000000000e+04 3.471290442801546305e+01 5.500000000000000000e+01
6.900000000000000000e+01 2.680000000000000000e+02 5.100000000000000000e+01 5.018900000000000000e+04 4.563100000000000000e+04 4.643900000000000000e+04 4.656000000000000000e+04 3.472228867799276486e+01 5.500000000000000000e+01
7.400000000000000000e+01 1.840000000000000000e+02 7.200000000000000000e+01 4.989500000000000000e+04 4.696500000000000000e+04 4.674400000000000000e+04 4.509500000000000000e+04 3.473220122099155560e+01 5.500000000000000000e+01
4.100000000000000000e+01 2.500000000000000000e+01 7.900000000000000000e+01 4.901200000000000000e+04 4.757700000000000000e+04 4.773100000000000000e+04 4.417300000000000000e+04 3.474237036600243300e+01 5.500000000000000000e+01
-2.200000000000000000e+01 -1.560000000000000000e+02 8.300000000000000000e+01 4.712000000000000000e+04 4.821500000000000000e+04 4.969900000000000000e+04 4.318100000000000000e+04 3.475230136798927560e+01 5.100000000000000000e+01
-8.000000000000000000e+01 -2.870000000000000000e+02 6.500000000000000000e+01 4.561500000000000000e+04 4.798500000000000000e+04 5.125800000000000000e+04 4.395400000000000000e+04 3.476166323100915179e+01 5.100000000000000000e+01
-6.900000000000000000e+01 -3.550000000000000000e+02 4.400000000000000000e+01 4.667300000000000000e+04 4.869500000000000000e+04 5.033200000000000000e+04 4.311400000000000000e+04 3.477169057499850169e+01 5.100000000000000000e+01
-7.000000000000000000e+01 -3.500000000000000000e+02 3.800000000000000000e+01 4.627100000000000000e+04 4.872000000000000000e+04 5.051600000000000000e+04 4.310100000000000000e+04 3.478187331400113180e+01 5.100000000000000000e+01
-3.500000000000000000e+01 -3.280000000000000000e+02 3.800000000000000000e+01 4.611500000000000000e+04 4.924200000000000000e+04 5.046800000000000000e+04 4.244300000000000000e+04 3.479198896500747651e+01 5.600000000000000000e+01
-5.400000000000000000e+01 -2.400000000000000000e+02 3.400000000000000000e+01 4.570800000000000000e+04 4.775800000000000000e+04 5.044100000000000000e+04 4.398500000000000000e+04 3.480204633402172476e+01 5.600000000000000000e+01
-5.000000000000000000e+00 -6.800000000000000000e+01 8.000000000000000000e+00 4.736000000000000000e+04 4.740300000000000000e+04 4.882100000000000000e+04 4.447700000000000000e+04 3.481242338003357872e+01 5.600000000000000000e+01
-1.000000000000000000e+00 1.120000000000000000e+02 2.300000000000000000e+01 4.764600000000000000e+04 4.632100000000000000e+04 4.844400000000000000e+04 4.530200000000000000e+04 3.482206274202326313e+01 5.600000000000000000e+01
-4.000000000000000000e+00 2.730000000000000000e+02 1.800000000000000000e+01 4.862300000000000000e+04 4.476900000000000000e+04 4.736200000000000000e+04 4.682800000000000000e+04 3.483213095401879400e+01 5.600000000000000000e+01
-4.700000000000000000e+01 3.830000000000000000e+02 1.800000000000000000e+01 4.897300000000000000e+04 4.359900000000000000e+04 4.709100000000000000e+04 4.766700000000000000e+04 3.484186562499962747e+01 5.100000000000000000e+01
2.100000000000000000e+01 3.710000000000000000e+02 4.600000000000000000e+01 4.952300000000000000e+04 4.503300000000000000e+04 4.703500000000000000e+04 4.658000000000000000e+04 3.485198371199658141e+01 5.100000000000000000e+01
2.400000000000000000e+01 3.120000000000000000e+02 4.000000000000000000e+01 4.984700000000000000e+04 4.546000000000000000e+04 4.666300000000000000e+04 4.604900000000000000e+04 3.486203593498794362e+01 5.100000000000000000e+01
7.400000000000000000e+01 2.210000000000000000e+02 3.600000000000000000e+01 4.924800000000000000e+04 4.606600000000000000e+04 4.744300000000000000e+04 4.557700000000000000e+04 3.487221313902409747e+01 5.100000000000000000e+01
6.500000000000000000e+01 9.100000000000000000e+01 3.500000000000000000e+01 4.803200000000000000e+04 4.665500000000000000e+04 4.848000000000000000e+04 4.484800000000000000e+04 3.488161810801830143e+01 5.100000000000000000e+01
7.200000000000000000e+01 -3.400000000000000000e+01 4.100000000000000000e+01 4.750600000000000000e+04 4.773300000000000000e+04 4.922300000000000000e+04 4.408200000000000000e+04 3.489153633598471060e+01 5.100000000000000000e+01
5.200000000000000000e+01 -1.350000000000000000e+02 2.300000000000000000e+01 4.739900000000000000e+04 4.855400000000000000e+04 4.954100000000000000e+04 4.321400000000000000e+04 3.490195698098978028e+01 5.100000000000000000e+01
2.400000000000000000e+01 -2.630000000000000000e+02 2.000000000000000000e+01 4.616400000000000000e+04 4.862800000000000000e+04 5.057500000000000000e+04 4.309300000000000000e+04 3.491195819101994857e+01 5.100000000000000000e+01
1.200000000000000000e+01 -2.980000000000000000e+02 2.100000000000000000e+01 4.665200000000000000e+04 4.877700000000000000e+04 5.002500000000000000e+04 4.304000000000000000e+04 3.492205674998695031e+01 5.600000000000000000e+01
-4.400000000000000000e+01 -2.880000000000000000e+02 -4.000000000000000000e+00 4.551700000000000000e+04 4.840300000000000000e+04 5.061800000000000000e+04 4.312300000000000000e+04 3.493223022698657587e+01 5.600000000000000000e+01
-7.800000000000000000e+01 -2.280000000000000000e+02 1.000000000000000000e+00 4.554400000000000000e+04 4.775600000000000000e+04 5.050300000000000000e+04 4.380600000000000000e+04 3.494226169300964102e+01 5.600000000000000000e+01
-5.800000000000000000e+01 -1.820000000000000000e+02 0.000000000000000000e+00 4.630300000000000000e+04 4.729400000000000000e+04 4.971600000000000000e+04 4.433500000000000000e+04 3.495158862002426758e+01 5.600000000000000000e+01
-7.500000000000000000e+01 -1.060000000000000000e+02 -1.000000000000000000e+00 4.662600000000000000e+04 4.718900000000000000e+04 4.910400000000000000e+04 4.428100000000000000e+04 3.496251548198051751e+01 5.600000000000000000e+01
-3.600000000000000000e+01 -6.400000000000000000e+01 2.000000000000000000e+00 4.687300000000000000e+04 4.723800000000000000e+04 4.886100000000000000e+04 4.394700000000000000e+04 3.497176098101772368e+01 5.700000000000000000e+01
-3.100000000000000000e+01 1.300000000000000000e+01 5.000000000000000000e+00 4.648000000000000000e+04 4.639500000000000000e+04 4.889200000000000000e+04 4.459100000000000000e+04 3.498193198401713744e+01 5.700000000000000000e+01
1.100000000000000000e+01 1.390000000000000000e+02 -2.300000000000000000e+01 4.808600000000000000e+04 4.577500000000000000e+04 4.707900000000000000e+04 4.531000000000000000e+04 3.499211972602643073e+01 5.700000000000000000e+01
5.000000000000000000e+01 2.240000000000000000e+02 -1.000000000000000000e+01 4.860200000000000000e+04 4.602500000000000000e+04 4.614900000000000000e+04 4.501900000000000000e+04 3.500214225501986220e+01 5.700000000000000000e+01
8.800000000000000000e+01 2.930000000000000000e+02 -2.800000000000000000e+01 4.917700000000000000e+04 4.539800000000000000e+04 4.547200000000000000e+04 4.558300000000000000e+04 3.502892246400006115e+01 5.700000000000000000e+01
2.600000000000000000e+01 2.920000000000000000e+02 -1.400000000000000000e+01 4.838200000000000000e+04 4.525500000000000000e+04 4.643200000000000000e+04 4.556600000000000000e+04 3.503089723002631217e+01 5.700000000000000000e+01
4.400000000000000000e+01 2.820000000000000000e+02 -2.100000000000000000e+01 4.913700000000000000e+04 4.548200000000000000e+04 4.549200000000000000e+04 4.538800000000000000e+04 3.503282776498235762e+01 5.700000000000000000e+01
-2.000000000000000000e+00 1.770000000000000000e+02 -2.000000000000000000e+00 4.814700000000000000e+04 4.572300000000000000e+04 4.669600000000000000e+04 4.496100000000000000e+04 3.504225677403155714e+01 5.700000000000000000e+01
-5.500000000000000000e+01 7.000000000000000000e+01 -2.000000000000000000e+00 4.693900000000000000e+04 4.634600000000000000e+04 4.788400000000000000e+04 4.427600000000000000e+04 3.505271039297804236e+01 5.700000000000000000e+01
-1.200000000000000000e+02 -1.300000000000000000e+01 -6.000000000000000000e+00 4.591300000000000000e+04 4.594900000000000000e+04 4.878800000000000000e+04 4.464000000000000000e+04 3.506158470700029284e+01 5.900000000000000000e+01
-1.870000000000000000e+02 -8.200000000000000000e+01 -1.400000000000000000e+01 4.539800000000000000e+04 4.610700000000000000e+04 4.922900000000000000e+04 4.461400000000000000e+04 3.507148705201689154e+01 5.900000000000000000e+01
-2.650000000000000000e+02 -1.700000000000000000e+02 1.100000000000000000e+01 4.444800000000000000e+04 4.523200000000000000e+04 5.011500000000000000e+04 4.548900000000000000e+04 3.508231148199411109e+01 5.900000000000000000e+01
