9.000000000000000000e+00 -2.100000000000000000e+02 -4.000000000000000000e+00 4.360600000000000000e+04 4.751500000000000000e+04 4.638900000000000000e+04 4.272200000000000000e+04 2.000388476200168952e+01 8.080000000000000000e+02
-4.000000000000000000e+00 -1.840000000000000000e+02 -1.000000000000000000e+00 4.345700000000000000e+04 4.729100000000000000e+04 4.649300000000000000e+04 4.301700000000000000e+04 2.001443793700309470e+01 8.040000000000000000e+02
-8.000000000000000000e+00 -1.520000000000000000e+02 1.500000000000000000e+01 4.346300000000000000e+04 4.703500000000000000e+04 4.678100000000000000e+04 4.360800000000000000e+04 2.002431792597053573e+01 8.040000000000000000e+02
-1.900000000000000000e+01 -9.200000000000000000e+01 1.700000000000000000e+01 4.417400000000000000e+04 4.693100000000000000e+04 4.613800000000000000e+04 4.367300000000000000e+04 2.003405280900187790e+01 8.040000000000000000e+02
-7.000000000000000000e+00 -1.600000000000000000e+01 4.000000000000000000e+00 4.473600000000000000e+04 4.660100000000000000e+04 4.564000000000000000e+04 4.399300000000000000e+04 2.004385888000251725e+01 8.040000000000000000e+02
-1.600000000000000000e+01 8.000000000000000000e+00 1.200000000000000000e+01 4.447600000000000000e+04 4.646400000000000000e+04 4.597000000000000000e+04 4.409000000000000000e+04 2.005447057902347296e+01 8.020000000000000000e+02
5.000000000000000000e+00 5.000000000000000000e+00 1.400000000000000000e+01 4.456100000000000000e+04 4.663100000000000000e+04 4.619500000000000000e+04 4.434000000000000000e+04 2.006419480399927124e+01 8.020000000000000000e+02
2.400000000000000000e+01 2.500000000000000000e+01 9.000000000000000000e+00 4.494900000000000000e+04 4.671200000000000000e+04 4.571000000000000000e+04 4.422900000000000000e+04 2.007407402497483417e+01 8.020000000000000000e+02
7.700000000000000000e+01 3.000000000000000000e+00 1.000000000000000000e+00 4.550100000000000000e+04 4.741900000000000000e+04 4.532700000000000000e+04 4.351100000000000000e+04 2.008392466400982812e+01 8.020000000000000000e+02
8.300000000000000000e+01 -2.200000000000000000e+01 8.000000000000000000e+00 4.458400000000000000e+04 4.691800000000000000e+04 4.616700000000000000e+04 4.415300000000000000e+04 2.009361210302449763e+01 8.020000000000000000e+02
8.100000000000000000e+01 -5.900000000000000000e+01 1.400000000000000000e+01 4.480100000000000000e+04 4.737100000000000000e+04 4.611300000000000000e+04 4.343200000000000000e+04 2.010411262797424570e+01 8.040000000000000000e+02
8.700000000000000000e+01 -1.110000000000000000e+02 8.000000000000000000e+00 4.443000000000000000e+04 4.742200000000000000e+04 4.640400000000000000e+04 4.346900000000000000e+04 2.011391323001589626e+01 8.040000000000000000e+02
9.900000000000000000e+01 -1.060000000000000000e+02 -8.000000000000000000e+00 4.440700000000000000e+04 4.781500000000000000e+04 4.641100000000000000e+04 4.309100000000000000e+04 2.012385364802321419e+01 8.040000000000000000e+02
5.800000000000000000e+01 -1.370000000000000000e+02 1.000000000000000000e+00 4.397200000000000000e+04 4.761300000000000000e+04 4.679000000000000000e+04 4.339300000000000000e+04 2.013439782802015543e+01 8.040000000000000000e+02
4.200000000000000000e+01 -1.380000000000000000e+02 -4.000000000000000000e+00 4.368200000000000000e+04 4.742400000000000000e+04 4.694300000000000000e+04 4.358100000000000000e+04 2.014400240499526262e+01 8.040000000000000000e+02
2.100000000000000000e+01 -1.260000000000000000e+02 -2.000000000000000000e+00 4.321500000000000000e+04 4.742100000000000000e+04 4.718600000000000000e+04 4.338800000000000000e+04 2.015455291501712054e+01 8.040000000000000000e+02
-3.900000000000000000e+01 -1.010000000000000000e+02 -7.000000000000000000e+00 4.354000000000000000e+04 4.763100000000000000e+04 4.693900000000000000e+04 4.326500000000000000e+04 2.016876965400297195e+01 8.040000000000000000e+02
-5.200000000000000000e+01 -7.600000000000000000e+01 8.000000000000000000e+00 4.368200000000000000e+04 4.737700000000000000e+04 4.657300000000000000e+04 4.344300000000000000e+04 2.017420702497474849e+01 8.040000000000000000e+02
-7.300000000000000000e+01 -4.300000000000000000e+01 3.000000000000000000e+00 4.367900000000000000e+04 4.703300000000000000e+04 4.666800000000000000e+04 4.363600000000000000e+04 2.018393229896901175e+01 8.030000000000000000e+02
-7.400000000000000000e+01 -2.000000000000000000e+00 -1.000000000000000000e+00 4.341800000000000000e+04 4.647000000000000000e+04 4.695800000000000000e+04 4.421700000000000000e+04 2.019433224201202393e+01 8.030000000000000000e+02
-5.800000000000000000e+01 2.600000000000000000e+01 -2.000000000000000000e+00 4.307900000000000000e+04 4.638300000000000000e+04 4.701400000000000000e+04 4.440200000000000000e+04 2.020480598701396957e+01 8.030000000000000000e+02
-1.000000000000000000e+01 5.800000000000000000e+01 -8.000000000000000000e+00 4.368300000000000000e+04 4.661800000000000000e+04 4.639900000000000000e+04 4.415300000000000000e+04 2.021374260197626427e+01 8.030000000000000000e+02
1.500000000000000000e+01 6.000000000000000000e+01 -1.300000000000000000e+01 4.455900000000000000e+04 4.665600000000000000e+04 4.548400000000000000e+04 4.417000000000000000e+04 2.022420565300853923e+01 8.030000000000000000e+02
2.200000000000000000e+01 6.700000000000000000e+01 -9.000000000000000000e+00 4.425700000000000000e+04 4.702200000000000000e+04 4.602300000000000000e+04 4.427900000000000000e+04 2.023479473899351433e+01 7.990000000000000000e+02
4.800000000000000000e+01 3.200000000000000000e+01 -3.000000000000000000e+00 4.437600000000000000e+04 4.715900000000000000e+04 4.596100000000000000e+04 4.393200000000000000e+04 2.024447221000446007e+01 7.990000000000000000e+02
9.500000000000000000e+01 2.400000000000000000e+01 0.000000000000000000e+00 4.486000000000000000e+04 4.740400000000000000e+04 4.556600000000000000e+04 4.349100000000000000e+04 2.025349499000003561e+01 7.990000000000000000e+02
1.000000000000000000e+02 5.000000000000000000e+00 8.000000000000000000e+00 4.485900000000000000e+04 4.743000000000000000e+04 4.566800000000000000e+04 4.347700000000000000e+04 2.026397906197234988e+01 7.990000000000000000e+02
1.120000000000000000e+02 -3.100000000000000000e+01 9.000000000000000000e+00 4.445200000000000000e+04 4.788200000000000000e+04 4.602500000000000000e+04 4.283200000000000000e+04 2.027389546099584550e+01 8.000000000000000000e+02
1.380000000000000000e+02 -5.700000000000000000e+01 2.000000000000000000e+00 4.491300000000000000e+04 4.831100000000000000e+04 4.568900000000000000e+04 4.222100000000000000e+04 2.028371332300594077e+01 8.000000000000000000e+02
1.160000000000000000e+02 -6.400000000000000000e+01 -4.000000000000000000e+00 4.447300000000000000e+04 4.783000000000000000e+04 4.619700000000000000e+04 4.299500000000000000e+04 2.029390996001893654e+01 8.000000000000000000e+02
7.700000000000000000e+01 -8.300000000000000000e+01 -5.000000000000000000e+00 4.420800000000000000e+04 4.821300000000000000e+04 4.627100000000000000e+04 4.251600000000000000e+04 2.030388820200460032e+01 8.000000000000000000e+02
2.000000000000000000e+01 -7.700000000000000000e+01 1.000000000000000000e+00 4.372700000000000000e+04 4.768600000000000000e+04 4.656100000000000000e+04 4.323900000000000000e+04 2.031431827897904441e+01 8.020000000000000000e+02
-2.800000000000000000e+01 -6.900000000000000000e+01 -8.000000000000000000e+00 4.341500000000000000e+04 4.733700000000000000e+04 4.677900000000000000e+04 4.361500000000000000e+04 2.032405191397992894e+01 8.020000000000000000e+02
-7.200000000000000000e+01 -5.600000000000000000e+01 -8.000000000000000000e+00 4.318400000000000000e+04 4.711100000000000000e+04 4.679200000000000000e+04 4.382000000000000000e+04 2.033413384901359677e+01 8.020000000000000000e+02
-8.400000000000000000e+01 -3.900000000000000000e+01 -9.000000000000000000e+00 4.345500000000000000e+04 4.707300000000000000e+04 4.677200000000000000e+04 4.388100000000000000e+04 2.034378577099414542e+01 8.020000000000000000e+02
-7.600000000000000000e+01 3.000000000000000000e+00 -1.500000000000000000e+01 4.386500000000000000e+04 4.685400000000000000e+04 4.624200000000000000e+04 4.431800000000000000e+04 2.035386646399274468e+01 8.000000000000000000e+02
-6.200000000000000000e+01 1.800000000000000000e+01 -5.000000000000000000e+00 4.402400000000000000e+04 4.682800000000000000e+04 4.609100000000000000e+04 4.435800000000000000e+04 2.036366186500526965e+01 8.000000000000000000e+02
-5.100000000000000000e+01 2.000000000000000000e+00 -1.100000000000000000e+01 4.378600000000000000e+04 4.690900000000000000e+04 4.662800000000000000e+04 4.390300000000000000e+04 2.037340841698460281e+01 8.000000000000000000e+02
-2.600000000000000000e+01 1.400000000000000000e+01 -1.300000000000000000e+01 4.441700000000000000e+04 4.705300000000000000e+04 4.583300000000000000e+04 4.382900000000000000e+04 2.038400927098700777e+01 8.000000000000000000e+02
1.400000000000000000e+01 5.000000000000000000e+00 2.000000000000000000e+00 4.457400000000000000e+04 4.756600000000000000e+04 4.568300000000000000e+04 4.341300000000000000e+04 2.039395837200572714e+01 8.000000000000000000e+02
3.600000000000000000e+01 -8.000000000000000000e+00 -3.000000000000000000e+00 4.453900000000000000e+04 4.762500000000000000e+04 4.588500000000000000e+04 4.291700000000000000e+04 2.040360282402252778e+01 8.010000000000000000e+02
1.300000000000000000e+01 -1.300000000000000000e+01 -3.000000000000000000e+00 4.393200000000000000e+04 4.720700000000000000e+04 4.660600000000000000e+04 4.351500000000000000e+04 2.041341857099905610e+01 8.010000000000000000e+02
2.600000000000000000e+01 -6.000000000000000000e+00 1.900000000000000000e+01 4.398900000000000000e+04 4.768900000000000000e+04 4.648800000000000000e+04 4.293300000000000000e+04 2.042403278301935643e+01 8.010000000000000000e+02
2.600000000000000000e+01 -3.000000000000000000e+00 -2.000000000000000000e+00 4.425800000000000000e+04 4.775100000000000000e+04 4.634500000000000000e+04 4.277900000000000000e+04 2.043389222002588212e+01 8.010000000000000000e+02
3.300000000000000000e+01 3.700000000000000000e+01 1.500000000000000000e+01 4.510900000000000000e+04 4.758200000000000000e+04 4.540600000000000000e+04 4.320300000000000000e+04 2.044434476201422513e+01 8.020000000000000000e+02
1.200000000000000000e+01 7.200000000000000000e+01 -5.000000000000000000e+00 4.373000000000000000e+04 4.672500000000000000e+04 4.664600000000000000e+04 4.404500000000000000e+04 2.045424395799636841e+01 8.020000000000000000e+02
-4.000000000000000000e+00 8.000000000000000000e+01 1.100000000000000000e+01 4.494700000000000000e+04 4.709200000000000000e+04 4.552800000000000000e+04 4.351900000000000000e+04 2.046400850202189758e+01 8.020000000000000000e+02
-7.000000000000000000e+00 7.700000000000000000e+01 1.500000000000000000e+01 4.517800000000000000e+04 4.694100000000000000e+04 4.539400000000000000e+04 4.358400000000000000e+04 2.047375129401916638e+01 8.020000000000000000e+02
-4.300000000000000000e+01 5.800000000000000000e+01 7.000000000000000000e+00 4.467600000000000000e+04 4.703100000000000000e+04 4.599100000000000000e+04 4.345700000000000000e+04 2.048416469001676887e+01 8.020000000000000000e+02
-3.900000000000000000e+01 5.800000000000000000e+01 1.000000000000000000e+01 4.475200000000000000e+04 4.715600000000000000e+04 4.596500000000000000e+04 4.329100000000000000e+04 2.049386802001390606e+01 8.020000000000000000e+02
-8.300000000000000000e+01 3.100000000000000000e+01 1.500000000000000000e+01 4.391900000000000000e+04 4.642400000000000000e+04 4.669600000000000000e+04 4.385800000000000000e+04 2.050387679599225521e+01 8.020000000000000000e+02
-1.000000000000000000e+02 -9.000000000000000000e+00 2.100000000000000000e+01 4.396600000000000000e+04 4.659100000000000000e+04 4.688800000000000000e+04 4.367700000000000000e+04 2.051353410101728514e+01 8.020000000000000000e+02
-1.180000000000000000e+02 -3.000000000000000000e+01 1.500000000000000000e+01 4.345800000000000000e+04 4.631400000000000000e+04 4.737200000000000000e+04 4.384300000000000000e+04 2.052500781201524660e+01 8.020000000000000000e+02
-1.220000000000000000e+02 -4.900000000000000000e+01 2.700000000000000000e+01 4.342600000000000000e+04 4.616000000000000000e+04 4.749500000000000000e+04 4.401100000000000000e+04 2.053405216202372685e+01 8.010000000000000000e+02
-9.000000000000000000e+01 -3.600000000000000000e+01 1.800000000000000000e+01 4.369600000000000000e+04 4.656200000000000000e+04 4.729300000000000000e+04 4.352800000000000000e+04 2.054375142202479765e+01 8.010000000000000000e+02
-5.000000000000000000e+01 -4.900000000000000000e+01 3.600000000000000000e+01 4.404100000000000000e+04 4.681500000000000000e+04 4.686500000000000000e+04 4.333400000000000000e+04 2.055349689797731116e+01 8.010000000000000000e+02
-5.000000000000000000e+00 -4.300000000000000000e+01 3.300000000000000000e+01 4.454500000000000000e+04 4.676400000000000000e+04 4.660200000000000000e+04 4.275000000000000000e+04 2.056420837400946766e+01 8.010000000000000000e+02
3.000000000000000000e+01 -4.000000000000000000e+01 2.600000000000000000e+01 4.461000000000000000e+04 4.701700000000000000e+04 4.663300000000000000e+04 4.257400000000000000e+04 2.057416139199631289e+01 7.990000000000000000e+02
1.900000000000000000e+01 -3.800000000000000000e+01 3.400000000000000000e+01 4.440400000000000000e+04 4.712700000000000000e+04 4.696200000000000000e+04 4.247200000000000000e+04 2.058423503098310903e+01 7.990000000000000000e+02
3.500000000000000000e+01 -1.700000000000000000e+01 2.700000000000000000e+01 4.471500000000000000e+04 4.704200000000000000e+04 4.666500000000000000e+04 4.246500000000000000e+04 2.059428469202248380e+01 7.990000000000000000e+02
5.100000000000000000e+01 -2.000000000000000000e+00 2.600000000000000000e+01 4.466600000000000000e+04 4.717300000000000000e+04 4.650900000000000000e+04 4.250000000000000000e+04 2.060493466898333281e+01 7.990000000000000000e+02
3.500000000000000000e+01 2.100000000000000000e+01 2.000000000000000000e+01 4.501800000000000000e+04 4.684100000000000000e+04 4.608800000000000000e+04 4.291600000000000000e+04 2.061417300702305511e+01 8.040000000000000000e+02
1.300000000000000000e+01 2.300000000000000000e+01 2.300000000000000000e+01 4.473700000000000000e+04 4.666800000000000000e+04 4.615000000000000000e+04 4.291400000000000000e+04 2.062370128702605143e+01 8.040000000000000000e+02
-2.000000000000000000e+00 1.100000000000000000e+01 2.400000000000000000e+01 4.405200000000000000e+04 4.673000000000000000e+04 4.677800000000000000e+04 4.273800000000000000e+04 2.063404619600623846e+01 8.040000000000000000e+02
-6.200000000000000000e+01 1.000000000000000000e+01 3.200000000000000000e+01 4.319300000000000000e+04 4.575700000000000000e+04 4.739700000000000000e+04 4.354300000000000000e+04 2.064400526200188324e+01 8.040000000000000000e+02
-2.600000000000000000e+01 2.700000000000000000e+01 4.200000000000000000e+01 4.473200000000000000e+04 4.592900000000000000e+04 4.626700000000000000e+04 4.307600000000000000e+04 2.065351988701149821e+01 8.040000000000000000e+02
-3.500000000000000000e+01 3.100000000000000000e+01 2.900000000000000000e+01 4.426100000000000000e+04 4.593200000000000000e+04 4.677600000000000000e+04 4.309900000000000000e+04 2.066432239400455728e+01 8.020000000000000000e+02
-3.200000000000000000e+01 1.000000000000000000e+00 2.600000000000000000e+01 4.395900000000000000e+04 4.617500000000000000e+04 4.695000000000000000e+04 4.290800000000000000e+04 2.067424846999347210e+01 8.020000000000000000e+02
-9.000000000000000000e+00 2.700000000000000000e+01 1.600000000000000000e+01 4.460900000000000000e+04 4.606100000000000000e+04 4.640200000000000000e+04 4.303000000000000000e+04 2.068413057801080868e+01 8.020000000000000000e+02
2.600000000000000000e+01 1.400000000000000000e+01 1.700000000000000000e+01 4.499600000000000000e+04 4.639400000000000000e+04 4.603600000000000000e+04 4.255800000000000000e+04 2.069349257001886144e+01 8.020000000000000000e+02
4.000000000000000000e+01 -2.000000000000000000e+01 3.000000000000000000e+01 4.435500000000000000e+04 4.641200000000000000e+04 4.648900000000000000e+04 4.232000000000000000e+04 2.070407122402684763e+01 8.050000000000000000e+02
4.600000000000000000e+01 -2.100000000000000000e+01 2.700000000000000000e+01 4.452100000000000000e+04 4.655000000000000000e+04 4.638700000000000000e+04 4.214700000000000000e+04 2.071381675300654024e+01 8.050000000000000000e+02
4.400000000000000000e+01 -5.000000000000000000e+01 3.400000000000000000e+01 4.450600000000000000e+04 4.708500000000000000e+04 4.653000000000000000e+04 4.144000000000000000e+04 2.072378354001557454e+01 8.050000000000000000e+02
5.300000000000000000e+01 -8.500000000000000000e+01 3.700000000000000000e+01 4.422100000000000000e+04 4.719600000000000000e+04 4.693500000000000000e+04 4.119900000000000000e+04 2.073429606802528724e+01 8.050000000000000000e+02
3.500000000000000000e+01 -6.800000000000000000e+01 2.200000000000000000e+01 4.408600000000000000e+04 4.665400000000000000e+04 4.692600000000000000e+04 4.201200000000000000e+04 2.074432256602449343e+01 8.050000000000000000e+02
-9.000000000000000000e+00 -5.000000000000000000e+01 2.900000000000000000e+01 4.357600000000000000e+04 4.662800000000000000e+04 4.719100000000000000e+04 4.222100000000000000e+04 2.075388498400570825e+01 8.050000000000000000e+02
-1.700000000000000000e+01 -5.700000000000000000e+01 2.700000000000000000e+01 4.337700000000000000e+04 4.675900000000000000e+04 4.732000000000000000e+04 4.212800000000000000e+04 2.076365913200424984e+01 8.050000000000000000e+02
-3.700000000000000000e+01 -1.900000000000000000e+01 2.900000000000000000e+01 4.361500000000000000e+04 4.633500000000000000e+04 4.711200000000000000e+04 4.259700000000000000e+04 2.077341994899325073e+01 8.050000000000000000e+02
-7.000000000000000000e+01 0.000000000000000000e+00 1.800000000000000000e+01 4.338400000000000000e+04 4.637200000000000000e+04 4.736000000000000000e+04 4.245100000000000000e+04 2.078378470998723060e+01 8.050000000000000000e+02
-7.300000000000000000e+01 2.300000000000000000e+01 1.500000000000000000e+01 4.363100000000000000e+04 4.583600000000000000e+04 4.716800000000000000e+04 4.343300000000000000e+04 2.079448340000817552e+01 8.040000000000000000e+02
-1.060000000000000000e+02 5.200000000000000000e+01 1.100000000000000000e+01 4.306200000000000000e+04 4.584500000000000000e+04 4.748900000000000000e+04 4.358500000000000000e+04 2.081434718100354075e+01 8.040000000000000000e+02
-7.200000000000000000e+01 9.200000000000000000e+01 -6.000000000000000000e+00 4.382900000000000000e+04 4.590500000000000000e+04 4.682100000000000000e+04 4.354000000000000000e+04 2.081756095000309870e+01 8.040000000000000000e+02
-3.900000000000000000e+01 9.400000000000000000e+01 -1.000000000000000000e+00 4.384800000000000000e+04 4.616200000000000000e+04 4.667200000000000000e+04 4.340500000000000000e+04 2.082396099698962644e+01 8.040000000000000000e+02
-1.100000000000000000e+01 1.330000000000000000e+02 1.100000000000000000e+01 4.459700000000000000e+04 4.573300000000000000e+04 4.610600000000000000e+04 4.394900000000000000e+04 2.083341908198781312e+01 8.040000000000000000e+02
1.000000000000000000e+01 1.190000000000000000e+02 3.000000000000000000e+00 4.455200000000000000e+04 4.599300000000000000e+04 4.614500000000000000e+04 4.359100000000000000e+04 2.084399476001271978e+01 8.040000000000000000e+02
3.200000000000000000e+01 9.100000000000000000e+01 1.000000000000000000e+00 4.493100000000000000e+04 4.625800000000000000e+04 4.569200000000000000e+04 4.338700000000000000e+04 2.085392518201842904e+01 8.040000000000000000e+02
6.100000000000000000e+01 4.900000000000000000e+01 1.000000000000000000e+00 4.458100000000000000e+04 4.675200000000000000e+04 4.604500000000000000e+04 4.299100000000000000e+04 2.086422663799021393e+01 8.040000000000000000e+02
9.200000000000000000e+01 4.900000000000000000e+01 2.000000000000000000e+00 4.468600000000000000e+04 4.669900000000000000e+04 4.581100000000000000e+04 4.288600000000000000e+04 2.087422020797384903e+01 8.070000000000000000e+02
8.500000000000000000e+01 1.800000000000000000e+01 -9.000000000000000000e+00 4.416300000000000000e+04 4.678600000000000000e+04 4.614900000000000000e+04 4.249900000000000000e+04 2.088432388700312003e+01 8.070000000000000000e+02
6.700000000000000000e+01 -2.800000000000000000e+01 3.000000000000000000e+00 4.408000000000000000e+04 4.723300000000000000e+04 4.615200000000000000e+04 4.201300000000000000e+04 2.089354332501534373e+01 8.070000000000000000e+02
3.600000000000000000e+01 -5.000000000000000000e+01 4.000000000000000000e+00 4.373800000000000000e+04 4.710800000000000000e+04 4.661200000000000000e+04 4.204400000000000000e+04 2.090394458197988570e+01 8.070000000000000000e+02
3.300000000000000000e+01 -8.500000000000000000e+01 1.100000000000000000e+01 4.341200000000000000e+04 4.683400000000000000e+04 4.683400000000000000e+04 4.246900000000000000e+04 2.091415054397657514e+01 8.050000000000000000e+02
4.500000000000000000e+01 -7.100000000000000000e+01 1.000000000000000000e+00 4.350900000000000000e+04 4.692900000000000000e+04 4.697800000000000000e+04 4.243700000000000000e+04 2.092336382600478828e+01 8.050000000000000000e+02
-1.800000000000000000e+01 -7.600000000000000000e+01 9.000000000000000000e+00 4.269700000000000000e+04 4.661600000000000000e+04 4.748900000000000000e+04 4.294200000000000000e+04 2.093316954799229279e+01 8.050000000000000000e+02
-1.400000000000000000e+01 -3.200000000000000000e+01 1.000000000000000000e+01 4.383900000000000000e+04 4.690500000000000000e+04 4.671900000000000000e+04 4.267100000000000000e+04 2.094397266401210800e+01 8.050000000000000000e+02
3.200000000000000000e+01 7.000000000000000000e+00 4.000000000000000000e+00 4.349600000000000000e+04 4.667700000000000000e+04 4.698900000000000000e+04 4.279200000000000000e+04 2.095334482297766954e+01 8.050000000000000000e+02
3.500000000000000000e+01 5.500000000000000000e+01 6.000000000000000000e+00 4.382800000000000000e+04 4.657800000000000000e+04 4.687100000000000000e+04 4.307000000000000000e+04 2.096421188302338123e+01 6.540000000000000000e+02
1.900000000000000000e+01 9.600000000000000000e+01 1.100000000000000000e+01 4.296000000000000000e+04 4.651300000000000000e+04 4.772800000000000000e+04 4.312000000000000000e+04 2.097354067297419533e+01 6.540000000000000000e+02
2.000000000000000000e+01 1.400000000000000000e+02 5.000000000000000000e+00 4.372300000000000000e+04 4.633100000000000000e+04 4.713000000000000000e+04 4.361000000000000000e+04 2.098345977300778031e+01 6.540000000000000000e+02
5.700000000000000000e+01 1.660000000000000000e+02 -8.000000000000000000e+00 4.386000000000000000e+04 4.651100000000000000e+04 4.704600000000000000e+04 4.341000000000000000e+04 2.099420914897928014e+01 6.540000000000000000e+02
2.900000000000000000e+01 2.230000000000000000e+02 -1.000000000000000000e+01 4.431200000000000000e+04 4.586900000000000000e+04 4.649500000000000000e+04 4.426400000000000000e+04 2.100419340201187879e+01 0.000000000000000000e+00
6.800000000000000000e+01 2.570000000000000000e+02 -4.000000000000000000e+00 4.773000000000000000e+04 4.879200000000000000e+04 4.832700000000000000e+04 4.659500000000000000e+04 2.101407806196948513e+01 0.000000000000000000e+00
6.500000000000000000e+01 2.370000000000000000e+02 -1.100000000000000000e+01 4.762100000000000000e+04 4.747800000000000000e+04 4.900900000000000000e+04 4.853800000000000000e+04 2.102409342397004366e+01 0.000000000000000000e+00
1.080000000000000000e+02 2.000000000000000000e+02 -1.400000000000000000e+01 4.786000000000000000e+04 4.841900000000000000e+04 4.895300000000000000e+04 4.763600000000000000e+04 2.103324167401297018e+01 0.000000000000000000e+00
1.280000000000000000e+02 9.800000000000000000e+01 1.100000000000000000e+01 4.710700000000000000e+04 4.913500000000000000e+04 5.027400000000000000e+04 4.754000000000000000e+04 2.104357803100720048e+01 0.000000000000000000e+00
1.960000000000000000e+02 1.200000000000000000e+01 -3.000000000000000000e+00 4.690000000000000000e+04 4.947400000000000000e+04 4.892500000000000000e+04 4.558000000000000000e+04 2.105430367501685396e+01 4.600000000000000000e+01
2.620000000000000000e+02 -6.300000000000000000e+01 1.000000000000000000e+00 4.726400000000000000e+04 4.979100000000000000e+04 4.882000000000000000e+04 4.514700000000000000e+04 2.106349878601031378e+01 4.600000000000000000e+01
3.010000000000000000e+02 -1.190000000000000000e+02 -1.000000000000000000e+00 4.739200000000000000e+04 4.989600000000000000e+04 4.836400000000000000e+04 4.458700000000000000e+04 2.107347500300966203e+01 4.600000000000000000e+01
2.970000000000000000e+02 -1.370000000000000000e+02 -1.500000000000000000e+01 4.712300000000000000e+04 5.003500000000000000e+04 4.827900000000000000e+04 4.419200000000000000e+04 2.108372989296913147e+01 4.600000000000000000e+01
2.600000000000000000e+02 -1.420000000000000000e+02 -8.000000000000000000e+00 4.583200000000000000e+04 4.843300000000000000e+04 4.729100000000000000e+04 4.364200000000000000e+04 2.109396519698202610e+01 5.600000000000000000e+01
1.810000000000000000e+02 -1.200000000000000000e+02 -2.700000000000000000e+01 4.536700000000000000e+04 4.887700000000000000e+04 4.718200000000000000e+04 4.290000000000000000e+04 2.110342530300840735e+01 5.600000000000000000e+01
5.900000000000000000e+01 -9.700000000000000000e+01 -3.500000000000000000e+01 4.547100000000000000e+04 4.786900000000000000e+04 4.659000000000000000e+04 4.367600000000000000e+04 2.111349260597489774e+01 5.600000000000000000e+01
-9.800000000000000000e+01 -1.180000000000000000e+02 -3.800000000000000000e+01 4.292100000000000000e+04 4.651900000000000000e+04 4.851200000000000000e+04 4.480800000000000000e+04 2.112358444300480187e+01 5.600000000000000000e+01
-2.490000000000000000e+02 -1.070000000000000000e+02 -3.300000000000000000e+01 4.213200000000000000e+04 4.575000000000000000e+04 4.884000000000000000e+04 4.550000000000000000e+04 2.113334546796977520e+01 5.600000000000000000e+01
-3.180000000000000000e+02 -1.050000000000000000e+02 -4.400000000000000000e+01 4.108800000000000000e+04 4.497600000000000000e+04 4.807300000000000000e+04 4.454000000000000000e+04 2.114350303501123562e+01 5.600000000000000000e+01
-3.210000000000000000e+02 -9.100000000000000000e+01 -4.200000000000000000e+01 4.124500000000000000e+04 4.480000000000000000e+04 4.754700000000000000e+04 4.464800000000000000e+04 2.115326787898084149e+01 5.600000000000000000e+01
-2.900000000000000000e+02 -1.320000000000000000e+02 -6.000000000000000000e+01 4.019600000000000000e+04 4.517200000000000000e+04 4.784500000000000000e+04 4.404900000000000000e+04 2.116338212601840496e+01 5.600000000000000000e+01
-2.470000000000000000e+02 -1.170000000000000000e+02 -9.000000000000000000e+01 4.042700000000000000e+04 4.516100000000000000e+04 4.722300000000000000e+04 4.381200000000000000e+04 2.117347941797925159e+01 5.600000000000000000e+01
-1.480000000000000000e+02 -7.400000000000000000e+01 -8.300000000000000000e+01 4.046100000000000000e+04 4.476100000000000000e+04 4.589400000000000000e+04 4.315700000000000000e+04 2.118437800201354548e+01 6.100000000000000000e+01
2.800000000000000000e+01 -1.700000000000000000e+01 -8.300000000000000000e+01 4.177600000000000000e+04 4.568600000000000000e+04 4.445600000000000000e+04 4.186100000000000000e+04 2.119352051097666845e+01 6.100000000000000000e+01
2.060000000000000000e+02 2.600000000000000000e+01 -8.400000000000000000e+01 4.247500000000000000e+04 4.598800000000000000e+04 4.342800000000000000e+04 4.126700000000000000e+04 2.120390788500662893e+01 6.100000000000000000e+01
2.850000000000000000e+02 2.300000000000000000e+01 -7.500000000000000000e+01 4.279200000000000000e+04 4.656600000000000000e+04 4.305100000000000000e+04 4.021200000000000000e+04 2.121382381202420220e+01 6.100000000000000000e+01
3.520000000000000000e+02 5.400000000000000000e+01 -8.300000000000000000e+01 4.280900000000000000e+04 4.681400000000000000e+04 4.256400000000000000e+04 3.969900000000000000e+04 2.122325478302082047e+01 6.600000000000000000e+01
3.560000000000000000e+02 1.800000000000000000e+01 -7.400000000000000000e+01 4.208900000000000000e+04 4.675800000000000000e+04 4.238900000000000000e+04 3.870300000000000000e+04 2.123311736999312416e+01 6.600000000000000000e+01
2.900000000000000000e+02 -3.200000000000000000e+01 -5.400000000000000000e+01 4.214200000000000000e+04 4.641100000000000000e+04 4.248100000000000000e+04 3.894300000000000000e+04 2.124374205601634458e+01 6.600000000000000000e+01
2.030000000000000000e+02 -3.800000000000000000e+01 -4.200000000000000000e+01 4.151700000000000000e+04 4.588900000000000000e+04 4.286200000000000000e+04 3.938800000000000000e+04 2.125354755402076989e+01 6.600000000000000000e+01
7.400000000000000000e+01 -6.500000000000000000e+01 -6.000000000000000000e+01 4.027600000000000000e+04 4.528600000000000000e+04 4.384100000000000000e+04 4.008900000000000000e+04 2.126431564200902358e+01 6.600000000000000000e+01
-1.400000000000000000e+01 -2.200000000000000000e+01 -5.600000000000000000e+01 4.067500000000000000e+04 4.475900000000000000e+04 4.284400000000000000e+04 4.020900000000000000e+04 2.127351974399061874e+01 7.200000000000000000e+01
-7.900000000000000000e+01 6.300000000000000000e+01 -4.500000000000000000e+01 4.068500000000000000e+04 4.362300000000000000e+04 4.290100000000000000e+04 4.155500000000000000e+04 2.128344623500015587e+01 7.200000000000000000e+01
-1.560000000000000000e+02 1.000000000000000000e+02 -5.800000000000000000e+01 4.006500000000000000e+04 4.321300000000000000e+04 4.361700000000000000e+04 4.202700000000000000e+04 2.129390356299700215e+01 7.200000000000000000e+01
-2.220000000000000000e+02 8.300000000000000000e+01 -8.000000000000000000e+01 4.042000000000000000e+04 4.368700000000000000e+04 4.323300000000000000e+04 4.180800000000000000e+04 2.130302883900003508e+01 7.200000000000000000e+01
-2.660000000000000000e+02 7.100000000000000000e+01 -7.900000000000000000e+01 3.903600000000000000e+04 4.306900000000000000e+04 4.414400000000000000e+04 4.271000000000000000e+04 2.131329143297625706e+01 7.500000000000000000e+01
-1.980000000000000000e+02 8.900000000000000000e+01 -5.900000000000000000e+01 4.057100000000000000e+04 4.379900000000000000e+04 4.321700000000000000e+04 4.206300000000000000e+04 2.132340859499527141e+01 7.500000000000000000e+01
-1.170000000000000000e+02 9.500000000000000000e+01 -5.300000000000000000e+01 4.097300000000000000e+04 4.417500000000000000e+04 4.306000000000000000e+04 4.181600000000000000e+04 2.133322111499728635e+01 7.500000000000000000e+01
1.500000000000000000e+01 9.400000000000000000e+01 -1.400000000000000000e+01 4.192000000000000000e+04 4.505200000000000000e+04 4.269000000000000000e+04 4.070700000000000000e+04 2.134348345000762492e+01 7.500000000000000000e+01
7.500000000000000000e+01 5.600000000000000000e+01 -9.000000000000000000e+00 4.188100000000000000e+04 4.538100000000000000e+04 4.292900000000000000e+04 4.049100000000000000e+04 2.135424522001994774e+01 7.500000000000000000e+01
1.120000000000000000e+02 3.900000000000000000e+01 2.000000000000000000e+00 4.245800000000000000e+04 4.558100000000000000e+04 4.306400000000000000e+04 4.069400000000000000e+04 2.136299965501530096e+01 7.500000000000000000e+01
1.310000000000000000e+02 -8.000000000000000000e+00 7.000000000000000000e+00 4.242100000000000000e+04 4.611400000000000000e+04 4.339200000000000000e+04 4.023000000000000000e+04 2.137291017198003829e+01 7.500000000000000000e+01
1.600000000000000000e+02 -5.900000000000000000e+01 1.800000000000000000e+01 4.269600000000000000e+04 4.648500000000000000e+04 4.364300000000000000e+04 4.010000000000000000e+04 2.138362779497401789e+01 7.500000000000000000e+01
1.560000000000000000e+02 -9.100000000000000000e+01 2.000000000000000000e+01 4.278700000000000000e+04 4.704900000000000000e+04 4.382700000000000000e+04 3.971300000000000000e+04 2.139309600298292935e+01 7.500000000000000000e+01
8.800000000000000000e+01 -9.200000000000000000e+01 2.000000000000000000e+00 4.214600000000000000e+04 4.684600000000000000e+04 4.460500000000000000e+04 4.027100000000000000e+04 2.140348072699271142e+01 7.900000000000000000e+01
0.000000000000000000e+00 -6.300000000000000000e+01 -1.600000000000000000e+01 4.198200000000000000e+04 4.612000000000000000e+04 4.492100000000000000e+04 4.173900000000000000e+04 2.141360584797803313e+01 7.900000000000000000e+01
-9.700000000000000000e+01 -4.500000000000000000e+01 -1.800000000000000000e+01 4.155100000000000000e+04 4.613700000000000000e+04 4.545500000000000000e+04 4.208000000000000000e+04 2.142434385401429608e+01 7.900000000000000000e+01
-1.550000000000000000e+02 3.500000000000000000e+01 -2.700000000000000000e+01 4.227300000000000000e+04 4.559300000000000000e+04 4.523300000000000000e+04 4.308700000000000000e+04 2.143337285297457129e+01 7.900000000000000000e+01
-2.240000000000000000e+02 1.140000000000000000e+02 -3.500000000000000000e+01 4.228400000000000000e+04 4.509300000000000000e+04 4.549500000000000000e+04 4.437900000000000000e+04 2.144373686797916889e+01 7.700000000000000000e+01
-2.460000000000000000e+02 1.180000000000000000e+02 -2.600000000000000000e+01 4.196300000000000000e+04 4.569300000000000000e+04 4.605200000000000000e+04 4.402500000000000000e+04 2.145329484401736408e+01 7.700000000000000000e+01
-2.580000000000000000e+02 1.040000000000000000e+02 -5.100000000000000000e+01 4.200400000000000000e+04 4.535300000000000000e+04 4.607500000000000000e+04 4.479600000000000000e+04 2.146328623098088428e+01 7.700000000000000000e+01
-2.170000000000000000e+02 9.700000000000000000e+01 -4.800000000000000000e+01 4.233000000000000000e+04 4.575400000000000000e+04 4.601600000000000000e+04 4.484100000000000000e+04 2.147405565198278055e+01 7.700000000000000000e+01
-1.110000000000000000e+02 5.100000000000000000e+01 -4.800000000000000000e+01 4.287600000000000000e+04 4.675100000000000000e+04 4.585300000000000000e+04 4.414500000000000000e+04 2.148335094400681555e+01 7.700000000000000000e+01
-9.000000000000000000e+00 2.400000000000000000e+01 -5.600000000000000000e+01 4.330600000000000000e+04 4.789700000000000000e+04 4.584500000000000000e+04 4.321100000000000000e+04 2.149348379200091586e+01 7.300000000000000000e+01
7.800000000000000000e+01 2.100000000000000000e+01 -4.700000000000000000e+01 4.484500000000000000e+04 4.811500000000000000e+04 4.471600000000000000e+04 4.317700000000000000e+04 2.150416650698753074e+01 7.300000000000000000e+01
1.340000000000000000e+02 3.300000000000000000e+01 -4.500000000000000000e+01 4.516100000000000000e+04 4.804400000000000000e+04 4.459600000000000000e+04 4.348600000000000000e+04 2.151337459299247712e+01 7.300000000000000000e+01
1.720000000000000000e+02 3.500000000000000000e+01 -4.000000000000000000e+01 4.489100000000000000e+04 4.827000000000000000e+04 4.514000000000000000e+04 4.353700000000000000e+04 2.152317293098894879e+01 7.300000000000000000e+01
1.990000000000000000e+02 4.000000000000000000e+01 -2.200000000000000000e+01 4.527300000000000000e+04 4.904000000000000000e+04 4.572500000000000000e+04 4.330000000000000000e+04 2.153287965100025758e+01 6.600000000000000000e+01
2.020000000000000000e+02 -3.000000000000000000e+01 -1.400000000000000000e+01 4.510100000000000000e+04 4.932600000000000000e+04 4.612100000000000000e+04 4.304100000000000000e+04 2.154321268299827352e+01 6.600000000000000000e+01
1.750000000000000000e+02 -2.500000000000000000e+01 4.000000000000000000e+00 4.549100000000000000e+04 4.900800000000000000e+04 4.605100000000000000e+04 4.365200000000000000e+04 2.155311523302225396e+01 6.600000000000000000e+01
1.170000000000000000e+02 -1.900000000000000000e+01 3.500000000000000000e+01 4.511800000000000000e+04 4.863200000000000000e+04 4.683100000000000000e+04 4.392000000000000000e+04 2.156362453801557422e+01 6.600000000000000000e+01
3.000000000000000000e+01 -1.500000000000000000e+01 4.300000000000000000e+01 4.524100000000000000e+04 4.848500000000000000e+04 4.692100000000000000e+04 4.410200000000000000e+04 2.157340766501147300e+01 5.900000000000000000e+01
-1.300000000000000000e+02 -7.000000000000000000e+00 5.400000000000000000e+01 4.439300000000000000e+04 4.802400000000000000e+04 4.859500000000000000e+04 4.523800000000000000e+04 2.158322842698544264e+01 5.900000000000000000e+01
-2.790000000000000000e+02 1.000000000000000000e+00 4.000000000000000000e+01 4.342400000000000000e+04 4.681800000000000000e+04 4.923100000000000000e+04 4.679000000000000000e+04 2.159346245101187378e+01 5.900000000000000000e+01
-4.170000000000000000e+02 0.000000000000000000e+00 2.000000000000000000e+01 4.301600000000000000e+04 4.599100000000000000e+04 4.995900000000000000e+04 4.751100000000000000e+04 2.160328169399872422e+01 5.900000000000000000e+01
-4.280000000000000000e+02 3.700000000000000000e+01 4.100000000000000000e+01 4.478300000000000000e+04 4.629300000000000000e+04 4.839000000000000000e+04 4.750400000000000000e+04 2.161289075401145965e+01 5.900000000000000000e+01
-3.920000000000000000e+02 1.800000000000000000e+01 3.500000000000000000e+01 4.123500000000000000e+04 4.484200000000000000e+04 5.153000000000000000e+04 4.944600000000000000e+04 2.162266516801901162e+01 5.400000000000000000e+01
-2.210000000000000000e+02 5.400000000000000000e+01 1.700000000000000000e+01 4.527500000000000000e+04 4.789200000000000000e+04 4.858000000000000000e+04 4.671800000000000000e+04 2.163257544900989160e+01 5.400000000000000000e+01
-3.300000000000000000e+01 3.000000000000000000e+01 3.400000000000000000e+01 4.464100000000000000e+04 4.782100000000000000e+04 4.904200000000000000e+04 4.685300000000000000e+04 2.164379686600295827e+01 5.400000000000000000e+01
2.150000000000000000e+02 8.300000000000000000e+01 2.600000000000000000e+01 4.764600000000000000e+04 5.194100000000000000e+04 4.617800000000000000e+04 4.108900000000000000e+04 2.165252590499585494e+01 5.400000000000000000e+01
3.480000000000000000e+02 1.480000000000000000e+02 1.800000000000000000e+01 4.848400000000000000e+04 4.698000000000000000e+04 4.551100000000000000e+04 4.763600000000000000e+04 2.166432330501265824e+01 4.800000000000000000e+01
3.650000000000000000e+02 1.350000000000000000e+02 1.200000000000000000e+01 4.776000000000000000e+04 5.006600000000000000e+04 4.583100000000000000e+04 4.404400000000000000e+04 2.167954661097610369e+01 4.800000000000000000e+01
3.450000000000000000e+02 2.500000000000000000e+01 4.000000000000000000e+00 4.807800000000000000e+04 5.034100000000000000e+04 4.522300000000000000e+04 4.346800000000000000e+04 2.168462236499181017e+01 4.800000000000000000e+01
2.860000000000000000e+02 -8.600000000000000000e+01 5.000000000000000000e+00 4.652800000000000000e+04 5.013800000000000000e+04 4.679500000000000000e+04 4.342400000000000000e+04 2.169289922300959006e+01 4.800000000000000000e+01
1.790000000000000000e+02 -1.810000000000000000e+02 -1.400000000000000000e+01 4.368500000000000000e+04 4.984400000000000000e+04 4.891000000000000000e+04 4.349800000000000000e+04 2.170297702000243589e+01 4.800000000000000000e+01
1.010000000000000000e+02 -1.920000000000000000e+02 2.000000000000000000e+00 4.480400000000000000e+04 5.090400000000000000e+04 4.825200000000000000e+04 4.218800000000000000e+04 2.171471851400565356e+01 4.300000000000000000e+01
1.500000000000000000e+01 -2.020000000000000000e+02 2.400000000000000000e+01 4.255000000000000000e+04 5.023400000000000000e+04 4.983000000000000000e+04 4.284700000000000000e+04 2.172373267397051677e+01 4.300000000000000000e+01
-8.800000000000000000e+01 -1.340000000000000000e+02 1.800000000000000000e+01 4.532300000000000000e+04 4.793700000000000000e+04 4.741000000000000000e+04 4.534400000000000000e+04 2.173312945599900559e+01 4.300000000000000000e+01
-1.520000000000000000e+02 -4.500000000000000000e+01 1.400000000000000000e+01 4.489000000000000000e+04 4.945300000000000000e+04 4.738100000000000000e+04 4.302200000000000000e+04 2.174301914998795837e+01 4.300000000000000000e+01
-1.830000000000000000e+02 5.900000000000000000e+01 -4.000000000000000000e+00 4.442900000000000000e+04 4.680200000000000000e+04 4.794200000000000000e+04 4.644600000000000000e+04 2.175310174596961588e+01 3.800000000000000000e+01
-2.750000000000000000e+02 1.520000000000000000e+02 2.500000000000000000e+01 4.468700000000000000e+04 4.650400000000000000e+04 4.757100000000000000e+04 4.624300000000000000e+04 2.176371959701646119e+01 3.800000000000000000e+01
-2.660000000000000000e+02 1.590000000000000000e+02 -9.000000000000000000e+00 4.436400000000000000e+04 4.474300000000000000e+04 4.714700000000000000e+04 4.796400000000000000e+04 2.177316478599095717e+01 3.800000000000000000e+01
-2.630000000000000000e+02 1.640000000000000000e+02 -3.600000000000000000e+01 4.252700000000000000e+04 4.788700000000000000e+04 4.850100000000000000e+04 4.447400000000000000e+04 2.178338627301855013e+01 3.800000000000000000e+01
-1.330000000000000000e+02 2.140000000000000000e+02 -1.600000000000000000e+01 4.441200000000000000e+04 4.579400000000000000e+04 4.653200000000000000e+04 4.634100000000000000e+04 2.179294169502099976e+01 4.000000000000000000e+01
-4.100000000000000000e+01 2.070000000000000000e+02 -2.100000000000000000e+01 4.644900000000000000e+04 4.572200000000000000e+04 4.441600000000000000e+04 4.629700000000000000e+04 2.180264394497498870e+01 4.000000000000000000e+01
1.300000000000000000e+01 1.920000000000000000e+02 -2.800000000000000000e+01 4.472400000000000000e+04 4.700800000000000000e+04 4.583100000000000000e+04 4.487700000000000000e+04 2.181308171397540718e+01 4.000000000000000000e+01
1.120000000000000000e+02 9.500000000000000000e+01 -1.500000000000000000e+01 4.443900000000000000e+04 4.736000000000000000e+04 4.562800000000000000e+04 4.414600000000000000e+04 2.182323623500997201e+01 4.000000000000000000e+01
2.030000000000000000e+02 0.000000000000000000e+00 -2.600000000000000000e+01 4.593000000000000000e+04 4.879900000000000000e+04 4.390400000000000000e+04 4.200700000000000000e+04 2.183375805401010439e+01 4.000000000000000000e+01
2.680000000000000000e+02 -6.500000000000000000e+01 -2.100000000000000000e+01 4.437200000000000000e+04 4.952200000000000000e+04 4.534000000000000000e+04 4.074500000000000000e+04 2.184395090199541301e+01 4.100000000000000000e+01
2.660000000000000000e+02 -9.500000000000000000e+01 -2.300000000000000000e+01 4.309100000000000000e+04 4.840200000000000000e+04 4.605000000000000000e+04 4.210100000000000000e+04 2.185328326601302251e+01 4.100000000000000000e+01
2.120000000000000000e+02 -6.900000000000000000e+01 -3.200000000000000000e+01 4.577200000000000000e+04 4.764900000000000000e+04 4.334900000000000000e+04 4.277800000000000000e+04 2.186284486297518015e+01 4.100000000000000000e+01
1.090000000000000000e+02 -6.000000000000000000e+00 -3.100000000000000000e+01 4.402300000000000000e+04 4.855500000000000000e+04 4.493800000000000000e+04 4.158400000000000000e+04 2.187288882600842044e+01 4.100000000000000000e+01
1.100000000000000000e+01 9.300000000000000000e+01 -2.200000000000000000e+01 4.430900000000000000e+04 4.323400000000000000e+04 4.404700000000000000e+04 4.694800000000000000e+04 2.188284290302544832e+01 4.600000000000000000e+01
-1.000000000000000000e+01 1.290000000000000000e+02 -2.600000000000000000e+01 4.732000000000000000e+04 4.847300000000000000e+04 4.050900000000000000e+04 4.103500000000000000e+04 2.189323148300172761e+01 4.600000000000000000e+01
-1.130000000000000000e+02 6.000000000000000000e+01 -3.100000000000000000e+01 3.929100000000000000e+04 4.857300000000000000e+04 4.804500000000000000e+04 4.075600000000000000e+04 2.190311862097587436e+01 4.600000000000000000e+01
-1.790000000000000000e+02 -9.200000000000000000e+01 -3.200000000000000000e+01 3.872900000000000000e+04 4.889900000000000000e+04 4.828600000000000000e+04 4.008700000000000000e+04 2.191237240302143618e+01 4.600000000000000000e+01
-2.660000000000000000e+02 -3.040000000000000000e+02 -4.100000000000000000e+01 3.847700000000000000e+04 4.872200000000000000e+04 4.858900000000000000e+04 4.056000000000000000e+04 2.192323837097501382e+01 4.600000000000000000e+01
-3.480000000000000000e+02 -4.280000000000000000e+02 -6.400000000000000000e+01 3.432500000000000000e+04 5.079000000000000000e+04 5.068200000000000000e+04 3.704900000000000000e+04 2.193244998599402606e+01 5.100000000000000000e+01
-4.830000000000000000e+02 -5.100000000000000000e+02 -6.700000000000000000e+01 3.393100000000000000e+04 4.846500000000000000e+04 5.066100000000000000e+04 4.098500000000000000e+04 2.194274998700711876e+01 5.100000000000000000e+01
-6.250000000000000000e+02 -5.160000000000000000e+02 -6.500000000000000000e+01 3.365000000000000000e+04 5.089200000000000000e+04 5.081500000000000000e+04 3.742800000000000000e+04 2.195412835798924789e+01 5.100000000000000000e+01
-6.650000000000000000e+02 -4.030000000000000000e+02 -7.600000000000000000e+01 3.391500000000000000e+04 4.798100000000000000e+04 5.061200000000000000e+04 4.183600000000000000e+04 2.196306847297819331e+01 1.113000000000000000e+03
-5.830000000000000000e+02 -2.340000000000000000e+02 -5.700000000000000000e+01 3.343800000000000000e+04 4.645100000000000000e+04 5.094900000000000000e+04 4.359000000000000000e+04 2.197254591202363372e+01 1.113000000000000000e+03
-4.140000000000000000e+02 -1.110000000000000000e+02 -4.700000000000000000e+01 3.701500000000000000e+04 4.818900000000000000e+04 4.896500000000000000e+04 4.132900000000000000e+04 2.198261356801958755e+01 1.113000000000000000e+03
-2.260000000000000000e+02 6.700000000000000000e+01 -3.600000000000000000e+01 4.012800000000000000e+04 4.908000000000000000e+04 4.658500000000000000e+04 4.010700000000000000e+04 2.199266133899800479e+01 1.113000000000000000e+03
