5.900000000000000000e+01 6.200000000000000000e+01 -1.000000000000000000e+00 4.585800000000000000e+04 4.902800000000000000e+04 4.553900000000000000e+04 4.441100000000000000e+04 2.050393106299452484e+01 8.040000000000000000e+02
5.000000000000000000e+01 7.600000000000000000e+01 2.000000000000000000e+00 4.591400000000000000e+04 4.870100000000000000e+04 4.559800000000000000e+04 4.464900000000000000e+04 2.051369633700232953e+01 8.070000000000000000e+02
-1.000000000000000000e+00 6.700000000000000000e+01 0.000000000000000000e+00 4.538900000000000000e+04 4.815000000000000000e+04 4.601000000000000000e+04 4.535700000000000000e+04 2.052548774203751236e+01 8.070000000000000000e+02
-3.300000000000000000e+01 6.200000000000000000e+01 6.000000000000000000e+00 4.562300000000000000e+04 4.843400000000000000e+04 4.588700000000000000e+04 4.486400000000000000e+04 2.053412144700996578e+01 8.070000000000000000e+02
-4.700000000000000000e+01 3.100000000000000000e+01 4.000000000000000000e+00 4.546800000000000000e+04 4.838000000000000000e+04 4.601500000000000000e+04 4.511900000000000000e+04 2.054468092200113460e+01 8.070000000000000000e+02
-7.000000000000000000e+01 -9.000000000000000000e+00 1.000000000000000000e+01 4.419300000000000000e+04 4.808300000000000000e+04 4.711800000000000000e+04 4.562200000000000000e+04 2.055492243304615840e+01 8.060000000000000000e+02
-8.600000000000000000e+01 -1.700000000000000000e+01 -1.600000000000000000e+01 4.446600000000000000e+04 4.844400000000000000e+04 4.690100000000000000e+04 4.535800000000000000e+04 2.056402145401807502e+01 8.060000000000000000e+02
-7.500000000000000000e+01 -3.900000000000000000e+01 -1.700000000000000000e+01 4.488100000000000000e+04 4.883900000000000000e+04 4.665200000000000000e+04 4.482900000000000000e+04 2.057435266702668741e+01 8.060000000000000000e+02
-6.200000000000000000e+01 -4.600000000000000000e+01 -2.100000000000000000e+01 4.480800000000000000e+04 4.871700000000000000e+04 4.663900000000000000e+04 4.519900000000000000e+04 2.058435490104602650e+01 8.060000000000000000e+02
-6.900000000000000000e+01 -1.000000000000000000e+01 -1.300000000000000000e+01 4.469700000000000000e+04 4.815100000000000000e+04 4.679500000000000000e+04 4.574200000000000000e+04 2.059517998003866524e+01 8.070000000000000000e+02
-5.400000000000000000e+01 -8.000000000000000000e+00 -2.100000000000000000e+01 4.482500000000000000e+04 4.858700000000000000e+04 4.668000000000000000e+04 4.541700000000000000e+04 2.060439680103445426e+01 8.070000000000000000e+02
-2.400000000000000000e+01 -2.000000000000000000e+00 -2.000000000000000000e+01 4.482400000000000000e+04 4.937000000000000000e+04 4.670800000000000000e+04 4.452400000000000000e+04 2.061429591203341261e+01 8.070000000000000000e+02
3.900000000000000000e+01 3.200000000000000000e+01 -1.500000000000000000e+01 4.568900000000000000e+04 4.934100000000000000e+04 4.588700000000000000e+04 4.470100000000000000e+04 2.062391503603430465e+01 8.070000000000000000e+02
3.200000000000000000e+01 3.500000000000000000e+01 -1.700000000000000000e+01 4.516400000000000000e+04 4.952600000000000000e+04 4.649300000000000000e+04 4.434500000000000000e+04 2.063400742702651769e+01 8.070000000000000000e+02
4.300000000000000000e+01 6.100000000000000000e+01 -9.000000000000000000e+00 4.562600000000000000e+04 4.876800000000000000e+04 4.626300000000000000e+04 4.543800000000000000e+04 2.064416143001290038e+01 8.050000000000000000e+02
4.100000000000000000e+01 6.400000000000000000e+01 -1.800000000000000000e+01 4.555900000000000000e+04 4.968400000000000000e+04 4.612000000000000000e+04 4.454000000000000000e+04 2.065362815803382546e+01 8.050000000000000000e+02
3.100000000000000000e+01 7.600000000000000000e+01 -6.000000000000000000e+00 4.546200000000000000e+04 4.889600000000000000e+04 4.631700000000000000e+04 4.528100000000000000e+04 2.066397911903914064e+01 8.050000000000000000e+02
4.300000000000000000e+01 3.900000000000000000e+01 -2.000000000000000000e+00 4.495600000000000000e+04 4.847600000000000000e+04 4.695900000000000000e+04 4.571400000000000000e+04 2.067355232103727758e+01 8.050000000000000000e+02
3.200000000000000000e+01 5.900000000000000000e+01 -1.000000000000000000e+00 4.516200000000000000e+04 4.929000000000000000e+04 4.664300000000000000e+04 4.456000000000000000e+04 2.068508662603562698e+01 8.080000000000000000e+02
6.000000000000000000e+01 1.900000000000000000e+01 7.000000000000000000e+00 4.561600000000000000e+04 4.943800000000000000e+04 4.620100000000000000e+04 4.429900000000000000e+04 2.069388223800342530e+01 8.080000000000000000e+02
3.500000000000000000e+01 -1.100000000000000000e+01 5.000000000000000000e+00 4.494700000000000000e+04 4.909000000000000000e+04 4.675000000000000000e+04 4.476800000000000000e+04 2.070376379700610414e+01 8.080000000000000000e+02
4.700000000000000000e+01 -5.000000000000000000e+01 -7.000000000000000000e+00 4.515500000000000000e+04 4.980900000000000000e+04 4.667000000000000000e+04 4.378800000000000000e+04 2.071394175000023097e+01 8.080000000000000000e+02
1.500000000000000000e+01 -5.000000000000000000e+01 -7.000000000000000000e+00 4.499100000000000000e+04 4.864800000000000000e+04 4.657000000000000000e+04 4.547800000000000000e+04 2.072382748103700578e+01 8.060000000000000000e+02
-3.000000000000000000e+00 -5.500000000000000000e+01 4.000000000000000000e+00 4.508500000000000000e+04 4.905900000000000000e+04 4.677100000000000000e+04 4.489200000000000000e+04 2.073433940502582118e+01 8.060000000000000000e+02
7.000000000000000000e+00 -4.800000000000000000e+01 1.000000000000000000e+00 4.515600000000000000e+04 4.948600000000000000e+04 4.673300000000000000e+04 4.445000000000000000e+04 2.074339921801583841e+01 8.060000000000000000e+02
1.200000000000000000e+01 -1.400000000000000000e+01 1.000000000000000000e+01 4.517800000000000000e+04 4.923700000000000000e+04 4.677600000000000000e+04 4.470500000000000000e+04 2.075345080101396888e+01 8.060000000000000000e+02
-5.000000000000000000e+00 -3.000000000000000000e+01 -5.000000000000000000e+00 4.492700000000000000e+04 4.876800000000000000e+04 4.690400000000000000e+04 4.527200000000000000e+04 2.076494100503623486e+01 8.060000000000000000e+02
-1.200000000000000000e+01 -1.000000000000000000e+00 -5.000000000000000000e+00 4.350200000000000000e+04 4.997800000000000000e+04 4.817300000000000000e+04 4.387800000000000000e+04 2.077433059201575816e+01 8.060000000000000000e+02
-3.000000000000000000e+01 6.000000000000000000e+01 -2.000000000000000000e+00 4.354700000000000000e+04 4.934000000000000000e+04 4.822100000000000000e+04 4.461800000000000000e+04 2.078444047103403136e+01 8.060000000000000000e+02
-1.700000000000000000e+01 1.030000000000000000e+02 0.000000000000000000e+00 4.422700000000000000e+04 4.924900000000000000e+04 4.763500000000000000e+04 4.464600000000000000e+04 2.079455475899158046e+01 8.060000000000000000e+02
2.500000000000000000e+01 2.340000000000000000e+02 1.000000000000000000e+01 4.572300000000000000e+04 4.877100000000000000e+04 4.624600000000000000e+04 4.507600000000000000e+04 2.080453141400357708e+01 8.060000000000000000e+02
4.300000000000000000e+01 2.870000000000000000e+02 1.700000000000000000e+01 4.586400000000000000e+04 4.866900000000000000e+04 4.611300000000000000e+04 4.522000000000000000e+04 2.081374187499750406e+01 8.060000000000000000e+02
5.800000000000000000e+01 3.360000000000000000e+02 2.700000000000000000e+01 4.643700000000000000e+04 4.824100000000000000e+04 4.565000000000000000e+04 4.558400000000000000e+04 2.082457633101148531e+01 8.060000000000000000e+02
1.150000000000000000e+02 3.360000000000000000e+02 1.800000000000000000e+01 4.699900000000000000e+04 4.858700000000000000e+04 4.498400000000000000e+04 4.526300000000000000e+04 2.083411225804593414e+01 8.060000000000000000e+02
8.700000000000000000e+01 2.950000000000000000e+02 2.900000000000000000e+01 4.631600000000000000e+04 4.802800000000000000e+04 4.582500000000000000e+04 4.585900000000000000e+04 2.084379761602031067e+01 8.060000000000000000e+02
8.700000000000000000e+01 2.480000000000000000e+02 2.800000000000000000e+01 4.618500000000000000e+04 4.848500000000000000e+04 4.605000000000000000e+04 4.524900000000000000e+04 2.086172722099581733e+01 8.040000000000000000e+02
6.200000000000000000e+01 1.430000000000000000e+02 2.900000000000000000e+01 4.606400000000000000e+04 4.881000000000000000e+04 4.648500000000000000e+04 4.491300000000000000e+04 2.086617036804091185e+01 8.040000000000000000e+02
4.600000000000000000e+01 3.200000000000000000e+01 3.900000000000000000e+01 4.548400000000000000e+04 4.931700000000000000e+04 4.703100000000000000e+04 4.429300000000000000e+04 2.087508666503708810e+01 8.040000000000000000e+02
3.900000000000000000e+01 -7.300000000000000000e+01 4.300000000000000000e+01 4.515000000000000000e+04 4.912900000000000000e+04 4.751100000000000000e+04 4.437600000000000000e+04 2.088506751001114026e+01 8.040000000000000000e+02
1.500000000000000000e+01 -1.770000000000000000e+02 3.300000000000000000e+01 4.453300000000000000e+04 4.920200000000000000e+04 4.804700000000000000e+04 4.434200000000000000e+04 2.089409045001957566e+01 8.090000000000000000e+02
-1.800000000000000000e+01 -2.500000000000000000e+02 4.600000000000000000e+01 4.418300000000000000e+04 4.915700000000000000e+04 4.800600000000000000e+04 4.393300000000000000e+04 2.090443191700614989e+01 8.090000000000000000e+02
-4.200000000000000000e+01 -3.050000000000000000e+02 4.600000000000000000e+01 4.398200000000000000e+04 4.977600000000000000e+04 4.825300000000000000e+04 4.312200000000000000e+04 2.091429140302352607e+01 8.090000000000000000e+02
-3.800000000000000000e+01 -3.320000000000000000e+02 4.000000000000000000e+01 4.400300000000000000e+04 4.916400000000000000e+04 4.827400000000000000e+04 4.376800000000000000e+04 2.092524584999773651e+01 8.090000000000000000e+02
-3.900000000000000000e+01 -3.020000000000000000e+02 4.700000000000000000e+01 4.450200000000000000e+04 4.913400000000000000e+04 4.784700000000000000e+04 4.369400000000000000e+04 2.093381716799922287e+01 8.090000000000000000e+02
-5.000000000000000000e+01 -2.570000000000000000e+02 4.700000000000000000e+01 4.438200000000000000e+04 4.892700000000000000e+04 4.790300000000000000e+04 4.400700000000000000e+04 2.094406616501510143e+01 8.050000000000000000e+02
-3.000000000000000000e+01 -2.500000000000000000e+02 3.700000000000000000e+01 4.438200000000000000e+04 4.869000000000000000e+04 4.787900000000000000e+04 4.439000000000000000e+04 2.095406004600226879e+01 8.050000000000000000e+02
-6.000000000000000000e+00 -1.980000000000000000e+02 4.800000000000000000e+01 4.531800000000000000e+04 4.849800000000000000e+04 4.733100000000000000e+04 4.463500000000000000e+04 2.096433608303777874e+01 8.050000000000000000e+02
-1.300000000000000000e+01 -1.700000000000000000e+02 4.300000000000000000e+01 4.553400000000000000e+04 4.804800000000000000e+04 4.711400000000000000e+04 4.509800000000000000e+04 2.097451423504389822e+01 8.050000000000000000e+02
2.700000000000000000e+01 -1.660000000000000000e+02 3.900000000000000000e+01 4.575500000000000000e+04 4.896800000000000000e+04 4.863600000000000000e+04 4.452600000000000000e+04 2.098409734899178147e+01 7.940000000000000000e+02
3.000000000000000000e+01 -1.520000000000000000e+02 3.400000000000000000e+01 4.650200000000000000e+04 4.863300000000000000e+04 4.784500000000000000e+04 4.499200000000000000e+04 2.099452625901903957e+01 7.940000000000000000e+02
6.800000000000000000e+01 -1.540000000000000000e+02 4.000000000000000000e+01 4.689000000000000000e+04 4.883800000000000000e+04 4.766100000000000000e+04 4.482100000000000000e+04 2.100328058400191367e+01 7.940000000000000000e+02
6.200000000000000000e+01 -1.640000000000000000e+02 3.700000000000000000e+01 4.663300000000000000e+04 4.882300000000000000e+04 4.804500000000000000e+04 4.468600000000000000e+04 2.101364579104119912e+01 7.940000000000000000e+02
6.600000000000000000e+01 -2.030000000000000000e+02 4.300000000000000000e+01 4.633900000000000000e+04 4.916500000000000000e+04 4.840800000000000000e+04 4.443800000000000000e+04 2.102351433999137953e+01 7.690000000000000000e+02
4.000000000000000000e+01 -2.230000000000000000e+02 3.900000000000000000e+01 4.807100000000000000e+04 5.029900000000000000e+04 4.976200000000000000e+04 4.638200000000000000e+04 2.103353964700363576e+01 7.690000000000000000e+02
2.500000000000000000e+01 -2.980000000000000000e+02 3.300000000000000000e+01 4.771300000000000000e+04 5.099700000000000000e+04 5.016000000000000000e+04 4.558200000000000000e+04 2.104456032201414928e+01 7.690000000000000000e+02
-5.000000000000000000e+00 -3.580000000000000000e+02 3.400000000000000000e+01 4.709500000000000000e+04 5.159300000000000000e+04 5.134900000000000000e+04 4.551600000000000000e+04 2.105325829901266843e+01 7.690000000000000000e+02
-1.000000000000000000e+01 -3.430000000000000000e+02 3.600000000000000000e+01 4.701100000000000000e+04 5.200600000000000000e+04 5.147900000000000000e+04 4.531600000000000000e+04 2.106360442203003913e+01 7.690000000000000000e+02
-4.500000000000000000e+01 -3.340000000000000000e+02 3.300000000000000000e+01 4.921900000000000000e+04 5.354300000000000000e+04 5.236400000000000000e+04 4.715600000000000000e+04 2.107359950803220272e+01 0.000000000000000000e+00
-4.800000000000000000e+01 -3.380000000000000000e+02 2.000000000000000000e+01 4.918300000000000000e+04 5.299800000000000000e+04 5.262800000000000000e+04 4.813700000000000000e+04 2.108340667304582894e+01 0.000000000000000000e+00
-3.200000000000000000e+01 -3.120000000000000000e+02 2.200000000000000000e+01 4.943700000000000000e+04 5.363700000000000000e+04 5.258700000000000000e+04 4.826100000000000000e+04 2.109317977802129462e+01 0.000000000000000000e+00
-6.300000000000000000e+01 -3.030000000000000000e+02 2.000000000000000000e+01 5.043200000000000000e+04 5.478200000000000000e+04 5.196900000000000000e+04 4.707600000000000000e+04 2.110486410598969087e+01 0.000000000000000000e+00
-1.500000000000000000e+02 -2.270000000000000000e+02 1.500000000000000000e+01 4.943000000000000000e+04 5.351700000000000000e+04 5.211000000000000000e+04 4.786100000000000000e+04 2.111397453903919086e+01 2.600000000000000000e+01
-2.170000000000000000e+02 -1.290000000000000000e+02 3.000000000000000000e+00 4.959600000000000000e+04 5.261800000000000000e+04 5.163100000000000000e+04 4.871900000000000000e+04 2.112393670598976314e+01 2.600000000000000000e+01
-3.120000000000000000e+02 -3.200000000000000000e+01 2.000000000000000000e+01 4.947300000000000000e+04 5.129100000000000000e+04 5.158400000000000000e+04 4.999600000000000000e+04 2.113296541600720957e+01 2.600000000000000000e+01
-3.540000000000000000e+02 3.900000000000000000e+01 1.900000000000000000e+01 4.938200000000000000e+04 5.102500000000000000e+04 5.137500000000000000e+04 4.982900000000000000e+04 2.114344909304054454e+01 2.600000000000000000e+01
-3.840000000000000000e+02 1.260000000000000000e+02 4.000000000000000000e+01 4.898700000000000000e+04 4.986100000000000000e+04 5.165300000000000000e+04 5.049400000000000000e+04 2.115341978799551725e+01 6.200000000000000000e+01
-4.080000000000000000e+02 1.280000000000000000e+02 2.900000000000000000e+01 4.605600000000000000e+04 4.706600000000000000e+04 4.960100000000000000e+04 4.774600000000000000e+04 2.116351173503790051e+01 6.200000000000000000e+01
-3.690000000000000000e+02 1.610000000000000000e+02 2.200000000000000000e+01 4.589900000000000000e+04 4.606900000000000000e+04 4.899200000000000000e+04 4.821400000000000000e+04 2.117385807499522343e+01 6.200000000000000000e+01
-3.240000000000000000e+02 1.430000000000000000e+02 1.700000000000000000e+01 4.499000000000000000e+04 4.550700000000000000e+04 4.826800000000000000e+04 4.734100000000000000e+04 2.118331931903958321e+01 6.200000000000000000e+01
-1.870000000000000000e+02 7.900000000000000000e+01 1.200000000000000000e+01 4.460100000000000000e+04 4.684900000000000000e+04 4.791500000000000000e+04 4.565000000000000000e+04 2.119379706302424893e+01 6.200000000000000000e+01
-5.900000000000000000e+01 2.500000000000000000e+01 1.300000000000000000e+01 4.236600000000000000e+04 4.562600000000000000e+04 4.576800000000000000e+04 4.285400000000000000e+04 2.120362529903650284e+01 6.600000000000000000e+01
-1.900000000000000000e+01 -3.500000000000000000e+01 -1.600000000000000000e+01 4.165400000000000000e+04 4.679800000000000000e+04 4.568200000000000000e+04 4.078100000000000000e+04 2.121341436100192368e+01 6.600000000000000000e+01
4.200000000000000000e+01 -5.300000000000000000e+01 -2.300000000000000000e+01 4.123800000000000000e+04 4.642900000000000000e+04 4.451900000000000000e+04 4.070200000000000000e+04 2.122315667202929035e+01 6.600000000000000000e+01
7.500000000000000000e+01 -3.500000000000000000e+01 -3.300000000000000000e+01 4.075400000000000000e+04 4.609300000000000000e+04 4.397900000000000000e+04 4.065400000000000000e+04 2.123400412499904633e+01 6.600000000000000000e+01
1.080000000000000000e+02 1.500000000000000000e+01 -3.200000000000000000e+01 4.144400000000000000e+04 4.642600000000000000e+04 4.276400000000000000e+04 3.982600000000000000e+04 2.124355519801611081e+01 7.600000000000000000e+01
1.330000000000000000e+02 6.300000000000000000e+01 -2.400000000000000000e+01 4.071100000000000000e+04 4.534400000000000000e+04 4.087200000000000000e+04 3.794500000000000000e+04 2.125398087303619832e+01 7.600000000000000000e+01
8.400000000000000000e+01 1.640000000000000000e+02 -2.700000000000000000e+01 4.060500000000000000e+04 4.286700000000000000e+04 4.074900000000000000e+04 4.032500000000000000e+04 2.126392221701098606e+01 7.600000000000000000e+01
2.000000000000000000e+00 2.030000000000000000e+02 -5.500000000000000000e+01 3.996400000000000000e+04 4.242800000000000000e+04 4.025600000000000000e+04 4.087800000000000000e+04 2.127298289100872353e+01 7.600000000000000000e+01
-3.500000000000000000e+01 2.230000000000000000e+02 -5.800000000000000000e+01 3.912600000000000000e+04 4.185300000000000000e+04 4.004500000000000000e+04 4.197600000000000000e+04 2.128467178804567084e+01 8.600000000000000000e+01
-3.700000000000000000e+01 1.950000000000000000e+02 -5.600000000000000000e+01 3.840300000000000000e+04 4.165800000000000000e+04 3.902700000000000000e+04 4.067400000000000000e+04 2.129350641800556332e+01 8.600000000000000000e+01
-3.800000000000000000e+01 1.700000000000000000e+02 -4.000000000000000000e+01 3.859100000000000000e+04 4.224500000000000000e+04 3.892000000000000000e+04 4.005700000000000000e+04 2.130381643003784120e+01 8.600000000000000000e+01
-2.900000000000000000e+01 1.480000000000000000e+02 -3.200000000000000000e+01 3.847900000000000000e+04 4.205800000000000000e+04 3.949100000000000000e+04 3.987100000000000000e+04 2.131391215603798628e+01 8.600000000000000000e+01
-5.100000000000000000e+01 1.020000000000000000e+02 -4.300000000000000000e+01 3.817000000000000000e+04 4.288000000000000000e+04 3.981800000000000000e+04 3.887000000000000000e+04 2.132343130098888651e+01 8.600000000000000000e+01
-5.500000000000000000e+01 8.800000000000000000e+01 -1.800000000000000000e+01 3.805900000000000000e+04 4.179200000000000000e+04 3.963300000000000000e+04 3.942500000000000000e+04 2.133344469702569768e+01 9.400000000000000000e+01
-2.700000000000000000e+01 5.800000000000000000e+01 -1.600000000000000000e+01 3.792900000000000000e+04 4.263400000000000000e+04 4.045600000000000000e+04 3.811600000000000000e+04 2.134365843702107668e+01 9.400000000000000000e+01
5.000000000000000000e+00 3.800000000000000000e+01 -1.300000000000000000e+01 3.793500000000000000e+04 4.299900000000000000e+04 4.081700000000000000e+04 3.781100000000000000e+04 2.135282506200019270e+01 9.400000000000000000e+01
-4.000000000000000000e+00 3.000000000000000000e+01 -9.000000000000000000e+00 3.832100000000000000e+04 4.308100000000000000e+04 4.076400000000000000e+04 3.803000000000000000e+04 2.136273218202404678e+01 9.400000000000000000e+01
4.000000000000000000e+00 2.300000000000000000e+01 -7.000000000000000000e+00 3.832100000000000000e+04 4.339600000000000000e+04 4.110900000000000000e+04 3.798400000000000000e+04 2.137353366601746529e+01 9.600000000000000000e+01
1.600000000000000000e+01 1.000000000000000000e+00 3.000000000000000000e+00 3.875600000000000000e+04 4.429900000000000000e+04 4.186400000000000000e+04 3.791700000000000000e+04 2.138321667001582682e+01 9.600000000000000000e+01
1.400000000000000000e+01 -1.100000000000000000e+01 1.800000000000000000e+01 3.919500000000000000e+04 4.404600000000000000e+04 4.222800000000000000e+04 3.825700000000000000e+04 2.139351342001464218e+01 9.600000000000000000e+01
4.900000000000000000e+01 2.900000000000000000e+01 9.000000000000000000e+00 4.011500000000000000e+04 4.354800000000000000e+04 4.213600000000000000e+04 3.918500000000000000e+04 2.140301665203878656e+01 9.600000000000000000e+01
1.600000000000000000e+01 4.900000000000000000e+01 -8.000000000000000000e+00 3.969500000000000000e+04 4.310500000000000000e+04 4.291200000000000000e+04 4.051600000000000000e+04 2.141335658001480624e+01 9.600000000000000000e+01
-3.300000000000000000e+01 6.900000000000000000e+01 -9.000000000000000000e+00 4.010900000000000000e+04 4.321900000000000000e+04 4.300900000000000000e+04 4.161300000000000000e+04 2.142276437301188707e+01 1.010000000000000000e+02
-6.300000000000000000e+01 1.000000000000000000e+02 -5.000000000000000000e+00 4.048300000000000000e+04 4.320200000000000000e+04 4.300400000000000000e+04 4.233100000000000000e+04 2.143319489504210651e+01 1.010000000000000000e+02
-1.900000000000000000e+01 1.370000000000000000e+02 -1.300000000000000000e+01 4.223200000000000000e+04 4.311600000000000000e+04 4.218600000000000000e+04 4.313000000000000000e+04 2.144352136104134843e+01 1.010000000000000000e+02
-3.100000000000000000e+01 1.390000000000000000e+02 -1.100000000000000000e+01 4.197200000000000000e+04 4.366300000000000000e+04 4.288300000000000000e+04 4.350800000000000000e+04 2.145286788599332795e+01 1.010000000000000000e+02
6.500000000000000000e+01 1.580000000000000000e+02 0.000000000000000000e+00 4.303900000000000000e+04 4.509800000000000000e+04 4.241000000000000000e+04 4.275700000000000000e+04 2.146302711503813043e+01 9.600000000000000000e+01
8.000000000000000000e+01 1.200000000000000000e+02 1.000000000000000000e+00 4.354200000000000000e+04 4.593500000000000000e+04 4.371700000000000000e+04 4.316400000000000000e+04 2.147329697199165821e+01 9.600000000000000000e+01
1.090000000000000000e+02 1.020000000000000000e+02 -8.000000000000000000e+00 4.368600000000000000e+04 4.618200000000000000e+04 4.425400000000000000e+04 4.361800000000000000e+04 2.148367847199551761e+01 9.600000000000000000e+01
9.800000000000000000e+01 4.900000000000000000e+01 3.000000000000000000e+00 4.351400000000000000e+04 4.642200000000000000e+04 4.495100000000000000e+04 4.394300000000000000e+04 2.149443442304618657e+01 9.600000000000000000e+01
1.440000000000000000e+02 -1.200000000000000000e+01 -7.000000000000000000e+00 4.457600000000000000e+04 4.808300000000000000e+04 4.499500000000000000e+04 4.256700000000000000e+04 2.150544514902867377e+01 9.600000000000000000e+01
1.280000000000000000e+02 -4.500000000000000000e+01 -5.000000000000000000e+00 4.431700000000000000e+04 4.907400000000000000e+04 4.674000000000000000e+04 4.295000000000000000e+04 2.151278101699426770e+01 9.200000000000000000e+01
1.060000000000000000e+02 -5.500000000000000000e+01 3.000000000000000000e+00 4.486500000000000000e+04 4.917400000000000000e+04 4.699500000000000000e+04 4.334500000000000000e+04 2.152453510201303288e+01 9.200000000000000000e+01
7.100000000000000000e+01 -7.600000000000000000e+01 -6.000000000000000000e+00 4.485200000000000000e+04 4.967000000000000000e+04 4.742800000000000000e+04 4.358500000000000000e+04 2.153463217301759869e+01 9.200000000000000000e+01
-1.500000000000000000e+01 -3.400000000000000000e+01 2.000000000000000000e+00 4.424800000000000000e+04 4.879200000000000000e+04 4.853700000000000000e+04 4.560100000000000000e+04 2.154337833198951557e+01 9.200000000000000000e+01
-6.100000000000000000e+01 -2.000000000000000000e+01 -1.400000000000000000e+01 4.494700000000000000e+04 4.900500000000000000e+04 4.879500000000000000e+04 4.649000000000000000e+04 2.155498720303876325e+01 8.700000000000000000e+01
8.000000000000000000e+00 1.600000000000000000e+01 -1.300000000000000000e+01 4.613300000000000000e+04 4.937800000000000000e+04 4.788700000000000000e+04 4.697900000000000000e+04 2.156352318602148443e+01 8.700000000000000000e+01
-5.000000000000000000e+00 1.120000000000000000e+02 -1.900000000000000000e+01 4.655700000000000000e+04 4.929000000000000000e+04 4.793300000000000000e+04 4.762400000000000000e+04 2.157386100402800366e+01 8.700000000000000000e+01
4.700000000000000000e+01 9.100000000000000000e+01 -3.000000000000000000e+01 4.692100000000000000e+04 5.019200000000000000e+04 4.787900000000000000e+04 4.723200000000000000e+04 2.158359314402332529e+01 8.700000000000000000e+01
3.700000000000000000e+01 1.180000000000000000e+02 -4.900000000000000000e+01 4.688300000000000000e+04 4.999400000000000000e+04 4.796000000000000000e+04 4.806500000000000000e+04 2.159237674204632640e+01 7.600000000000000000e+01
5.100000000000000000e+01 1.110000000000000000e+02 -4.400000000000000000e+01 4.758200000000000000e+04 5.133500000000000000e+04 4.798400000000000000e+04 4.803600000000000000e+04 2.160358698701020330e+01 7.600000000000000000e+01
1.000000000000000000e+02 9.300000000000000000e+01 -5.400000000000000000e+01 4.764100000000000000e+04 5.117800000000000000e+04 4.793100000000000000e+04 4.856500000000000000e+04 2.161419928702525795e+01 7.600000000000000000e+01
1.040000000000000000e+02 9.400000000000000000e+01 -5.700000000000000000e+01 4.797600000000000000e+04 5.101300000000000000e+04 4.877600000000000000e+04 4.817000000000000000e+04 2.162358379398938268e+01 7.600000000000000000e+01
1.150000000000000000e+02 6.500000000000000000e+01 -4.600000000000000000e+01 4.777600000000000000e+04 5.204600000000000000e+04 4.792800000000000000e+04 4.804600000000000000e+04 2.163366467203013599e+01 7.600000000000000000e+01
6.500000000000000000e+01 6.900000000000000000e+01 -3.100000000000000000e+01 4.793600000000000000e+04 5.106300000000000000e+04 4.958500000000000000e+04 4.888900000000000000e+04 2.164351085200905800e+01 6.500000000000000000e+01
3.800000000000000000e+01 5.600000000000000000e+01 -1.100000000000000000e+01 4.767700000000000000e+04 5.171400000000000000e+04 4.939800000000000000e+04 4.861500000000000000e+04 2.165375337400473654e+01 6.500000000000000000e+01
2.800000000000000000e+01 1.300000000000000000e+01 -1.400000000000000000e+01 4.784400000000000000e+04 5.204800000000000000e+04 4.976200000000000000e+04 4.799400000000000000e+04 2.166344388801371679e+01 6.500000000000000000e+01
-3.600000000000000000e+01 -4.000000000000000000e+00 -5.000000000000000000e+00 4.725200000000000000e+04 5.109700000000000000e+04 5.043700000000000000e+04 4.875400000000000000e+04 2.167276863602455705e+01 6.500000000000000000e+01
-4.000000000000000000e+01 -3.700000000000000000e+01 -1.300000000000000000e+01 4.746600000000000000e+04 5.195500000000000000e+04 5.071900000000000000e+04 4.812800000000000000e+04 2.168288043001666665e+01 5.600000000000000000e+01
-1.000000000000000000e+01 -8.000000000000000000e+00 -3.900000000000000000e+01 4.739800000000000000e+04 5.123700000000000000e+04 5.035400000000000000e+04 4.896500000000000000e+04 2.169469336303882301e+01 5.600000000000000000e+01
-1.000000000000000000e+01 8.800000000000000000e+01 -2.100000000000000000e+01 4.764400000000000000e+04 5.014500000000000000e+04 4.965200000000000000e+04 5.012900000000000000e+04 2.170412055100314319e+01 5.600000000000000000e+01
5.200000000000000000e+01 1.230000000000000000e+02 -1.200000000000000000e+01 4.851700000000000000e+04 5.093600000000000000e+04 4.901900000000000000e+04 4.864300000000000000e+04 2.171346661401912570e+01 5.600000000000000000e+01
1.240000000000000000e+02 1.250000000000000000e+02 1.400000000000000000e+01 5.036500000000000000e+04 5.220900000000000000e+04 4.669700000000000000e+04 4.663600000000000000e+04 2.172332606901181862e+01 5.600000000000000000e+01
2.650000000000000000e+02 1.660000000000000000e+02 2.700000000000000000e+01 4.881300000000000000e+04 5.023200000000000000e+04 4.929000000000000000e+04 4.927900000000000000e+04 2.173343067202949896e+01 4.400000000000000000e+01
3.280000000000000000e+02 1.750000000000000000e+02 3.200000000000000000e+01 5.181600000000000000e+04 5.215100000000000000e+04 4.588900000000000000e+04 4.591000000000000000e+04 2.174323769198963419e+01 4.400000000000000000e+01
3.660000000000000000e+02 1.660000000000000000e+02 3.500000000000000000e+01 5.439500000000000000e+04 5.426600000000000000e+04 4.085600000000000000e+04 4.268300000000000000e+04 2.175287016900256276e+01 4.400000000000000000e+01
3.070000000000000000e+02 1.680000000000000000e+02 6.200000000000000000e+01 5.202100000000000000e+04 5.184500000000000000e+04 4.456700000000000000e+04 4.569400000000000000e+04 2.176303313701646402e+01 4.400000000000000000e+01
1.260000000000000000e+02 1.000000000000000000e+02 6.000000000000000000e+01 5.020300000000000000e+04 5.123800000000000000e+04 4.719000000000000000e+04 4.658200000000000000e+04 2.177255898702424020e+01 3.900000000000000000e+01
-1.050000000000000000e+02 4.700000000000000000e+01 7.800000000000000000e+01 4.887500000000000000e+04 5.198600000000000000e+04 4.821900000000000000e+04 4.490400000000000000e+04 2.178278233803575858e+01 3.900000000000000000e+01
-3.150000000000000000e+02 -5.000000000000000000e+00 5.900000000000000000e+01 4.567000000000000000e+04 4.720800000000000000e+04 5.083900000000000000e+04 4.987900000000000000e+04 2.179350760200759396e+01 3.900000000000000000e+01
-5.080000000000000000e+02 -3.900000000000000000e+01 6.700000000000000000e+01 4.611900000000000000e+04 4.832300000000000000e+04 5.027900000000000000e+04 4.844400000000000000e+04 2.180275448603788391e+01 3.900000000000000000e+01
-5.900000000000000000e+02 -4.700000000000000000e+01 5.100000000000000000e+01 4.502200000000000000e+04 4.722200000000000000e+04 5.063800000000000000e+04 4.912500000000000000e+04 2.181402053101919591e+01 3.500000000000000000e+01
-6.170000000000000000e+02 -1.500000000000000000e+01 2.900000000000000000e+01 4.301200000000000000e+04 4.530900000000000000e+04 5.199700000000000000e+04 5.092000000000000000e+04 2.182298786100000143e+01 3.500000000000000000e+01
-5.080000000000000000e+02 3.500000000000000000e+01 5.200000000000000000e+01 4.713700000000000000e+04 4.822600000000000000e+04 4.836800000000000000e+04 4.774200000000000000e+04 2.183287727099377662e+01 3.500000000000000000e+01
-3.260000000000000000e+02 6.600000000000000000e+01 5.000000000000000000e+01 4.567200000000000000e+04 4.662900000000000000e+04 4.922400000000000000e+04 4.898300000000000000e+04 2.184321663604350761e+01 3.500000000000000000e+01
-1.490000000000000000e+02 5.100000000000000000e+01 5.000000000000000000e+01 4.703800000000000000e+04 4.859800000000000000e+04 4.758500000000000000e+04 4.659400000000000000e+04 2.185525841102935374e+01 3.500000000000000000e+01
-1.600000000000000000e+01 5.100000000000000000e+01 3.800000000000000000e+01 4.465400000000000000e+04 4.568700000000000000e+04 4.936100000000000000e+04 4.879200000000000000e+04 2.186241497902665287e+01 3.600000000000000000e+01
1.400000000000000000e+02 5.400000000000000000e+01 4.700000000000000000e+01 3.884500000000000000e+04 4.330400000000000000e+04 5.292100000000000000e+04 5.043600000000000000e+04 2.187302888400154188e+01 3.600000000000000000e+01
3.700000000000000000e+02 5.200000000000000000e+01 2.600000000000000000e+01 4.788200000000000000e+04 4.933400000000000000e+04 4.550300000000000000e+04 4.387600000000000000e+04 2.188288012502016500e+01 3.600000000000000000e+01
5.060000000000000000e+02 8.400000000000000000e+01 3.300000000000000000e+01 4.774900000000000000e+04 4.934300000000000000e+04 4.502600000000000000e+04 4.339700000000000000e+04 2.189322828699368984e+01 3.600000000000000000e+01
6.770000000000000000e+02 6.700000000000000000e+01 5.800000000000000000e+01 4.942800000000000000e+04 4.915900000000000000e+04 4.246500000000000000e+04 4.262500000000000000e+04 2.190368625300470740e+01 4.100000000000000000e+01
6.720000000000000000e+02 -2.800000000000000000e+01 4.100000000000000000e+01 4.686100000000000000e+04 5.015300000000000000e+04 4.498500000000000000e+04 4.110600000000000000e+04 2.191451660403981805e+01 4.100000000000000000e+01
5.880000000000000000e+02 -1.520000000000000000e+02 3.500000000000000000e+01 4.708600000000000000e+04 5.036400000000000000e+04 4.430600000000000000e+04 4.024600000000000000e+04 2.192365980503382161e+01 4.100000000000000000e+01
4.630000000000000000e+02 -2.750000000000000000e+02 1.700000000000000000e+01 4.621300000000000000e+04 5.043400000000000000e+04 4.482200000000000000e+04 3.964300000000000000e+04 2.193342748703435063e+01 4.100000000000000000e+01
2.670000000000000000e+02 -3.230000000000000000e+02 2.100000000000000000e+01 4.283300000000000000e+04 5.046900000000000000e+04 4.766700000000000000e+04 3.944900000000000000e+04 2.194397301302524284e+01 4.600000000000000000e+01
8.300000000000000000e+01 -3.480000000000000000e+02 9.000000000000000000e+00 4.187100000000000000e+04 4.743100000000000000e+04 4.766500000000000000e+04 4.271400000000000000e+04 2.195372377801686525e+01 4.600000000000000000e+01
-5.800000000000000000e+01 -3.040000000000000000e+02 2.000000000000000000e+00 4.164600000000000000e+04 4.974800000000000000e+04 4.770900000000000000e+04 3.934900000000000000e+04 2.196445798699278384e+01 4.600000000000000000e+01
-1.860000000000000000e+02 -2.100000000000000000e+02 9.000000000000000000e+00 4.023700000000000000e+04 4.763200000000000000e+04 4.856400000000000000e+04 4.189200000000000000e+04 2.197325855499366298e+01 4.600000000000000000e+01
-3.540000000000000000e+02 -9.900000000000000000e+01 2.000000000000000000e+00 3.886000000000000000e+04 4.598800000000000000e+04 4.919400000000000000e+04 4.336200000000000000e+04 2.198309152404544875e+01 4.600000000000000000e+01
-4.320000000000000000e+02 -2.000000000000000000e+00 2.000000000000000000e+01 3.981000000000000000e+04 4.427300000000000000e+04 4.782500000000000000e+04 4.442900000000000000e+04 2.199362163804471493e+01 5.300000000000000000e+01
-4.080000000000000000e+02 1.000000000000000000e+02 2.100000000000000000e+01 4.010100000000000000e+04 4.361900000000000000e+04 4.758500000000000000e+04 4.484500000000000000e+04 2.200339597399579361e+01 5.300000000000000000e+01
-3.210000000000000000e+02 1.620000000000000000e+02 3.800000000000000000e+01 4.119100000000000000e+04 4.381400000000000000e+04 4.677900000000000000e+04 4.410000000000000000e+04 2.201345721603138372e+01 5.300000000000000000e+01
-1.930000000000000000e+02 2.150000000000000000e+02 4.100000000000000000e+01 4.122300000000000000e+04 4.314900000000000000e+04 4.663800000000000000e+04 4.447900000000000000e+04 2.202347671199822798e+01 5.300000000000000000e+01
-2.600000000000000000e+01 2.480000000000000000e+02 5.200000000000000000e+01 4.444800000000000000e+04 4.520900000000000000e+04 4.354800000000000000e+04 4.235700000000000000e+04 2.203531424701213837e+01 6.200000000000000000e+01
1.400000000000000000e+02 2.850000000000000000e+02 5.500000000000000000e+01 4.001500000000000000e+04 4.459200000000000000e+04 4.684200000000000000e+04 4.200500000000000000e+04 2.204287075903266668e+01 6.200000000000000000e+01
2.540000000000000000e+02 3.420000000000000000e+02 7.000000000000000000e+01 4.818300000000000000e+04 4.994000000000000000e+04 3.837000000000000000e+04 3.456700000000000000e+04 2.205316399800358340e+01 6.200000000000000000e+01
3.160000000000000000e+02 3.660000000000000000e+02 4.400000000000000000e+01 4.551000000000000000e+04 4.621800000000000000e+04 4.144500000000000000e+04 3.984500000000000000e+04 2.206389585899887607e+01 6.200000000000000000e+01
3.510000000000000000e+02 3.710000000000000000e+02 7.000000000000000000e+00 4.559800000000000000e+04 4.538800000000000000e+04 4.112600000000000000e+04 4.127400000000000000e+04 2.207376290502725169e+01 6.200000000000000000e+01
2.860000000000000000e+02 3.820000000000000000e+02 -1.600000000000000000e+01 4.678400000000000000e+04 4.556300000000000000e+04 3.857400000000000000e+04 4.078500000000000000e+04 2.208343886001966894e+01 6.800000000000000000e+01
1.970000000000000000e+02 3.430000000000000000e+02 -4.200000000000000000e+01 4.528700000000000000e+04 4.540600000000000000e+04 4.050000000000000000e+04 4.130000000000000000e+04 2.209248695604037493e+01 6.800000000000000000e+01
1.080000000000000000e+02 2.400000000000000000e+02 -3.500000000000000000e+01 4.276700000000000000e+04 4.729900000000000000e+04 4.338400000000000000e+04 3.952600000000000000e+04 2.210445481201168150e+01 6.800000000000000000e+01
-2.700000000000000000e+01 1.330000000000000000e+02 -4.900000000000000000e+01 4.294700000000000000e+04 4.453900000000000000e+04 4.324900000000000000e+04 4.300900000000000000e+04 2.211322743201162666e+01 6.800000000000000000e+01
-8.600000000000000000e+01 2.600000000000000000e+01 -5.300000000000000000e+01 4.212000000000000000e+04 4.752700000000000000e+04 4.423000000000000000e+04 3.978500000000000000e+04 2.212308541400125250e+01 7.100000000000000000e+01
-1.280000000000000000e+02 -1.400000000000000000e+01 -1.900000000000000000e+01 4.077400000000000000e+04 4.647900000000000000e+04 4.575700000000000000e+04 4.144900000000000000e+04 2.213330633501755074e+01 7.100000000000000000e+01
-1.760000000000000000e+02 -9.900000000000000000e+01 1.200000000000000000e+01 4.230800000000000000e+04 4.688700000000000000e+04 4.518600000000000000e+04 4.081000000000000000e+04 2.214354451204417273e+01 7.100000000000000000e+01
-2.760000000000000000e+02 -1.900000000000000000e+02 4.400000000000000000e+01 3.895400000000000000e+04 4.566300000000000000e+04 4.856000000000000000e+04 4.225300000000000000e+04 2.215373149799415842e+01 7.100000000000000000e+01
-4.720000000000000000e+02 -3.000000000000000000e+02 3.400000000000000000e+01 3.796300000000000000e+04 4.623300000000000000e+04 4.962100000000000000e+04 4.216800000000000000e+04 2.216321255604270846e+01 7.100000000000000000e+01
-6.470000000000000000e+02 -3.410000000000000000e+02 1.000000000000000000e+00 3.245300000000000000e+04 4.125300000000000000e+04 5.234800000000000000e+04 4.710900000000000000e+04 2.217323214001953602e+01 7.900000000000000000e+01
-5.920000000000000000e+02 -3.540000000000000000e+02 6.000000000000000000e+00 3.936300000000000000e+04 4.667300000000000000e+04 4.854700000000000000e+04 4.216800000000000000e+04 2.218277114501688629e+01 7.900000000000000000e+01
-4.230000000000000000e+02 -3.360000000000000000e+02 1.100000000000000000e+01 3.591400000000000000e+04 4.490400000000000000e+04 5.111200000000000000e+04 4.449200000000000000e+04 2.219361526198918000e+01 7.900000000000000000e+01
-1.860000000000000000e+02 -2.570000000000000000e+02 4.300000000000000000e+01 4.162700000000000000e+04 5.027900000000000000e+04 4.736100000000000000e+04 3.699500000000000000e+04 2.220353232702473179e+01 9.740000000000000000e+02
1.050000000000000000e+02 -1.060000000000000000e+02 5.500000000000000000e+01 3.967100000000000000e+04 4.534100000000000000e+04 4.912200000000000000e+04 4.356400000000000000e+04 2.221339682600228116e+01 9.740000000000000000e+02
3.430000000000000000e+02 -2.600000000000000000e+01 7.200000000000000000e+01 4.516100000000000000e+04 4.966400000000000000e+04 4.500300000000000000e+04 3.802000000000000000e+04 2.222255563200451434e+01 9.740000000000000000e+02
4.730000000000000000e+02 1.100000000000000000e+02 5.100000000000000000e+01 4.592500000000000000e+04 4.773400000000000000e+04 4.431100000000000000e+04 4.116800000000000000e+04 2.223365874204318970e+01 9.740000000000000000e+02
6.050000000000000000e+02 1.990000000000000000e+02 4.800000000000000000e+01 4.853200000000000000e+04 5.039000000000000000e+04 4.214900000000000000e+04 3.816700000000000000e+04 2.224287085403921083e+01 8.230000000000000000e+02
6.350000000000000000e+02 2.840000000000000000e+02 4.400000000000000000e+01 4.824600000000000000e+04 4.843700000000000000e+04 4.260300000000000000e+04 4.138500000000000000e+04 2.225289895100286230e+01 8.230000000000000000e+02
5.940000000000000000e+02 3.120000000000000000e+02 3.700000000000000000e+01 5.099000000000000000e+04 5.141000000000000000e+04 3.917300000000000000e+04 3.747700000000000000e+04 2.226341094600502402e+01 8.230000000000000000e+02
4.650000000000000000e+02 3.030000000000000000e+02 2.100000000000000000e+01 4.763100000000000000e+04 4.919400000000000000e+04 4.395700000000000000e+04 4.115500000000000000e+04 2.227285774803021923e+01 8.230000000000000000e+02
1.730000000000000000e+02 1.940000000000000000e+02 -1.000000000000000000e+00 4.629300000000000000e+04 4.846700000000000000e+04 4.633400000000000000e+04 4.339000000000000000e+04 2.228313267900375649e+01 8.200000000000000000e+02
-1.260000000000000000e+02 1.200000000000000000e+02 1.000000000000000000e+00 4.456300000000000000e+04 4.783700000000000000e+04 4.795600000000000000e+04 4.443300000000000000e+04 2.229332612204598263e+01 8.200000000000000000e+02
-3.610000000000000000e+02 4.500000000000000000e+01 -3.000000000000000000e+00 4.259100000000000000e+04 4.574200000000000000e+04 4.993200000000000000e+04 4.710500000000000000e+04 2.230406511900946498e+01 8.200000000000000000e+02
-5.530000000000000000e+02 -5.500000000000000000e+01 3.000000000000000000e+00 4.243300000000000000e+04 4.535200000000000000e+04 5.044100000000000000e+04 4.775700000000000000e+04 2.231323650199919939e+01 8.200000000000000000e+02
-6.440000000000000000e+02 -1.690000000000000000e+02 1.000000000000000000e+00 4.027900000000000000e+04 4.869100000000000000e+04 5.199000000000000000e+04 4.479800000000000000e+04 2.232290723302867264e+01 8.160000000000000000e+02
-6.080000000000000000e+02 -2.860000000000000000e+02 -1.200000000000000000e+01 3.886800000000000000e+04 4.673200000000000000e+04 5.320700000000000000e+04 4.752200000000000000e+04 2.233346764504676685e+01 8.160000000000000000e+02
-4.990000000000000000e+02 -3.420000000000000000e+02 -1.400000000000000000e+01 3.974100000000000000e+04 4.850500000000000000e+04 5.304100000000000000e+04 4.598800000000000000e+04 2.234257663699099794e+01 8.160000000000000000e+02
-2.400000000000000000e+02 -2.960000000000000000e+02 -1.400000000000000000e+01 4.277300000000000000e+04 5.039400000000000000e+04 5.106600000000000000e+04 4.377700000000000000e+04 2.235261133802123368e+01 8.160000000000000000e+02
2.900000000000000000e+01 -2.150000000000000000e+02 2.900000000000000000e+01 4.791900000000000000e+04 5.500100000000000000e+04 4.715700000000000000e+04 3.605800000000000000e+04 2.236276068602455780e+01 8.160000000000000000e+02
3.090000000000000000e+02 -1.040000000000000000e+02 2.400000000000000000e+01 4.745700000000000000e+04 5.216400000000000000e+04 4.769000000000000000e+04 4.096100000000000000e+04 2.237179784598993137e+01 8.090000000000000000e+02
4.810000000000000000e+02 2.800000000000000000e+01 5.000000000000000000e+01 5.044700000000000000e+04 5.089900000000000000e+04 4.515700000000000000e+04 4.352200000000000000e+04 2.238244636403396726e+01 8.090000000000000000e+02
5.410000000000000000e+02 1.230000000000000000e+02 4.600000000000000000e+01 4.962000000000000000e+04 5.181200000000000000e+04 4.626300000000000000e+04 4.209500000000000000e+04 2.239250056503806263e+01 8.090000000000000000e+02
4.630000000000000000e+02 2.090000000000000000e+02 4.200000000000000000e+01 4.961100000000000000e+04 4.899200000000000000e+04 4.632100000000000000e+04 4.541600000000000000e+04 2.240311925200512633e+01 8.090000000000000000e+02
3.350000000000000000e+02 2.490000000000000000e+02 4.400000000000000000e+01 4.947200000000000000e+04 5.010000000000000000e+04 4.644400000000000000e+04 4.410600000000000000e+04 2.241223430202808231e+01 8.070000000000000000e+02
1.310000000000000000e+02 2.160000000000000000e+02 3.600000000000000000e+01 4.790400000000000000e+04 4.899700000000000000e+04 4.809100000000000000e+04 4.571000000000000000e+04 2.242344362003495917e+01 8.070000000000000000e+02
-4.000000000000000000e+01 1.600000000000000000e+02 3.200000000000000000e+01 4.695000000000000000e+04 4.836300000000000000e+04 4.912500000000000000e+04 4.627600000000000000e+04 2.243212385801598430e+01 8.070000000000000000e+02
-2.390000000000000000e+02 8.000000000000000000e+01 3.400000000000000000e+01 4.571500000000000000e+04 4.807800000000000000e+04 5.008700000000000000e+04 4.657700000000000000e+04 2.244211794302100316e+01 8.070000000000000000e+02
-2.980000000000000000e+02 -4.300000000000000000e+01 6.700000000000000000e+01 4.488300000000000000e+04 4.769500000000000000e+04 5.085400000000000000e+04 4.681500000000000000e+04 2.245190830400679260e+01 8.070000000000000000e+02
-2.780000000000000000e+02 -1.470000000000000000e+02 3.800000000000000000e+01 4.512700000000000000e+04 4.808800000000000000e+04 5.047200000000000000e+04 4.646100000000000000e+04 2.246213865099707618e+01 8.050000000000000000e+02
-2.450000000000000000e+02 -2.200000000000000000e+02 3.500000000000000000e+01 4.473600000000000000e+04 4.867800000000000000e+04 5.057900000000000000e+04 4.539400000000000000e+04 2.247207689599599689e+01 8.050000000000000000e+02
-7.500000000000000000e+01 -3.130000000000000000e+02 2.200000000000000000e+01 4.604800000000000000e+04 5.016200000000000000e+04 4.934400000000000000e+04 4.353700000000000000e+04 2.248192270402796566e+01 8.050000000000000000e+02
9.800000000000000000e+01 -4.190000000000000000e+02 3.600000000000000000e+01 4.624100000000000000e+04 5.092700000000000000e+04 4.906400000000000000e+04 4.229500000000000000e+04 2.249269201402785257e+01 8.050000000000000000e+02
