2.900000000000000000e+01 3.000000000000000000e+01 -5.100000000000000000e+01 4.530200000000000000e+04 4.887500000000000000e+04 4.736900000000000000e+04 4.485300000000000000e+04 2.559890484903007746e+01 8.000000000000000000e+02
5.500000000000000000e+01 7.900000000000000000e+01 -4.700000000000000000e+01 4.553900000000000000e+04 4.849000000000000000e+04 4.711300000000000000e+04 4.553800000000000000e+04 2.560828371101524681e+01 8.020000000000000000e+02
4.800000000000000000e+01 1.240000000000000000e+02 -6.300000000000000000e+01 4.566700000000000000e+04 4.791300000000000000e+04 4.693100000000000000e+04 4.612900000000000000e+04 2.561934272001963109e+01 8.020000000000000000e+02
8.000000000000000000e+01 1.100000000000000000e+02 -4.000000000000000000e+01 4.586000000000000000e+04 4.900100000000000000e+04 4.678500000000000000e+04 4.485700000000000000e+04 2.562890606501605362e+01 8.020000000000000000e+02
1.600000000000000000e+01 1.140000000000000000e+02 -5.800000000000000000e+01 4.562500000000000000e+04 4.829700000000000000e+04 4.703500000000000000e+04 4.570600000000000000e+04 2.563926351600093767e+01 8.020000000000000000e+02
-3.000000000000000000e+00 1.010000000000000000e+02 -5.100000000000000000e+01 4.584000000000000000e+04 4.892000000000000000e+04 4.674000000000000000e+04 4.505800000000000000e+04 2.564850821299478412e+01 8.020000000000000000e+02
-6.100000000000000000e+01 7.700000000000000000e+01 -5.300000000000000000e+01 4.505400000000000000e+04 4.854900000000000000e+04 4.762400000000000000e+04 4.568000000000000000e+04 2.565893486101413146e+01 8.000000000000000000e+02
-8.700000000000000000e+01 4.000000000000000000e+01 -4.500000000000000000e+01 4.489000000000000000e+04 4.862900000000000000e+04 4.775400000000000000e+04 4.560800000000000000e+04 2.566877877298975363e+01 8.000000000000000000e+02
-1.310000000000000000e+02 1.200000000000000000e+01 -4.100000000000000000e+01 4.445900000000000000e+04 4.814100000000000000e+04 4.820400000000000000e+04 4.614800000000000000e+04 2.567881742800818756e+01 8.000000000000000000e+02
-1.080000000000000000e+02 -1.300000000000000000e+01 -1.900000000000000000e+01 4.504000000000000000e+04 4.888000000000000000e+04 4.770900000000000000e+04 4.525000000000000000e+04 2.568836153601296246e+01 8.000000000000000000e+02
-1.230000000000000000e+02 -2.600000000000000000e+01 -3.300000000000000000e+01 4.426400000000000000e+04 4.773500000000000000e+04 4.795100000000000000e+04 4.624400000000000000e+04 2.569882767501985654e+01 8.040000000000000000e+02
-9.000000000000000000e+01 -4.700000000000000000e+01 -2.000000000000000000e+01 4.491800000000000000e+04 4.828900000000000000e+04 4.762000000000000000e+04 4.535600000000000000e+04 2.570857317000627518e+01 8.040000000000000000e+02
-7.400000000000000000e+01 -3.900000000000000000e+01 -1.900000000000000000e+01 4.488100000000000000e+04 4.858500000000000000e+04 4.754200000000000000e+04 4.507600000000000000e+04 2.571885614300845191e+01 8.040000000000000000e+02
-6.200000000000000000e+01 -1.600000000000000000e+01 -3.500000000000000000e+01 4.457700000000000000e+04 4.806200000000000000e+04 4.774800000000000000e+04 4.556100000000000000e+04 2.572988330502994359e+01 8.040000000000000000e+02
6.000000000000000000e+00 -1.300000000000000000e+01 -1.700000000000000000e+01 4.450600000000000000e+04 4.897700000000000000e+04 4.770300000000000000e+04 4.453500000000000000e+04 2.574023948801914230e+01 8.010000000000000000e+02
4.800000000000000000e+01 -1.000000000000000000e+00 -2.100000000000000000e+01 4.503100000000000000e+04 4.848200000000000000e+04 4.728400000000000000e+04 4.519000000000000000e+04 2.575125268200645223e+01 8.010000000000000000e+02
5.900000000000000000e+01 2.800000000000000000e+01 -2.800000000000000000e+01 4.521700000000000000e+04 4.827900000000000000e+04 4.697800000000000000e+04 4.550400000000000000e+04 2.575935046898666769e+01 8.010000000000000000e+02
1.180000000000000000e+02 4.200000000000000000e+01 -2.200000000000000000e+01 4.569200000000000000e+04 4.903900000000000000e+04 4.645300000000000000e+04 4.426000000000000000e+04 2.576968780800234526e+01 8.010000000000000000e+02
1.030000000000000000e+02 4.900000000000000000e+01 -3.300000000000000000e+01 4.521900000000000000e+04 4.846200000000000000e+04 4.688800000000000000e+04 4.493700000000000000e+04 2.577911784499883652e+01 8.010000000000000000e+02
7.100000000000000000e+01 7.600000000000000000e+01 -3.400000000000000000e+01 4.549700000000000000e+04 4.830900000000000000e+04 4.666200000000000000e+04 4.529300000000000000e+04 2.578906414698576555e+01 8.010000000000000000e+02
4.500000000000000000e+01 5.800000000000000000e+01 -4.500000000000000000e+01 4.514900000000000000e+04 4.895300000000000000e+04 4.693200000000000000e+04 4.463100000000000000e+04 2.579939363402081653e+01 8.010000000000000000e+02
3.400000000000000000e+01 4.200000000000000000e+01 -3.400000000000000000e+01 4.496000000000000000e+04 4.839600000000000000e+04 4.709000000000000000e+04 4.525200000000000000e+04 2.580950932798441499e+01 8.010000000000000000e+02
3.000000000000000000e+00 9.000000000000000000e+00 -4.000000000000000000e+01 4.471200000000000000e+04 4.894800000000000000e+04 4.720500000000000000e+04 4.468600000000000000e+04 2.581957158498698846e+01 8.010000000000000000e+02
-6.000000000000000000e+00 -1.300000000000000000e+01 -2.600000000000000000e+01 4.454200000000000000e+04 4.863700000000000000e+04 4.749500000000000000e+04 4.502100000000000000e+04 2.582984265399863943e+01 8.010000000000000000e+02
-6.100000000000000000e+01 -2.000000000000000000e+00 -3.000000000000000000e+01 4.427100000000000000e+04 4.858800000000000000e+04 4.769000000000000000e+04 4.504500000000000000e+04 2.584082177799427882e+01 8.010000000000000000e+02
-6.500000000000000000e+01 -4.500000000000000000e+01 -2.700000000000000000e+01 4.320900000000000000e+04 4.850900000000000000e+04 4.835300000000000000e+04 4.533100000000000000e+04 2.584914636600296944e+01 8.010000000000000000e+02
-6.200000000000000000e+01 -2.400000000000000000e+01 -2.300000000000000000e+01 4.410700000000000000e+04 4.795200000000000000e+04 4.781300000000000000e+04 4.563700000000000000e+04 2.585845177102601156e+01 8.010000000000000000e+02
-4.200000000000000000e+01 -5.400000000000000000e+01 -1.300000000000000000e+01 4.399200000000000000e+04 4.890600000000000000e+04 4.775500000000000000e+04 4.424500000000000000e+04 2.586909810098586604e+01 8.030000000000000000e+02
5.000000000000000000e+00 -2.300000000000000000e+01 -2.000000000000000000e+01 4.475600000000000000e+04 4.866700000000000000e+04 4.700300000000000000e+04 4.452900000000000000e+04 2.587823452602606267e+01 8.030000000000000000e+02
2.300000000000000000e+01 1.900000000000000000e+01 -1.200000000000000000e+01 4.457600000000000000e+04 4.852200000000000000e+04 4.702100000000000000e+04 4.482400000000000000e+04 2.588821081299101934e+01 8.030000000000000000e+02
4.000000000000000000e+00 5.100000000000000000e+01 -3.900000000000000000e+01 4.453900000000000000e+04 4.808200000000000000e+04 4.702900000000000000e+04 4.532500000000000000e+04 2.589882015401963145e+01 8.030000000000000000e+02
5.500000000000000000e+01 5.100000000000000000e+01 -1.000000000000000000e+01 4.500600000000000000e+04 4.884000000000000000e+04 4.652000000000000000e+04 4.447400000000000000e+04 2.590855382301378995e+01 8.010000000000000000e+02
3.300000000000000000e+01 8.000000000000000000e+01 -2.300000000000000000e+01 4.483400000000000000e+04 4.790100000000000000e+04 4.681200000000000000e+04 4.573800000000000000e+04 2.591895235498668626e+01 8.010000000000000000e+02
6.300000000000000000e+01 7.200000000000000000e+01 -1.200000000000000000e+01 4.529300000000000000e+04 4.868300000000000000e+04 4.645200000000000000e+04 4.468900000000000000e+04 2.592874437698628753e+01 8.010000000000000000e+02
3.000000000000000000e+01 8.600000000000000000e+01 -1.300000000000000000e+01 4.474200000000000000e+04 4.828600000000000000e+04 4.700600000000000000e+04 4.511300000000000000e+04 2.593838817300274968e+01 8.010000000000000000e+02
1.800000000000000000e+01 7.900000000000000000e+01 -8.000000000000000000e+00 4.502100000000000000e+04 4.828200000000000000e+04 4.673600000000000000e+04 4.516700000000000000e+04 2.594887225399725139e+01 8.010000000000000000e+02
-1.100000000000000000e+01 3.300000000000000000e+01 -1.100000000000000000e+01 4.415700000000000000e+04 4.814500000000000000e+04 4.738500000000000000e+04 4.517200000000000000e+04 2.595856114401249215e+01 8.040000000000000000e+02
-3.400000000000000000e+01 -2.700000000000000000e+01 -3.000000000000000000e+00 4.365800000000000000e+04 4.813800000000000000e+04 4.790600000000000000e+04 4.505400000000000000e+04 2.596856146102072671e+01 8.040000000000000000e+02
-2.200000000000000000e+01 -4.800000000000000000e+01 5.000000000000000000e+00 4.319200000000000000e+04 4.850500000000000000e+04 4.818300000000000000e+04 4.477800000000000000e+04 2.597891174000687897e+01 8.040000000000000000e+02
-3.600000000000000000e+01 -6.700000000000000000e+01 -1.000000000000000000e+00 4.332700000000000000e+04 4.843700000000000000e+04 4.824700000000000000e+04 4.465100000000000000e+04 2.598886591900372878e+01 8.040000000000000000e+02
-3.100000000000000000e+01 -4.900000000000000000e+01 -4.000000000000000000e+00 4.408000000000000000e+04 4.810100000000000000e+04 4.749900000000000000e+04 4.483500000000000000e+04 2.599872700602281839e+01 8.050000000000000000e+02
-1.100000000000000000e+01 -4.100000000000000000e+01 1.000000000000000000e+00 4.440600000000000000e+04 4.856600000000000000e+04 4.721100000000000000e+04 4.426400000000000000e+04 2.600890742300543934e+01 8.050000000000000000e+02
-5.000000000000000000e+01 5.000000000000000000e+00 -2.200000000000000000e+01 4.429400000000000000e+04 4.779800000000000000e+04 4.703600000000000000e+04 4.532900000000000000e+04 2.601818438700865954e+01 8.050000000000000000e+02
-2.400000000000000000e+01 2.800000000000000000e+01 -1.400000000000000000e+01 4.428000000000000000e+04 4.844800000000000000e+04 4.689100000000000000e+04 4.463200000000000000e+04 2.602849586302181706e+01 8.050000000000000000e+02
-6.300000000000000000e+01 5.600000000000000000e+01 -3.300000000000000000e+01 4.400200000000000000e+04 4.722800000000000000e+04 4.710600000000000000e+04 4.599200000000000000e+04 2.603841643099440262e+01 8.010000000000000000e+02
-4.400000000000000000e+01 7.300000000000000000e+01 -2.900000000000000000e+01 4.436200000000000000e+04 4.784800000000000000e+04 4.714500000000000000e+04 4.576500000000000000e+04 2.604856583400396630e+01 8.010000000000000000e+02
-1.300000000000000000e+01 7.700000000000000000e+01 -3.500000000000000000e+01 4.489300000000000000e+04 4.749500000000000000e+04 4.645400000000000000e+04 4.626600000000000000e+04 2.605820345599204302e+01 8.010000000000000000e+02
2.800000000000000000e+01 4.300000000000000000e+01 -3.100000000000000000e+01 4.489000000000000000e+04 4.777300000000000000e+04 4.627300000000000000e+04 4.573900000000000000e+04 2.606819876102963462e+01 8.010000000000000000e+02
6.800000000000000000e+01 -5.000000000000000000e+00 -3.100000000000000000e+01 4.504200000000000000e+04 4.847700000000000000e+04 4.619800000000000000e+04 4.507200000000000000e+04 2.607892513502156362e+01 8.010000000000000000e+02
6.400000000000000000e+01 -8.200000000000000000e+01 -4.700000000000000000e+01 4.422700000000000000e+04 4.838600000000000000e+04 4.691200000000000000e+04 4.551000000000000000e+04 2.608871354901930317e+01 8.020000000000000000e+02
7.600000000000000000e+01 -1.520000000000000000e+02 -5.300000000000000000e+01 4.404700000000000000e+04 4.902500000000000000e+04 4.699900000000000000e+04 4.478200000000000000e+04 2.609982088499236852e+01 8.020000000000000000e+02
1.050000000000000000e+02 -2.200000000000000000e+02 -5.600000000000000000e+01 4.422700000000000000e+04 4.956200000000000000e+04 4.674400000000000000e+04 4.422000000000000000e+04 2.610931320098461583e+01 8.020000000000000000e+02
1.190000000000000000e+02 -2.710000000000000000e+02 -4.600000000000000000e+01 4.595200000000000000e+04 4.786200000000000000e+04 4.514500000000000000e+04 4.611200000000000000e+04 2.611876652098726481e+01 8.020000000000000000e+02
8.700000000000000000e+01 -3.050000000000000000e+02 -4.500000000000000000e+01 4.363900000000000000e+04 4.927000000000000000e+04 4.761400000000000000e+04 4.479500000000000000e+04 2.612886093300767243e+01 8.010000000000000000e+02
4.600000000000000000e+01 -3.150000000000000000e+02 -5.000000000000000000e+01 4.318200000000000000e+04 4.893300000000000000e+04 4.787200000000000000e+04 4.544900000000000000e+04 2.613891177403274924e+01 8.010000000000000000e+02
2.600000000000000000e+01 -3.140000000000000000e+02 -6.800000000000000000e+01 4.317600000000000000e+04 5.004400000000000000e+04 4.795600000000000000e+04 4.409600000000000000e+04 2.614911970298271626e+01 8.010000000000000000e+02
3.300000000000000000e+01 -2.800000000000000000e+02 -6.500000000000000000e+01 4.474700000000000000e+04 4.902000000000000000e+04 4.663800000000000000e+04 4.560500000000000000e+04 2.615826976398238912e+01 8.010000000000000000e+02
-3.000000000000000000e+00 -2.600000000000000000e+02 -6.800000000000000000e+01 4.418900000000000000e+04 4.762100000000000000e+04 4.686300000000000000e+04 4.696500000000000000e+04 2.616860585298854858e+01 8.040000000000000000e+02
3.400000000000000000e+01 -1.950000000000000000e+02 -5.900000000000000000e+01 4.307700000000000000e+04 4.812800000000000000e+04 4.770400000000000000e+04 4.647000000000000000e+04 2.617888856102945283e+01 8.040000000000000000e+02
3.000000000000000000e+01 -1.710000000000000000e+02 -5.500000000000000000e+01 4.646300000000000000e+04 4.805900000000000000e+04 4.439100000000000000e+04 4.664700000000000000e+04 2.618864754599053413e+01 8.040000000000000000e+02
8.600000000000000000e+01 -1.520000000000000000e+02 -5.300000000000000000e+01 4.473700000000000000e+04 4.908600000000000000e+04 4.620900000000000000e+04 4.549900000000000000e+04 2.619840139703592286e+01 8.040000000000000000e+02
7.200000000000000000e+01 -1.680000000000000000e+02 -4.900000000000000000e+01 4.450600000000000000e+04 4.702700000000000000e+04 4.643100000000000000e+04 4.769300000000000000e+04 2.620899215200915933e+01 8.060000000000000000e+02
9.000000000000000000e+01 -1.640000000000000000e+02 -4.000000000000000000e+01 4.588400000000000000e+04 4.932600000000000000e+04 4.481700000000000000e+04 4.482000000000000000e+04 2.621906306699384004e+01 8.060000000000000000e+02
9.200000000000000000e+01 -2.160000000000000000e+02 -5.600000000000000000e+01 4.449000000000000000e+04 4.960600000000000000e+04 4.612100000000000000e+04 4.452900000000000000e+04 2.622839963698061183e+01 8.060000000000000000e+02
9.600000000000000000e+01 -2.490000000000000000e+02 -5.700000000000000000e+01 4.345200000000000000e+04 4.904900000000000000e+04 4.682200000000000000e+04 4.518700000000000000e+04 2.623970345803536475e+01 8.060000000000000000e+02
1.150000000000000000e+02 -2.940000000000000000e+02 -5.700000000000000000e+01 4.500200000000000000e+04 4.995000000000000000e+04 4.536300000000000000e+04 4.413100000000000000e+04 2.624902866099728271e+01 8.060000000000000000e+02
9.500000000000000000e+01 -3.030000000000000000e+02 -6.400000000000000000e+01 4.553700000000000000e+04 4.968900000000000000e+04 4.499300000000000000e+04 4.464900000000000000e+04 2.625923728599445894e+01 8.030000000000000000e+02
6.100000000000000000e+01 -3.120000000000000000e+02 -6.100000000000000000e+01 4.304700000000000000e+04 4.999700000000000000e+04 4.714700000000000000e+04 4.433600000000000000e+04 2.626901134703075513e+01 8.030000000000000000e+02
5.200000000000000000e+01 -3.110000000000000000e+02 -5.700000000000000000e+01 4.314300000000000000e+04 4.798200000000000000e+04 4.701500000000000000e+04 4.667300000000000000e+04 2.627926457300782204e+01 8.030000000000000000e+02
4.100000000000000000e+01 -2.980000000000000000e+02 -5.500000000000000000e+01 4.324700000000000000e+04 4.960400000000000000e+04 4.686500000000000000e+04 4.491200000000000000e+04 2.628856617200654000e+01 8.030000000000000000e+02
1.500000000000000000e+01 -2.690000000000000000e+02 -5.900000000000000000e+01 4.275100000000000000e+04 4.933800000000000000e+04 4.725400000000000000e+04 4.538300000000000000e+04 2.629910668899537995e+01 8.040000000000000000e+02
-1.100000000000000000e+01 -2.460000000000000000e+02 -6.000000000000000000e+01 4.417700000000000000e+04 4.808500000000000000e+04 4.607000000000000000e+04 4.663400000000000000e+04 2.630901100602932274e+01 8.040000000000000000e+02
8.000000000000000000e+00 -2.140000000000000000e+02 -4.700000000000000000e+01 4.349800000000000000e+04 4.908700000000000000e+04 4.653500000000000000e+04 4.553700000000000000e+04 2.631866748398169875e+01 8.040000000000000000e+02
4.000000000000000000e+01 -1.630000000000000000e+02 -3.400000000000000000e+01 4.373800000000000000e+04 4.869200000000000000e+04 4.621000000000000000e+04 4.598700000000000000e+04 2.632905018603196368e+01 8.040000000000000000e+02
6.000000000000000000e+01 -1.480000000000000000e+02 -4.300000000000000000e+01 4.430800000000000000e+04 4.941100000000000000e+04 4.573500000000000000e+04 4.508900000000000000e+04 2.633894892502576113e+01 8.030000000000000000e+02
5.200000000000000000e+01 -1.470000000000000000e+02 -4.600000000000000000e+01 4.452500000000000000e+04 4.949600000000000000e+04 4.575200000000000000e+04 4.510800000000000000e+04 2.634863732103258371e+01 8.030000000000000000e+02
8.500000000000000000e+01 -1.540000000000000000e+02 -4.400000000000000000e+01 4.477100000000000000e+04 4.945000000000000000e+04 4.545400000000000000e+04 4.523700000000000000e+04 2.635809125198284164e+01 8.030000000000000000e+02
9.000000000000000000e+01 -1.720000000000000000e+02 -3.100000000000000000e+01 4.421100000000000000e+04 4.968200000000000000e+04 4.601400000000000000e+04 4.494200000000000000e+04 2.636893881199648604e+01 8.030000000000000000e+02
9.700000000000000000e+01 -1.800000000000000000e+02 -4.300000000000000000e+01 4.467100000000000000e+04 4.917600000000000000e+04 4.555500000000000000e+04 4.555400000000000000e+04 2.637815059698186815e+01 8.030000000000000000e+02
8.800000000000000000e+01 -2.240000000000000000e+02 -3.500000000000000000e+01 4.450700000000000000e+04 5.110900000000000000e+04 4.569700000000000000e+04 4.304800000000000000e+04 2.638875542598543689e+01 8.040000000000000000e+02
7.700000000000000000e+01 -2.350000000000000000e+02 -2.400000000000000000e+01 4.222000000000000000e+04 4.874400000000000000e+04 4.775100000000000000e+04 4.601100000000000000e+04 2.639943863102234900e+01 8.040000000000000000e+02
2.700000000000000000e+01 -2.210000000000000000e+02 -2.900000000000000000e+01 4.317000000000000000e+04 5.022000000000000000e+04 4.684200000000000000e+04 4.421300000000000000e+04 2.640854035801021382e+01 8.040000000000000000e+02
9.000000000000000000e+00 -1.910000000000000000e+02 -1.100000000000000000e+01 4.365400000000000000e+04 4.970200000000000000e+04 4.651100000000000000e+04 4.470800000000000000e+04 2.641969126503681764e+01 8.040000000000000000e+02
2.000000000000000000e+00 -1.620000000000000000e+02 -2.100000000000000000e+01 4.316300000000000000e+04 4.931900000000000000e+04 4.721700000000000000e+04 4.566400000000000000e+04 2.642848745698574930e+01 8.010000000000000000e+02
0.000000000000000000e+00 -1.210000000000000000e+02 -2.000000000000000000e+01 4.340000000000000000e+04 4.914300000000000000e+04 4.706100000000000000e+04 4.588300000000000000e+04 2.643948095099767670e+01 8.010000000000000000e+02
-7.000000000000000000e+00 -7.600000000000000000e+01 -2.500000000000000000e+01 4.481200000000000000e+04 4.916100000000000000e+04 4.581300000000000000e+04 4.589800000000000000e+04 2.644834330998128280e+01 8.010000000000000000e+02
4.000000000000000000e+00 -7.700000000000000000e+01 -3.100000000000000000e+01 4.454900000000000000e+04 5.014900000000000000e+04 4.610700000000000000e+04 4.501100000000000000e+04 2.645832051499746740e+01 8.010000000000000000e+02
2.300000000000000000e+01 -4.200000000000000000e+01 -1.700000000000000000e+01 4.435300000000000000e+04 4.897200000000000000e+04 4.634600000000000000e+04 4.642600000000000000e+04 2.646830788301303983e+01 8.050000000000000000e+02
3.700000000000000000e+01 -3.400000000000000000e+01 -1.700000000000000000e+01 4.317500000000000000e+04 4.937600000000000000e+04 4.719300000000000000e+04 4.582000000000000000e+04 2.647835163999116048e+01 8.050000000000000000e+02
4.300000000000000000e+01 -3.700000000000000000e+01 -3.300000000000000000e+01 4.473000000000000000e+04 5.000000000000000000e+04 4.577600000000000000e+04 4.508800000000000000e+04 2.648861490102717653e+01 8.050000000000000000e+02
8.000000000000000000e+01 -4.000000000000000000e+01 -1.700000000000000000e+01 4.514300000000000000e+04 5.002000000000000000e+04 4.533800000000000000e+04 4.511600000000000000e+04 2.649806704401271418e+01 8.050000000000000000e+02
8.500000000000000000e+01 -4.600000000000000000e+01 -2.300000000000000000e+01 4.432200000000000000e+04 5.036100000000000000e+04 4.616800000000000000e+04 4.464100000000000000e+04 2.650797036202857271e+01 8.050000000000000000e+02
7.600000000000000000e+01 -5.900000000000000000e+01 -2.100000000000000000e+01 4.462300000000000000e+04 5.066900000000000000e+04 4.534700000000000000e+04 4.402700000000000000e+04 2.651910855103051290e+01 8.070000000000000000e+02
5.700000000000000000e+01 -6.900000000000000000e+01 -3.700000000000000000e+01 4.466600000000000000e+04 4.942800000000000000e+04 4.525700000000000000e+04 4.557000000000000000e+04 2.652799156098626554e+01 8.070000000000000000e+02
4.600000000000000000e+01 -8.100000000000000000e+01 -1.400000000000000000e+01 4.365100000000000000e+04 5.038300000000000000e+04 4.628900000000000000e+04 4.420100000000000000e+04 2.653809110203292221e+01 8.070000000000000000e+02
1.500000000000000000e+01 -7.000000000000000000e+01 -2.200000000000000000e+01 4.320300000000000000e+04 4.999700000000000000e+04 4.655300000000000000e+04 4.442800000000000000e+04 2.654997829103376716e+01 8.070000000000000000e+02
3.000000000000000000e+00 -7.300000000000000000e+01 -1.000000000000000000e+01 4.421300000000000000e+04 4.988900000000000000e+04 4.575800000000000000e+04 4.489700000000000000e+04 2.655887084698770195e+01 8.030000000000000000e+02
-3.600000000000000000e+01 -8.000000000000000000e+01 -1.600000000000000000e+01 4.368700000000000000e+04 4.969400000000000000e+04 4.626100000000000000e+04 4.514300000000000000e+04 2.656844468298368156e+01 8.030000000000000000e+02
-7.400000000000000000e+01 -3.800000000000000000e+01 -1.400000000000000000e+01 4.460100000000000000e+04 4.961500000000000000e+04 4.512100000000000000e+04 4.542300000000000000e+04 2.657808071299223229e+01 8.030000000000000000e+02
-8.100000000000000000e+01 -4.000000000000000000e+01 -6.000000000000000000e+00 4.306700000000000000e+04 4.970400000000000000e+04 4.704300000000000000e+04 4.487400000000000000e+04 2.658794918801868334e+01 8.030000000000000000e+02
-7.300000000000000000e+01 -3.700000000000000000e+01 -4.000000000000000000e+00 4.310900000000000000e+04 4.987900000000000000e+04 4.702200000000000000e+04 4.484000000000000000e+04 2.659966405702289194e+01 8.040000000000000000e+02
-6.000000000000000000e+01 -1.400000000000000000e+01 3.000000000000000000e+00 4.349300000000000000e+04 4.986000000000000000e+04 4.666600000000000000e+04 4.488000000000000000e+04 2.660832468699663877e+01 8.040000000000000000e+02
-5.900000000000000000e+01 2.400000000000000000e+01 -3.000000000000000000e+00 4.263100000000000000e+04 4.838900000000000000e+04 4.786600000000000000e+04 4.607000000000000000e+04 2.661848595703486353e+01 8.040000000000000000e+02
-5.000000000000000000e+00 2.900000000000000000e+01 1.000000000000000000e+00 4.726100000000000000e+04 5.138100000000000000e+04 4.172600000000000000e+04 4.391200000000000000e+04 2.662801209598546848e+01 8.040000000000000000e+02
1.300000000000000000e+01 4.000000000000000000e+01 1.200000000000000000e+01 4.429900000000000000e+04 4.945000000000000000e+04 4.624300000000000000e+04 4.508500000000000000e+04 2.663826515001710504e+01 2.710000000000000000e+02
8.000000000000000000e+00 2.500000000000000000e+01 2.600000000000000000e+01 4.430100000000000000e+04 5.000500000000000000e+04 4.622300000000000000e+04 4.449300000000000000e+04 2.664841437101131305e+01 2.710000000000000000e+02
-5.000000000000000000e+00 3.000000000000000000e+01 3.700000000000000000e+01 4.385900000000000000e+04 4.871000000000000000e+04 4.709600000000000000e+04 4.550700000000000000e+04 2.665840000601019710e+01 2.710000000000000000e+02
-3.300000000000000000e+01 3.900000000000000000e+01 3.700000000000000000e+01 4.491700000000000000e+04 5.033800000000000000e+04 4.543200000000000000e+04 4.422900000000000000e+04 2.666823729401221499e+01 2.710000000000000000e+02
-5.600000000000000000e+01 2.800000000000000000e+01 4.400000000000000000e+01 4.292200000000000000e+04 4.865200000000000000e+04 4.809400000000000000e+04 4.531800000000000000e+04 2.667823352600680664e+01 2.710000000000000000e+02
-4.900000000000000000e+01 3.700000000000000000e+01 5.600000000000000000e+01 4.733100000000000000e+04 5.170100000000000000e+04 4.659700000000000000e+04 4.596400000000000000e+04 2.668824947200482711e+01 2.000000000000000000e+01
-8.900000000000000000e+01 5.800000000000000000e+01 5.800000000000000000e+01 4.638900000000000000e+04 5.002800000000000000e+04 4.815300000000000000e+04 4.753800000000000000e+04 2.669837130303494632e+01 2.000000000000000000e+01
-9.100000000000000000e+01 7.500000000000000000e+01 5.700000000000000000e+01 4.638800000000000000e+04 5.073400000000000000e+04 4.825900000000000000e+04 4.678800000000000000e+04 2.670854603499174118e+01 2.000000000000000000e+01
-7.400000000000000000e+01 6.400000000000000000e+01 6.700000000000000000e+01 4.524200000000000000e+04 5.222900000000000000e+04 4.990300000000000000e+04 4.503400000000000000e+04 2.671851266198791564e+01 2.000000000000000000e+01
-9.300000000000000000e+01 9.800000000000000000e+01 6.400000000000000000e+01 4.815500000000000000e+04 5.520100000000000000e+04 4.304600000000000000e+04 4.014000000000000000e+04 2.672875547898001969e+01 5.700000000000000000e+01
-7.300000000000000000e+01 1.490000000000000000e+02 8.300000000000000000e+01 4.621800000000000000e+04 5.266500000000000000e+04 4.737700000000000000e+04 4.242800000000000000e+04 2.673821983899688348e+01 5.700000000000000000e+01
-1.390000000000000000e+02 2.410000000000000000e+02 7.500000000000000000e+01 4.657200000000000000e+04 4.809000000000000000e+04 4.739600000000000000e+04 4.772800000000000000e+04 2.674779105599736795e+01 5.700000000000000000e+01
-2.120000000000000000e+02 3.250000000000000000e+02 7.700000000000000000e+01 4.813000000000000000e+04 5.296000000000000000e+04 4.373100000000000000e+04 4.286600000000000000e+04 2.675830494100227952e+01 5.700000000000000000e+01
-3.290000000000000000e+02 3.640000000000000000e+02 8.300000000000000000e+01 4.705100000000000000e+04 4.808900000000000000e+04 4.592100000000000000e+04 4.786600000000000000e+04 2.676803067303262651e+01 5.700000000000000000e+01
-3.960000000000000000e+02 3.320000000000000000e+02 9.000000000000000000e+01 4.249300000000000000e+04 4.847100000000000000e+04 4.957800000000000000e+04 4.519300000000000000e+04 2.677874461997998878e+01 5.700000000000000000e+01
-4.490000000000000000e+02 2.760000000000000000e+02 7.700000000000000000e+01 4.294500000000000000e+04 4.651200000000000000e+04 4.907300000000000000e+04 4.700000000000000000e+04 2.678845549898687750e+01 5.700000000000000000e+01
-4.780000000000000000e+02 2.520000000000000000e+02 7.900000000000000000e+01 4.256800000000000000e+04 4.663400000000000000e+04 4.917500000000000000e+04 4.686300000000000000e+04 2.679768021201016381e+01 5.700000000000000000e+01
-4.410000000000000000e+02 2.560000000000000000e+02 8.700000000000000000e+01 4.271400000000000000e+04 4.576900000000000000e+04 4.883700000000000000e+04 4.728600000000000000e+04 2.680787700798828155e+01 5.700000000000000000e+01
-3.400000000000000000e+02 2.220000000000000000e+02 8.500000000000000000e+01 4.386300000000000000e+04 4.810700000000000000e+04 4.628400000000000000e+04 4.446400000000000000e+04 2.681813396699726582e+01 5.800000000000000000e+01
-2.080000000000000000e+02 2.530000000000000000e+02 7.200000000000000000e+01 4.379600000000000000e+04 4.655100000000000000e+04 4.673400000000000000e+04 4.533300000000000000e+04 2.682859344698954374e+01 5.800000000000000000e+01
-2.000000000000000000e+01 2.310000000000000000e+02 8.800000000000000000e+01 4.512400000000000000e+04 4.826100000000000000e+04 4.498600000000000000e+04 4.338900000000000000e+04 2.683872363599948585e+01 5.800000000000000000e+01
7.800000000000000000e+01 2.250000000000000000e+02 9.000000000000000000e+01 4.665500000000000000e+04 4.696400000000000000e+04 4.487400000000000000e+04 4.305100000000000000e+04 2.684850210900185630e+01 5.800000000000000000e+01
1.660000000000000000e+02 2.260000000000000000e+02 1.020000000000000000e+02 4.661500000000000000e+04 4.807700000000000000e+04 4.513600000000000000e+04 4.091200000000000000e+04 2.685857185698114336e+01 6.100000000000000000e+01
2.550000000000000000e+02 2.400000000000000000e+02 1.100000000000000000e+02 4.738700000000000000e+04 4.835200000000000000e+04 4.451600000000000000e+04 4.012000000000000000e+04 2.686795186798553914e+01 6.100000000000000000e+01
3.290000000000000000e+02 2.940000000000000000e+02 1.160000000000000000e+02 4.792800000000000000e+04 4.743400000000000000e+04 4.345700000000000000e+04 4.007000000000000000e+04 2.687819215003401041e+01 6.100000000000000000e+01
3.630000000000000000e+02 3.240000000000000000e+02 1.390000000000000000e+02 4.846300000000000000e+04 4.730000000000000000e+04 4.304000000000000000e+04 3.975200000000000000e+04 2.688812758203130215e+01 6.100000000000000000e+01
2.570000000000000000e+02 3.140000000000000000e+02 1.420000000000000000e+02 4.778100000000000000e+04 4.630600000000000000e+04 4.403300000000000000e+04 4.012700000000000000e+04 2.689827846299158409e+01 6.100000000000000000e+01
9.100000000000000000e+01 2.890000000000000000e+02 1.480000000000000000e+02 4.695400000000000000e+04 4.547700000000000000e+04 4.506200000000000000e+04 4.082100000000000000e+04 2.690900191501714289e+01 6.300000000000000000e+01
-5.500000000000000000e+01 2.400000000000000000e+02 1.440000000000000000e+02 4.594000000000000000e+04 4.426900000000000000e+04 4.607100000000000000e+04 4.158200000000000000e+04 2.691897913400316611e+01 6.300000000000000000e+01
-1.820000000000000000e+02 2.270000000000000000e+02 1.420000000000000000e+02 4.456500000000000000e+04 4.344200000000000000e+04 4.755400000000000000e+04 4.230600000000000000e+04 2.692814034299226478e+01 6.300000000000000000e+01
-2.930000000000000000e+02 2.110000000000000000e+02 1.430000000000000000e+02 4.439000000000000000e+04 4.295500000000000000e+04 4.785800000000000000e+04 4.269100000000000000e+04 2.693797445099335164e+01 6.300000000000000000e+01
-3.690000000000000000e+02 2.530000000000000000e+02 1.390000000000000000e+02 4.438400000000000000e+04 4.356300000000000000e+04 4.774300000000000000e+04 4.212300000000000000e+04 2.694802226498723030e+01 6.600000000000000000e+01
-3.970000000000000000e+02 3.300000000000000000e+02 1.300000000000000000e+02 4.473400000000000000e+04 4.269100000000000000e+04 4.737700000000000000e+04 4.295900000000000000e+04 2.695812525000656024e+01 6.600000000000000000e+01
-4.220000000000000000e+02 3.680000000000000000e+02 1.220000000000000000e+02 4.476700000000000000e+04 4.214200000000000000e+04 4.732400000000000000e+04 4.393400000000000000e+04 2.696868084999732673e+01 6.600000000000000000e+01
-4.010000000000000000e+02 4.200000000000000000e+02 9.600000000000000000e+01 4.479100000000000000e+04 4.129400000000000000e+04 4.717000000000000000e+04 4.516000000000000000e+04 2.697756137198302895e+01 6.600000000000000000e+01
-3.570000000000000000e+02 4.170000000000000000e+02 9.600000000000000000e+01 4.462200000000000000e+04 4.103300000000000000e+04 4.719200000000000000e+04 4.579900000000000000e+04 2.698775606299750507e+01 6.600000000000000000e+01
-3.230000000000000000e+02 3.900000000000000000e+02 9.700000000000000000e+01 4.492200000000000000e+04 4.154500000000000000e+04 4.690700000000000000e+04 4.558700000000000000e+04 2.699816148000536487e+01 6.800000000000000000e+01
-2.390000000000000000e+02 3.190000000000000000e+02 7.800000000000000000e+01 4.547000000000000000e+04 4.344800000000000000e+04 4.634100000000000000e+04 4.403500000000000000e+04 2.701748537801904604e+01 6.800000000000000000e+01
-1.240000000000000000e+02 2.480000000000000000e+02 7.100000000000000000e+01 4.539400000000000000e+04 4.435200000000000000e+04 4.627800000000000000e+04 4.350600000000000000e+04 2.701950440701330081e+01 6.800000000000000000e+01
1.400000000000000000e+01 1.890000000000000000e+02 6.300000000000000000e+01 4.466400000000000000e+04 4.614000000000000000e+04 4.694600000000000000e+04 4.203600000000000000e+04 2.702927576698129997e+01 6.800000000000000000e+01
1.680000000000000000e+02 1.990000000000000000e+02 4.700000000000000000e+01 4.633300000000000000e+04 4.700400000000000000e+04 4.508000000000000000e+04 4.162900000000000000e+04 2.703872682701330632e+01 6.600000000000000000e+01
2.450000000000000000e+02 2.340000000000000000e+02 4.400000000000000000e+01 4.710400000000000000e+04 4.774200000000000000e+04 4.443600000000000000e+04 4.157700000000000000e+04 2.704859630798455328e+01 6.600000000000000000e+01
3.090000000000000000e+02 2.600000000000000000e+02 4.100000000000000000e+01 4.713900000000000000e+04 4.801800000000000000e+04 4.442200000000000000e+04 4.158400000000000000e+04 2.705845310603035614e+01 6.600000000000000000e+01
2.810000000000000000e+02 2.900000000000000000e+02 1.600000000000000000e+01 4.760200000000000000e+04 4.743900000000000000e+04 4.385100000000000000e+04 4.262900000000000000e+04 2.706898047099821270e+01 6.600000000000000000e+01
2.130000000000000000e+02 3.210000000000000000e+02 1.000000000000000000e+00 4.752100000000000000e+04 4.732900000000000000e+04 4.360600000000000000e+04 4.357600000000000000e+04 2.707867362798424438e+01 6.700000000000000000e+01
1.230000000000000000e+02 2.670000000000000000e+02 -2.000000000000000000e+00 4.651200000000000000e+04 4.717300000000000000e+04 4.469600000000000000e+04 4.439000000000000000e+04 2.708867573301540688e+01 6.700000000000000000e+01
-2.700000000000000000e+01 1.640000000000000000e+02 -9.000000000000000000e+00 4.466100000000000000e+04 4.649400000000000000e+04 4.645700000000000000e+04 4.558900000000000000e+04 2.709870479098754004e+01 6.700000000000000000e+01
-1.300000000000000000e+02 3.900000000000000000e+01 -2.400000000000000000e+01 4.325500000000000000e+04 4.654900000000000000e+04 4.762500000000000000e+04 4.601100000000000000e+04 2.710862297302810475e+01 6.700000000000000000e+01
-1.690000000000000000e+02 -6.800000000000000000e+01 -4.800000000000000000e+01 4.196700000000000000e+04 4.748400000000000000e+04 4.866100000000000000e+04 4.567300000000000000e+04 2.711760950903408229e+01 6.700000000000000000e+01
-1.660000000000000000e+02 -1.240000000000000000e+02 -5.000000000000000000e+01 4.170100000000000000e+04 4.856600000000000000e+04 4.862800000000000000e+04 4.508000000000000000e+04 2.712759987701429054e+01 6.400000000000000000e+01
-1.200000000000000000e+02 -1.420000000000000000e+02 -6.400000000000000000e+01 4.183900000000000000e+04 4.895300000000000000e+04 4.877300000000000000e+04 4.527000000000000000e+04 2.713794331502867863e+01 6.400000000000000000e+01
-4.100000000000000000e+01 -1.460000000000000000e+02 -6.900000000000000000e+01 4.215600000000000000e+04 4.970200000000000000e+04 4.852500000000000000e+04 4.461000000000000000e+04 2.714782842801650986e+01 6.400000000000000000e+01
1.120000000000000000e+02 -4.600000000000000000e+01 -6.700000000000000000e+01 4.445100000000000000e+04 4.992400000000000000e+04 4.673400000000000000e+04 4.468500000000000000e+04 2.715788839699234813e+01 6.400000000000000000e+01
2.500000000000000000e+02 2.400000000000000000e+01 -4.600000000000000000e+01 4.615900000000000000e+04 5.093300000000000000e+04 4.485300000000000000e+04 4.377700000000000000e+04 2.716793787298956886e+01 6.400000000000000000e+01
3.820000000000000000e+02 5.200000000000000000e+01 -3.200000000000000000e+01 4.696000000000000000e+04 5.115200000000000000e+04 4.425800000000000000e+04 4.342700000000000000e+04 2.717797705600969493e+01 6.400000000000000000e+01
4.380000000000000000e+02 1.400000000000000000e+02 -2.800000000000000000e+01 4.839100000000000000e+04 5.095600000000000000e+04 4.297800000000000000e+04 4.344600000000000000e+04 2.718813055398641154e+01 6.400000000000000000e+01
3.760000000000000000e+02 1.900000000000000000e+02 -2.000000000000000000e+01 4.853200000000000000e+04 5.066200000000000000e+04 4.303500000000000000e+04 4.371700000000000000e+04 2.719811128498986363e+01 6.400000000000000000e+01
2.460000000000000000e+02 1.530000000000000000e+02 -2.200000000000000000e+01 4.747400000000000000e+04 4.974700000000000000e+04 4.454000000000000000e+04 4.479900000000000000e+04 2.720797227299772203e+01 6.400000000000000000e+01
8.500000000000000000e+01 8.900000000000000000e+01 -3.300000000000000000e+01 4.613200000000000000e+04 4.881500000000000000e+04 4.620400000000000000e+04 4.607400000000000000e+04 2.721789240802172571e+01 5.700000000000000000e+01
-7.400000000000000000e+01 3.100000000000000000e+01 -2.100000000000000000e+01 4.515500000000000000e+04 4.831800000000000000e+04 4.755500000000000000e+04 4.708300000000000000e+04 2.722724505502264947e+01 5.700000000000000000e+01
-1.850000000000000000e+02 -3.400000000000000000e+01 -1.800000000000000000e+01 4.437200000000000000e+04 4.842700000000000000e+04 4.859600000000000000e+04 4.697700000000000000e+04 2.723714903701329604e+01 5.700000000000000000e+01
-2.890000000000000000e+02 -8.700000000000000000e+01 -6.000000000000000000e+00 4.328600000000000000e+04 4.800400000000000000e+04 4.970500000000000000e+04 4.731300000000000000e+04 2.724851957999635488e+01 5.700000000000000000e+01
-3.230000000000000000e+02 -1.410000000000000000e+02 4.000000000000000000e+00 4.205700000000000000e+04 4.723100000000000000e+04 5.086300000000000000e+04 4.779800000000000000e+04 2.725749403802910820e+01 5.600000000000000000e+01
-2.780000000000000000e+02 -1.490000000000000000e+02 9.000000000000000000e+00 4.275500000000000000e+04 4.761000000000000000e+04 5.067600000000000000e+04 4.740500000000000000e+04 2.726762956002494320e+01 5.600000000000000000e+01
-1.900000000000000000e+02 -2.080000000000000000e+02 -7.000000000000000000e+00 4.299800000000000000e+04 4.915100000000000000e+04 5.048400000000000000e+04 4.600300000000000000e+04 2.727781640499597415e+01 5.600000000000000000e+01
-5.300000000000000000e+01 -2.420000000000000000e+02 -5.000000000000000000e+00 4.334100000000000000e+04 5.017100000000000000e+04 5.002600000000000000e+04 4.464400000000000000e+04 2.728790786699391901e+01 5.600000000000000000e+01
1.000000000000000000e+02 -3.060000000000000000e+02 -1.000000000000000000e+00 4.401000000000000000e+04 5.151400000000000000e+04 4.938400000000000000e+04 4.281300000000000000e+04 2.729746354301460087e+01 4.800000000000000000e+01
2.200000000000000000e+02 -3.020000000000000000e+02 -2.800000000000000000e+01 4.584700000000000000e+04 5.283300000000000000e+04 4.822700000000000000e+04 4.166500000000000000e+04 2.730732428398914635e+01 4.800000000000000000e+01
2.770000000000000000e+02 -2.300000000000000000e+02 -1.600000000000000000e+01 4.650700000000000000e+04 5.200800000000000000e+04 4.762500000000000000e+04 4.276600000000000000e+04 2.731884881900623441e+01 4.800000000000000000e+01
2.450000000000000000e+02 -1.060000000000000000e+02 -2.000000000000000000e+01 4.649500000000000000e+04 5.062900000000000000e+04 4.760400000000000000e+04 4.489500000000000000e+04 2.732812580699101090e+01 4.800000000000000000e+01
1.740000000000000000e+02 1.000000000000000000e+00 -1.900000000000000000e+01 4.720700000000000000e+04 5.093100000000000000e+04 4.636100000000000000e+04 4.490900000000000000e+04 2.733720801700837910e+01 4.800000000000000000e+01
1.620000000000000000e+02 9.400000000000000000e+01 -2.700000000000000000e+01 4.803100000000000000e+04 5.040800000000000000e+04 4.553600000000000000e+04 4.521900000000000000e+04 2.734805615403456613e+01 4.600000000000000000e+01
8.000000000000000000e+01 1.350000000000000000e+02 -5.000000000000000000e+00 4.772000000000000000e+04 4.935300000000000000e+04 4.635200000000000000e+04 4.655800000000000000e+04 2.735797570203430951e+01 4.600000000000000000e+01
-1.700000000000000000e+01 1.070000000000000000e+02 -1.000000000000000000e+00 4.700200000000000000e+04 4.902700000000000000e+04 4.711500000000000000e+04 4.657900000000000000e+04 2.736763926001731306e+01 4.600000000000000000e+01
-1.460000000000000000e+02 8.300000000000000000e+01 2.000000000000000000e+00 4.562300000000000000e+04 4.763500000000000000e+04 4.820000000000000000e+04 4.771500000000000000e+04 2.737826349103124812e+01 4.600000000000000000e+01
-1.850000000000000000e+02 1.000000000000000000e+00 7.000000000000000000e+00 4.573600000000000000e+04 4.908000000000000000e+04 4.834600000000000000e+04 4.593900000000000000e+04 2.738840147503651679e+01 4.700000000000000000e+01
-2.410000000000000000e+02 -4.500000000000000000e+01 -8.000000000000000000e+00 4.507800000000000000e+04 4.976000000000000000e+04 4.843900000000000000e+04 4.504300000000000000e+04 2.739762972103198990e+01 4.700000000000000000e+01
-3.170000000000000000e+02 -9.300000000000000000e+01 1.700000000000000000e+01 4.375200000000000000e+04 4.890700000000000000e+04 4.978300000000000000e+04 4.548700000000000000e+04 2.740711748303147033e+01 4.700000000000000000e+01
-3.640000000000000000e+02 -9.300000000000000000e+01 1.300000000000000000e+01 4.321500000000000000e+04 4.901800000000000000e+04 4.994800000000000000e+04 4.535700000000000000e+04 2.741867159999674186e+01 4.700000000000000000e+01
-3.970000000000000000e+02 -8.500000000000000000e+01 -7.000000000000000000e+00 4.260500000000000000e+04 4.829200000000000000e+04 5.026700000000000000e+04 4.599800000000000000e+04 2.742705111298710108e+01 4.700000000000000000e+01
-4.020000000000000000e+02 -2.800000000000000000e+01 -2.300000000000000000e+01 4.291700000000000000e+04 4.799500000000000000e+04 4.965700000000000000e+04 4.680400000000000000e+04 2.743756406998727471e+01 4.400000000000000000e+01
-3.200000000000000000e+02 5.100000000000000000e+01 -1.800000000000000000e+01 4.334100000000000000e+04 4.832000000000000000e+04 4.879800000000000000e+04 4.636900000000000000e+04 2.744768842501798645e+01 4.400000000000000000e+01
-2.570000000000000000e+02 1.190000000000000000e+02 -3.200000000000000000e+01 4.423200000000000000e+04 4.783300000000000000e+04 4.778800000000000000e+04 4.701800000000000000e+04 2.745751841698074713e+01 4.400000000000000000e+01
-1.270000000000000000e+02 1.750000000000000000e+02 -2.000000000000000000e+00 4.531800000000000000e+04 4.789100000000000000e+04 4.643900000000000000e+04 4.656700000000000000e+04 2.746700882702134550e+01 4.400000000000000000e+01
-5.400000000000000000e+01 2.250000000000000000e+02 -3.100000000000000000e+01 4.616800000000000000e+04 4.759300000000000000e+04 4.564500000000000000e+04 4.641200000000000000e+04 2.747813341399887577e+01 4.200000000000000000e+01
4.100000000000000000e+01 2.280000000000000000e+02 -2.900000000000000000e+01 4.642300000000000000e+04 4.842500000000000000e+04 4.501700000000000000e+04 4.617800000000000000e+04 2.748779362800996751e+01 4.200000000000000000e+01
8.800000000000000000e+01 2.210000000000000000e+02 -3.100000000000000000e+01 4.680000000000000000e+04 4.828800000000000000e+04 4.446100000000000000e+04 4.582400000000000000e+04 2.749751425301656127e+01 4.200000000000000000e+01
3.500000000000000000e+01 2.520000000000000000e+02 -4.900000000000000000e+01 4.620800000000000000e+04 4.704500000000000000e+04 4.467300000000000000e+04 4.728200000000000000e+04 2.750764811999397352e+01 4.200000000000000000e+01
-4.000000000000000000e+00 2.480000000000000000e+02 -4.400000000000000000e+01 4.625900000000000000e+04 4.707100000000000000e+04 4.426300000000000000e+04 4.738000000000000000e+04 2.751786312001058832e+01 4.700000000000000000e+01
7.000000000000000000e+00 2.300000000000000000e+02 -2.300000000000000000e+01 4.608900000000000000e+04 4.850200000000000000e+04 4.405100000000000000e+04 4.567500000000000000e+04 2.752766701200744137e+01 4.700000000000000000e+01
-2.500000000000000000e+01 1.750000000000000000e+02 -2.800000000000000000e+01 4.525900000000000000e+04 4.874700000000000000e+04 4.505200000000000000e+04 4.530200000000000000e+04 2.753720818500733003e+01 4.700000000000000000e+01
-4.500000000000000000e+01 4.200000000000000000e+01 -4.600000000000000000e+01 4.490700000000000000e+04 4.933200000000000000e+04 4.590900000000000000e+04 4.417600000000000000e+04 2.754774706601165235e+01 4.700000000000000000e+01
-6.800000000000000000e+01 -1.040000000000000000e+02 -5.200000000000000000e+01 4.273100000000000000e+04 5.021700000000000000e+04 4.698400000000000000e+04 4.412300000000000000e+04 2.755755967099685222e+01 4.700000000000000000e+01
-1.090000000000000000e+02 -2.050000000000000000e+02 -5.000000000000000000e+01 4.155600000000000000e+04 5.027800000000000000e+04 4.814200000000000000e+04 4.391600000000000000e+04 2.756791987700853497e+01 5.400000000000000000e+01
-9.900000000000000000e+01 -2.640000000000000000e+02 -4.900000000000000000e+01 4.209700000000000000e+04 4.967100000000000000e+04 4.787800000000000000e+04 4.294600000000000000e+04 2.757747453299816698e+01 5.400000000000000000e+01
-9.500000000000000000e+01 -3.390000000000000000e+02 -5.800000000000000000e+01 4.171200000000000000e+04 4.920700000000000000e+04 4.817600000000000000e+04 4.372600000000000000e+04 2.758736307098297402e+01 5.400000000000000000e+01
