-1.900000000000000000e+01 5.400000000000000000e+01 -1.800000000000000000e+01 4.246500000000000000e+04 4.597400000000000000e+04 4.522800000000000000e+04 4.327300000000000000e+04 2.839801725395955145e+01 8.030000000000000000e+02
3.300000000000000000e+01 1.050000000000000000e+02 -1.600000000000000000e+01 4.318400000000000000e+04 4.553100000000000000e+04 4.451900000000000000e+04 4.382400000000000000e+04 2.840777225297642872e+01 8.030000000000000000e+02
8.900000000000000000e+01 1.190000000000000000e+02 -1.000000000000000000e+01 4.356600000000000000e+04 4.577600000000000000e+04 4.423700000000000000e+04 4.354300000000000000e+04 2.841802503197686747e+01 8.030000000000000000e+02
1.400000000000000000e+02 1.460000000000000000e+02 -1.900000000000000000e+01 4.422300000000000000e+04 4.546400000000000000e+04 4.352500000000000000e+04 4.387200000000000000e+04 2.842839738499606028e+01 8.030000000000000000e+02
1.900000000000000000e+02 1.340000000000000000e+02 3.000000000000000000e+00 4.440200000000000000e+04 4.539500000000000000e+04 4.339300000000000000e+04 4.379900000000000000e+04 2.843846484896494076e+01 8.030000000000000000e+02
2.160000000000000000e+02 1.170000000000000000e+02 2.000000000000000000e+00 4.451900000000000000e+04 4.610100000000000000e+04 4.332900000000000000e+04 4.285900000000000000e+04 2.844806269399123266e+01 8.010000000000000000e+02
1.970000000000000000e+02 5.500000000000000000e+01 1.000000000000000000e+00 4.422600000000000000e+04 4.664400000000000000e+04 4.376600000000000000e+04 4.241700000000000000e+04 2.845776044001104310e+01 8.010000000000000000e+02
1.910000000000000000e+02 -6.000000000000000000e+00 7.000000000000000000e+00 4.415500000000000000e+04 4.648800000000000000e+04 4.389400000000000000e+04 4.259100000000000000e+04 2.846824206400196999e+01 8.010000000000000000e+02
1.530000000000000000e+02 -5.100000000000000000e+01 1.500000000000000000e+01 4.379700000000000000e+04 4.658900000000000000e+04 4.437500000000000000e+04 4.236400000000000000e+04 2.847796763095539063e+01 8.010000000000000000e+02
1.010000000000000000e+02 -8.200000000000000000e+01 1.300000000000000000e+01 4.327300000000000000e+04 4.660400000000000000e+04 4.477000000000000000e+04 4.238800000000000000e+04 2.848874463600805029e+01 8.010000000000000000e+02
2.500000000000000000e+01 -8.400000000000000000e+01 1.700000000000000000e+01 4.323100000000000000e+04 4.645100000000000000e+04 4.494900000000000000e+04 4.255100000000000000e+04 2.849878957396140322e+01 8.010000000000000000e+02
-4.500000000000000000e+01 -9.800000000000000000e+01 1.400000000000000000e+01 4.212100000000000000e+04 4.613000000000000000e+04 4.595800000000000000e+04 4.293200000000000000e+04 2.850846913299756125e+01 8.010000000000000000e+02
-1.000000000000000000e+02 -7.600000000000000000e+01 1.700000000000000000e+01 4.196700000000000000e+04 4.555100000000000000e+04 4.617400000000000000e+04 4.360700000000000000e+04 2.851771406095940620e+01 8.010000000000000000e+02
-9.000000000000000000e+01 -8.000000000000000000e+01 2.100000000000000000e+01 4.335100000000000000e+04 4.631900000000000000e+04 4.491200000000000000e+04 4.279300000000000000e+04 2.852727885998319834e+01 8.010000000000000000e+02
-9.400000000000000000e+01 -2.000000000000000000e+00 1.500000000000000000e+01 4.310100000000000000e+04 4.546200000000000000e+04 4.502900000000000000e+04 4.382800000000000000e+04 2.853819169197231531e+01 8.010000000000000000e+02
-8.600000000000000000e+01 2.400000000000000000e+01 1.200000000000000000e+01 4.292600000000000000e+04 4.594000000000000000e+04 4.522100000000000000e+04 4.326000000000000000e+04 2.854835106595419347e+01 8.010000000000000000e+02
-8.200000000000000000e+01 4.300000000000000000e+01 1.600000000000000000e+01 4.262300000000000000e+04 4.605700000000000000e+04 4.550400000000000000e+04 4.318100000000000000e+04 2.855831370397936553e+01 8.010000000000000000e+02
-3.900000000000000000e+01 9.900000000000000000e+01 8.000000000000000000e+00 4.388800000000000000e+04 4.573700000000000000e+04 4.445300000000000000e+04 4.345600000000000000e+04 2.856855303596239537e+01 8.010000000000000000e+02
-8.000000000000000000e+00 1.340000000000000000e+02 1.000000000000000000e+01 4.429300000000000000e+04 4.528200000000000000e+04 4.399900000000000000e+04 4.389900000000000000e+04 2.857859287498285994e+01 8.000000000000000000e+02
5.300000000000000000e+01 1.340000000000000000e+02 8.000000000000000000e+00 4.407700000000000000e+04 4.633400000000000000e+04 4.434800000000000000e+04 4.264800000000000000e+04 2.858790354500524700e+01 8.000000000000000000e+02
4.100000000000000000e+01 1.740000000000000000e+02 3.000000000000000000e+00 4.436800000000000000e+04 4.575400000000000000e+04 4.388200000000000000e+04 4.344400000000000000e+04 2.859830254799453542e+01 8.000000000000000000e+02
7.600000000000000000e+01 1.300000000000000000e+02 2.200000000000000000e+01 4.408700000000000000e+04 4.626200000000000000e+04 4.422400000000000000e+04 4.285600000000000000e+04 2.860875006095739082e+01 8.000000000000000000e+02
2.300000000000000000e+01 1.120000000000000000e+02 1.300000000000000000e+01 4.345600000000000000e+04 4.573300000000000000e+04 4.498000000000000000e+04 4.327900000000000000e+04 2.861853097798302770e+01 8.020000000000000000e+02
1.400000000000000000e+01 9.400000000000000000e+01 1.600000000000000000e+01 4.323100000000000000e+04 4.602700000000000000e+04 4.498000000000000000e+04 4.269400000000000000e+04 2.862754689098801464e+01 8.020000000000000000e+02
-1.200000000000000000e+01 5.500000000000000000e+01 6.000000000000000000e+00 4.265500000000000000e+04 4.595800000000000000e+04 4.537900000000000000e+04 4.279100000000000000e+04 2.863916486798552796e+01 8.020000000000000000e+02
-4.100000000000000000e+01 1.500000000000000000e+01 8.000000000000000000e+00 4.309700000000000000e+04 4.562500000000000000e+04 4.497000000000000000e+04 4.312500000000000000e+04 2.864807948400266469e+01 8.020000000000000000e+02
-5.500000000000000000e+01 6.000000000000000000e+00 1.700000000000000000e+01 4.275300000000000000e+04 4.524200000000000000e+04 4.526700000000000000e+04 4.354400000000000000e+04 2.865822788496734574e+01 8.010000000000000000e+02
-8.400000000000000000e+01 -5.700000000000000000e+01 4.000000000000000000e+00 4.290000000000000000e+04 4.544800000000000000e+04 4.505400000000000000e+04 4.335700000000000000e+04 2.866878062998875976e+01 8.010000000000000000e+02
-1.310000000000000000e+02 -8.800000000000000000e+01 1.100000000000000000e+01 4.213800000000000000e+04 4.591500000000000000e+04 4.575000000000000000e+04 4.279100000000000000e+04 2.867880048800725490e+01 8.010000000000000000e+02
-1.260000000000000000e+02 -8.600000000000000000e+01 6.000000000000000000e+00 4.269200000000000000e+04 4.564800000000000000e+04 4.527400000000000000e+04 4.308100000000000000e+04 2.868795104196760803e+01 8.010000000000000000e+02
-9.900000000000000000e+01 -9.100000000000000000e+01 8.000000000000000000e+00 4.255100000000000000e+04 4.616100000000000000e+04 4.542500000000000000e+04 4.246600000000000000e+04 2.869768275797832757e+01 8.010000000000000000e+02
-7.300000000000000000e+01 -1.080000000000000000e+02 1.100000000000000000e+01 4.224100000000000000e+04 4.609000000000000000e+04 4.563200000000000000e+04 4.251500000000000000e+04 2.871046755695715547e+01 8.000000000000000000e+02
-7.600000000000000000e+01 -9.700000000000000000e+01 1.000000000000000000e+01 4.234500000000000000e+04 4.575000000000000000e+04 4.560700000000000000e+04 4.292400000000000000e+04 2.871806230198126286e+01 8.000000000000000000e+02
-5.800000000000000000e+01 -5.800000000000000000e+01 -2.000000000000000000e+00 4.249300000000000000e+04 4.592000000000000000e+04 4.539000000000000000e+04 4.268600000000000000e+04 2.872869553195778280e+01 8.000000000000000000e+02
-4.700000000000000000e+01 -4.400000000000000000e+01 2.000000000000000000e+00 4.250100000000000000e+04 4.570600000000000000e+04 4.531900000000000000e+04 4.287300000000000000e+04 2.873833838797872886e+01 8.000000000000000000e+02
-7.000000000000000000e+00 0.000000000000000000e+00 -6.000000000000000000e+00 4.291100000000000000e+04 4.594000000000000000e+04 4.490000000000000000e+04 4.258000000000000000e+04 2.874849024100694805e+01 8.010000000000000000e+02
4.100000000000000000e+01 5.100000000000000000e+01 -9.000000000000000000e+00 4.368100000000000000e+04 4.572800000000000000e+04 4.418100000000000000e+04 4.286100000000000000e+04 2.875791020697215572e+01 8.010000000000000000e+02
7.400000000000000000e+01 8.600000000000000000e+01 -7.000000000000000000e+00 4.373700000000000000e+04 4.572800000000000000e+04 4.412400000000000000e+04 4.286700000000000000e+04 2.876748922100523487e+01 8.010000000000000000e+02
8.200000000000000000e+01 9.700000000000000000e+01 -5.000000000000000000e+00 4.403700000000000000e+04 4.570700000000000000e+04 4.378400000000000000e+04 4.286300000000000000e+04 2.877791389799676836e+01 8.010000000000000000e+02
9.100000000000000000e+01 7.300000000000000000e+01 -4.000000000000000000e+00 4.379300000000000000e+04 4.602000000000000000e+04 4.404300000000000000e+04 4.244400000000000000e+04 2.878732207097345963e+01 8.050000000000000000e+02
4.300000000000000000e+01 6.500000000000000000e+01 -8.000000000000000000e+00 4.286600000000000000e+04 4.551400000000000000e+04 4.450300000000000000e+04 4.274100000000000000e+04 2.879720049700699747e+01 8.050000000000000000e+02
4.100000000000000000e+01 4.600000000000000000e+01 5.000000000000000000e+00 4.317800000000000000e+04 4.542700000000000000e+04 4.408800000000000000e+04 4.263200000000000000e+04 2.880715006397804245e+01 8.050000000000000000e+02
-1.800000000000000000e+01 0.000000000000000000e+00 0.000000000000000000e+00 4.201700000000000000e+04 4.512500000000000000e+04 4.518000000000000000e+04 4.282400000000000000e+04 2.881719337700633332e+01 8.050000000000000000e+02
-7.000000000000000000e+00 -3.000000000000000000e+00 -9.000000000000000000e+00 4.248400000000000000e+04 4.545200000000000000e+04 4.465400000000000000e+04 4.256900000000000000e+04 2.882856537995394319e+01 8.050000000000000000e+02
-1.300000000000000000e+01 -4.100000000000000000e+01 2.000000000000000000e+00 4.221600000000000000e+04 4.597900000000000000e+04 4.492000000000000000e+04 4.185400000000000000e+04 2.883814159996109083e+01 8.040000000000000000e+02
-5.000000000000000000e+01 -2.400000000000000000e+01 -1.200000000000000000e+01 4.238400000000000000e+04 4.501700000000000000e+04 4.467400000000000000e+04 4.302100000000000000e+04 2.884781961300177500e+01 8.040000000000000000e+02
-3.500000000000000000e+01 -3.000000000000000000e+01 -1.500000000000000000e+01 4.252300000000000000e+04 4.538600000000000000e+04 4.437800000000000000e+04 4.267100000000000000e+04 2.885764416999882087e+01 8.040000000000000000e+02
3.000000000000000000e+00 5.000000000000000000e+00 -1.200000000000000000e+01 4.315500000000000000e+04 4.519600000000000000e+04 4.383300000000000000e+04 4.275600000000000000e+04 2.886712441797135398e+01 8.040000000000000000e+02
-1.800000000000000000e+01 -6.400000000000000000e+01 -1.200000000000000000e+01 4.175900000000000000e+04 4.583300000000000000e+04 4.509300000000000000e+04 4.199700000000000000e+04 2.887716493196785450e+01 8.040000000000000000e+02
3.000000000000000000e+00 -2.000000000000000000e+00 1.000000000000000000e+00 4.313100000000000000e+04 4.535400000000000000e+04 4.386100000000000000e+04 4.260700000000000000e+04 2.888795478199608624e+01 8.040000000000000000e+02
-2.600000000000000000e+01 -2.500000000000000000e+01 6.000000000000000000e+00 4.208400000000000000e+04 4.509900000000000000e+04 4.497900000000000000e+04 4.271000000000000000e+04 2.889841884595807642e+01 8.040000000000000000e+02
6.000000000000000000e+00 -3.000000000000000000e+01 0.000000000000000000e+00 4.283600000000000000e+04 4.584700000000000000e+04 4.420200000000000000e+04 4.189500000000000000e+04 2.890704010898480192e+01 8.040000000000000000e+02
1.400000000000000000e+01 -1.000000000000000000e+00 0.000000000000000000e+00 4.362900000000000000e+04 4.547400000000000000e+04 4.340400000000000000e+04 4.237600000000000000e+04 2.891788543300935999e+01 8.030000000000000000e+02
8.000000000000000000e+00 1.700000000000000000e+01 9.000000000000000000e+00 4.395600000000000000e+04 4.588200000000000000e+04 4.329900000000000000e+04 4.208100000000000000e+04 2.892854662699392065e+01 8.030000000000000000e+02
-4.400000000000000000e+01 -2.100000000000000000e+01 -6.000000000000000000e+00 4.277400000000000000e+04 4.586300000000000000e+04 4.435400000000000000e+04 4.218700000000000000e+04 2.893764578399714082e+01 8.030000000000000000e+02
-8.500000000000000000e+01 -6.000000000000000000e+00 -1.100000000000000000e+01 4.309300000000000000e+04 4.562800000000000000e+04 4.392500000000000000e+04 4.266200000000000000e+04 2.894768175098579377e+01 8.030000000000000000e+02
-1.390000000000000000e+02 -1.900000000000000000e+01 -1.500000000000000000e+01 4.268900000000000000e+04 4.545100000000000000e+04 4.448600000000000000e+04 4.283900000000000000e+04 2.895751984097296372e+01 8.030000000000000000e+02
-1.750000000000000000e+02 -6.900000000000000000e+01 -2.000000000000000000e+01 4.222500000000000000e+04 4.550100000000000000e+04 4.511500000000000000e+04 4.355400000000000000e+04 2.896745858195936307e+01 8.010000000000000000e+02
-2.340000000000000000e+02 -9.500000000000000000e+01 -9.000000000000000000e+00 4.212100000000000000e+04 4.516700000000000000e+04 4.553700000000000000e+04 4.364100000000000000e+04 2.897753346897661686e+01 8.010000000000000000e+02
-2.210000000000000000e+02 -6.700000000000000000e+01 -1.300000000000000000e+01 4.229200000000000000e+04 4.509200000000000000e+04 4.537500000000000000e+04 4.383800000000000000e+04 2.898713045800104737e+01 8.010000000000000000e+02
-2.210000000000000000e+02 -7.500000000000000000e+01 -2.500000000000000000e+01 4.293000000000000000e+04 4.507900000000000000e+04 4.482400000000000000e+04 4.384300000000000000e+04 2.899751662998460233e+01 8.010000000000000000e+02
-2.060000000000000000e+02 -8.700000000000000000e+01 -2.200000000000000000e+01 4.172100000000000000e+04 4.536200000000000000e+04 4.578500000000000000e+04 4.393700000000000000e+04 2.900756134698167443e+01 8.030000000000000000e+02
-1.620000000000000000e+02 -1.260000000000000000e+02 1.000000000000000000e+00 4.241000000000000000e+04 4.595500000000000000e+04 4.536400000000000000e+04 4.288700000000000000e+04 2.901845008297823370e+01 8.030000000000000000e+02
-1.160000000000000000e+02 -1.540000000000000000e+02 -9.000000000000000000e+00 4.189600000000000000e+04 4.568700000000000000e+04 4.584100000000000000e+04 4.325100000000000000e+04 2.902715764497406781e+01 8.030000000000000000e+02
-4.300000000000000000e+01 -1.740000000000000000e+02 -1.100000000000000000e+01 4.262800000000000000e+04 4.623900000000000000e+04 4.513400000000000000e+04 4.271000000000000000e+04 2.903757357696304098e+01 8.030000000000000000e+02
-2.700000000000000000e+01 -1.530000000000000000e+02 -2.400000000000000000e+01 4.320500000000000000e+04 4.598400000000000000e+04 4.444000000000000000e+04 4.314700000000000000e+04 2.904757689498364925e+01 8.030000000000000000e+02
2.400000000000000000e+01 -1.460000000000000000e+02 -1.700000000000000000e+01 4.366100000000000000e+04 4.633600000000000000e+04 4.399200000000000000e+04 4.269700000000000000e+04 2.905788959300843999e+01 8.030000000000000000e+02
7.700000000000000000e+01 -2.000000000000000000e+02 8.000000000000000000e+00 4.367500000000000000e+04 4.688100000000000000e+04 4.411300000000000000e+04 4.187500000000000000e+04 2.906734700500965118e+01 8.030000000000000000e+02
6.600000000000000000e+01 -1.990000000000000000e+02 4.000000000000000000e+00 4.318200000000000000e+04 4.638200000000000000e+04 4.483700000000000000e+04 4.211300000000000000e+04 2.907752415596041828e+01 8.030000000000000000e+02
3.900000000000000000e+01 -1.980000000000000000e+02 -4.000000000000000000e+00 4.250100000000000000e+04 4.673900000000000000e+04 4.543500000000000000e+04 4.162000000000000000e+04 2.908705368801020086e+01 8.080000000000000000e+02
-1.000000000000000000e+01 -2.170000000000000000e+02 6.000000000000000000e+00 4.226600000000000000e+04 4.646900000000000000e+04 4.517600000000000000e+04 4.143500000000000000e+04 2.909762740397127345e+01 8.080000000000000000e+02
-4.300000000000000000e+01 -2.430000000000000000e+02 7.000000000000000000e+00 4.239600000000000000e+04 4.638900000000000000e+04 4.515300000000000000e+04 4.141100000000000000e+04 2.910687030199915171e+01 8.080000000000000000e+02
-5.800000000000000000e+01 -2.270000000000000000e+02 7.000000000000000000e+00 4.240600000000000000e+04 4.605300000000000000e+04 4.507600000000000000e+04 4.189000000000000000e+04 2.911709705000976101e+01 8.080000000000000000e+02
-1.120000000000000000e+02 -1.940000000000000000e+02 0.000000000000000000e+00 4.151700000000000000e+04 4.518300000000000000e+04 4.590900000000000000e+04 4.278600000000000000e+04 2.912702598096802831e+01 8.080000000000000000e+02
-1.200000000000000000e+02 -1.680000000000000000e+02 -2.000000000000000000e+00 4.196100000000000000e+04 4.549500000000000000e+04 4.557900000000000000e+04 4.256000000000000000e+04 2.913751875696470961e+01 8.040000000000000000e+02
-9.800000000000000000e+01 -1.450000000000000000e+02 7.000000000000000000e+00 4.216600000000000000e+04 4.512700000000000000e+04 4.540000000000000000e+04 4.282800000000000000e+04 2.914699696999741718e+01 8.040000000000000000e+02
-1.190000000000000000e+02 -1.370000000000000000e+02 -2.000000000000000000e+00 4.179500000000000000e+04 4.492400000000000000e+04 4.552000000000000000e+04 4.288000000000000000e+04 2.915722261497285217e+01 8.040000000000000000e+02
-1.110000000000000000e+02 -1.230000000000000000e+02 -1.000000000000000000e+01 4.176300000000000000e+04 4.476500000000000000e+04 4.539500000000000000e+04 4.317700000000000000e+04 2.916759061999619007e+01 8.040000000000000000e+02
-9.400000000000000000e+01 -1.470000000000000000e+02 -1.000000000000000000e+01 4.160500000000000000e+04 4.517200000000000000e+04 4.544700000000000000e+04 4.288900000000000000e+04 2.917701696295989677e+01 8.050000000000000000e+02
-7.000000000000000000e+00 -1.760000000000000000e+02 5.000000000000000000e+00 4.249100000000000000e+04 4.570100000000000000e+04 4.464800000000000000e+04 4.239700000000000000e+04 2.918702638696413487e+01 8.050000000000000000e+02
3.400000000000000000e+01 -1.280000000000000000e+02 -1.900000000000000000e+01 4.281300000000000000e+04 4.564000000000000000e+04 4.446500000000000000e+04 4.239000000000000000e+04 2.919739224098157138e+01 8.050000000000000000e+02
4.900000000000000000e+01 -1.520000000000000000e+02 -2.000000000000000000e+01 4.209300000000000000e+04 4.596700000000000000e+04 4.484700000000000000e+04 4.221400000000000000e+04 2.920714864099863917e+01 8.050000000000000000e+02
9.900000000000000000e+01 -1.470000000000000000e+02 -1.600000000000000000e+01 4.249400000000000000e+04 4.622000000000000000e+04 4.424800000000000000e+04 4.202400000000000000e+04 2.921737923496402800e+01 8.000000000000000000e+02
1.390000000000000000e+02 -1.740000000000000000e+02 -1.500000000000000000e+01 4.300200000000000000e+04 4.695400000000000000e+04 4.429700000000000000e+04 4.174900000000000000e+04 2.922726975096156821e+01 8.000000000000000000e+02
1.170000000000000000e+02 -1.710000000000000000e+02 -3.000000000000000000e+01 4.196200000000000000e+04 4.675600000000000000e+04 4.524900000000000000e+04 4.203700000000000000e+04 2.923748578800586984e+01 8.000000000000000000e+02
1.480000000000000000e+02 -1.600000000000000000e+02 -4.000000000000000000e+00 4.341000000000000000e+04 4.703500000000000000e+04 4.402300000000000000e+04 4.187300000000000000e+04 2.924702128500211984e+01 8.000000000000000000e+02
1.370000000000000000e+02 -1.620000000000000000e+02 -1.900000000000000000e+01 4.309000000000000000e+04 4.626400000000000000e+04 4.462200000000000000e+04 4.258400000000000000e+04 2.925750339496880770e+01 8.000000000000000000e+02
7.200000000000000000e+01 -1.560000000000000000e+02 -3.000000000000000000e+01 4.215900000000000000e+04 4.660000000000000000e+04 4.558300000000000000e+04 4.282200000000000000e+04 2.926799651299370453e+01 8.000000000000000000e+02
6.300000000000000000e+01 -1.680000000000000000e+02 -2.900000000000000000e+01 4.259200000000000000e+04 4.689700000000000000e+04 4.513100000000000000e+04 4.253100000000000000e+04 2.927886266598943621e+01 8.000000000000000000e+02
4.500000000000000000e+01 -1.230000000000000000e+02 -2.300000000000000000e+01 4.299700000000000000e+04 4.606400000000000000e+04 4.486100000000000000e+04 4.360700000000000000e+04 2.928754980996018276e+01 8.000000000000000000e+02
6.300000000000000000e+01 -1.550000000000000000e+02 -1.500000000000000000e+01 4.248000000000000000e+04 4.686300000000000000e+04 4.529200000000000000e+04 4.268100000000000000e+04 2.929842092096805573e+01 8.000000000000000000e+02
3.400000000000000000e+01 -1.720000000000000000e+02 -2.100000000000000000e+01 4.266300000000000000e+04 4.646300000000000000e+04 4.530700000000000000e+04 4.300400000000000000e+04 2.930670166399795562e+01 8.030000000000000000e+02
3.700000000000000000e+01 -1.280000000000000000e+02 -1.600000000000000000e+01 4.278900000000000000e+04 4.628300000000000000e+04 4.510600000000000000e+04 4.313100000000000000e+04 2.931728786800522357e+01 8.030000000000000000e+02
6.200000000000000000e+01 -8.900000000000000000e+01 -1.200000000000000000e+01 4.361400000000000000e+04 4.619600000000000000e+04 4.439600000000000000e+04 4.326200000000000000e+04 2.932721802499145269e+01 8.030000000000000000e+02
4.600000000000000000e+01 -1.110000000000000000e+02 -1.300000000000000000e+01 4.243700000000000000e+04 4.652300000000000000e+04 4.544000000000000000e+04 4.294000000000000000e+04 2.933796503097983077e+01 8.030000000000000000e+02
4.100000000000000000e+01 -1.370000000000000000e+02 -2.500000000000000000e+01 4.236200000000000000e+04 4.677400000000000000e+04 4.529300000000000000e+04 4.274900000000000000e+04 2.934700220596278086e+01 8.010000000000000000e+02
7.300000000000000000e+01 -1.270000000000000000e+02 -1.100000000000000000e+01 4.271000000000000000e+04 4.675900000000000000e+04 4.505200000000000000e+04 4.266200000000000000e+04 2.935827854997478426e+01 8.010000000000000000e+02
4.300000000000000000e+01 -1.080000000000000000e+02 -2.100000000000000000e+01 4.205500000000000000e+04 4.647700000000000000e+04 4.553400000000000000e+04 4.289800000000000000e+04 2.936738518299534917e+01 8.010000000000000000e+02
6.200000000000000000e+01 -6.700000000000000000e+01 -3.400000000000000000e+01 4.350200000000000000e+04 4.606100000000000000e+04 4.395000000000000000e+04 4.328000000000000000e+04 2.937730278796516359e+01 8.010000000000000000e+02
9.400000000000000000e+01 -4.400000000000000000e+01 -3.600000000000000000e+01 4.338300000000000000e+04 4.670400000000000000e+04 4.398000000000000000e+04 4.284400000000000000e+04 2.938708052999572828e+01 8.010000000000000000e+02
7.400000000000000000e+01 -2.300000000000000000e+01 -3.400000000000000000e+01 4.239300000000000000e+04 4.599500000000000000e+04 4.445800000000000000e+04 4.372100000000000000e+04 2.939744806196540594e+01 8.020000000000000000e+02
8.600000000000000000e+01 0.000000000000000000e+00 -1.600000000000000000e+01 4.262900000000000000e+04 4.645700000000000000e+04 4.426600000000000000e+04 4.314900000000000000e+04 2.940805737295886502e+01 8.020000000000000000e+02
1.020000000000000000e+02 -8.000000000000000000e+00 -2.900000000000000000e+01 4.273400000000000000e+04 4.645500000000000000e+04 4.433100000000000000e+04 4.301600000000000000e+04 2.941754361399216577e+01 8.020000000000000000e+02
8.100000000000000000e+01 3.000000000000000000e+00 -2.700000000000000000e+01 4.261700000000000000e+04 4.613600000000000000e+04 4.437300000000000000e+04 4.341700000000000000e+04 2.942804000800242648e+01 8.020000000000000000e+02
8.500000000000000000e+01 1.500000000000000000e+01 -3.200000000000000000e+01 4.349000000000000000e+04 4.608500000000000000e+04 4.342500000000000000e+04 4.350600000000000000e+04 2.943744240497471765e+01 2.700000000000000000e+01
9.600000000000000000e+01 6.000000000000000000e+00 -2.600000000000000000e+01 4.409700000000000000e+04 4.697400000000000000e+04 4.517700000000000000e+04 4.479800000000000000e+04 2.944703122798819095e+01 2.700000000000000000e+01
8.200000000000000000e+01 -1.900000000000000000e+01 -1.000000000000000000e+01 4.409000000000000000e+04 4.729400000000000000e+04 4.546400000000000000e+04 4.458900000000000000e+04 2.945817279000766575e+01 2.700000000000000000e+01
5.200000000000000000e+01 -2.000000000000000000e+01 -1.800000000000000000e+01 4.365100000000000000e+04 4.725700000000000000e+04 4.600700000000000000e+04 4.472700000000000000e+04 2.946798474097158760e+01 2.700000000000000000e+01
6.800000000000000000e+01 -1.800000000000000000e+01 -2.000000000000000000e+01 4.398300000000000000e+04 4.749800000000000000e+04 4.581500000000000000e+04 4.445200000000000000e+04 2.947766020498238504e+01 1.900000000000000000e+01
8.800000000000000000e+01 2.300000000000000000e+01 -1.400000000000000000e+01 4.546900000000000000e+04 4.847700000000000000e+04 4.644300000000000000e+04 4.566700000000000000e+04 2.948797149496385828e+01 1.900000000000000000e+01
8.200000000000000000e+01 6.200000000000000000e+01 -1.700000000000000000e+01 4.557000000000000000e+04 4.828700000000000000e+04 4.630100000000000000e+04 4.592500000000000000e+04 2.949706484196940437e+01 1.900000000000000000e+01
9.900000000000000000e+01 1.020000000000000000e+02 -5.000000000000000000e+00 4.680000000000000000e+04 4.840800000000000000e+04 4.565700000000000000e+04 4.596300000000000000e+04 2.950833842001156881e+01 1.900000000000000000e+01
1.130000000000000000e+02 1.120000000000000000e+02 7.000000000000000000e+00 4.706200000000000000e+04 4.841900000000000000e+04 4.561500000000000000e+04 4.564800000000000000e+04 2.951812732598045841e+01 1.900000000000000000e+01
1.100000000000000000e+02 1.140000000000000000e+02 -1.900000000000000000e+01 4.580600000000000000e+04 4.692700000000000000e+04 4.406200000000000000e+04 4.466400000000000000e+04 2.952752539998618886e+01 5.700000000000000000e+01
8.000000000000000000e+01 1.310000000000000000e+02 1.400000000000000000e+01 4.566600000000000000e+04 4.683000000000000000e+04 4.394500000000000000e+04 4.473400000000000000e+04 2.953919577295891941e+01 5.700000000000000000e+01
5.200000000000000000e+01 1.480000000000000000e+02 1.600000000000000000e+01 4.552500000000000000e+04 4.601100000000000000e+04 4.398200000000000000e+04 4.454000000000000000e+04 2.954851188597967848e+01 5.700000000000000000e+01
-4.100000000000000000e+01 1.670000000000000000e+02 1.900000000000000000e+01 4.467200000000000000e+04 4.479600000000000000e+04 4.472300000000000000e+04 4.527200000000000000e+04 2.955704769201111048e+01 5.700000000000000000e+01
-1.280000000000000000e+02 1.570000000000000000e+02 2.000000000000000000e+01 4.374400000000000000e+04 4.448900000000000000e+04 4.555500000000000000e+04 4.501900000000000000e+04 2.956800537800882012e+01 5.500000000000000000e+01
-2.330000000000000000e+02 8.200000000000000000e+01 2.900000000000000000e+01 4.178300000000000000e+04 4.324500000000000000e+04 4.572600000000000000e+04 4.432300000000000000e+04 2.957761218899395317e+01 5.500000000000000000e+01
-2.740000000000000000e+02 -5.800000000000000000e+01 1.600000000000000000e+01 3.977000000000000000e+04 4.384000000000000000e+04 4.699900000000000000e+04 4.347900000000000000e+04 2.958790797798428684e+01 5.500000000000000000e+01
-2.340000000000000000e+02 -1.740000000000000000e+02 -5.000000000000000000e+00 3.883700000000000000e+04 4.534700000000000000e+04 4.731900000000000000e+04 4.183800000000000000e+04 2.959713876200839877e+01 5.500000000000000000e+01
-1.410000000000000000e+02 -2.240000000000000000e+02 -1.400000000000000000e+01 3.834800000000000000e+04 4.645100000000000000e+04 4.684200000000000000e+04 4.083400000000000000e+04 2.960700432298472151e+01 5.500000000000000000e+01
-7.600000000000000000e+01 -2.070000000000000000e+02 -1.000000000000000000e+01 3.822700000000000000e+04 4.560700000000000000e+04 4.550200000000000000e+04 4.046800000000000000e+04 2.962042219296563417e+01 6.000000000000000000e+01
-2.800000000000000000e+01 -1.120000000000000000e+02 5.000000000000000000e+00 3.896400000000000000e+04 4.498800000000000000e+04 4.472700000000000000e+04 4.063600000000000000e+04 2.962660902895731851e+01 6.000000000000000000e+01
2.800000000000000000e+01 -1.300000000000000000e+01 1.400000000000000000e+01 4.010200000000000000e+04 4.476300000000000000e+04 4.389900000000000000e+04 3.995800000000000000e+04 2.963647900195792317e+01 6.000000000000000000e+01
1.000000000000000000e+02 6.400000000000000000e+01 1.000000000000000000e+00 4.108500000000000000e+04 4.456700000000000000e+04 4.280800000000000000e+04 3.978600000000000000e+04 2.964700166997499764e+01 6.000000000000000000e+01
1.940000000000000000e+02 1.160000000000000000e+02 -4.000000000000000000e+00 4.187700000000000000e+04 4.493500000000000000e+04 4.157300000000000000e+04 3.956800000000000000e+04 2.965675394097343087e+01 6.400000000000000000e+01
2.910000000000000000e+02 2.680000000000000000e+02 -1.800000000000000000e+01 4.293800000000000000e+04 4.433400000000000000e+04 3.905400000000000000e+04 3.947400000000000000e+04 2.966741215198999271e+01 6.400000000000000000e+01
3.560000000000000000e+02 3.430000000000000000e+02 -2.200000000000000000e+01 4.367600000000000000e+04 4.443900000000000000e+04 3.770100000000000000e+04 3.954300000000000000e+04 2.967704912601038814e+01 6.400000000000000000e+01
3.410000000000000000e+02 4.200000000000000000e+02 -3.100000000000000000e+01 4.431400000000000000e+04 4.399000000000000000e+04 3.655900000000000000e+04 4.020900000000000000e+04 2.968647053895983845e+01 6.400000000000000000e+01
2.790000000000000000e+02 4.870000000000000000e+02 -2.600000000000000000e+01 4.447000000000000000e+04 4.287900000000000000e+04 3.619300000000000000e+04 4.146400000000000000e+04 2.969668137200642377e+01 6.900000000000000000e+01
1.570000000000000000e+02 4.770000000000000000e+02 -3.000000000000000000e+01 4.353400000000000000e+04 4.188000000000000000e+04 3.669300000000000000e+04 4.203900000000000000e+04 2.970668895100243390e+01 6.900000000000000000e+01
3.700000000000000000e+01 3.880000000000000000e+02 -2.000000000000000000e+01 4.169600000000000000e+04 4.198400000000000000e+04 3.893300000000000000e+04 4.193300000000000000e+04 2.971712922299047932e+01 6.900000000000000000e+01
-7.200000000000000000e+01 2.970000000000000000e+02 -2.400000000000000000e+01 4.108600000000000000e+04 4.151500000000000000e+04 4.007600000000000000e+04 4.203500000000000000e+04 2.972667719097808003e+01 6.900000000000000000e+01
-1.120000000000000000e+02 1.930000000000000000e+02 -4.000000000000000000e+00 4.033900000000000000e+04 4.221100000000000000e+04 4.109000000000000000e+04 4.120700000000000000e+04 2.973719467199407518e+01 6.900000000000000000e+01
-1.970000000000000000e+02 4.900000000000000000e+01 2.100000000000000000e+01 3.922200000000000000e+04 4.204800000000000000e+04 4.262300000000000000e+04 4.119600000000000000e+04 2.974658326100325212e+01 7.100000000000000000e+01
-2.190000000000000000e+02 -1.190000000000000000e+02 1.700000000000000000e+01 3.784600000000000000e+04 4.362500000000000000e+04 4.371300000000000000e+04 3.985600000000000000e+04 2.975757720298133790e+01 7.100000000000000000e+01
-2.280000000000000000e+02 -2.080000000000000000e+02 1.000000000000000000e+00 3.709500000000000000e+04 4.393400000000000000e+04 4.468100000000000000e+04 3.963600000000000000e+04 2.976655678596580401e+01 7.100000000000000000e+01
-2.390000000000000000e+02 -2.590000000000000000e+02 -1.500000000000000000e+01 3.768100000000000000e+04 4.364800000000000000e+04 4.485600000000000000e+04 3.946200000000000000e+04 2.977761058096075431e+01 7.100000000000000000e+01
-2.190000000000000000e+02 -1.440000000000000000e+02 -3.000000000000000000e+01 3.789300000000000000e+04 4.339000000000000000e+04 4.413100000000000000e+04 4.067000000000000000e+04 2.978643965598894283e+01 7.200000000000000000e+01
-1.540000000000000000e+02 -7.200000000000000000e+01 -2.800000000000000000e+01 3.824600000000000000e+04 4.442700000000000000e+04 4.417900000000000000e+04 4.026500000000000000e+04 2.979734649299643934e+01 7.200000000000000000e+01
-4.000000000000000000e+00 2.600000000000000000e+01 -1.900000000000000000e+01 4.100200000000000000e+04 4.463200000000000000e+04 4.198000000000000000e+04 4.014800000000000000e+04 2.980633048596791923e+01 7.200000000000000000e+01
1.000000000000000000e+02 2.000000000000000000e+00 -5.000000000000000000e+00 4.041500000000000000e+04 4.513600000000000000e+04 4.289400000000000000e+04 3.956500000000000000e+04 2.981749601295450702e+01 7.200000000000000000e+01
1.580000000000000000e+02 1.360000000000000000e+02 -2.700000000000000000e+01 4.177800000000000000e+04 4.522700000000000000e+04 4.160100000000000000e+04 3.985000000000000000e+04 2.982746200496330857e+01 7.200000000000000000e+01
2.010000000000000000e+02 2.630000000000000000e+02 -3.100000000000000000e+01 4.331300000000000000e+04 4.450600000000000000e+04 4.026500000000000000e+04 4.081200000000000000e+04 2.983802975300932303e+01 7.600000000000000000e+01
1.930000000000000000e+02 3.980000000000000000e+02 -8.000000000000000000e+00 4.388300000000000000e+04 4.368900000000000000e+04 3.970500000000000000e+04 4.207200000000000000e+04 2.984753028198610991e+01 7.600000000000000000e+01
1.760000000000000000e+02 4.480000000000000000e+02 0.000000000000000000e+00 4.415400000000000000e+04 4.341200000000000000e+04 3.984900000000000000e+04 4.254000000000000000e+04 2.985915992100490257e+01 7.600000000000000000e+01
1.140000000000000000e+02 4.500000000000000000e+02 1.900000000000000000e+01 4.434200000000000000e+04 4.329000000000000000e+04 4.023300000000000000e+04 4.279100000000000000e+04 2.986678723897784948e+01 7.600000000000000000e+01
-1.700000000000000000e+01 3.820000000000000000e+02 1.000000000000000000e+01 4.325300000000000000e+04 4.329800000000000000e+04 4.227000000000000000e+04 4.342700000000000000e+04 2.987746189895551652e+01 7.200000000000000000e+01
-1.320000000000000000e+02 2.150000000000000000e+02 1.700000000000000000e+01 4.226200000000000000e+04 4.396800000000000000e+04 4.363800000000000000e+04 4.312400000000000000e+04 2.988669718796154484e+01 7.200000000000000000e+01
-1.930000000000000000e+02 6.700000000000000000e+01 2.100000000000000000e+01 4.082200000000000000e+04 4.428700000000000000e+04 4.530700000000000000e+04 4.290200000000000000e+04 2.989808839996112511e+01 7.200000000000000000e+01
-1.820000000000000000e+02 -1.380000000000000000e+02 2.400000000000000000e+01 3.939300000000000000e+04 4.551900000000000000e+04 4.665100000000000000e+04 4.171300000000000000e+04 2.990699037798913196e+01 7.200000000000000000e+01
-1.830000000000000000e+02 -2.230000000000000000e+02 3.200000000000000000e+01 4.023200000000000000e+04 4.619600000000000000e+04 4.620700000000000000e+04 4.106800000000000000e+04 2.991842639399692416e+01 7.300000000000000000e+01
-1.800000000000000000e+02 -2.010000000000000000e+02 3.400000000000000000e+01 4.030200000000000000e+04 4.560100000000000000e+04 4.646200000000000000e+04 4.216800000000000000e+04 2.992617673700442538e+01 7.300000000000000000e+01
-2.140000000000000000e+02 -1.680000000000000000e+02 3.400000000000000000e+01 4.005100000000000000e+04 4.500100000000000000e+04 4.674100000000000000e+04 4.301500000000000000e+04 2.993821898696478456e+01 7.300000000000000000e+01
-1.660000000000000000e+02 -1.260000000000000000e+02 3.400000000000000000e+01 4.135900000000000000e+04 4.521800000000000000e+04 4.594500000000000000e+04 4.278400000000000000e+04 2.994665658596204594e+01 7.300000000000000000e+01
-5.000000000000000000e+01 -4.300000000000000000e+01 3.900000000000000000e+01 4.246700000000000000e+04 4.561000000000000000e+04 4.515300000000000000e+04 4.248800000000000000e+04 2.995813490496948361e+01 7.300000000000000000e+01
5.200000000000000000e+01 4.100000000000000000e+01 3.500000000000000000e+01 4.327900000000000000e+04 4.620300000000000000e+04 4.469300000000000000e+04 4.221100000000000000e+04 2.996804763301042840e+01 7.100000000000000000e+01
1.330000000000000000e+02 9.600000000000000000e+01 3.500000000000000000e+01 4.411000000000000000e+04 4.580700000000000000e+04 4.396000000000000000e+04 4.245400000000000000e+04 2.997677098697749898e+01 7.100000000000000000e+01
2.180000000000000000e+02 1.410000000000000000e+02 4.900000000000000000e+01 4.500300000000000000e+04 4.623800000000000000e+04 4.314900000000000000e+04 4.213100000000000000e+04 2.998723935999441892e+01 7.100000000000000000e+01
2.360000000000000000e+02 1.830000000000000000e+02 5.000000000000000000e+01 4.515100000000000000e+04 4.582400000000000000e+04 4.310200000000000000e+04 4.246700000000000000e+04 2.999826287798350677e+01 7.100000000000000000e+01
1.910000000000000000e+02 1.580000000000000000e+02 4.100000000000000000e+01 4.460300000000000000e+04 4.580200000000000000e+04 4.369700000000000000e+04 4.261700000000000000e+04 3.000748062197817490e+01 6.800000000000000000e+01
1.680000000000000000e+02 8.400000000000000000e+01 2.100000000000000000e+01 4.413800000000000000e+04 4.603300000000000000e+04 4.442400000000000000e+04 4.262800000000000000e+04 3.001854524697409943e+01 6.800000000000000000e+01
1.390000000000000000e+02 8.900000000000000000e+01 5.100000000000000000e+01 4.466700000000000000e+04 4.576500000000000000e+04 4.408400000000000000e+04 4.282800000000000000e+04 3.002684340497944504e+01 6.800000000000000000e+01
1.050000000000000000e+02 1.120000000000000000e+02 4.300000000000000000e+01 4.445100000000000000e+04 4.543200000000000000e+04 4.425400000000000000e+04 4.318700000000000000e+04 3.003887640096945688e+01 6.800000000000000000e+01
7.400000000000000000e+01 1.460000000000000000e+02 4.400000000000000000e+01 4.458200000000000000e+04 4.556800000000000000e+04 4.414800000000000000e+04 4.299200000000000000e+04 3.004631037201033905e+01 6.800000000000000000e+01
-2.200000000000000000e+01 1.520000000000000000e+02 3.700000000000000000e+01 4.477700000000000000e+04 4.532100000000000000e+04 4.495300000000000000e+04 4.420100000000000000e+04 3.005709947296418250e+01 5.700000000000000000e+01
-1.350000000000000000e+02 1.620000000000000000e+02 5.800000000000000000e+01 4.407300000000000000e+04 4.456700000000000000e+04 4.592000000000000000e+04 4.507000000000000000e+04 3.006722416100092232e+01 5.700000000000000000e+01
-2.090000000000000000e+02 1.250000000000000000e+02 3.700000000000000000e+01 4.359200000000000000e+04 4.474500000000000000e+04 4.632800000000000000e+04 4.492000000000000000e+04 3.007761148596182466e+01 5.700000000000000000e+01
-2.350000000000000000e+02 -4.000000000000000000e+00 2.600000000000000000e+01 4.286900000000000000e+04 4.534100000000000000e+04 4.691700000000000000e+04 4.448700000000000000e+04 3.008674105099635199e+01 5.700000000000000000e+01
-2.610000000000000000e+02 -1.070000000000000000e+02 4.300000000000000000e+01 4.221600000000000000e+04 4.537100000000000000e+04 4.794200000000000000e+04 4.479200000000000000e+04 3.009700379997957498e+01 5.500000000000000000e+01
-2.220000000000000000e+02 -1.780000000000000000e+02 3.500000000000000000e+01 4.248000000000000000e+04 4.669200000000000000e+04 4.762500000000000000e+04 4.354100000000000000e+04 3.010699333297088742e+01 5.500000000000000000e+01
-1.440000000000000000e+02 -1.230000000000000000e+02 2.400000000000000000e+01 4.337800000000000000e+04 4.642600000000000000e+04 4.707900000000000000e+04 4.382800000000000000e+04 3.011663986300118268e+01 5.500000000000000000e+01
-9.400000000000000000e+01 -3.300000000000000000e+01 9.000000000000000000e+00 4.420400000000000000e+04 4.622000000000000000e+04 4.597400000000000000e+04 4.398900000000000000e+04 3.012636024499079213e+01 5.500000000000000000e+01
-2.300000000000000000e+01 5.000000000000000000e+01 0.000000000000000000e+00 4.406700000000000000e+04 4.663400000000000000e+04 4.594900000000000000e+04 4.343300000000000000e+04 3.013700920197879896e+01 5.300000000000000000e+01
4.900000000000000000e+01 1.430000000000000000e+02 2.000000000000000000e+00 4.452500000000000000e+04 4.576700000000000000e+04 4.555600000000000000e+04 4.444700000000000000e+04 3.014653578295838088e+01 5.300000000000000000e+01
1.170000000000000000e+02 1.970000000000000000e+02 -5.000000000000000000e+00 4.591600000000000000e+04 4.549700000000000000e+04 4.390900000000000000e+04 4.455600000000000000e+04 3.015659191296435893e+01 5.300000000000000000e+01
1.800000000000000000e+02 2.180000000000000000e+02 1.000000000000000000e+00 4.569600000000000000e+04 4.571500000000000000e+04 4.397900000000000000e+04 4.407800000000000000e+04 3.016718313796445727e+01 5.300000000000000000e+01
2.460000000000000000e+02 2.030000000000000000e+02 1.900000000000000000e+01 4.560500000000000000e+04 4.592300000000000000e+04 4.368400000000000000e+04 4.363100000000000000e+04 3.017723099398426712e+01 5.300000000000000000e+01
2.760000000000000000e+02 1.690000000000000000e+02 2.800000000000000000e+01 4.640600000000000000e+04 4.567300000000000000e+04 4.297600000000000000e+04 4.357300000000000000e+04 3.018664556398289278e+01 5.100000000000000000e+01
2.320000000000000000e+02 1.060000000000000000e+02 1.100000000000000000e+01 4.554800000000000000e+04 4.598300000000000000e+04 4.378000000000000000e+04 4.309700000000000000e+04 3.019639272300992161e+01 5.100000000000000000e+01
1.470000000000000000e+02 -4.800000000000000000e+01 4.000000000000000000e+01 4.425800000000000000e+04 4.648700000000000000e+04 4.499000000000000000e+04 4.200800000000000000e+04 3.020619502500630915e+01 5.100000000000000000e+01
2.800000000000000000e+01 -1.660000000000000000e+02 4.300000000000000000e+01 4.306700000000000000e+04 4.603700000000000000e+04 4.595100000000000000e+04 4.240800000000000000e+04 3.021686474198941141e+01 5.100000000000000000e+01
-7.000000000000000000e+01 -2.500000000000000000e+02 4.000000000000000000e+01 4.219900000000000000e+04 4.653900000000000000e+04 4.706400000000000000e+04 4.216400000000000000e+04 3.022641815699171275e+01 4.500000000000000000e+01
-1.310000000000000000e+02 -2.560000000000000000e+02 3.400000000000000000e+01 4.169100000000000000e+04 4.558800000000000000e+04 4.735200000000000000e+04 4.300600000000000000e+04 3.023673424200387672e+01 4.500000000000000000e+01
-1.820000000000000000e+02 -2.160000000000000000e+02 3.300000000000000000e+01 4.185300000000000000e+04 4.601000000000000000e+04 4.701000000000000000e+04 4.239700000000000000e+04 3.024614191800355911e+01 4.500000000000000000e+01
-2.050000000000000000e+02 -1.170000000000000000e+02 1.300000000000000000e+01 4.240200000000000000e+04 4.490600000000000000e+04 4.647100000000000000e+04 4.347600000000000000e+04 3.025669478095369413e+01 4.500000000000000000e+01
-1.830000000000000000e+02 -3.100000000000000000e+01 4.000000000000000000e+01 4.254700000000000000e+04 4.491600000000000000e+04 4.632100000000000000e+04 4.330900000000000000e+04 3.026673387398477644e+01 4.600000000000000000e+01
-1.280000000000000000e+02 7.100000000000000000e+01 4.100000000000000000e+01 4.421600000000000000e+04 4.429800000000000000e+04 4.494000000000000000e+04 4.384700000000000000e+04 3.027656368399038911e+01 4.600000000000000000e+01
-5.400000000000000000e+01 1.750000000000000000e+02 5.600000000000000000e+01 4.430100000000000000e+04 4.416400000000000000e+04 4.466800000000000000e+04 4.348900000000000000e+04 3.028705623396672308e+01 4.600000000000000000e+01
5.000000000000000000e+00 2.140000000000000000e+02 7.300000000000000000e+01 4.454100000000000000e+04 4.440100000000000000e+04 4.423000000000000000e+04 4.295600000000000000e+04 3.029644818400265649e+01 4.600000000000000000e+01
1.700000000000000000e+01 2.350000000000000000e+02 4.600000000000000000e+01 4.476400000000000000e+04 4.359400000000000000e+04 4.363900000000000000e+04 4.376300000000000000e+04 3.030673868197482079e+01 4.600000000000000000e+01
4.100000000000000000e+01 2.280000000000000000e+02 6.200000000000000000e+01 4.441400000000000000e+04 4.371100000000000000e+04 4.405800000000000000e+04 4.307600000000000000e+04 3.031664813100360334e+01 4.800000000000000000e+01
3.000000000000000000e+01 1.670000000000000000e+02 4.600000000000000000e+01 4.407500000000000000e+04 4.384700000000000000e+04 4.402400000000000000e+04 4.294300000000000000e+04 3.032661098899552599e+01 4.800000000000000000e+01
9.600000000000000000e+01 1.460000000000000000e+02 5.200000000000000000e+01 4.527500000000000000e+04 4.380000000000000000e+04 4.270200000000000000e+04 4.272300000000000000e+04 3.033647619496332482e+01 4.800000000000000000e+01
1.010000000000000000e+02 9.300000000000000000e+01 6.400000000000000000e+01 4.412300000000000000e+04 4.437500000000000000e+04 4.384600000000000000e+04 4.160200000000000000e+04 3.034628849598811939e+01 4.800000000000000000e+01
6.700000000000000000e+01 1.600000000000000000e+01 5.800000000000000000e+01 4.368600000000000000e+04 4.395200000000000000e+04 4.380300000000000000e+04 4.161200000000000000e+04 3.035653687495505437e+01 5.200000000000000000e+01
1.000000000000000000e+00 -1.110000000000000000e+02 6.100000000000000000e+01 4.193200000000000000e+04 4.399000000000000000e+04 4.526700000000000000e+04 4.119600000000000000e+04 3.036614591098623350e+01 5.200000000000000000e+01
-1.000000000000000000e+00 -2.150000000000000000e+02 7.900000000000000000e+01 4.115800000000000000e+04 4.506600000000000000e+04 4.593900000000000000e+04 3.973100000000000000e+04 3.037635804299497977e+01 5.200000000000000000e+01
2.000000000000000000e+00 -2.680000000000000000e+02 7.300000000000000000e+01 4.164500000000000000e+04 4.483800000000000000e+04 4.564100000000000000e+04 3.976500000000000000e+04 3.038757678499678150e+01 5.200000000000000000e+01
