-6.400000000000000000e+01 1.700000000000000000e+01 -1.200000000000000000e+01 4.165900000000000000e+04 4.444300000000000000e+04 4.481100000000000000e+04 4.172500000000000000e+04 3.159596964000957087e+01 8.010000000000000000e+02
-4.900000000000000000e+01 1.500000000000000000e+01 -1.400000000000000000e+01 4.189500000000000000e+04 4.444200000000000000e+04 4.455500000000000000e+04 4.169600000000000000e+04 3.160499095299746841e+01 8.010000000000000000e+02
-2.300000000000000000e+01 2.200000000000000000e+01 -1.200000000000000000e+01 4.202700000000000000e+04 4.469400000000000000e+04 4.436000000000000000e+04 4.145000000000000000e+04 3.161535033304244280e+01 8.010000000000000000e+02
-2.400000000000000000e+01 8.000000000000000000e+00 -2.000000000000000000e+00 4.210200000000000000e+04 4.476900000000000000e+04 4.429000000000000000e+04 4.133900000000000000e+04 3.162568155804183334e+01 8.010000000000000000e+02
-2.500000000000000000e+01 3.100000000000000000e+01 -3.000000000000000000e+00 4.193000000000000000e+04 4.453600000000000000e+04 4.457400000000000000e+04 4.158300000000000000e+04 3.163523044303292409e+01 8.010000000000000000e+02
-3.100000000000000000e+01 2.700000000000000000e+01 -4.000000000000000000e+00 4.157800000000000000e+04 4.439000000000000000e+04 4.489600000000000000e+04 4.163900000000000000e+04 3.164486178604420274e+01 8.010000000000000000e+02
3.000000000000000000e+01 4.200000000000000000e+01 -3.000000000000000000e+00 4.238200000000000000e+04 4.445700000000000000e+04 4.401600000000000000e+04 4.162400000000000000e+04 3.165501335199223831e+01 8.010000000000000000e+02
4.000000000000000000e+00 2.900000000000000000e+01 8.000000000000000000e+00 4.213300000000000000e+04 4.462000000000000000e+04 4.431300000000000000e+04 4.133400000000000000e+04 3.166631759400479496e+01 8.010000000000000000e+02
-2.500000000000000000e+01 3.200000000000000000e+01 -4.000000000000000000e+00 4.197700000000000000e+04 4.469700000000000000e+04 4.468300000000000000e+04 4.148900000000000000e+04 3.167453665804350749e+01 7.990000000000000000e+02
-4.000000000000000000e+00 3.900000000000000000e+01 2.000000000000000000e+00 4.189700000000000000e+04 4.447500000000000000e+04 4.467900000000000000e+04 4.172000000000000000e+04 3.168473595503019169e+01 7.990000000000000000e+02
-3.000000000000000000e+00 2.100000000000000000e+01 1.700000000000000000e+01 4.220200000000000000e+04 4.422100000000000000e+04 4.442100000000000000e+04 4.198800000000000000e+04 3.169542730902321637e+01 7.990000000000000000e+02
1.300000000000000000e+01 1.000000000000000000e+01 1.300000000000000000e+01 4.246400000000000000e+04 4.471600000000000000e+04 4.414200000000000000e+04 4.148900000000000000e+04 3.170492099400144070e+01 7.990000000000000000e+02
4.000000000000000000e+00 1.000000000000000000e+01 9.000000000000000000e+00 4.244900000000000000e+04 4.463300000000000000e+04 4.423400000000000000e+04 4.154200000000000000e+04 3.171535536501323804e+01 8.010000000000000000e+02
8.000000000000000000e+00 3.200000000000000000e+01 2.000000000000000000e+00 4.260100000000000000e+04 4.479200000000000000e+04 4.421200000000000000e+04 4.131000000000000000e+04 3.172574852802790701e+01 8.010000000000000000e+02
2.600000000000000000e+01 2.000000000000000000e+01 1.100000000000000000e+01 4.202600000000000000e+04 4.443500000000000000e+04 4.488300000000000000e+04 4.155900000000000000e+04 3.173536265699658543e+01 8.010000000000000000e+02
3.500000000000000000e+01 7.000000000000000000e+00 3.000000000000000000e+00 4.253900000000000000e+04 4.432500000000000000e+04 4.428200000000000000e+04 4.184600000000000000e+04 3.174480768002104014e+01 8.010000000000000000e+02
2.300000000000000000e+01 4.000000000000000000e+00 9.000000000000000000e+00 4.240100000000000000e+04 4.470200000000000000e+04 4.433200000000000000e+04 4.146100000000000000e+04 3.175517479202244431e+01 8.000000000000000000e+02
1.100000000000000000e+01 2.000000000000000000e+01 7.000000000000000000e+00 4.213500000000000000e+04 4.487200000000000000e+04 4.473500000000000000e+04 4.130600000000000000e+04 3.176471196301281452e+01 8.000000000000000000e+02
3.200000000000000000e+01 -1.600000000000000000e+01 -8.000000000000000000e+00 4.206700000000000000e+04 4.493400000000000000e+04 4.470700000000000000e+04 4.125300000000000000e+04 3.177499522402649745e+01 8.000000000000000000e+02
3.100000000000000000e+01 -2.500000000000000000e+01 0.000000000000000000e+00 4.223900000000000000e+04 4.459700000000000000e+04 4.447300000000000000e+04 4.164900000000000000e+04 3.178493188100401312e+01 8.000000000000000000e+02
1.900000000000000000e+01 5.000000000000000000e+00 -9.000000000000000000e+00 4.228800000000000000e+04 4.476700000000000000e+04 4.453600000000000000e+04 4.166500000000000000e+04 3.179609669704223052e+01 8.000000000000000000e+02
-5.000000000000000000e+00 -1.000000000000000000e+01 1.200000000000000000e+01 4.213500000000000000e+04 4.463300000000000000e+04 4.450600000000000000e+04 4.146600000000000000e+04 3.180539244704414159e+01 8.030000000000000000e+02
4.000000000000000000e+00 1.700000000000000000e+01 -3.000000000000000000e+00 4.202600000000000000e+04 4.440000000000000000e+04 4.461900000000000000e+04 4.172000000000000000e+04 3.181514490302652121e+01 8.030000000000000000e+02
-3.100000000000000000e+01 1.600000000000000000e+01 6.000000000000000000e+00 4.244800000000000000e+04 4.426000000000000000e+04 4.422600000000000000e+04 4.187800000000000000e+04 3.182559798704460263e+01 8.030000000000000000e+02
-2.900000000000000000e+01 4.100000000000000000e+01 8.000000000000000000e+00 4.194300000000000000e+04 4.425500000000000000e+04 4.472900000000000000e+04 4.183600000000000000e+04 3.183514186402317137e+01 8.030000000000000000e+02
-4.300000000000000000e+01 2.400000000000000000e+01 1.000000000000000000e+00 4.221700000000000000e+04 4.425800000000000000e+04 4.453700000000000000e+04 4.183900000000000000e+04 3.184556412702659145e+01 8.010000000000000000e+02
-3.900000000000000000e+01 -1.700000000000000000e+01 9.000000000000000000e+00 4.201400000000000000e+04 4.445900000000000000e+04 4.479400000000000000e+04 4.177600000000000000e+04 3.185535853204783052e+01 8.010000000000000000e+02
-3.000000000000000000e+01 -1.600000000000000000e+01 1.400000000000000000e+01 4.176800000000000000e+04 4.418200000000000000e+04 4.516000000000000000e+04 4.211800000000000000e+04 3.186483760102419183e+01 8.010000000000000000e+02
-4.200000000000000000e+01 -2.300000000000000000e+01 1.100000000000000000e+01 4.195100000000000000e+04 4.409000000000000000e+04 4.491800000000000000e+04 4.227600000000000000e+04 3.187514211400412023e+01 8.010000000000000000e+02
-9.000000000000000000e+00 -4.000000000000000000e+01 1.200000000000000000e+01 4.198900000000000000e+04 4.458200000000000000e+04 4.478000000000000000e+04 4.181000000000000000e+04 3.188472654303768650e+01 8.020000000000000000e+02
-4.700000000000000000e+01 -2.800000000000000000e+01 -1.500000000000000000e+01 4.132200000000000000e+04 4.412800000000000000e+04 4.542600000000000000e+04 4.219300000000000000e+04 3.189466744603123516e+01 8.020000000000000000e+02
0.000000000000000000e+00 -2.300000000000000000e+01 -8.000000000000000000e+00 4.230600000000000000e+04 4.492300000000000000e+04 4.436400000000000000e+04 4.153600000000000000e+04 3.190501640003640205e+01 8.020000000000000000e+02
1.900000000000000000e+01 -4.100000000000000000e+01 -2.000000000000000000e+00 4.217300000000000000e+04 4.501100000000000000e+04 4.460600000000000000e+04 4.126900000000000000e+04 3.191532365803141147e+01 8.020000000000000000e+02
2.400000000000000000e+01 3.000000000000000000e+00 -2.000000000000000000e+01 4.206800000000000000e+04 4.447200000000000000e+04 4.461400000000000000e+04 4.196900000000000000e+04 3.192508394201286137e+01 8.040000000000000000e+02
4.800000000000000000e+01 5.000000000000000000e+00 -2.000000000000000000e+01 4.195200000000000000e+04 4.470400000000000000e+04 4.438800000000000000e+04 4.142000000000000000e+04 3.193495899002300575e+01 8.040000000000000000e+02
3.000000000000000000e+01 2.000000000000000000e+00 -2.500000000000000000e+01 4.180100000000000000e+04 4.437100000000000000e+04 4.438000000000000000e+04 4.178600000000000000e+04 3.194473045604536310e+01 8.040000000000000000e+02
5.000000000000000000e+01 1.600000000000000000e+01 -2.900000000000000000e+01 4.208300000000000000e+04 4.426500000000000000e+04 4.406600000000000000e+04 4.186500000000000000e+04 3.195510535303037614e+01 8.040000000000000000e+02
2.900000000000000000e+01 1.400000000000000000e+01 -2.400000000000000000e+01 4.197000000000000000e+04 4.487000000000000000e+04 4.372100000000000000e+04 4.153400000000000000e+04 3.196427341899834573e+01 8.040000000000000000e+02
1.500000000000000000e+01 2.400000000000000000e+01 -2.000000000000000000e+01 4.178500000000000000e+04 4.444900000000000000e+04 4.407600000000000000e+04 4.154900000000000000e+04 3.197584795701550320e+01 8.040000000000000000e+02
3.000000000000000000e+00 2.000000000000000000e+00 -2.500000000000000000e+01 4.101100000000000000e+04 4.485300000000000000e+04 4.434600000000000000e+04 4.154900000000000000e+04 3.198474865499883890e+01 8.040000000000000000e+02
-3.000000000000000000e+00 5.000000000000000000e+00 -1.400000000000000000e+01 4.119600000000000000e+04 4.441100000000000000e+04 4.459500000000000000e+04 4.152600000000000000e+04 3.199440340301953256e+01 8.040000000000000000e+02
-4.000000000000000000e+00 1.600000000000000000e+01 -1.000000000000000000e+01 4.134800000000000000e+04 4.445400000000000000e+04 4.416200000000000000e+04 4.183300000000000000e+04 3.200509581499500200e+01 8.040000000000000000e+02
-1.500000000000000000e+01 2.000000000000000000e+01 -9.000000000000000000e+00 4.158000000000000000e+04 4.439900000000000000e+04 4.432100000000000000e+04 4.160800000000000000e+04 3.201450045604724437e+01 8.040000000000000000e+02
-2.200000000000000000e+01 1.600000000000000000e+01 -1.400000000000000000e+01 4.164900000000000000e+04 4.416300000000000000e+04 4.391200000000000000e+04 4.210100000000000000e+04 3.202502487401943654e+01 8.040000000000000000e+02
-2.700000000000000000e+01 1.900000000000000000e+01 -2.100000000000000000e+01 4.203200000000000000e+04 4.398100000000000000e+04 4.410300000000000000e+04 4.199300000000000000e+04 3.203459686704445630e+01 8.040000000000000000e+02
-1.200000000000000000e+01 1.000000000000000000e+01 0.000000000000000000e+00 4.189100000000000000e+04 4.433000000000000000e+04 4.436400000000000000e+04 4.159100000000000000e+04 3.204467350302729756e+01 8.040000000000000000e+02
-3.500000000000000000e+01 3.000000000000000000e+00 -7.000000000000000000e+00 4.156200000000000000e+04 4.382900000000000000e+04 4.445300000000000000e+04 4.232200000000000000e+04 3.205520050902850926e+01 8.030000000000000000e+02
-9.000000000000000000e+00 6.000000000000000000e+00 -7.000000000000000000e+00 4.216100000000000000e+04 4.419900000000000000e+04 4.411600000000000000e+04 4.203200000000000000e+04 3.206566448300145566e+01 8.030000000000000000e+02
1.100000000000000000e+01 -2.400000000000000000e+01 -7.000000000000000000e+00 4.211700000000000000e+04 4.419000000000000000e+04 4.422300000000000000e+04 4.204800000000000000e+04 3.207566039002267644e+01 8.030000000000000000e+02
5.200000000000000000e+01 -5.200000000000000000e+01 -3.000000000000000000e+00 4.179300000000000000e+04 4.490300000000000000e+04 4.461300000000000000e+04 4.139900000000000000e+04 3.208541319903451949e+01 8.030000000000000000e+02
7.400000000000000000e+01 -6.800000000000000000e+01 -3.000000000000000000e+00 4.167600000000000000e+04 4.494400000000000000e+04 4.474900000000000000e+04 4.132400000000000000e+04 3.209463213803246617e+01 8.030000000000000000e+02
6.300000000000000000e+01 -7.700000000000000000e+01 -1.000000000000000000e+00 4.194600000000000000e+04 4.476700000000000000e+04 4.452100000000000000e+04 4.184400000000000000e+04 3.210536951204994693e+01 8.030000000000000000e+02
4.100000000000000000e+01 -6.300000000000000000e+01 -1.700000000000000000e+01 4.196500000000000000e+04 4.479500000000000000e+04 4.455200000000000000e+04 4.179000000000000000e+04 3.211503150401404127e+01 8.030000000000000000e+02
2.800000000000000000e+01 -5.300000000000000000e+01 -7.000000000000000000e+00 4.196200000000000000e+04 4.469000000000000000e+04 4.458200000000000000e+04 4.193900000000000000e+04 3.212493178102886304e+01 8.030000000000000000e+02
1.200000000000000000e+01 -3.900000000000000000e+01 -6.000000000000000000e+00 4.209700000000000000e+04 4.482900000000000000e+04 4.446700000000000000e+04 4.187600000000000000e+04 3.213434828899335116e+01 8.030000000000000000e+02
-1.000000000000000000e+00 -1.300000000000000000e+01 -1.100000000000000000e+01 4.207300000000000000e+04 4.519000000000000000e+04 4.455400000000000000e+04 4.160100000000000000e+04 3.214484320802148432e+01 8.030000000000000000e+02
-1.700000000000000000e+01 -5.000000000000000000e+00 -1.800000000000000000e+01 4.224500000000000000e+04 4.478500000000000000e+04 4.444700000000000000e+04 4.211900000000000000e+04 3.215452550002373755e+01 8.030000000000000000e+02
-1.400000000000000000e+01 2.400000000000000000e+01 -1.400000000000000000e+01 4.218300000000000000e+04 4.450300000000000000e+04 4.452600000000000000e+04 4.247800000000000000e+04 3.216482064803130925e+01 8.030000000000000000e+02
-4.000000000000000000e+01 3.200000000000000000e+01 -1.700000000000000000e+01 4.226800000000000000e+04 4.459400000000000000e+04 4.445800000000000000e+04 4.237600000000000000e+04 3.217493389500305057e+01 8.030000000000000000e+02
-4.100000000000000000e+01 2.600000000000000000e+01 -8.000000000000000000e+00 4.203400000000000000e+04 4.457800000000000000e+04 4.474200000000000000e+04 4.238600000000000000e+04 3.218459621001966298e+01 8.020000000000000000e+02
-4.400000000000000000e+01 2.900000000000000000e+01 -1.700000000000000000e+01 4.189700000000000000e+04 4.476500000000000000e+04 4.495300000000000000e+04 4.238800000000000000e+04 3.219436841103015468e+01 8.020000000000000000e+02
-1.300000000000000000e+01 5.000000000000000000e+00 -3.000000000000000000e+00 4.226300000000000000e+04 4.462000000000000000e+04 4.462600000000000000e+04 4.248200000000000000e+04 3.220443671499378979e+01 8.020000000000000000e+02
-1.100000000000000000e+01 7.000000000000000000e+00 -2.200000000000000000e+01 4.208400000000000000e+04 4.472900000000000000e+04 4.467100000000000000e+04 4.246100000000000000e+04 3.221506033500190824e+01 8.020000000000000000e+02
-2.500000000000000000e+01 -1.400000000000000000e+01 -3.000000000000000000e+01 4.167500000000000000e+04 4.488000000000000000e+04 4.518100000000000000e+04 4.240700000000000000e+04 3.222446525201667100e+01 8.020000000000000000e+02
-4.000000000000000000e+00 -1.800000000000000000e+01 -3.100000000000000000e+01 4.214400000000000000e+04 4.553700000000000000e+04 4.484100000000000000e+04 4.224900000000000000e+04 3.223488679504953325e+01 7.980000000000000000e+02
-3.000000000000000000e+00 -8.000000000000000000e+00 -3.800000000000000000e+01 4.170400000000000000e+04 4.533000000000000000e+04 4.529400000000000000e+04 4.250700000000000000e+04 3.224456429999554530e+01 7.980000000000000000e+02
2.500000000000000000e+01 -2.600000000000000000e+01 -2.000000000000000000e+00 4.244000000000000000e+04 4.577000000000000000e+04 4.504800000000000000e+04 4.190100000000000000e+04 3.225444668903946877e+01 7.980000000000000000e+02
1.500000000000000000e+01 2.200000000000000000e+01 -3.000000000000000000e+01 4.235100000000000000e+04 4.502500000000000000e+04 4.497100000000000000e+04 4.290500000000000000e+04 3.226478742901235819e+01 7.980000000000000000e+02
5.100000000000000000e+01 4.500000000000000000e+01 -1.100000000000000000e+01 4.291900000000000000e+04 4.520600000000000000e+04 4.423700000000000000e+04 4.221300000000000000e+04 3.227489408699329942e+01 8.030000000000000000e+02
5.700000000000000000e+01 4.100000000000000000e+01 1.000000000000000000e+00 4.247900000000000000e+04 4.527900000000000000e+04 4.454300000000000000e+04 4.216300000000000000e+04 3.228484691103221849e+01 8.030000000000000000e+02
4.800000000000000000e+01 9.500000000000000000e+01 -2.400000000000000000e+01 4.287400000000000000e+04 4.469300000000000000e+04 4.404500000000000000e+04 4.270600000000000000e+04 3.229433958203298971e+01 8.030000000000000000e+02
4.200000000000000000e+01 7.800000000000000000e+01 -9.000000000000000000e+00 4.264000000000000000e+04 4.494200000000000000e+04 4.424800000000000000e+04 4.238700000000000000e+04 3.230461763299535960e+01 8.030000000000000000e+02
1.000000000000000000e+00 7.000000000000000000e+01 -6.000000000000000000e+00 4.218600000000000000e+04 4.462700000000000000e+04 4.462000000000000000e+04 4.262200000000000000e+04 3.231485594500554726e+01 7.980000000000000000e+02
1.000000000000000000e+00 5.800000000000000000e+01 -1.000000000000000000e+01 4.237400000000000000e+04 4.473000000000000000e+04 4.462300000000000000e+04 4.270600000000000000e+04 3.232432049600174651e+01 7.980000000000000000e+02
4.000000000000000000e+00 4.600000000000000000e+01 -8.000000000000000000e+00 4.242900000000000000e+04 4.501800000000000000e+04 4.449100000000000000e+04 4.249100000000000000e+04 3.233565303904470056e+01 7.980000000000000000e+02
1.000000000000000000e+00 1.000000000000000000e+01 -2.000000000000000000e+00 4.222300000000000000e+04 4.509100000000000000e+04 4.451100000000000000e+04 4.259200000000000000e+04 3.234437136701308191e+01 7.980000000000000000e+02
2.000000000000000000e+00 -8.000000000000000000e+00 -1.800000000000000000e+01 4.215900000000000000e+04 4.497900000000000000e+04 4.479700000000000000e+04 4.243700000000000000e+04 3.235487496899440885e+01 7.970000000000000000e+02
3.200000000000000000e+01 -2.800000000000000000e+01 -2.000000000000000000e+00 4.216100000000000000e+04 4.577000000000000000e+04 4.485600000000000000e+04 4.187500000000000000e+04 3.236470222700154409e+01 7.970000000000000000e+02
3.000000000000000000e+00 7.000000000000000000e+00 -1.000000000000000000e+01 4.223800000000000000e+04 4.492500000000000000e+04 4.490100000000000000e+04 4.272900000000000000e+04 3.237479027203517035e+01 7.970000000000000000e+02
3.200000000000000000e+01 -7.000000000000000000e+00 1.000000000000000000e+00 4.259800000000000000e+04 4.590400000000000000e+04 4.453600000000000000e+04 4.193700000000000000e+04 3.238432001799810678e+01 7.970000000000000000e+02
1.100000000000000000e+01 1.000000000000000000e+01 -5.000000000000000000e+00 4.234100000000000000e+04 4.493900000000000000e+04 4.488900000000000000e+04 4.258400000000000000e+04 3.239553848502691835e+01 7.970000000000000000e+02
9.000000000000000000e+00 8.000000000000000000e+00 2.000000000000000000e+00 4.250100000000000000e+04 4.544100000000000000e+04 4.509700000000000000e+04 4.246700000000000000e+04 3.240502380800899118e+01 7.930000000000000000e+02
-2.000000000000000000e+00 4.300000000000000000e+01 -7.000000000000000000e+00 4.276100000000000000e+04 4.489800000000000000e+04 4.492300000000000000e+04 4.319500000000000000e+04 3.241531757102347910e+01 7.930000000000000000e+02
4.000000000000000000e+00 4.000000000000000000e+01 1.400000000000000000e+01 4.267100000000000000e+04 4.519900000000000000e+04 4.507300000000000000e+04 4.275200000000000000e+04 3.242445409303763881e+01 7.930000000000000000e+02
-1.100000000000000000e+01 4.300000000000000000e+01 1.000000000000000000e+01 4.303200000000000000e+04 4.490400000000000000e+04 4.482600000000000000e+04 4.297400000000000000e+04 3.243484873702982441e+01 7.930000000000000000e+02
1.600000000000000000e+01 5.100000000000000000e+01 7.000000000000000000e+00 4.313800000000000000e+04 4.519500000000000000e+04 4.449800000000000000e+04 4.283700000000000000e+04 3.244454064004821703e+01 5.710000000000000000e+02
-9.000000000000000000e+00 4.200000000000000000e+01 1.400000000000000000e+01 4.287000000000000000e+04 4.498800000000000000e+04 4.516100000000000000e+04 4.307200000000000000e+04 3.245570095902075991e+01 5.710000000000000000e+02
-1.000000000000000000e+01 3.100000000000000000e+01 1.600000000000000000e+01 4.344700000000000000e+04 4.516400000000000000e+04 4.463400000000000000e+04 4.287000000000000000e+04 3.246434779703849927e+01 5.710000000000000000e+02
-2.200000000000000000e+01 -3.000000000000000000e+00 1.100000000000000000e+01 4.301800000000000000e+04 4.555900000000000000e+04 4.512800000000000000e+04 4.236300000000000000e+04 3.247479569300776348e+01 5.710000000000000000e+02
-3.000000000000000000e+01 -8.000000000000000000e+00 0.000000000000000000e+00 4.256800000000000000e+04 4.525800000000000000e+04 4.570900000000000000e+04 4.255000000000000000e+04 3.248451628501061350e+01 4.500000000000000000e+01
-8.000000000000000000e+00 1.700000000000000000e+01 1.500000000000000000e+01 4.232400000000000000e+04 4.521000000000000000e+04 4.576700000000000000e+04 4.249100000000000000e+04 3.249481485399883240e+01 4.500000000000000000e+01
-1.700000000000000000e+01 7.000000000000000000e+00 1.100000000000000000e+01 4.244200000000000000e+04 4.461400000000000000e+04 4.560400000000000000e+04 4.341300000000000000e+04 3.250483379303477705e+01 4.500000000000000000e+01
-2.000000000000000000e+00 1.700000000000000000e+01 -2.000000000000000000e+00 4.243500000000000000e+04 4.508600000000000000e+04 4.516700000000000000e+04 4.304100000000000000e+04 3.251438911003060639e+01 4.500000000000000000e+01
-1.600000000000000000e+01 2.500000000000000000e+01 -4.000000000000000000e+00 4.295300000000000000e+04 4.545600000000000000e+04 4.474700000000000000e+04 4.267800000000000000e+04 3.252495893504237756e+01 4.500000000000000000e+01
-1.700000000000000000e+01 3.100000000000000000e+01 -2.000000000000000000e+00 4.310800000000000000e+04 4.507200000000000000e+04 4.452600000000000000e+04 4.269600000000000000e+04 3.253484805300831795e+01 4.400000000000000000e+01
-6.000000000000000000e+00 4.800000000000000000e+01 4.000000000000000000e+00 4.324800000000000000e+04 4.486400000000000000e+04 4.434900000000000000e+04 4.272100000000000000e+04 3.254432562802685425e+01 4.400000000000000000e+01
1.100000000000000000e+01 4.800000000000000000e+01 2.100000000000000000e+01 4.321700000000000000e+04 4.466300000000000000e+04 4.418800000000000000e+04 4.288900000000000000e+04 3.255418808804824948e+01 4.400000000000000000e+01
-3.000000000000000000e+00 1.130000000000000000e+02 1.500000000000000000e+01 4.362900000000000000e+04 4.446500000000000000e+04 4.390200000000000000e+04 4.273200000000000000e+04 3.256481234403327107e+01 4.400000000000000000e+01
-1.000000000000000000e+00 1.150000000000000000e+02 1.700000000000000000e+01 4.324100000000000000e+04 4.443300000000000000e+04 4.407600000000000000e+04 4.271100000000000000e+04 3.257395151903619990e+01 5.000000000000000000e+01
3.300000000000000000e+01 1.500000000000000000e+02 1.400000000000000000e+01 4.360600000000000000e+04 4.397300000000000000e+04 4.284900000000000000e+04 4.237500000000000000e+04 3.258473341003991663e+01 5.000000000000000000e+01
2.100000000000000000e+01 1.460000000000000000e+02 2.900000000000000000e+01 4.296100000000000000e+04 4.365500000000000000e+04 4.368700000000000000e+04 4.228900000000000000e+04 3.259469698101747781e+01 5.000000000000000000e+01
9.000000000000000000e+00 1.860000000000000000e+02 8.000000000000000000e+00 4.354400000000000000e+04 4.359300000000000000e+04 4.317100000000000000e+04 4.212600000000000000e+04 3.260451720701530576e+01 5.000000000000000000e+01
8.000000000000000000e+00 1.690000000000000000e+02 3.400000000000000000e+01 4.338600000000000000e+04 4.338500000000000000e+04 4.319900000000000000e+04 4.214100000000000000e+04 3.261581228300929070e+01 5.000000000000000000e+01
-3.000000000000000000e+00 1.550000000000000000e+02 4.600000000000000000e+01 4.331800000000000000e+04 4.312700000000000000e+04 4.347400000000000000e+04 4.179400000000000000e+04 3.262451759900432080e+01 4.900000000000000000e+01
-4.000000000000000000e+00 1.040000000000000000e+02 5.400000000000000000e+01 4.284600000000000000e+04 4.305300000000000000e+04 4.411600000000000000e+04 4.160700000000000000e+04 3.263470114703522995e+01 4.900000000000000000e+01
-4.000000000000000000e+00 9.300000000000000000e+01 3.100000000000000000e+01 4.242100000000000000e+04 4.247400000000000000e+04 4.450100000000000000e+04 4.219900000000000000e+04 3.264433709200238809e+01 4.900000000000000000e+01
0.000000000000000000e+00 3.900000000000000000e+01 3.000000000000000000e+01 4.189700000000000000e+04 4.294400000000000000e+04 4.482200000000000000e+04 4.186400000000000000e+04 3.265420430403901264e+01 4.900000000000000000e+01
3.700000000000000000e+01 2.400000000000000000e+01 3.700000000000000000e+01 4.171300000000000000e+04 4.300000000000000000e+04 4.447800000000000000e+04 4.123100000000000000e+04 3.266446463402826339e+01 5.500000000000000000e+01
8.400000000000000000e+01 1.000000000000000000e+00 4.700000000000000000e+01 4.272500000000000000e+04 4.411200000000000000e+04 4.347000000000000000e+04 3.982500000000000000e+04 3.267410814302274957e+01 5.500000000000000000e+01
6.900000000000000000e+01 2.600000000000000000e+01 4.600000000000000000e+01 4.311000000000000000e+04 4.441500000000000000e+04 4.321700000000000000e+04 3.896500000000000000e+04 3.268468557600863278e+01 5.500000000000000000e+01
3.400000000000000000e+01 1.800000000000000000e+01 5.900000000000000000e+01 4.296200000000000000e+04 4.390800000000000000e+04 4.360100000000000000e+04 3.928300000000000000e+04 3.269502354599535465e+01 5.500000000000000000e+01
-6.100000000000000000e+01 7.000000000000000000e+00 5.500000000000000000e+01 4.338200000000000000e+04 4.328100000000000000e+04 4.222100000000000000e+04 4.103100000000000000e+04 3.270457175403134897e+01 5.800000000000000000e+01
-1.300000000000000000e+02 -1.000000000000000000e+01 4.400000000000000000e+01 4.286100000000000000e+04 4.241600000000000000e+04 4.341100000000000000e+04 4.047700000000000000e+04 3.271485148300416768e+01 5.800000000000000000e+01
-2.610000000000000000e+02 -2.100000000000000000e+01 6.700000000000000000e+01 4.190100000000000000e+04 4.202500000000000000e+04 4.331300000000000000e+04 4.203900000000000000e+04 3.272486690804362297e+01 5.800000000000000000e+01
-3.130000000000000000e+02 2.000000000000000000e+00 6.500000000000000000e+01 4.203200000000000000e+04 4.115500000000000000e+04 4.427800000000000000e+04 4.162500000000000000e+04 3.273449439904652536e+01 5.800000000000000000e+01
-3.190000000000000000e+02 -1.100000000000000000e+01 5.000000000000000000e+01 4.121100000000000000e+04 4.172000000000000000e+04 4.415300000000000000e+04 4.205900000000000000e+04 3.274403539299964905e+01 5.800000000000000000e+01
-3.240000000000000000e+02 9.000000000000000000e+00 6.500000000000000000e+01 4.085300000000000000e+04 3.991400000000000000e+04 4.539800000000000000e+04 4.287000000000000000e+04 3.275449401000514627e+01 5.700000000000000000e+01
-2.720000000000000000e+02 2.000000000000000000e+01 6.000000000000000000e+01 4.193600000000000000e+04 4.200100000000000000e+04 4.363200000000000000e+04 4.183700000000000000e+04 3.276398006302770227e+01 5.700000000000000000e+01
-2.090000000000000000e+02 6.300000000000000000e+01 6.500000000000000000e+01 4.264700000000000000e+04 4.041800000000000000e+04 4.404500000000000000e+04 4.226600000000000000e+04 3.277516011503757909e+01 5.700000000000000000e+01
-1.370000000000000000e+02 2.300000000000000000e+01 7.200000000000000000e+01 4.244000000000000000e+04 4.154900000000000000e+04 4.428200000000000000e+04 4.105200000000000000e+04 3.278404434502590448e+01 5.700000000000000000e+01
-3.800000000000000000e+01 -5.800000000000000000e+01 7.300000000000000000e+01 4.297700000000000000e+04 4.292200000000000000e+04 4.405300000000000000e+04 3.928000000000000000e+04 3.279456364002544433e+01 5.900000000000000000e+01
7.700000000000000000e+01 -1.670000000000000000e+02 8.600000000000000000e+01 4.280800000000000000e+04 4.405400000000000000e+04 4.466100000000000000e+04 3.768100000000000000e+04 3.280397086602170020e+01 5.900000000000000000e+01
1.670000000000000000e+02 -2.420000000000000000e+02 8.000000000000000000e+01 4.273600000000000000e+04 4.474800000000000000e+04 4.485600000000000000e+04 3.667200000000000000e+04 3.281432147201849148e+01 5.900000000000000000e+01
2.200000000000000000e+02 -2.040000000000000000e+02 6.000000000000000000e+01 4.361900000000000000e+04 4.509700000000000000e+04 4.389800000000000000e+04 3.638700000000000000e+04 3.282381586002884433e+01 5.900000000000000000e+01
1.890000000000000000e+02 -1.400000000000000000e+02 6.600000000000000000e+01 4.359600000000000000e+04 4.530600000000000000e+04 4.387300000000000000e+04 3.643600000000000000e+04 3.283422087004873902e+01 5.900000000000000000e+01
9.800000000000000000e+01 -1.530000000000000000e+02 6.800000000000000000e+01 4.220900000000000000e+04 4.461600000000000000e+04 4.552900000000000000e+04 3.766600000000000000e+04 3.284465850901324302e+01 5.700000000000000000e+01
2.400000000000000000e+01 -1.630000000000000000e+02 6.900000000000000000e+01 4.176000000000000000e+04 4.395700000000000000e+04 4.603000000000000000e+04 3.845800000000000000e+04 3.285431989101925865e+01 5.700000000000000000e+01
4.700000000000000000e+01 -1.620000000000000000e+02 4.400000000000000000e+01 4.148800000000000000e+04 4.405000000000000000e+04 4.605400000000000000e+04 3.871400000000000000e+04 3.286399751499993727e+01 5.700000000000000000e+01
1.240000000000000000e+02 -9.900000000000000000e+01 3.600000000000000000e+01 4.271100000000000000e+04 4.462400000000000000e+04 4.454500000000000000e+04 3.852100000000000000e+04 3.287459498801035807e+01 5.700000000000000000e+01
1.170000000000000000e+02 2.800000000000000000e+01 3.600000000000000000e+01 4.276400000000000000e+04 4.355800000000000000e+04 4.455800000000000000e+04 4.020300000000000000e+04 3.288496576901525259e+01 5.800000000000000000e+01
1.240000000000000000e+02 1.130000000000000000e+02 4.200000000000000000e+01 4.358200000000000000e+04 4.293200000000000000e+04 4.390700000000000000e+04 4.080700000000000000e+04 3.289447820803616196e+01 5.800000000000000000e+01
1.500000000000000000e+02 1.980000000000000000e+02 5.000000000000000000e+01 4.427100000000000000e+04 4.231600000000000000e+04 4.348500000000000000e+04 4.122200000000000000e+04 3.290617366303922608e+01 5.800000000000000000e+01
1.440000000000000000e+02 2.260000000000000000e+02 4.300000000000000000e+01 4.402100000000000000e+04 4.223900000000000000e+04 4.373200000000000000e+04 4.137200000000000000e+04 3.291506425902480260e+01 5.800000000000000000e+01
1.670000000000000000e+02 2.110000000000000000e+02 3.100000000000000000e+01 4.432500000000000000e+04 4.273900000000000000e+04 4.313500000000000000e+04 4.115900000000000000e+04 3.292526116204680875e+01 6.000000000000000000e+01
1.740000000000000000e+02 2.050000000000000000e+02 1.300000000000000000e+01 4.442400000000000000e+04 4.312600000000000000e+04 4.284900000000000000e+04 4.084300000000000000e+04 3.293514639500062913e+01 6.000000000000000000e+01
1.980000000000000000e+02 1.710000000000000000e+02 2.600000000000000000e+01 4.433500000000000000e+04 4.349200000000000000e+04 4.284100000000000000e+04 4.062500000000000000e+04 3.294808382302289829e+01 6.000000000000000000e+01
1.940000000000000000e+02 1.490000000000000000e+02 2.600000000000000000e+01 4.457000000000000000e+04 4.372500000000000000e+04 4.253400000000000000e+04 4.039000000000000000e+04 3.295464374299626797e+01 6.000000000000000000e+01
1.810000000000000000e+02 4.700000000000000000e+01 2.500000000000000000e+01 4.378400000000000000e+04 4.394800000000000000e+04 4.347700000000000000e+04 3.992400000000000000e+04 3.296370545303216204e+01 6.000000000000000000e+01
8.100000000000000000e+01 -6.600000000000000000e+01 2.500000000000000000e+01 4.253100000000000000e+04 4.461000000000000000e+04 4.494500000000000000e+04 3.933600000000000000e+04 3.297580005199415609e+01 5.700000000000000000e+01
2.900000000000000000e+01 -1.640000000000000000e+02 2.500000000000000000e+01 4.159600000000000000e+04 4.487300000000000000e+04 4.576100000000000000e+04 3.905700000000000000e+04 3.298393360804766417e+01 5.700000000000000000e+01
-4.900000000000000000e+01 -1.350000000000000000e+02 1.300000000000000000e+01 4.113400000000000000e+04 4.447700000000000000e+04 4.603500000000000000e+04 3.986000000000000000e+04 3.299573779804632068e+01 5.700000000000000000e+01
-1.270000000000000000e+02 -3.300000000000000000e+01 3.500000000000000000e+01 4.178400000000000000e+04 4.298000000000000000e+04 4.563400000000000000e+04 4.164800000000000000e+04 3.300489673903211951e+01 5.700000000000000000e+01
-1.310000000000000000e+02 1.050000000000000000e+02 3.000000000000000000e+00 4.281800000000000000e+04 4.175500000000000000e+04 4.492100000000000000e+04 4.249100000000000000e+04 3.301562559499870986e+01 5.900000000000000000e+01
-1.000000000000000000e+02 1.630000000000000000e+02 5.000000000000000000e+00 4.299300000000000000e+04 4.200600000000000000e+04 4.456900000000000000e+04 4.258100000000000000e+04 3.302465995203237981e+01 5.900000000000000000e+01
-6.300000000000000000e+01 2.280000000000000000e+02 -1.000000000000000000e+01 4.402700000000000000e+04 4.157100000000000000e+04 4.343600000000000000e+04 4.311800000000000000e+04 3.303424777701729909e+01 5.900000000000000000e+01
-1.200000000000000000e+01 2.030000000000000000e+02 2.900000000000000000e+01 4.341800000000000000e+04 4.238100000000000000e+04 4.397100000000000000e+04 4.232900000000000000e+04 3.304440953501034528e+01 5.900000000000000000e+01
2.900000000000000000e+01 1.630000000000000000e+02 2.100000000000000000e+01 4.394400000000000000e+04 4.332000000000000000e+04 4.373100000000000000e+04 4.098000000000000000e+04 3.305578418303048238e+01 5.900000000000000000e+01
7.600000000000000000e+01 1.120000000000000000e+02 2.700000000000000000e+01 4.334300000000000000e+04 4.387200000000000000e+04 4.410800000000000000e+04 4.068600000000000000e+04 3.306376402999740094e+01 6.000000000000000000e+01
1.370000000000000000e+02 3.200000000000000000e+01 1.400000000000000000e+01 4.427500000000000000e+04 4.447800000000000000e+04 4.337400000000000000e+04 3.949200000000000000e+04 3.307452257402474061e+01 6.000000000000000000e+01
1.340000000000000000e+02 -7.000000000000000000e+01 1.700000000000000000e+01 4.289500000000000000e+04 4.500300000000000000e+04 4.434300000000000000e+04 3.932100000000000000e+04 3.308498139999574050e+01 6.000000000000000000e+01
1.250000000000000000e+02 -1.110000000000000000e+02 2.900000000000000000e+01 4.254000000000000000e+04 4.486400000000000000e+04 4.499600000000000000e+04 3.904600000000000000e+04 3.309542397904442623e+01 6.000000000000000000e+01
1.010000000000000000e+02 -1.020000000000000000e+02 2.000000000000000000e+01 4.292200000000000000e+04 4.492700000000000000e+04 4.468500000000000000e+04 3.964400000000000000e+04 3.310670753201702610e+01 5.600000000000000000e+01
4.200000000000000000e+01 -5.100000000000000000e+01 3.400000000000000000e+01 4.346100000000000000e+04 4.416200000000000000e+04 4.475100000000000000e+04 3.979500000000000000e+04 3.311435759102459997e+01 5.600000000000000000e+01
-1.200000000000000000e+01 3.300000000000000000e+01 2.000000000000000000e+01 4.339200000000000000e+04 4.397300000000000000e+04 4.445200000000000000e+04 4.071900000000000000e+04 3.312551614304538816e+01 5.600000000000000000e+01
6.000000000000000000e+00 8.300000000000000000e+01 1.700000000000000000e+01 4.421000000000000000e+04 4.361100000000000000e+04 4.410100000000000000e+04 4.061400000000000000e+04 3.313437946402700618e+01 5.600000000000000000e+01
-7.500000000000000000e+01 1.400000000000000000e+02 1.100000000000000000e+01 4.366700000000000000e+04 4.230900000000000000e+04 4.445100000000000000e+04 4.220100000000000000e+04 3.314466454903595150e+01 5.500000000000000000e+01
-1.240000000000000000e+02 1.640000000000000000e+02 1.300000000000000000e+01 4.366100000000000000e+04 4.245700000000000000e+04 4.457500000000000000e+04 4.255200000000000000e+04 3.315429204300744459e+01 5.500000000000000000e+01
-1.830000000000000000e+02 1.940000000000000000e+02 8.000000000000000000e+00 4.332200000000000000e+04 4.143700000000000000e+04 4.483000000000000000e+04 4.351100000000000000e+04 3.316424299904610962e+01 5.500000000000000000e+01
-2.100000000000000000e+02 2.140000000000000000e+02 -8.000000000000000000e+00 4.330600000000000000e+04 4.165700000000000000e+04 4.460600000000000000e+04 4.347300000000000000e+04 3.317456974199740216e+01 5.500000000000000000e+01
-1.990000000000000000e+02 2.230000000000000000e+02 -2.000000000000000000e+01 4.385600000000000000e+04 4.131000000000000000e+04 4.371200000000000000e+04 4.405900000000000000e+04 3.318364080804167315e+01 5.500000000000000000e+01
-2.100000000000000000e+02 1.750000000000000000e+02 -3.300000000000000000e+01 4.276700000000000000e+04 4.208000000000000000e+04 4.454500000000000000e+04 4.392700000000000000e+04 3.319439139403402805e+01 5.400000000000000000e+01
-1.490000000000000000e+02 8.000000000000000000e+01 -1.000000000000000000e+01 4.041800000000000000e+04 4.124800000000000000e+04 4.678100000000000000e+04 4.432600000000000000e+04 3.320463790104258806e+01 5.400000000000000000e+01
-7.700000000000000000e+01 -2.800000000000000000e+01 -7.000000000000000000e+00 4.493700000000000000e+04 4.266600000000000000e+04 4.261900000000000000e+04 4.288100000000000000e+04 3.321413826802745461e+01 5.400000000000000000e+01
2.400000000000000000e+01 -1.210000000000000000e+02 -1.900000000000000000e+01 4.076200000000000000e+04 4.484500000000000000e+04 4.634000000000000000e+04 4.048500000000000000e+04 3.322363507800037041e+01 5.400000000000000000e+01
7.500000000000000000e+01 -2.000000000000000000e+02 -2.600000000000000000e+01 3.697200000000000000e+04 4.873600000000000000e+04 4.879400000000000000e+04 3.469000000000000000e+04 3.323371247504837811e+01 5.400000000000000000e+01
1.600000000000000000e+02 -2.300000000000000000e+02 -3.800000000000000000e+01 4.202200000000000000e+04 4.602100000000000000e+04 4.510100000000000000e+04 3.901600000000000000e+04 3.324391534604365006e+01 5.400000000000000000e+01
2.510000000000000000e+02 -2.350000000000000000e+02 -5.300000000000000000e+01 4.085200000000000000e+04 4.673800000000000000e+04 4.588900000000000000e+04 3.808900000000000000e+04 3.325347045599482954e+01 5.400000000000000000e+01
2.630000000000000000e+02 -1.690000000000000000e+02 -4.900000000000000000e+01 4.189700000000000000e+04 4.747000000000000000e+04 4.479800000000000000e+04 3.703700000000000000e+04 3.326360161002958193e+01 5.400000000000000000e+01
1.920000000000000000e+02 -8.100000000000000000e+01 -5.900000000000000000e+01 4.372600000000000000e+04 4.674300000000000000e+04 4.303300000000000000e+04 3.792200000000000000e+04 3.327321201900485903e+01 5.400000000000000000e+01
1.100000000000000000e+02 4.600000000000000000e+01 -6.800000000000000000e+01 4.165500000000000000e+04 4.423900000000000000e+04 4.487100000000000000e+04 4.100200000000000000e+04 3.328334580699447542e+01 5.600000000000000000e+01
9.000000000000000000e+00 1.630000000000000000e+02 -6.300000000000000000e+01 4.147900000000000000e+04 4.431000000000000000e+04 4.483500000000000000e+04 4.107900000000000000e+04 3.329353985103080049e+01 5.600000000000000000e+01
-2.800000000000000000e+01 2.990000000000000000e+02 -8.000000000000000000e+01 4.236200000000000000e+04 4.182000000000000000e+04 4.385400000000000000e+04 4.348000000000000000e+04 3.330399540002690628e+01 5.600000000000000000e+01
-8.000000000000000000e+01 4.230000000000000000e+02 -7.700000000000000000e+01 4.262000000000000000e+04 4.295600000000000000e+04 4.339900000000000000e+04 4.242700000000000000e+04 3.331391612102743238e+01 5.600000000000000000e+01
-8.500000000000000000e+01 5.070000000000000000e+02 -6.700000000000000000e+01 4.479700000000000000e+04 4.066500000000000000e+04 4.085800000000000000e+04 4.458200000000000000e+04 3.332362727500731125e+01 5.600000000000000000e+01
-9.700000000000000000e+01 5.280000000000000000e+02 -7.600000000000000000e+01 4.260200000000000000e+04 4.030800000000000000e+04 4.314400000000000000e+04 4.483700000000000000e+04 3.333367657201597467e+01 5.600000000000000000e+01
-9.100000000000000000e+01 4.710000000000000000e+02 -7.200000000000000000e+01 4.441800000000000000e+04 4.142500000000000000e+04 4.120800000000000000e+04 4.379000000000000000e+04 3.334392414800822735e+01 5.600000000000000000e+01
-8.200000000000000000e+01 3.120000000000000000e+02 -5.900000000000000000e+01 4.298100000000000000e+04 4.184400000000000000e+04 4.272500000000000000e+04 4.334300000000000000e+04 3.335471218504244462e+01 5.600000000000000000e+01
-2.500000000000000000e+01 1.340000000000000000e+02 -3.800000000000000000e+01 4.364100000000000000e+04 4.409000000000000000e+04 4.216100000000000000e+04 4.072600000000000000e+04 3.336398257402470335e+01 5.800000000000000000e+01
4.900000000000000000e+01 -2.700000000000000000e+01 -4.400000000000000000e+01 4.177000000000000000e+04 4.181600000000000000e+04 4.371900000000000000e+04 4.289900000000000000e+04 3.337356132903369144e+01 5.800000000000000000e+01
1.220000000000000000e+02 -1.510000000000000000e+02 -6.300000000000000000e+01 4.206100000000000000e+04 4.590600000000000000e+04 4.332300000000000000e+04 3.817000000000000000e+04 3.338370284804841504e+01 5.800000000000000000e+01
1.240000000000000000e+02 -3.250000000000000000e+02 -6.000000000000000000e+01 4.097900000000000000e+04 5.162300000000000000e+04 4.417700000000000000e+04 2.704700000000000000e+04 3.339463882404379547e+01 5.800000000000000000e+01
7.400000000000000000e+01 -4.220000000000000000e+02 -5.700000000000000000e+01 3.842600000000000000e+04 4.810000000000000000e+04 4.609600000000000000e+04 3.495500000000000000e+04 3.340341887000249699e+01 5.800000000000000000e+01
1.500000000000000000e+01 -4.080000000000000000e+02 -5.900000000000000000e+01 4.160400000000000000e+04 4.762000000000000000e+04 4.364700000000000000e+04 3.609900000000000000e+04 3.341471584601094946e+01 5.600000000000000000e+01
-6.300000000000000000e+01 -3.550000000000000000e+02 -6.000000000000000000e+01 3.911900000000000000e+04 4.544200000000000000e+04 4.569200000000000000e+04 3.923700000000000000e+04 3.342479499999899417e+01 5.600000000000000000e+01
-1.490000000000000000e+02 -2.010000000000000000e+02 -6.600000000000000000e+01 4.039400000000000000e+04 4.507800000000000000e+04 4.458400000000000000e+04 3.973800000000000000e+04 3.343443672702414915e+01 5.600000000000000000e+01
-2.150000000000000000e+02 -7.000000000000000000e+00 -5.300000000000000000e+01 4.108200000000000000e+04 4.382100000000000000e+04 4.389600000000000000e+04 4.131900000000000000e+04 3.344335661700461060e+01 5.600000000000000000e+01
-2.440000000000000000e+02 1.550000000000000000e+02 -5.000000000000000000e+01 4.171500000000000000e+04 4.324500000000000000e+04 4.354700000000000000e+04 4.205100000000000000e+04 3.345573078101733699e+01 5.700000000000000000e+01
-2.870000000000000000e+02 3.020000000000000000e+02 -3.700000000000000000e+01 4.606600000000000000e+04 4.598400000000000000e+04 3.884400000000000000e+04 3.878600000000000000e+04 3.346426870103459805e+01 5.700000000000000000e+01
-3.070000000000000000e+02 4.110000000000000000e+02 -4.300000000000000000e+01 4.385200000000000000e+04 4.067500000000000000e+04 4.148900000000000000e+04 4.430500000000000000e+04 3.347362903901375830e+01 5.700000000000000000e+01
-3.710000000000000000e+02 4.650000000000000000e+02 -5.100000000000000000e+01 4.269700000000000000e+04 4.136900000000000000e+04 4.272000000000000000e+04 4.395600000000000000e+04 3.348376865102909505e+01 5.700000000000000000e+01
-3.900000000000000000e+02 4.710000000000000000e+02 -5.500000000000000000e+01 4.135000000000000000e+04 4.082100000000000000e+04 4.391100000000000000e+04 4.456800000000000000e+04 3.349480711499927565e+01 5.700000000000000000e+01
-3.480000000000000000e+02 4.070000000000000000e+02 -4.700000000000000000e+01 4.349600000000000000e+04 4.107300000000000000e+04 4.167200000000000000e+04 4.414800000000000000e+04 3.350396980100777000e+01 6.000000000000000000e+01
-2.820000000000000000e+02 3.310000000000000000e+02 -5.700000000000000000e+01 4.224500000000000000e+04 4.118900000000000000e+04 4.280000000000000000e+04 4.414400000000000000e+04 3.351395604503341019e+01 6.000000000000000000e+01
-1.940000000000000000e+02 1.980000000000000000e+02 -5.200000000000000000e+01 4.259400000000000000e+04 4.254400000000000000e+04 4.251500000000000000e+04 4.289200000000000000e+04 3.352409974299371243e+01 6.000000000000000000e+01
-1.910000000000000000e+02 1.400000000000000000e+01 -7.000000000000000000e+01 4.105000000000000000e+04 4.209900000000000000e+04 4.389600000000000000e+04 4.348400000000000000e+04 3.353351088904310018e+01 6.000000000000000000e+01
-1.000000000000000000e+02 -1.520000000000000000e+02 -7.200000000000000000e+01 3.923500000000000000e+04 4.405300000000000000e+04 4.541600000000000000e+04 4.184700000000000000e+04 3.354416509199654683e+01 5.800000000000000000e+01
-2.300000000000000000e+01 -3.510000000000000000e+02 -8.100000000000000000e+01 4.003700000000000000e+04 4.646400000000000000e+04 4.478800000000000000e+04 3.893600000000000000e+04 3.355529732903232798e+01 5.800000000000000000e+01
8.000000000000000000e+01 -4.690000000000000000e+02 -7.500000000000000000e+01 4.024900000000000000e+04 4.784300000000000000e+04 4.455100000000000000e+04 3.714400000000000000e+04 3.356374161702115089e+01 5.800000000000000000e+01
1.170000000000000000e+02 -5.090000000000000000e+02 -7.300000000000000000e+01 3.857600000000000000e+04 4.674000000000000000e+04 4.604400000000000000e+04 3.895400000000000000e+04 3.357346399902598932e+01 5.800000000000000000e+01
1.240000000000000000e+02 -4.590000000000000000e+02 -6.100000000000000000e+01 3.914500000000000000e+04 4.652800000000000000e+04 4.563800000000000000e+04 3.927700000000000000e+04 3.358336963504552841e+01 5.900000000000000000e+01
