4.100000000000000000e+01 3.200000000000000000e+01 1.800000000000000000e+01 4.757500000000000000e+04 4.720500000000000000e+04 4.689600000000000000e+04 4.545500000000000000e+04 2.410271611495409161e+01 8.040000000000000000e+02
4.000000000000000000e+01 8.000000000000000000e+00 9.000000000000000000e+00 4.785500000000000000e+04 4.784100000000000000e+04 4.662500000000000000e+04 4.492200000000000000e+04 2.411272787395864725e+01 8.050000000000000000e+02
5.800000000000000000e+01 1.600000000000000000e+01 1.300000000000000000e+01 4.798000000000000000e+04 4.784100000000000000e+04 4.656200000000000000e+04 4.501700000000000000e+04 2.412196874996880069e+01 8.050000000000000000e+02
5.300000000000000000e+01 1.900000000000000000e+01 5.000000000000000000e+00 4.743600000000000000e+04 4.805100000000000000e+04 4.724400000000000000e+04 4.474400000000000000e+04 2.413250083499588072e+01 8.050000000000000000e+02
1.200000000000000000e+01 6.000000000000000000e+00 1.900000000000000000e+01 4.708400000000000000e+04 4.763300000000000000e+04 4.754200000000000000e+04 4.559300000000000000e+04 2.414165707799838856e+01 8.050000000000000000e+02
7.000000000000000000e+00 -1.500000000000000000e+01 1.300000000000000000e+01 4.533600000000000000e+04 4.743800000000000000e+04 4.919900000000000000e+04 4.582100000000000000e+04 2.415217959496658295e+01 8.070000000000000000e+02
-3.200000000000000000e+01 -9.000000000000000000e+00 1.400000000000000000e+01 4.736100000000000000e+04 4.786200000000000000e+04 4.741900000000000000e+04 4.505800000000000000e+04 2.416352026199456304e+01 8.070000000000000000e+02
-6.600000000000000000e+01 -1.600000000000000000e+01 1.700000000000000000e+01 4.663000000000000000e+04 4.742300000000000000e+04 4.787700000000000000e+04 4.585900000000000000e+04 2.417178082698956132e+01 8.070000000000000000e+02
-6.500000000000000000e+01 -1.200000000000000000e+01 4.000000000000000000e+00 4.696700000000000000e+04 4.772000000000000000e+04 4.769600000000000000e+04 4.545900000000000000e+04 2.418212198995752260e+01 8.070000000000000000e+02
-7.300000000000000000e+01 -1.800000000000000000e+01 3.000000000000000000e+00 4.672500000000000000e+04 4.771600000000000000e+04 4.792000000000000000e+04 4.555000000000000000e+04 2.419177639199187979e+01 8.070000000000000000e+02
-5.500000000000000000e+01 -2.800000000000000000e+01 6.000000000000000000e+00 4.553400000000000000e+04 4.806900000000000000e+04 4.901900000000000000e+04 4.537800000000000000e+04 2.420207195100374520e+01 8.060000000000000000e+02
-2.300000000000000000e+01 -1.800000000000000000e+01 5.000000000000000000e+00 4.686500000000000000e+04 4.670700000000000000e+04 4.789900000000000000e+04 4.669100000000000000e+04 2.421181966696167365e+01 8.060000000000000000e+02
5.000000000000000000e+00 -3.700000000000000000e+01 9.000000000000000000e+00 4.613200000000000000e+04 4.791900000000000000e+04 4.842900000000000000e+04 4.559000000000000000e+04 2.422159506200114265e+01 8.060000000000000000e+02
5.000000000000000000e+01 -1.200000000000000000e+01 2.000000000000000000e+01 4.736800000000000000e+04 4.783000000000000000e+04 4.754300000000000000e+04 4.553300000000000000e+04 2.423260014498373494e+01 8.060000000000000000e+02
7.300000000000000000e+01 1.000000000000000000e+01 1.700000000000000000e+01 4.784500000000000000e+04 4.849400000000000000e+04 4.728600000000000000e+04 4.517000000000000000e+04 2.424144121696008369e+01 8.040000000000000000e+02
7.300000000000000000e+01 6.000000000000000000e+00 2.300000000000000000e+01 4.807900000000000000e+04 4.819300000000000000e+04 4.737400000000000000e+04 4.529100000000000000e+04 2.425218135199975222e+01 8.040000000000000000e+02
7.000000000000000000e+01 -1.200000000000000000e+01 2.400000000000000000e+01 4.733000000000000000e+04 4.826600000000000000e+04 4.791000000000000000e+04 4.543900000000000000e+04 2.426176607795059681e+01 8.040000000000000000e+02
4.500000000000000000e+01 7.000000000000000000e+00 2.400000000000000000e+01 4.758200000000000000e+04 4.769300000000000000e+04 4.817000000000000000e+04 4.569900000000000000e+04 2.427182417898438871e+01 8.040000000000000000e+02
2.900000000000000000e+01 -5.000000000000000000e+00 2.400000000000000000e+01 4.668300000000000000e+04 4.836800000000000000e+04 4.845400000000000000e+04 4.559600000000000000e+04 2.428185503295389935e+01 8.040000000000000000e+02
-1.500000000000000000e+01 2.200000000000000000e+01 2.500000000000000000e+01 4.742000000000000000e+04 4.780400000000000000e+04 4.806200000000000000e+04 4.616500000000000000e+04 2.429206082096789032e+01 8.040000000000000000e+02
-9.000000000000000000e+00 -4.000000000000000000e+00 1.700000000000000000e+01 4.784600000000000000e+04 4.894300000000000000e+04 4.784100000000000000e+04 4.504700000000000000e+04 2.430288579198531806e+01 8.040000000000000000e+02
-4.600000000000000000e+01 2.400000000000000000e+01 2.600000000000000000e+01 4.661800000000000000e+04 4.717400000000000000e+04 4.883700000000000000e+04 4.700900000000000000e+04 2.431476832198677585e+01 8.040000000000000000e+02
-5.800000000000000000e+01 1.400000000000000000e+01 2.200000000000000000e+01 4.722100000000000000e+04 4.796900000000000000e+04 4.856600000000000000e+04 4.617000000000000000e+04 2.432193079899298027e+01 8.040000000000000000e+02
-4.100000000000000000e+01 1.500000000000000000e+01 1.800000000000000000e+01 4.758000000000000000e+04 4.790100000000000000e+04 4.810600000000000000e+04 4.621500000000000000e+04 2.433545498695457354e+01 8.050000000000000000e+02
-3.800000000000000000e+01 2.200000000000000000e+01 6.000000000000000000e+00 4.764500000000000000e+04 4.811400000000000000e+04 4.793300000000000000e+04 4.604300000000000000e+04 2.434210075199371204e+01 8.050000000000000000e+02
-1.500000000000000000e+01 8.000000000000000000e+00 4.000000000000000000e+00 4.773300000000000000e+04 4.806800000000000000e+04 4.780400000000000000e+04 4.605800000000000000e+04 2.435208896797848865e+01 8.050000000000000000e+02
-1.000000000000000000e+01 3.300000000000000000e+01 8.000000000000000000e+00 4.797100000000000000e+04 4.793400000000000000e+04 4.754600000000000000e+04 4.613300000000000000e+04 2.436150447296677157e+01 8.050000000000000000e+02
2.000000000000000000e+00 1.000000000000000000e+01 1.000000000000000000e+00 4.771000000000000000e+04 4.839000000000000000e+04 4.798600000000000000e+04 4.607600000000000000e+04 2.437171548197511584e+01 8.020000000000000000e+02
3.300000000000000000e+01 -8.000000000000000000e+00 -1.000000000000000000e+01 4.722100000000000000e+04 4.796500000000000000e+04 4.845400000000000000e+04 4.677800000000000000e+04 2.438188586599426344e+01 8.020000000000000000e+02
1.800000000000000000e+01 -2.000000000000000000e+01 -5.000000000000000000e+00 4.807100000000000000e+04 4.932400000000000000e+04 4.769500000000000000e+04 4.529700000000000000e+04 2.439149523695232347e+01 8.020000000000000000e+02
3.900000000000000000e+01 -1.000000000000000000e+00 -7.000000000000000000e+00 4.831800000000000000e+04 4.865100000000000000e+04 4.743500000000000000e+04 4.595200000000000000e+04 2.440190497995354235e+01 8.020000000000000000e+02
8.000000000000000000e+00 -2.500000000000000000e+01 -1.300000000000000000e+01 4.714700000000000000e+04 4.874800000000000000e+04 4.818500000000000000e+04 4.541500000000000000e+04 2.441150606097653508e+01 8.060000000000000000e+02
-2.700000000000000000e+01 -4.000000000000000000e+01 -1.200000000000000000e+01 4.564500000000000000e+04 4.729100000000000000e+04 4.938100000000000000e+04 4.700000000000000000e+04 2.442187995999120176e+01 8.060000000000000000e+02
-3.600000000000000000e+01 -2.700000000000000000e+01 -1.900000000000000000e+01 4.592600000000000000e+04 4.776900000000000000e+04 4.908700000000000000e+04 4.661600000000000000e+04 2.443131756799994037e+01 8.060000000000000000e+02
-3.900000000000000000e+01 -1.800000000000000000e+01 -1.100000000000000000e+01 4.691200000000000000e+04 4.812800000000000000e+04 4.824300000000000000e+04 4.624300000000000000e+04 2.444151885499013588e+01 8.060000000000000000e+02
-4.200000000000000000e+01 1.900000000000000000e+01 1.000000000000000000e+00 4.743400000000000000e+04 4.837500000000000000e+04 4.782100000000000000e+04 4.591300000000000000e+04 2.445282131695421413e+01 8.060000000000000000e+02
-6.000000000000000000e+00 3.800000000000000000e+01 -1.300000000000000000e+01 4.640000000000000000e+04 4.757800000000000000e+04 4.858000000000000000e+04 4.661600000000000000e+04 2.446154204895719886e+01 8.060000000000000000e+02
2.700000000000000000e+01 4.800000000000000000e+01 -6.000000000000000000e+00 4.351600000000000000e+04 4.405400000000000000e+04 5.100200000000000000e+04 4.976600000000000000e+04 2.447267191897844896e+01 8.060000000000000000e+02
4.900000000000000000e+01 2.300000000000000000e+01 1.000000000000000000e+00 4.576200000000000000e+04 4.683800000000000000e+04 4.910400000000000000e+04 4.722700000000000000e+04 2.448221920500509441e+01 8.060000000000000000e+02
1.620000000000000000e+02 6.800000000000000000e+01 -3.000000000000000000e+00 4.907700000000000000e+04 4.673500000000000000e+04 4.574500000000000000e+04 4.719400000000000000e+04 2.449172058299882337e+01 8.060000000000000000e+02
2.080000000000000000e+02 3.900000000000000000e+01 -1.000000000000000000e+01 4.812900000000000000e+04 4.796700000000000000e+04 4.686600000000000000e+04 4.595200000000000000e+04 2.450182945397682488e+01 8.030000000000000000e+02
2.590000000000000000e+02 -3.000000000000000000e+00 2.000000000000000000e+00 4.726200000000000000e+04 4.854800000000000000e+04 4.776400000000000000e+04 4.538900000000000000e+04 2.451194491796195507e+01 8.030000000000000000e+02
2.540000000000000000e+02 -4.900000000000000000e+01 1.600000000000000000e+01 4.741600000000000000e+04 4.888000000000000000e+04 4.773100000000000000e+04 4.479800000000000000e+04 2.452255742799025029e+01 8.030000000000000000e+02
2.670000000000000000e+02 -8.400000000000000000e+01 4.000000000000000000e+00 4.735400000000000000e+04 4.944600000000000000e+04 4.756000000000000000e+04 4.410500000000000000e+04 2.453161469497717917e+01 8.030000000000000000e+02
2.380000000000000000e+02 -9.200000000000000000e+01 6.000000000000000000e+00 4.744900000000000000e+04 4.874000000000000000e+04 4.776600000000000000e+04 4.516800000000000000e+04 2.454138940497068688e+01 8.010000000000000000e+02
1.710000000000000000e+02 -1.080000000000000000e+02 9.000000000000000000e+00 4.824100000000000000e+04 4.823000000000000000e+04 4.700000000000000000e+04 4.577000000000000000e+04 2.455155808897688985e+01 8.010000000000000000e+02
1.410000000000000000e+02 -8.400000000000000000e+01 4.000000000000000000e+00 4.886800000000000000e+04 4.626300000000000000e+04 4.636000000000000000e+04 4.790600000000000000e+04 2.456202750996453688e+01 8.010000000000000000e+02
9.500000000000000000e+01 -1.380000000000000000e+02 -1.300000000000000000e+01 4.833500000000000000e+04 4.904600000000000000e+04 4.668200000000000000e+04 4.516600000000000000e+04 2.457217063399730250e+01 8.010000000000000000e+02
5.000000000000000000e+01 -1.330000000000000000e+02 -1.500000000000000000e+01 4.669600000000000000e+04 4.868000000000000000e+04 4.831400000000000000e+04 4.559300000000000000e+04 2.458286688395310193e+01 8.030000000000000000e+02
-6.000000000000000000e+00 -1.540000000000000000e+02 -1.200000000000000000e+01 4.675400000000000000e+04 4.928700000000000000e+04 4.800700000000000000e+04 4.538100000000000000e+04 2.459321834595175460e+01 8.030000000000000000e+02
-2.000000000000000000e+00 -1.740000000000000000e+02 -2.200000000000000000e+01 4.571000000000000000e+04 4.863800000000000000e+04 4.924600000000000000e+04 4.579600000000000000e+04 2.460196144296787679e+01 8.030000000000000000e+02
-1.700000000000000000e+01 -1.860000000000000000e+02 -3.100000000000000000e+01 4.472500000000000000e+04 4.927300000000000000e+04 4.967700000000000000e+04 4.554900000000000000e+04 2.461171648500021547e+01 8.030000000000000000e+02
-3.000000000000000000e+00 -1.310000000000000000e+02 -1.400000000000000000e+01 4.681500000000000000e+04 4.873000000000000000e+04 4.844800000000000000e+04 4.579100000000000000e+04 2.462233676499454305e+01 8.030000000000000000e+02
1.900000000000000000e+01 -1.020000000000000000e+02 -2.000000000000000000e+01 5.009900000000000000e+04 4.875200000000000000e+04 4.405900000000000000e+04 4.608900000000000000e+04 2.463205032295081764e+01 8.040000000000000000e+02
4.100000000000000000e+01 -7.700000000000000000e+01 -2.100000000000000000e+01 4.828900000000000000e+04 4.797400000000000000e+04 4.663800000000000000e+04 4.646800000000000000e+04 2.464246078894939274e+01 8.040000000000000000e+02
8.100000000000000000e+01 -1.100000000000000000e+02 -3.600000000000000000e+01 4.732600000000000000e+04 4.965400000000000000e+04 4.726100000000000000e+04 4.527400000000000000e+04 2.465216019499348477e+01 8.040000000000000000e+02
4.600000000000000000e+01 -1.010000000000000000e+02 -3.300000000000000000e+01 4.733900000000000000e+04 4.922700000000000000e+04 4.722600000000000000e+04 4.594600000000000000e+04 2.466176312399329618e+01 8.040000000000000000e+02
-3.000000000000000000e+00 -9.500000000000000000e+01 -2.000000000000000000e+01 4.666800000000000000e+04 4.907300000000000000e+04 4.813600000000000000e+04 4.647400000000000000e+04 2.467179499298799783e+01 8.000000000000000000e+02
1.300000000000000000e+01 -1.260000000000000000e+02 -3.400000000000000000e+01 4.584600000000000000e+04 4.994000000000000000e+04 4.886700000000000000e+04 4.543100000000000000e+04 2.468214682396501303e+01 8.000000000000000000e+02
-2.000000000000000000e+01 -1.280000000000000000e+02 -1.900000000000000000e+01 4.630300000000000000e+04 4.935200000000000000e+04 4.841100000000000000e+04 4.623500000000000000e+04 2.469177247199695557e+01 8.000000000000000000e+02
-4.200000000000000000e+01 -1.330000000000000000e+02 -1.500000000000000000e+01 4.766600000000000000e+04 4.769900000000000000e+04 4.728900000000000000e+04 4.796500000000000000e+04 2.470158231095410883e+01 8.000000000000000000e+02
-4.800000000000000000e+01 -1.200000000000000000e+02 -1.000000000000000000e+01 4.671700000000000000e+04 4.835700000000000000e+04 4.857900000000000000e+04 4.691500000000000000e+04 2.471165260195266455e+01 8.030000000000000000e+02
-3.700000000000000000e+01 -1.300000000000000000e+02 -1.100000000000000000e+01 4.708500000000000000e+04 4.832700000000000000e+04 4.825900000000000000e+04 4.664600000000000000e+04 2.472230728098656982e+01 8.030000000000000000e+02
-2.800000000000000000e+01 -1.080000000000000000e+02 -1.500000000000000000e+01 4.706900000000000000e+04 4.889500000000000000e+04 4.823800000000000000e+04 4.601600000000000000e+04 2.473193469195393845e+01 8.030000000000000000e+02
-2.000000000000000000e+00 -1.150000000000000000e+02 -1.500000000000000000e+01 4.726700000000000000e+04 4.943500000000000000e+04 4.795000000000000000e+04 4.542500000000000000e+04 2.474218890297925100e+01 8.030000000000000000e+02
6.000000000000000000e+00 -9.900000000000000000e+01 -1.400000000000000000e+01 4.748500000000000000e+04 4.865600000000000000e+04 4.775800000000000000e+04 4.618000000000000000e+04 2.475143762194784358e+01 8.030000000000000000e+02
2.000000000000000000e+00 -8.500000000000000000e+01 -1.900000000000000000e+01 4.736200000000000000e+04 4.862900000000000000e+04 4.788700000000000000e+04 4.615600000000000000e+04 2.476140385796315968e+01 8.030000000000000000e+02
-1.600000000000000000e+01 -9.000000000000000000e+01 -2.500000000000000000e+01 4.767100000000000000e+04 4.849100000000000000e+04 4.739300000000000000e+04 4.630200000000000000e+04 2.477172940998570994e+01 8.030000000000000000e+02
-3.600000000000000000e+01 -4.400000000000000000e+01 0.000000000000000000e+00 4.749500000000000000e+04 4.836400000000000000e+04 4.754800000000000000e+04 4.647700000000000000e+04 2.478166867099935189e+01 8.030000000000000000e+02
-6.100000000000000000e+01 -7.800000000000000000e+01 -8.000000000000000000e+00 4.701100000000000000e+04 4.856300000000000000e+04 4.812600000000000000e+04 4.609700000000000000e+04 2.479155031195841730e+01 8.030000000000000000e+02
-5.100000000000000000e+01 -1.040000000000000000e+02 -3.000000000000000000e+00 4.688000000000000000e+04 4.876700000000000000e+04 4.812300000000000000e+04 4.590000000000000000e+04 2.480204736394807696e+01 8.010000000000000000e+02
-8.200000000000000000e+01 -9.900000000000000000e+01 1.000000000000000000e+01 4.713500000000000000e+04 4.816100000000000000e+04 4.796500000000000000e+04 4.642400000000000000e+04 2.481210325896972790e+01 8.010000000000000000e+02
-9.800000000000000000e+01 -9.900000000000000000e+01 6.000000000000000000e+00 4.698100000000000000e+04 4.850700000000000000e+04 4.839800000000000000e+04 4.615900000000000000e+04 2.482133000897010788e+01 8.010000000000000000e+02
-8.400000000000000000e+01 -8.500000000000000000e+01 1.600000000000000000e+01 4.777300000000000000e+04 4.844000000000000000e+04 4.755500000000000000e+04 4.629100000000000000e+04 2.483183454698882997e+01 8.010000000000000000e+02
-1.170000000000000000e+02 -1.200000000000000000e+02 1.900000000000000000e+01 4.714200000000000000e+04 4.819700000000000000e+04 4.833300000000000000e+04 4.628500000000000000e+04 2.484149626397993416e+01 8.030000000000000000e+02
-6.800000000000000000e+01 -1.320000000000000000e+02 1.700000000000000000e+01 4.752400000000000000e+04 4.841600000000000000e+04 4.771200000000000000e+04 4.593900000000000000e+04 2.485138685896527022e+01 8.030000000000000000e+02
-7.700000000000000000e+01 -1.020000000000000000e+02 2.600000000000000000e+01 4.707200000000000000e+04 4.805000000000000000e+04 4.830000000000000000e+04 4.621800000000000000e+04 2.486161262099631131e+01 8.030000000000000000e+02
-6.400000000000000000e+01 -8.200000000000000000e+01 2.700000000000000000e+01 4.732800000000000000e+04 4.856500000000000000e+04 4.803700000000000000e+04 4.571600000000000000e+04 2.487155660695862025e+01 8.030000000000000000e+02
-4.500000000000000000e+01 -8.500000000000000000e+01 2.400000000000000000e+01 4.726700000000000000e+04 4.889300000000000000e+04 4.806400000000000000e+04 4.525300000000000000e+04 2.488118358096107841e+01 8.030000000000000000e+02
-4.300000000000000000e+01 -5.800000000000000000e+01 2.500000000000000000e+01 4.776900000000000000e+04 4.796500000000000000e+04 4.739900000000000000e+04 4.622100000000000000e+04 2.489160319697111845e+01 8.020000000000000000e+02
-3.500000000000000000e+01 -3.200000000000000000e+01 2.900000000000000000e+01 4.780900000000000000e+04 4.780400000000000000e+04 4.751300000000000000e+04 4.611000000000000000e+04 2.490165362396510318e+01 8.020000000000000000e+02
-2.800000000000000000e+01 -5.200000000000000000e+01 2.600000000000000000e+01 4.769100000000000000e+04 4.835300000000000000e+04 4.749100000000000000e+04 4.556100000000000000e+04 2.491221462795510888e+01 8.020000000000000000e+02
-4.800000000000000000e+01 -4.900000000000000000e+01 3.400000000000000000e+01 4.729900000000000000e+04 4.796700000000000000e+04 4.779600000000000000e+04 4.571900000000000000e+04 2.492190957895945758e+01 8.020000000000000000e+02
-5.800000000000000000e+01 -4.200000000000000000e+01 3.900000000000000000e+01 4.717600000000000000e+04 4.795600000000000000e+04 4.811400000000000000e+04 4.549400000000000000e+04 2.493181558395735919e+01 8.020000000000000000e+02
-6.400000000000000000e+01 -1.040000000000000000e+02 2.900000000000000000e+01 4.683400000000000000e+04 4.846400000000000000e+04 4.834800000000000000e+04 4.507100000000000000e+04 2.494270795496413484e+01 8.020000000000000000e+02
-5.300000000000000000e+01 -9.000000000000000000e+01 4.100000000000000000e+01 4.758100000000000000e+04 4.820500000000000000e+04 4.766900000000000000e+04 4.531500000000000000e+04 2.495290678099263459e+01 8.020000000000000000e+02
-7.400000000000000000e+01 -9.600000000000000000e+01 4.000000000000000000e+01 4.732100000000000000e+04 4.796600000000000000e+04 4.785500000000000000e+04 4.559700000000000000e+04 2.496272089099511504e+01 8.020000000000000000e+02
-1.090000000000000000e+02 -8.900000000000000000e+01 3.700000000000000000e+01 4.732000000000000000e+04 4.761600000000000000e+04 4.802900000000000000e+04 4.579600000000000000e+04 2.497304301895201206e+01 7.980000000000000000e+02
-1.140000000000000000e+02 -7.900000000000000000e+01 4.500000000000000000e+01 4.736100000000000000e+04 4.793300000000000000e+04 4.844500000000000000e+04 4.592100000000000000e+04 2.498411428398685530e+01 7.980000000000000000e+02
-1.320000000000000000e+02 -9.100000000000000000e+01 4.400000000000000000e+01 4.689400000000000000e+04 4.776800000000000000e+04 4.901900000000000000e+04 4.626400000000000000e+04 2.499334477196680382e+01 7.980000000000000000e+02
-1.150000000000000000e+02 -5.700000000000000000e+01 3.900000000000000000e+01 4.714800000000000000e+04 4.790000000000000000e+04 4.875100000000000000e+04 4.610200000000000000e+04 2.500244660995667800e+01 7.980000000000000000e+02
-1.240000000000000000e+02 -5.300000000000000000e+01 4.700000000000000000e+01 4.700300000000000000e+04 4.798400000000000000e+04 4.892100000000000000e+04 4.597900000000000000e+04 2.501246517198160291e+01 8.020000000000000000e+02
-1.090000000000000000e+02 -3.600000000000000000e+01 4.400000000000000000e+01 4.759700000000000000e+04 4.790100000000000000e+04 4.835900000000000000e+04 4.584200000000000000e+04 2.502207815897418186e+01 8.020000000000000000e+02
-9.400000000000000000e+01 -2.900000000000000000e+01 4.400000000000000000e+01 4.735400000000000000e+04 4.797200000000000000e+04 4.857700000000000000e+04 4.581600000000000000e+04 2.503212916798656806e+01 8.020000000000000000e+02
-3.800000000000000000e+01 -1.600000000000000000e+01 4.200000000000000000e+01 4.783900000000000000e+04 4.810600000000000000e+04 4.825200000000000000e+04 4.565900000000000000e+04 2.504177141300169751e+01 8.020000000000000000e+02
-1.100000000000000000e+01 -3.700000000000000000e+01 4.500000000000000000e+01 4.809600000000000000e+04 4.835700000000000000e+04 4.809600000000000000e+04 4.534900000000000000e+04 2.505239082197658718e+01 8.020000000000000000e+02
-9.000000000000000000e+00 -5.100000000000000000e+01 4.400000000000000000e+01 4.742000000000000000e+04 4.811700000000000000e+04 4.873600000000000000e+04 4.556400000000000000e+04 2.506165569298900664e+01 8.010000000000000000e+02
-4.000000000000000000e+00 -8.300000000000000000e+01 2.900000000000000000e+01 4.749300000000000000e+04 4.838300000000000000e+04 4.861600000000000000e+04 4.514100000000000000e+04 2.507197883096523583e+01 8.010000000000000000e+02
-1.000000000000000000e+00 -5.300000000000000000e+01 4.100000000000000000e+01 4.743800000000000000e+04 4.810900000000000000e+04 4.840900000000000000e+04 4.553600000000000000e+04 2.508328739396529272e+01 8.010000000000000000e+02
-5.800000000000000000e+01 -5.000000000000000000e+01 3.900000000000000000e+01 4.764900000000000000e+04 4.848400000000000000e+04 4.824800000000000000e+04 4.481900000000000000e+04 2.509155372000532225e+01 8.010000000000000000e+02
-5.400000000000000000e+01 -5.100000000000000000e+01 4.600000000000000000e+01 4.711300000000000000e+04 4.774700000000000000e+04 4.865800000000000000e+04 4.550000000000000000e+04 2.510202146897790954e+01 7.980000000000000000e+02
-5.200000000000000000e+01 -4.700000000000000000e+01 4.100000000000000000e+01 4.799300000000000000e+04 4.787600000000000000e+04 4.794600000000000000e+04 4.555100000000000000e+04 2.511170513596152887e+01 7.980000000000000000e+02
-6.000000000000000000e+01 -2.100000000000000000e+01 3.600000000000000000e+01 4.819100000000000000e+04 4.762900000000000000e+04 4.800100000000000000e+04 4.593900000000000000e+04 2.512179346499033272e+01 7.980000000000000000e+02
-6.300000000000000000e+01 1.300000000000000000e+01 4.500000000000000000e+01 4.839300000000000000e+04 4.771100000000000000e+04 4.783900000000000000e+04 4.589700000000000000e+04 2.513204239198239520e+01 7.980000000000000000e+02
-4.600000000000000000e+01 2.400000000000000000e+01 4.900000000000000000e+01 4.820100000000000000e+04 4.792700000000000000e+04 4.810400000000000000e+04 4.560300000000000000e+04 2.514226635196246207e+01 8.000000000000000000e+02
-3.100000000000000000e+01 5.400000000000000000e+01 4.000000000000000000e+01 4.862000000000000000e+04 4.747000000000000000e+04 4.759300000000000000e+04 4.608600000000000000e+04 2.515238477295497432e+01 8.000000000000000000e+02
-8.000000000000000000e+00 6.700000000000000000e+01 4.600000000000000000e+01 4.866700000000000000e+04 4.764100000000000000e+04 4.759000000000000000e+04 4.577000000000000000e+04 2.516261931200278923e+01 8.000000000000000000e+02
-1.600000000000000000e+01 5.600000000000000000e+01 2.900000000000000000e+01 4.789800000000000000e+04 4.786400000000000000e+04 4.841200000000000000e+04 4.551700000000000000e+04 2.517135138198500499e+01 8.000000000000000000e+02
-7.000000000000000000e+00 3.300000000000000000e+01 4.500000000000000000e+01 4.792600000000000000e+04 4.794300000000000000e+04 4.844200000000000000e+04 4.541100000000000000e+04 2.518137059995206073e+01 8.000000000000000000e+02
-1.700000000000000000e+01 2.900000000000000000e+01 2.700000000000000000e+01 4.726900000000000000e+04 4.793600000000000000e+04 4.911500000000000000e+04 4.540100000000000000e+04 2.519125861197244376e+01 3.400000000000000000e+01
-9.000000000000000000e+00 5.200000000000000000e+01 4.000000000000000000e+01 4.865700000000000000e+04 4.840000000000000000e+04 4.945500000000000000e+04 4.688500000000000000e+04 2.520246899698395282e+01 3.400000000000000000e+01
-2.300000000000000000e+01 2.800000000000000000e+01 3.900000000000000000e+01 4.738700000000000000e+04 4.881000000000000000e+04 5.074500000000000000e+04 4.641300000000000000e+04 2.521252535196254030e+01 3.400000000000000000e+01
2.700000000000000000e+01 7.700000000000000000e+01 3.100000000000000000e+01 4.880600000000000000e+04 4.878800000000000000e+04 4.959800000000000000e+04 4.680200000000000000e+04 2.522352158895228058e+01 3.400000000000000000e+01
4.200000000000000000e+01 1.420000000000000000e+02 2.600000000000000000e+01 4.908300000000000000e+04 4.884200000000000000e+04 4.945000000000000000e+04 4.672200000000000000e+04 2.523310515697812662e+01 1.900000000000000000e+01
7.600000000000000000e+01 1.890000000000000000e+02 3.000000000000000000e+01 5.064500000000000000e+04 4.980000000000000000e+04 5.007100000000000000e+04 4.813800000000000000e+04 2.524249155499273911e+01 1.900000000000000000e+01
1.300000000000000000e+02 2.560000000000000000e+02 2.800000000000000000e+01 5.082800000000000000e+04 4.963500000000000000e+04 4.983800000000000000e+04 4.827800000000000000e+04 2.525077953597065061e+01 1.900000000000000000e+01
1.710000000000000000e+02 2.950000000000000000e+02 2.400000000000000000e+01 5.143600000000000000e+04 4.993700000000000000e+04 4.953200000000000000e+04 4.825400000000000000e+04 2.526259655394824222e+01 1.900000000000000000e+01
2.340000000000000000e+02 3.110000000000000000e+02 3.300000000000000000e+01 5.166400000000000000e+04 5.021100000000000000e+04 4.938000000000000000e+04 4.777200000000000000e+04 2.527306513499934226e+01 5.300000000000000000e+01
2.900000000000000000e+02 3.100000000000000000e+02 3.500000000000000000e+01 5.117500000000000000e+04 4.934700000000000000e+04 4.788100000000000000e+04 4.632300000000000000e+04 2.528138070699060336e+01 5.300000000000000000e+01
2.860000000000000000e+02 3.010000000000000000e+02 4.900000000000000000e+01 5.089100000000000000e+04 4.812100000000000000e+04 4.773200000000000000e+04 4.715000000000000000e+04 2.529291987797478214e+01 5.300000000000000000e+01
2.470000000000000000e+02 2.600000000000000000e+02 4.600000000000000000e+01 5.031000000000000000e+04 4.827100000000000000e+04 4.804800000000000000e+04 4.661100000000000000e+04 2.530144348897738382e+01 5.300000000000000000e+01
1.370000000000000000e+02 2.280000000000000000e+02 4.700000000000000000e+01 4.973500000000000000e+04 4.780700000000000000e+04 4.872100000000000000e+04 4.705800000000000000e+04 2.531114301900379360e+01 5.300000000000000000e+01
7.700000000000000000e+01 2.300000000000000000e+02 6.700000000000000000e+01 4.963500000000000000e+04 4.743000000000000000e+04 4.849000000000000000e+04 4.654300000000000000e+04 2.532154772296780720e+01 5.300000000000000000e+01
-4.700000000000000000e+01 1.740000000000000000e+02 7.700000000000000000e+01 4.803400000000000000e+04 4.619300000000000000e+04 4.890700000000000000e+04 4.588600000000000000e+04 2.533195070398505777e+01 5.300000000000000000e+01
-1.060000000000000000e+02 1.040000000000000000e+02 8.300000000000000000e+01 4.716700000000000000e+04 4.594400000000000000e+04 4.902000000000000000e+04 4.551000000000000000e+04 2.534130459895823151e+01 5.300000000000000000e+01
-1.250000000000000000e+02 8.000000000000000000e+01 7.100000000000000000e+01 4.723000000000000000e+04 4.592000000000000000e+04 4.863700000000000000e+04 4.527100000000000000e+04 2.535156017699046060e+01 5.300000000000000000e+01
-1.460000000000000000e+02 4.100000000000000000e+01 6.500000000000000000e+01 4.626000000000000000e+04 4.555500000000000000e+04 4.900800000000000000e+04 4.487500000000000000e+04 2.536102164897602051e+01 5.500000000000000000e+01
-1.500000000000000000e+02 -1.500000000000000000e+01 7.200000000000000000e+01 4.554300000000000000e+04 4.564000000000000000e+04 4.881100000000000000e+04 4.378200000000000000e+04 2.537105376500403509e+01 5.500000000000000000e+01
-5.500000000000000000e+01 3.300000000000000000e+01 7.300000000000000000e+01 4.724400000000000000e+04 4.539200000000000000e+04 4.693500000000000000e+04 4.345600000000000000e+04 2.538132552197203040e+01 5.500000000000000000e+01
-8.300000000000000000e+01 3.000000000000000000e+00 7.000000000000000000e+01 4.539200000000000000e+04 4.450400000000000000e+04 4.829000000000000000e+04 4.409000000000000000e+04 2.539249110198579729e+01 5.500000000000000000e+01
-3.000000000000000000e+00 -5.900000000000000000e+01 7.000000000000000000e+01 4.582700000000000000e+04 4.639400000000000000e+04 4.784200000000000000e+04 4.156800000000000000e+04 2.540135878598084673e+01 5.500000000000000000e+01
9.500000000000000000e+01 -1.700000000000000000e+02 5.600000000000000000e+01 4.454300000000000000e+04 4.750600000000000000e+04 4.860000000000000000e+04 4.000000000000000000e+04 2.541128535999450833e+01 6.200000000000000000e+01
2.000000000000000000e+02 -1.530000000000000000e+02 3.200000000000000000e+01 4.601700000000000000e+04 4.732100000000000000e+04 4.614900000000000000e+04 3.927300000000000000e+04 2.542158539098454639e+01 6.200000000000000000e+01
2.430000000000000000e+02 -3.200000000000000000e+01 1.400000000000000000e+01 4.684300000000000000e+04 4.653200000000000000e+04 4.491000000000000000e+04 4.051600000000000000e+04 2.543236796295968816e+01 6.200000000000000000e+01
2.130000000000000000e+02 1.060000000000000000e+02 4.000000000000000000e+00 4.708500000000000000e+04 4.499900000000000000e+04 4.442200000000000000e+04 4.233200000000000000e+04 2.544110449095023796e+01 6.200000000000000000e+01
1.630000000000000000e+02 2.290000000000000000e+02 -4.000000000000000000e+00 4.735700000000000000e+04 4.427800000000000000e+04 4.357800000000000000e+04 4.312600000000000000e+04 2.545155781198991463e+01 6.400000000000000000e+01
9.900000000000000000e+01 2.680000000000000000e+02 -2.200000000000000000e+01 4.656500000000000000e+04 4.397000000000000000e+04 4.447900000000000000e+04 4.253000000000000000e+04 2.546138880896614864e+01 6.400000000000000000e+01
-2.500000000000000000e+01 3.020000000000000000e+02 -4.700000000000000000e+01 4.568900000000000000e+04 4.270400000000000000e+04 4.482600000000000000e+04 4.428100000000000000e+04 2.547216773696709424e+01 6.400000000000000000e+01
-9.900000000000000000e+01 3.100000000000000000e+02 -6.400000000000000000e+01 4.609800000000000000e+04 4.310400000000000000e+04 4.371100000000000000e+04 4.464400000000000000e+04 2.548175106797134504e+01 6.400000000000000000e+01
-1.470000000000000000e+02 2.110000000000000000e+02 -3.900000000000000000e+01 4.491100000000000000e+04 4.328500000000000000e+04 4.575900000000000000e+04 4.371700000000000000e+04 2.549148153199348599e+01 6.800000000000000000e+01
-1.830000000000000000e+02 2.170000000000000000e+02 -3.900000000000000000e+01 4.598300000000000000e+04 4.205700000000000000e+04 4.447100000000000000e+04 4.506500000000000000e+04 2.550150419998681173e+01 6.800000000000000000e+01
-1.850000000000000000e+02 9.500000000000000000e+01 -3.600000000000000000e+01 4.450500000000000000e+04 4.305700000000000000e+04 4.627200000000000000e+04 4.412600000000000000e+04 2.551193738495931029e+01 6.800000000000000000e+01
-1.890000000000000000e+02 -8.000000000000000000e+00 -3.300000000000000000e+01 4.348900000000000000e+04 4.344500000000000000e+04 4.727200000000000000e+04 4.401400000000000000e+04 2.552099638298386708e+01 6.800000000000000000e+01
-1.530000000000000000e+02 -7.900000000000000000e+01 -4.400000000000000000e+01 4.368500000000000000e+04 4.476900000000000000e+04 4.699900000000000000e+04 4.298800000000000000e+04 2.553158954699756578e+01 6.800000000000000000e+01
-4.100000000000000000e+01 -1.380000000000000000e+02 -3.600000000000000000e+01 4.411500000000000000e+04 4.651400000000000000e+04 4.679100000000000000e+04 4.152600000000000000e+04 2.554164757899707183e+01 7.000000000000000000e+01
1.500000000000000000e+01 -1.790000000000000000e+02 -2.400000000000000000e+01 4.488800000000000000e+04 4.617500000000000000e+04 4.658400000000000000e+04 4.207500000000000000e+04 2.555156836198875681e+01 7.000000000000000000e+01
1.700000000000000000e+01 -1.820000000000000000e+02 -2.200000000000000000e+01 4.410400000000000000e+04 4.581300000000000000e+04 4.797700000000000000e+04 4.198700000000000000e+04 2.556123703095363453e+01 7.000000000000000000e+01
9.800000000000000000e+01 -1.010000000000000000e+02 -1.700000000000000000e+01 4.565700000000000000e+04 4.636600000000000000e+04 4.633800000000000000e+04 4.223000000000000000e+04 2.557104814396006986e+01 7.000000000000000000e+01
1.510000000000000000e+02 -2.100000000000000000e+01 -8.000000000000000000e+00 4.626100000000000000e+04 4.684100000000000000e+04 4.556800000000000000e+04 4.239300000000000000e+04 2.558139271195977926e+01 7.100000000000000000e+01
2.300000000000000000e+02 8.500000000000000000e+01 1.600000000000000000e+01 4.833800000000000000e+04 4.613600000000000000e+04 4.520600000000000000e+04 4.218600000000000000e+04 2.559174830396659672e+01 7.100000000000000000e+01
2.380000000000000000e+02 1.040000000000000000e+02 1.200000000000000000e+01 4.770000000000000000e+04 4.669400000000000000e+04 4.522900000000000000e+04 4.279800000000000000e+04 2.560104444198077545e+01 7.100000000000000000e+01
2.070000000000000000e+02 9.500000000000000000e+01 9.000000000000000000e+00 4.768100000000000000e+04 4.631300000000000000e+04 4.577300000000000000e+04 4.306100000000000000e+04 2.561231677298201248e+01 7.100000000000000000e+01
1.470000000000000000e+02 6.600000000000000000e+01 2.000000000000000000e+00 4.634200000000000000e+04 4.642800000000000000e+04 4.741200000000000000e+04 4.334800000000000000e+04 2.562212477996945381e+01 7.100000000000000000e+01
1.100000000000000000e+02 9.000000000000000000e+00 8.000000000000000000e+00 4.676500000000000000e+04 4.717300000000000000e+04 4.747800000000000000e+04 4.346200000000000000e+04 2.563182351394789293e+01 6.900000000000000000e+01
2.000000000000000000e+01 -6.000000000000000000e+00 0.000000000000000000e+00 4.632000000000000000e+04 4.639700000000000000e+04 4.820300000000000000e+04 4.446900000000000000e+04 2.564191979996394366e+01 6.900000000000000000e+01
0.000000000000000000e+00 3.700000000000000000e+01 9.000000000000000000e+00 4.678800000000000000e+04 4.687700000000000000e+04 4.825800000000000000e+04 4.417500000000000000e+04 2.565266104496549815e+01 6.900000000000000000e+01
3.000000000000000000e+00 9.500000000000000000e+01 1.400000000000000000e+01 4.791500000000000000e+04 4.651100000000000000e+04 4.765700000000000000e+04 4.508000000000000000e+04 2.566146677895449102e+01 6.900000000000000000e+01
-5.500000000000000000e+01 1.830000000000000000e+02 4.000000000000000000e+00 4.763300000000000000e+04 4.537100000000000000e+04 4.774900000000000000e+04 4.641700000000000000e+04 2.567135724896797910e+01 6.900000000000000000e+01
-1.100000000000000000e+02 2.510000000000000000e+02 1.700000000000000000e+01 4.855000000000000000e+04 4.479400000000000000e+04 4.761300000000000000e+04 4.723500000000000000e+04 2.568094992398982868e+01 6.900000000000000000e+01
-1.320000000000000000e+02 2.510000000000000000e+02 2.100000000000000000e+01 4.805700000000000000e+04 4.439700000000000000e+04 4.838900000000000000e+04 4.759800000000000000e+04 2.569142892496893182e+01 6.900000000000000000e+01
-1.110000000000000000e+02 2.160000000000000000e+02 3.300000000000000000e+01 4.842400000000000000e+04 4.564900000000000000e+04 4.830800000000000000e+04 4.689400000000000000e+04 2.570146283396752551e+01 6.900000000000000000e+01
-6.300000000000000000e+01 1.360000000000000000e+02 4.300000000000000000e+01 4.815200000000000000e+04 4.617100000000000000e+04 4.883800000000000000e+04 4.610100000000000000e+04 2.571187027898849919e+01 6.300000000000000000e+01
1.000000000000000000e+00 2.000000000000000000e+01 4.400000000000000000e+01 4.845200000000000000e+04 4.757300000000000000e+04 4.954500000000000000e+04 4.541100000000000000e+04 2.572145647596335039e+01 6.300000000000000000e+01
6.900000000000000000e+01 -9.700000000000000000e+01 4.300000000000000000e+01 4.765900000000000000e+04 4.896500000000000000e+04 5.013900000000000000e+04 4.401100000000000000e+04 2.573137686797417700e+01 6.300000000000000000e+01
1.170000000000000000e+02 -1.710000000000000000e+02 2.900000000000000000e+01 4.778600000000000000e+04 4.947200000000000000e+04 5.014900000000000000e+04 4.380600000000000000e+04 2.574105083197355270e+01 6.300000000000000000e+01
1.790000000000000000e+02 -1.830000000000000000e+02 3.000000000000000000e+01 4.838700000000000000e+04 4.980700000000000000e+04 4.961500000000000000e+04 4.329500000000000000e+04 2.575236627500271425e+01 6.300000000000000000e+01
9.800000000000000000e+01 -1.230000000000000000e+02 2.300000000000000000e+01 4.803200000000000000e+04 4.892400000000000000e+04 5.005500000000000000e+04 4.472700000000000000e+04 2.576178085297578946e+01 6.100000000000000000e+01
1.220000000000000000e+02 -8.400000000000000000e+01 2.500000000000000000e+01 4.911800000000000000e+04 4.959100000000000000e+04 4.950500000000000000e+04 4.416600000000000000e+04 2.577284750394755974e+01 6.100000000000000000e+01
-2.900000000000000000e+01 2.200000000000000000e+01 4.000000000000000000e+00 4.822900000000000000e+04 4.717800000000000000e+04 5.031900000000000000e+04 4.695900000000000000e+04 2.578391935100080445e+01 6.100000000000000000e+01
-1.220000000000000000e+02 7.700000000000000000e+01 -8.000000000000000000e+00 4.816700000000000000e+04 4.693600000000000000e+04 5.007900000000000000e+04 4.743400000000000000e+04 2.579148273495957255e+01 6.100000000000000000e+01
-1.120000000000000000e+02 1.270000000000000000e+02 -2.100000000000000000e+01 4.905300000000000000e+04 4.746500000000000000e+04 4.890700000000000000e+04 4.708100000000000000e+04 2.580333304597297683e+01 5.400000000000000000e+01
-9.900000000000000000e+01 2.120000000000000000e+02 -3.000000000000000000e+01 4.985000000000000000e+04 4.694300000000000000e+04 4.872000000000000000e+04 4.801000000000000000e+04 2.581191777496133000e+01 5.400000000000000000e+01
-5.500000000000000000e+01 2.130000000000000000e+02 -1.700000000000000000e+01 4.940900000000000000e+04 4.700700000000000000e+04 4.909300000000000000e+04 4.762900000000000000e+04 2.582306441798573360e+01 5.400000000000000000e+01
-3.700000000000000000e+01 2.230000000000000000e+02 -1.500000000000000000e+01 4.983600000000000000e+04 4.637800000000000000e+04 4.854800000000000000e+04 4.836900000000000000e+04 2.583154037396889180e+01 5.400000000000000000e+01
-5.100000000000000000e+01 2.350000000000000000e+02 -5.000000000000000000e+00 5.008400000000000000e+04 4.643500000000000000e+04 4.808300000000000000e+04 4.805200000000000000e+04 2.584070833597797900e+01 5.400000000000000000e+01
1.900000000000000000e+01 1.490000000000000000e+02 2.000000000000000000e+00 5.010400000000000000e+04 4.789200000000000000e+04 4.858400000000000000e+04 4.696500000000000000e+04 2.585363108798628673e+01 5.000000000000000000e+01
5.800000000000000000e+01 6.100000000000000000e+01 -1.600000000000000000e+01 5.035800000000000000e+04 4.789100000000000000e+04 4.824200000000000000e+04 4.690800000000000000e+04 2.586096742097288370e+01 5.000000000000000000e+01
3.900000000000000000e+01 -1.250000000000000000e+02 -7.000000000000000000e+00 4.835600000000000000e+04 4.958100000000000000e+04 5.015100000000000000e+04 4.499700000000000000e+04 2.587146281194873154e+01 5.000000000000000000e+01
7.100000000000000000e+01 -2.270000000000000000e+02 2.000000000000000000e+00 4.833200000000000000e+04 5.003900000000000000e+04 5.027900000000000000e+04 4.400100000000000000e+04 2.588092989299912006e+01 5.000000000000000000e+01
4.300000000000000000e+01 -2.560000000000000000e+02 4.000000000000000000e+00 4.808300000000000000e+04 4.932700000000000000e+04 5.024000000000000000e+04 4.475400000000000000e+04 2.589707017497858033e+01 4.600000000000000000e+01
1.200000000000000000e+01 -2.550000000000000000e+02 9.000000000000000000e+00 4.852400000000000000e+04 4.909100000000000000e+04 5.013800000000000000e+04 4.528800000000000000e+04 2.590261375199770555e+01 4.600000000000000000e+01
-6.700000000000000000e+01 -2.350000000000000000e+02 9.000000000000000000e+00 4.728400000000000000e+04 4.851700000000000000e+04 5.105900000000000000e+04 4.569400000000000000e+04 2.591570414899615571e+01 4.600000000000000000e+01
-1.330000000000000000e+02 -1.490000000000000000e+02 -1.300000000000000000e+01 4.738100000000000000e+04 4.784300000000000000e+04 5.059500000000000000e+04 4.633300000000000000e+04 2.593413208296988159e+01 4.600000000000000000e+01
-1.680000000000000000e+02 -2.400000000000000000e+01 -1.100000000000000000e+01 4.811400000000000000e+04 4.658500000000000000e+04 4.957200000000000000e+04 4.725500000000000000e+04 2.593575144896749407e+01 4.600000000000000000e+01
-1.410000000000000000e+02 4.800000000000000000e+01 -6.000000000000000000e+00 4.856400000000000000e+04 4.693800000000000000e+04 4.922800000000000000e+04 4.697100000000000000e+04 2.594077308697160333e+01 4.500000000000000000e+01
-6.200000000000000000e+01 1.430000000000000000e+02 -1.600000000000000000e+01 4.926900000000000000e+04 4.656000000000000000e+04 4.840700000000000000e+04 4.712000000000000000e+04 2.595142263296293095e+01 4.500000000000000000e+01
-1.000000000000000000e+01 1.570000000000000000e+02 1.000000000000000000e+00 4.929400000000000000e+04 4.685200000000000000e+04 4.819800000000000000e+04 4.661600000000000000e+04 2.596189594897441566e+01 4.500000000000000000e+01
3.400000000000000000e+01 1.600000000000000000e+02 1.100000000000000000e+01 4.949800000000000000e+04 4.644900000000000000e+04 4.797500000000000000e+04 4.660100000000000000e+04 2.597173748799832538e+01 4.500000000000000000e+01
4.700000000000000000e+01 1.010000000000000000e+02 1.000000000000000000e+01 4.922200000000000000e+04 4.716100000000000000e+04 4.786300000000000000e+04 4.562500000000000000e+04 2.598161925695603713e+01 4.600000000000000000e+01
1.140000000000000000e+02 8.200000000000000000e+01 -1.000000000000000000e+00 4.950400000000000000e+04 4.802900000000000000e+04 4.736000000000000000e+04 4.453500000000000000e+04 2.599071819498203695e+01 4.600000000000000000e+01
1.550000000000000000e+02 3.700000000000000000e+01 1.900000000000000000e+01 4.924900000000000000e+04 4.810000000000000000e+04 4.758500000000000000e+04 4.420800000000000000e+04 2.600134354794863611e+01 4.600000000000000000e+01
1.870000000000000000e+02 -1.000000000000000000e+01 1.300000000000000000e+01 4.905900000000000000e+04 4.845900000000000000e+04 4.771200000000000000e+04 4.347500000000000000e+04 2.601057867897907272e+01 4.600000000000000000e+01
1.570000000000000000e+02 -5.500000000000000000e+01 3.100000000000000000e+01 4.852800000000000000e+04 4.760100000000000000e+04 4.794800000000000000e+04 4.412300000000000000e+04 2.602121115894988179e+01 4.600000000000000000e+01
9.200000000000000000e+01 -1.300000000000000000e+02 2.600000000000000000e+01 4.780300000000000000e+04 4.806900000000000000e+04 4.874200000000000000e+04 4.360600000000000000e+04 2.603213305899407715e+01 4.600000000000000000e+01
-6.000000000000000000e+00 -1.530000000000000000e+02 2.100000000000000000e+01 4.642900000000000000e+04 4.708500000000000000e+04 5.000300000000000000e+04 4.438500000000000000e+04 2.604213162098312750e+01 4.600000000000000000e+01
-7.900000000000000000e+01 -1.390000000000000000e+02 2.200000000000000000e+01 4.687100000000000000e+04 4.727800000000000000e+04 4.964200000000000000e+04 4.413900000000000000e+04 2.605146091198548675e+01 4.600000000000000000e+01
-1.370000000000000000e+02 -8.300000000000000000e+01 1.500000000000000000e+01 4.687200000000000000e+04 4.633000000000000000e+04 4.942400000000000000e+04 4.506600000000000000e+04 2.606172266497742385e+01 4.600000000000000000e+01
-2.030000000000000000e+02 -1.190000000000000000e+02 3.200000000000000000e+01 4.628800000000000000e+04 4.585800000000000000e+04 4.959700000000000000e+04 4.511900000000000000e+04 2.607057884399546310e+01 5.100000000000000000e+01
-2.020000000000000000e+02 -1.030000000000000000e+02 4.600000000000000000e+01 4.607300000000000000e+04 4.523900000000000000e+04 4.967400000000000000e+04 4.527400000000000000e+04 2.608089851395925507e+01 5.100000000000000000e+01
-7.600000000000000000e+01 -3.200000000000000000e+01 3.500000000000000000e+01 4.804100000000000000e+04 4.647300000000000000e+04 4.787500000000000000e+04 4.393300000000000000e+04 2.609176444599870592e+01 5.100000000000000000e+01
