-4.400000000000000000e+01 -1.080000000000000000e+02 3.100000000000000000e+01 4.296700000000000000e+04 4.908900000000000000e+04 4.677800000000000000e+04 4.465600000000000000e+04 2.390002354397438467e+01 8.050000000000000000e+02
-3.600000000000000000e+01 -1.240000000000000000e+02 4.100000000000000000e+01 4.342800000000000000e+04 4.835300000000000000e+04 4.661200000000000000e+04 4.560700000000000000e+04 2.391043976397486404e+01 8.050000000000000000e+02
-4.800000000000000000e+01 -1.000000000000000000e+02 2.400000000000000000e+01 4.459900000000000000e+04 4.868500000000000000e+04 4.561700000000000000e+04 4.527300000000000000e+04 2.392006943700835109e+01 8.050000000000000000e+02
-2.800000000000000000e+01 -9.800000000000000000e+01 2.600000000000000000e+01 4.400100000000000000e+04 4.893300000000000000e+04 4.614500000000000000e+04 4.505700000000000000e+04 2.392967107798904181e+01 8.050000000000000000e+02
-2.800000000000000000e+01 -8.900000000000000000e+01 3.300000000000000000e+01 4.343900000000000000e+04 4.889900000000000000e+04 4.660600000000000000e+04 4.506700000000000000e+04 2.393952959397574887e+01 8.050000000000000000e+02
-2.200000000000000000e+01 -9.300000000000000000e+01 2.500000000000000000e+01 4.316200000000000000e+04 4.938400000000000000e+04 4.699900000000000000e+04 4.460800000000000000e+04 2.394982105598319322e+01 8.040000000000000000e+02
-2.400000000000000000e+01 -7.400000000000000000e+01 3.500000000000000000e+01 4.354100000000000000e+04 4.979800000000000000e+04 4.675000000000000000e+04 4.411600000000000000e+04 2.396012554597109556e+01 8.040000000000000000e+02
-1.600000000000000000e+01 -3.400000000000000000e+01 3.600000000000000000e+01 4.362800000000000000e+04 4.953100000000000000e+04 4.679600000000000000e+04 4.448500000000000000e+04 2.397050044202478603e+01 8.040000000000000000e+02
-1.700000000000000000e+01 1.000000000000000000e+00 3.400000000000000000e+01 4.564700000000000000e+04 4.758400000000000000e+04 4.486100000000000000e+04 4.668900000000000000e+04 2.398042237997287884e+01 8.040000000000000000e+02
-1.400000000000000000e+01 1.700000000000000000e+01 3.500000000000000000e+01 4.421900000000000000e+04 4.863900000000000000e+04 4.612300000000000000e+04 4.542700000000000000e+04 2.398968275199877098e+01 8.060000000000000000e+02
-2.500000000000000000e+01 3.000000000000000000e+01 2.300000000000000000e+01 4.460100000000000000e+04 4.860500000000000000e+04 4.581300000000000000e+04 4.557200000000000000e+04 2.400024452101206407e+01 8.060000000000000000e+02
-9.000000000000000000e+00 2.300000000000000000e+01 3.500000000000000000e+01 4.417800000000000000e+04 4.886700000000000000e+04 4.620500000000000000e+04 4.537200000000000000e+04 2.401000770897371694e+01 8.060000000000000000e+02
1.000000000000000000e+01 2.000000000000000000e+00 4.800000000000000000e+01 4.391800000000000000e+04 4.904800000000000000e+04 4.671900000000000000e+04 4.521700000000000000e+04 2.401949245098512620e+01 8.060000000000000000e+02
5.000000000000000000e+00 -1.200000000000000000e+01 2.700000000000000000e+01 4.414100000000000000e+04 4.916300000000000000e+04 4.670100000000000000e+04 4.541500000000000000e+04 2.402977040101541206e+01 8.020000000000000000e+02
-2.200000000000000000e+01 -1.500000000000000000e+01 2.800000000000000000e+01 4.430000000000000000e+04 4.950700000000000000e+04 4.667500000000000000e+04 4.496200000000000000e+04 2.403995526500511914e+01 8.020000000000000000e+02
-1.900000000000000000e+01 -4.300000000000000000e+01 2.300000000000000000e+01 4.345400000000000000e+04 4.849000000000000000e+04 4.740300000000000000e+04 4.632200000000000000e+04 2.404926848597824574e+01 8.020000000000000000e+02
-8.000000000000000000e+00 -4.100000000000000000e+01 2.200000000000000000e+01 4.611000000000000000e+04 4.924600000000000000e+04 4.494200000000000000e+04 4.556200000000000000e+04 2.405993201397359371e+01 8.020000000000000000e+02
1.100000000000000000e+01 -5.600000000000000000e+01 2.100000000000000000e+01 4.364900000000000000e+04 4.889200000000000000e+04 4.734200000000000000e+04 4.595700000000000000e+04 2.406982383900322020e+01 8.020000000000000000e+02
1.400000000000000000e+01 -4.100000000000000000e+01 2.100000000000000000e+01 4.491000000000000000e+04 4.980100000000000000e+04 4.622600000000000000e+04 4.500700000000000000e+04 2.408047384297242388e+01 8.020000000000000000e+02
-1.100000000000000000e+01 -4.600000000000000000e+01 2.900000000000000000e+01 4.413700000000000000e+04 5.004400000000000000e+04 4.699300000000000000e+04 4.466200000000000000e+04 2.409110365301603451e+01 8.020000000000000000e+02
-2.000000000000000000e+01 -1.200000000000000000e+01 2.500000000000000000e+01 4.463600000000000000e+04 4.921200000000000000e+04 4.658100000000000000e+04 4.570700000000000000e+04 2.410119418398244306e+01 8.020000000000000000e+02
-1.800000000000000000e+01 -3.400000000000000000e+01 2.700000000000000000e+01 4.321800000000000000e+04 4.929100000000000000e+04 4.786100000000000000e+04 4.562600000000000000e+04 2.411035834602080286e+01 8.020000000000000000e+02
-2.300000000000000000e+01 -1.800000000000000000e+01 2.100000000000000000e+01 4.584500000000000000e+04 4.931200000000000000e+04 4.522700000000000000e+04 4.540600000000000000e+04 2.411987066100118682e+01 8.030000000000000000e+02
-2.000000000000000000e+00 -2.900000000000000000e+01 1.200000000000000000e+01 4.459900000000000000e+04 4.962100000000000000e+04 4.643300000000000000e+04 4.503500000000000000e+04 2.412988076498731971e+01 8.030000000000000000e+02
-1.400000000000000000e+01 -2.100000000000000000e+01 1.300000000000000000e+01 4.437400000000000000e+04 4.900700000000000000e+04 4.664200000000000000e+04 4.566800000000000000e+04 2.413962475501466542e+01 8.030000000000000000e+02
-1.000000000000000000e+00 1.000000000000000000e+01 1.300000000000000000e+01 4.419500000000000000e+04 4.959300000000000000e+04 4.679300000000000000e+04 4.497700000000000000e+04 2.414977047900902107e+01 8.030000000000000000e+02
-2.000000000000000000e+01 4.000000000000000000e+00 2.200000000000000000e+01 4.436800000000000000e+04 4.920400000000000000e+04 4.652700000000000000e+04 4.529800000000000000e+04 2.415997131401672959e+01 8.030000000000000000e+02
-1.700000000000000000e+01 6.000000000000000000e+00 3.100000000000000000e+01 4.399000000000000000e+04 4.926100000000000000e+04 4.693300000000000000e+04 4.517900000000000000e+04 2.417017058900091797e+01 8.030000000000000000e+02
-2.100000000000000000e+01 3.100000000000000000e+01 2.700000000000000000e+01 4.346600000000000000e+04 4.931000000000000000e+04 4.736600000000000000e+04 4.510000000000000000e+04 2.417933730798540637e+01 8.030000000000000000e+02
-3.000000000000000000e+01 2.900000000000000000e+01 1.900000000000000000e+01 4.446500000000000000e+04 4.780400000000000000e+04 4.640500000000000000e+04 4.665800000000000000e+04 2.418976333201862872e+01 8.030000000000000000e+02
-4.000000000000000000e+00 6.200000000000000000e+01 2.600000000000000000e+01 4.530600000000000000e+04 4.895500000000000000e+04 4.560900000000000000e+04 4.518900000000000000e+04 2.420027770102024078e+01 8.030000000000000000e+02
7.000000000000000000e+00 7.100000000000000000e+01 2.200000000000000000e+01 4.370200000000000000e+04 4.823900000000000000e+04 4.689300000000000000e+04 4.587400000000000000e+04 2.420982173201628029e+01 8.030000000000000000e+02
-6.000000000000000000e+00 6.000000000000000000e+01 1.900000000000000000e+01 4.596600000000000000e+04 4.905400000000000000e+04 4.458100000000000000e+04 4.466100000000000000e+04 2.421959424100350589e+01 8.030000000000000000e+02
1.200000000000000000e+01 5.000000000000000000e+01 2.000000000000000000e+01 4.473300000000000000e+04 4.895400000000000000e+04 4.567700000000000000e+04 4.477100000000000000e+04 2.422946759598562494e+01 8.030000000000000000e+02
2.000000000000000000e+00 2.300000000000000000e+01 2.700000000000000000e+01 4.438000000000000000e+04 4.897600000000000000e+04 4.599600000000000000e+04 4.470100000000000000e+04 2.423952876299154013e+01 8.030000000000000000e+02
1.500000000000000000e+01 2.500000000000000000e+01 3.200000000000000000e+01 4.324700000000000000e+04 4.856400000000000000e+04 4.679900000000000000e+04 4.498600000000000000e+04 2.425003927398938686e+01 8.040000000000000000e+02
-9.000000000000000000e+00 4.000000000000000000e+00 2.200000000000000000e+01 4.471000000000000000e+04 4.867300000000000000e+04 4.550900000000000000e+04 4.477400000000000000e+04 2.425974587298696861e+01 8.040000000000000000e+02
-1.100000000000000000e+01 4.000000000000000000e+00 3.700000000000000000e+01 4.381700000000000000e+04 4.833000000000000000e+04 4.636300000000000000e+04 4.515400000000000000e+04 2.426973652397282422e+01 8.040000000000000000e+02
-1.000000000000000000e+01 1.100000000000000000e+01 3.800000000000000000e+01 4.464100000000000000e+04 4.881300000000000000e+04 4.560000000000000000e+04 4.450300000000000000e+04 2.427969046600628644e+01 8.040000000000000000e+02
-3.200000000000000000e+01 2.500000000000000000e+01 3.400000000000000000e+01 4.300400000000000000e+04 4.845100000000000000e+04 4.731200000000000000e+04 4.509300000000000000e+04 2.429043157398700714e+01 8.010000000000000000e+02
-2.700000000000000000e+01 5.100000000000000000e+01 3.100000000000000000e+01 4.421900000000000000e+04 4.829400000000000000e+04 4.614000000000000000e+04 4.529300000000000000e+04 2.430037399701541290e+01 8.010000000000000000e+02
-2.100000000000000000e+01 3.700000000000000000e+01 2.700000000000000000e+01 4.526100000000000000e+04 4.928100000000000000e+04 4.512400000000000000e+04 4.415100000000000000e+04 2.431086837401380762e+01 8.010000000000000000e+02
-1.000000000000000000e+01 6.600000000000000000e+01 2.600000000000000000e+01 4.444600000000000000e+04 4.860200000000000000e+04 4.600100000000000000e+04 4.490900000000000000e+04 2.432004703802522272e+01 8.010000000000000000e+02
1.000000000000000000e+00 6.400000000000000000e+01 2.800000000000000000e+01 4.392400000000000000e+04 4.821100000000000000e+04 4.654300000000000000e+04 4.541400000000000000e+04 2.433099211700027809e+01 8.020000000000000000e+02
-1.800000000000000000e+01 8.900000000000000000e+01 2.600000000000000000e+01 4.434500000000000000e+04 4.843200000000000000e+04 4.620600000000000000e+04 4.512500000000000000e+04 2.433992449799552560e+01 8.020000000000000000e+02
-2.000000000000000000e+00 7.100000000000000000e+01 3.800000000000000000e+01 4.439700000000000000e+04 4.896900000000000000e+04 4.625200000000000000e+04 4.443900000000000000e+04 2.434947937697870657e+01 8.020000000000000000e+02
-4.400000000000000000e+01 8.000000000000000000e+01 2.400000000000000000e+01 4.405100000000000000e+04 4.822100000000000000e+04 4.641000000000000000e+04 4.550200000000000000e+04 2.436022474401397631e+01 8.020000000000000000e+02
-3.200000000000000000e+01 6.800000000000000000e+01 4.600000000000000000e+01 4.511800000000000000e+04 4.801800000000000000e+04 4.566500000000000000e+04 4.545900000000000000e+04 2.437013767001917586e+01 8.020000000000000000e+02
-5.300000000000000000e+01 9.800000000000000000e+01 2.300000000000000000e+01 4.298600000000000000e+04 4.688200000000000000e+04 4.781100000000000000e+04 4.710400000000000000e+04 2.438036302902037278e+01 8.010000000000000000e+02
-5.500000000000000000e+01 6.300000000000000000e+01 4.000000000000000000e+01 4.610000000000000000e+04 4.904400000000000000e+04 4.484300000000000000e+04 4.484000000000000000e+04 2.438971146702533588e+01 8.010000000000000000e+02
-4.300000000000000000e+01 6.800000000000000000e+01 2.100000000000000000e+01 4.462700000000000000e+04 4.781600000000000000e+04 4.634200000000000000e+04 4.623100000000000000e+04 2.440098472998943180e+01 8.010000000000000000e+02
-3.100000000000000000e+01 3.700000000000000000e+01 2.900000000000000000e+01 4.526300000000000000e+04 4.888500000000000000e+04 4.582000000000000000e+04 4.495900000000000000e+04 2.441011400602292269e+01 8.010000000000000000e+02
-4.000000000000000000e+00 9.000000000000000000e+00 3.700000000000000000e+01 4.444100000000000000e+04 4.911900000000000000e+04 4.664400000000000000e+04 4.450900000000000000e+04 2.442079409101279452e+01 8.020000000000000000e+02
-1.000000000000000000e+01 2.000000000000000000e+00 3.000000000000000000e+01 4.473800000000000000e+04 4.833200000000000000e+04 4.632800000000000000e+04 4.547400000000000000e+04 2.443007299699820578e+01 8.020000000000000000e+02
-6.000000000000000000e+00 0.000000000000000000e+00 3.900000000000000000e+01 4.458100000000000000e+04 4.811200000000000000e+04 4.654900000000000000e+04 4.567600000000000000e+04 2.443962258298415691e+01 8.020000000000000000e+02
2.000000000000000000e+00 1.000000000000000000e+00 3.800000000000000000e+01 4.514800000000000000e+04 4.834800000000000000e+04 4.599800000000000000e+04 4.542400000000000000e+04 2.444935411500046030e+01 8.020000000000000000e+02
-9.000000000000000000e+00 6.000000000000000000e+00 2.800000000000000000e+01 4.483100000000000000e+04 4.847400000000000000e+04 4.649900000000000000e+04 4.544200000000000000e+04 2.446038496401160955e+01 8.010000000000000000e+02
-2.200000000000000000e+01 6.000000000000000000e+00 2.900000000000000000e+01 4.482300000000000000e+04 4.872500000000000000e+04 4.651300000000000000e+04 4.514500000000000000e+04 2.446943504200316966e+01 8.010000000000000000e+02
-2.500000000000000000e+01 8.000000000000000000e+00 3.100000000000000000e+01 4.461500000000000000e+04 4.845800000000000000e+04 4.665100000000000000e+04 4.546800000000000000e+04 2.447991304198512807e+01 8.010000000000000000e+02
-6.000000000000000000e+01 2.500000000000000000e+01 4.000000000000000000e+01 4.493600000000000000e+04 4.794500000000000000e+04 4.638900000000000000e+04 4.599800000000000000e+04 2.448966183298034593e+01 8.010000000000000000e+02
-6.000000000000000000e+01 4.200000000000000000e+01 3.100000000000000000e+01 4.471200000000000000e+04 4.830600000000000000e+04 4.670700000000000000e+04 4.561100000000000000e+04 2.450049358402611688e+01 8.010000000000000000e+02
-5.700000000000000000e+01 2.100000000000000000e+01 2.900000000000000000e+01 4.520300000000000000e+04 4.795600000000000000e+04 4.624800000000000000e+04 4.599300000000000000e+04 2.450977913400856778e+01 8.010000000000000000e+02
-3.200000000000000000e+01 1.500000000000000000e+01 3.900000000000000000e+01 4.442400000000000000e+04 4.841700000000000000e+04 4.696500000000000000e+04 4.540700000000000000e+04 2.451994777802610770e+01 8.010000000000000000e+02
-3.800000000000000000e+01 1.500000000000000000e+01 3.000000000000000000e+01 4.509000000000000000e+04 4.832600000000000000e+04 4.641800000000000000e+04 4.543700000000000000e+04 2.452923412801465020e+01 8.010000000000000000e+02
-1.200000000000000000e+01 6.000000000000000000e+00 3.500000000000000000e+01 4.558800000000000000e+04 4.831500000000000000e+04 4.596200000000000000e+04 4.543700000000000000e+04 2.453953346697380766e+01 8.010000000000000000e+02
-1.600000000000000000e+01 6.000000000000000000e+00 4.200000000000000000e+01 4.546600000000000000e+04 4.824100000000000000e+04 4.611200000000000000e+04 4.553000000000000000e+04 2.454942702600965276e+01 7.990000000000000000e+02
-1.700000000000000000e+01 -6.000000000000000000e+00 3.800000000000000000e+01 4.540500000000000000e+04 4.867700000000000000e+04 4.639000000000000000e+04 4.511300000000000000e+04 2.455967909801984206e+01 7.990000000000000000e+02
7.000000000000000000e+00 -9.000000000000000000e+00 3.900000000000000000e+01 4.515800000000000000e+04 4.874400000000000000e+04 4.657000000000000000e+04 4.502300000000000000e+04 2.457069443498039618e+01 7.990000000000000000e+02
1.400000000000000000e+01 5.000000000000000000e+00 4.900000000000000000e+01 4.513900000000000000e+04 4.832100000000000000e+04 4.668900000000000000e+04 4.566600000000000000e+04 2.458037722500739619e+01 7.990000000000000000e+02
1.000000000000000000e+01 1.600000000000000000e+01 2.500000000000000000e+01 4.501500000000000000e+04 4.832700000000000000e+04 4.663200000000000000e+04 4.541100000000000000e+04 2.459007352299522609e+01 8.020000000000000000e+02
2.100000000000000000e+01 -3.000000000000000000e+00 4.900000000000000000e+01 4.515900000000000000e+04 4.843500000000000000e+04 4.630000000000000000e+04 4.495400000000000000e+04 2.459958241798449308e+01 8.020000000000000000e+02
-3.000000000000000000e+00 2.300000000000000000e+01 3.500000000000000000e+01 4.474100000000000000e+04 4.811400000000000000e+04 4.666800000000000000e+04 4.529500000000000000e+04 2.461051294300705194e+01 8.020000000000000000e+02
1.000000000000000000e+01 4.000000000000000000e+00 3.200000000000000000e+01 4.490200000000000000e+04 4.843200000000000000e+04 4.652800000000000000e+04 4.490800000000000000e+04 2.461924001399893314e+01 8.020000000000000000e+02
0.000000000000000000e+00 1.900000000000000000e+01 4.200000000000000000e+01 4.501000000000000000e+04 4.808300000000000000e+04 4.640100000000000000e+04 4.523600000000000000e+04 2.462923823099117726e+01 7.980000000000000000e+02
2.600000000000000000e+01 1.500000000000000000e+01 3.500000000000000000e+01 4.519100000000000000e+04 4.830400000000000000e+04 4.652800000000000000e+04 4.517600000000000000e+04 2.463986776099773124e+01 7.980000000000000000e+02
1.200000000000000000e+01 2.900000000000000000e+01 3.500000000000000000e+01 4.510100000000000000e+04 4.799100000000000000e+04 4.651700000000000000e+04 4.552400000000000000e+04 2.464997051696991548e+01 7.980000000000000000e+02
3.000000000000000000e+00 2.300000000000000000e+01 2.400000000000000000e+01 4.493900000000000000e+04 4.809300000000000000e+04 4.669300000000000000e+04 4.536800000000000000e+04 2.465889696299564093e+01 7.980000000000000000e+02
1.100000000000000000e+01 4.800000000000000000e+01 2.900000000000000000e+01 4.495900000000000000e+04 4.795500000000000000e+04 4.658900000000000000e+04 4.561900000000000000e+04 2.466965096601052210e+01 7.980000000000000000e+02
2.400000000000000000e+01 3.900000000000000000e+01 2.600000000000000000e+01 4.491100000000000000e+04 4.817600000000000000e+04 4.668100000000000000e+04 4.527800000000000000e+04 2.467986148397903889e+01 8.050000000000000000e+02
3.000000000000000000e+00 4.100000000000000000e+01 2.200000000000000000e+01 4.481400000000000000e+04 4.742500000000000000e+04 4.617800000000000000e+04 4.556900000000000000e+04 2.468922558397753164e+01 8.050000000000000000e+02
1.600000000000000000e+01 4.600000000000000000e+01 2.500000000000000000e+01 4.468800000000000000e+04 4.751200000000000000e+04 4.631500000000000000e+04 4.541300000000000000e+04 2.470009596197633073e+01 8.050000000000000000e+02
2.300000000000000000e+01 1.100000000000000000e+01 2.000000000000000000e+01 4.479300000000000000e+04 4.746800000000000000e+04 4.614400000000000000e+04 4.549100000000000000e+04 2.470882549200905487e+01 8.050000000000000000e+02
1.100000000000000000e+01 -5.000000000000000000e+00 2.600000000000000000e+01 4.462000000000000000e+04 4.757100000000000000e+04 4.614900000000000000e+04 4.518600000000000000e+04 2.471952516300370917e+01 8.040000000000000000e+02
1.200000000000000000e+01 -1.300000000000000000e+01 2.800000000000000000e+01 4.452100000000000000e+04 4.753300000000000000e+04 4.607100000000000000e+04 4.503700000000000000e+04 2.472894669300876558e+01 8.040000000000000000e+02
2.400000000000000000e+01 -1.700000000000000000e+01 2.500000000000000000e+01 4.433300000000000000e+04 4.779400000000000000e+04 4.624800000000000000e+04 4.461000000000000000e+04 2.473945448198355734e+01 8.040000000000000000e+02
3.200000000000000000e+01 -2.600000000000000000e+01 1.900000000000000000e+01 4.437500000000000000e+04 4.770600000000000000e+04 4.615300000000000000e+04 4.470000000000000000e+04 2.475071175198536366e+01 8.040000000000000000e+02
3.800000000000000000e+01 -4.300000000000000000e+01 2.300000000000000000e+01 4.414800000000000000e+04 4.781100000000000000e+04 4.640800000000000000e+04 4.457800000000000000e+04 2.475900906900642440e+01 7.970000000000000000e+02
2.700000000000000000e+01 -3.200000000000000000e+01 2.400000000000000000e+01 4.451000000000000000e+04 4.791800000000000000e+04 4.668100000000000000e+04 4.516600000000000000e+04 2.476957960001891479e+01 7.970000000000000000e+02
3.200000000000000000e+01 -2.400000000000000000e+01 2.700000000000000000e+01 4.469600000000000000e+04 4.811600000000000000e+04 4.665600000000000000e+04 4.501300000000000000e+04 2.478084206196945161e+01 7.970000000000000000e+02
4.700000000000000000e+01 -2.000000000000000000e+01 1.900000000000000000e+01 4.509300000000000000e+04 4.811300000000000000e+04 4.633000000000000000e+04 4.497200000000000000e+04 2.479033861402422190e+01 7.970000000000000000e+02
5.800000000000000000e+01 6.000000000000000000e+00 2.200000000000000000e+01 4.513700000000000000e+04 4.764000000000000000e+04 4.621900000000000000e+04 4.557900000000000000e+04 2.479867173498496413e+01 7.970000000000000000e+02
6.400000000000000000e+01 1.800000000000000000e+01 1.400000000000000000e+01 4.487100000000000000e+04 4.769300000000000000e+04 4.654100000000000000e+04 4.551200000000000000e+04 2.481086440500803292e+01 8.020000000000000000e+02
7.300000000000000000e+01 2.300000000000000000e+01 1.300000000000000000e+01 4.545400000000000000e+04 4.775900000000000000e+04 4.600100000000000000e+04 4.546400000000000000e+04 2.481955409498186782e+01 8.020000000000000000e+02
6.400000000000000000e+01 2.300000000000000000e+01 1.000000000000000000e+01 4.561700000000000000e+04 4.793400000000000000e+04 4.574800000000000000e+04 4.535200000000000000e+04 2.482983635098207742e+01 8.020000000000000000e+02
5.600000000000000000e+01 2.700000000000000000e+01 1.500000000000000000e+01 4.530200000000000000e+04 4.800200000000000000e+04 4.599600000000000000e+04 4.527600000000000000e+04 2.483993009402183816e+01 8.020000000000000000e+02
4.700000000000000000e+01 -1.400000000000000000e+01 5.000000000000000000e+00 4.511300000000000000e+04 4.800400000000000000e+04 4.616000000000000000e+04 4.532700000000000000e+04 2.485031723097199574e+01 8.040000000000000000e+02
3.800000000000000000e+01 -1.400000000000000000e+01 1.000000000000000000e+00 4.475400000000000000e+04 4.780000000000000000e+04 4.625700000000000000e+04 4.538400000000000000e+04 2.486074057902442291e+01 8.040000000000000000e+02
2.300000000000000000e+01 -1.900000000000000000e+01 2.000000000000000000e+00 4.458500000000000000e+04 4.772800000000000000e+04 4.642700000000000000e+04 4.544200000000000000e+04 2.487069894798332825e+01 8.040000000000000000e+02
2.800000000000000000e+01 -3.600000000000000000e+01 2.000000000000000000e+00 4.443900000000000000e+04 4.766600000000000000e+04 4.659300000000000000e+04 4.546700000000000000e+04 2.487971775699406862e+01 8.040000000000000000e+02
-1.000000000000000000e+01 -2.300000000000000000e+01 -2.000000000000000000e+00 4.468600000000000000e+04 4.779300000000000000e+04 4.636900000000000000e+04 4.535600000000000000e+04 2.488869680301286280e+01 8.050000000000000000e+02
-6.000000000000000000e+00 -1.100000000000000000e+01 2.000000000000000000e+00 4.452900000000000000e+04 4.780000000000000000e+04 4.619600000000000000e+04 4.522500000000000000e+04 2.489949304098263383e+01 8.050000000000000000e+02
-1.000000000000000000e+00 9.000000000000000000e+00 -9.000000000000000000e+00 4.448700000000000000e+04 4.768200000000000000e+04 4.620800000000000000e+04 4.530100000000000000e+04 2.490984442597255111e+01 8.050000000000000000e+02
1.300000000000000000e+01 6.000000000000000000e+00 -5.000000000000000000e+00 4.467600000000000000e+04 4.737600000000000000e+04 4.587900000000000000e+04 4.540400000000000000e+04 2.491930446197511628e+01 8.050000000000000000e+02
-9.000000000000000000e+00 9.000000000000000000e+00 -1.800000000000000000e+01 4.479600000000000000e+04 4.768600000000000000e+04 4.574100000000000000e+04 4.512200000000000000e+04 2.492890279099810869e+01 7.940000000000000000e+02
3.100000000000000000e+01 3.000000000000000000e+00 -7.000000000000000000e+00 4.478900000000000000e+04 4.811100000000000000e+04 4.671300000000000000e+04 4.584200000000000000e+04 2.493979868898168206e+01 7.940000000000000000e+02
2.100000000000000000e+01 -1.000000000000000000e+00 -7.000000000000000000e+00 4.558100000000000000e+04 4.858300000000000000e+04 4.611100000000000000e+04 4.544500000000000000e+04 2.494984836998628452e+01 7.940000000000000000e+02
3.000000000000000000e+00 -2.600000000000000000e+01 -1.200000000000000000e+01 4.500100000000000000e+04 4.860300000000000000e+04 4.662700000000000000e+04 4.542900000000000000e+04 2.495938171201851219e+01 7.940000000000000000e+02
1.700000000000000000e+01 -1.800000000000000000e+01 -1.400000000000000000e+01 4.483200000000000000e+04 4.828300000000000000e+04 4.677300000000000000e+04 4.580800000000000000e+04 2.496882100502261892e+01 7.940000000000000000e+02
-1.000000000000000000e+00 -2.600000000000000000e+01 -9.000000000000000000e+00 4.478600000000000000e+04 4.871000000000000000e+04 4.697500000000000000e+04 4.541100000000000000e+04 2.497949694300768897e+01 7.400000000000000000e+01
7.000000000000000000e+00 -1.600000000000000000e+01 0.000000000000000000e+00 4.392400000000000000e+04 4.696000000000000000e+04 4.517700000000000000e+04 4.462700000000000000e+04 2.498916325700702146e+01 7.400000000000000000e+01
3.000000000000000000e+00 -1.500000000000000000e+01 -3.000000000000000000e+00 4.389800000000000000e+04 4.702400000000000000e+04 4.479000000000000000e+04 4.422900000000000000e+04 2.499872792599489912e+01 7.400000000000000000e+01
4.000000000000000000e+00 1.600000000000000000e+01 2.000000000000000000e+00 4.388100000000000000e+04 4.701400000000000000e+04 4.459200000000000000e+04 4.371200000000000000e+04 2.500925294001353905e+01 7.400000000000000000e+01
1.400000000000000000e+01 3.200000000000000000e+01 1.000000000000000000e+01 4.379700000000000000e+04 4.669000000000000000e+04 4.471100000000000000e+04 4.398500000000000000e+04 2.501946483500069007e+01 3.700000000000000000e+01
-3.100000000000000000e+01 5.700000000000000000e+01 -5.000000000000000000e+00 4.468600000000000000e+04 4.738100000000000000e+04 4.626600000000000000e+04 4.603200000000000000e+04 2.502885455702198669e+01 3.700000000000000000e+01
-3.500000000000000000e+01 4.800000000000000000e+01 -1.000000000000000000e+01 4.486600000000000000e+04 4.800500000000000000e+04 4.636900000000000000e+04 4.546900000000000000e+04 2.503872425097506493e+01 3.700000000000000000e+01
-3.200000000000000000e+01 9.100000000000000000e+01 -1.500000000000000000e+01 4.527100000000000000e+04 4.773500000000000000e+04 4.612900000000000000e+04 4.632100000000000000e+04 2.504964327899506316e+01 3.700000000000000000e+01
-6.000000000000000000e+00 9.400000000000000000e+01 -1.000000000000000000e+01 4.596100000000000000e+04 4.792900000000000000e+04 4.560600000000000000e+04 4.615700000000000000e+04 2.505918588500935584e+01 3.700000000000000000e+01
1.100000000000000000e+01 7.400000000000000000e+01 5.000000000000000000e+00 4.581900000000000000e+04 4.807900000000000000e+04 4.543600000000000000e+04 4.562300000000000000e+04 2.506957347597926855e+01 5.700000000000000000e+01
-1.000000000000000000e+00 3.700000000000000000e+01 -3.000000000000000000e+00 4.518900000000000000e+04 4.833900000000000000e+04 4.594400000000000000e+04 4.522500000000000000e+04 2.507902593299513683e+01 5.700000000000000000e+01
-4.000000000000000000e+00 1.600000000000000000e+01 5.000000000000000000e+00 4.515100000000000000e+04 4.816300000000000000e+04 4.603700000000000000e+04 4.547400000000000000e+04 2.509132219897583127e+01 5.700000000000000000e+01
5.000000000000000000e+00 1.300000000000000000e+01 2.000000000000000000e+00 4.576700000000000000e+04 4.799500000000000000e+04 4.554700000000000000e+04 4.558000000000000000e+04 2.509974822500953451e+01 5.700000000000000000e+01
-3.000000000000000000e+00 1.700000000000000000e+01 1.100000000000000000e+01 4.565100000000000000e+04 4.791800000000000000e+04 4.571300000000000000e+04 4.556300000000000000e+04 2.510918825201224536e+01 5.700000000000000000e+01
4.000000000000000000e+00 1.600000000000000000e+01 2.100000000000000000e+01 4.522900000000000000e+04 4.766600000000000000e+04 4.576000000000000000e+04 4.534700000000000000e+04 2.511956271197414026e+01 5.700000000000000000e+01
-3.600000000000000000e+01 2.000000000000000000e+00 2.100000000000000000e+01 4.413900000000000000e+04 4.760500000000000000e+04 4.671800000000000000e+04 4.539400000000000000e+04 2.513128990697441623e+01 5.700000000000000000e+01
-3.000000000000000000e+01 8.000000000000000000e+00 1.500000000000000000e+01 4.477000000000000000e+04 4.764200000000000000e+04 4.603700000000000000e+04 4.513700000000000000e+04 2.513971568900160491e+01 5.700000000000000000e+01
1.000000000000000000e+00 1.000000000000000000e+01 1.600000000000000000e+01 4.515000000000000000e+04 4.783300000000000000e+04 4.562600000000000000e+04 4.499800000000000000e+04 2.514881821698509157e+01 5.700000000000000000e+01
-1.100000000000000000e+01 3.200000000000000000e+01 9.000000000000000000e+00 4.532200000000000000e+04 4.723500000000000000e+04 4.520200000000000000e+04 4.545500000000000000e+04 2.515969171299366280e+01 5.700000000000000000e+01
-2.800000000000000000e+01 3.700000000000000000e+01 1.800000000000000000e+01 4.482500000000000000e+04 4.709700000000000000e+04 4.572800000000000000e+04 4.545100000000000000e+04 2.516905691399006173e+01 5.700000000000000000e+01
-1.200000000000000000e+01 1.150000000000000000e+02 1.500000000000000000e+01 4.527400000000000000e+04 4.707600000000000000e+04 4.528200000000000000e+04 4.538900000000000000e+04 2.517994511901633814e+01 5.700000000000000000e+01
2.000000000000000000e+00 9.500000000000000000e+01 2.100000000000000000e+01 4.562700000000000000e+04 4.707300000000000000e+04 4.503100000000000000e+04 4.532800000000000000e+04 2.518938088801223785e+01 5.700000000000000000e+01
-2.000000000000000000e+01 6.300000000000000000e+01 1.700000000000000000e+01 4.450200000000000000e+04 4.774300000000000000e+04 4.595300000000000000e+04 4.460900000000000000e+04 2.519874664000235498e+01 5.700000000000000000e+01
-1.900000000000000000e+01 4.000000000000000000e+01 4.000000000000000000e+00 4.466800000000000000e+04 4.737900000000000000e+04 4.576000000000000000e+04 4.496800000000000000e+04 2.520940339000662789e+01 5.700000000000000000e+01
-9.000000000000000000e+00 3.100000000000000000e+01 3.000000000000000000e+00 4.472500000000000000e+04 4.795300000000000000e+04 4.567600000000000000e+04 4.461500000000000000e+04 2.521995346399489790e+01 5.700000000000000000e+01
-9.000000000000000000e+00 4.300000000000000000e+01 3.000000000000000000e+00 4.481600000000000000e+04 4.756700000000000000e+04 4.552300000000000000e+04 4.505000000000000000e+04 2.522942310397047549e+01 5.700000000000000000e+01
-5.000000000000000000e+00 4.200000000000000000e+01 -7.000000000000000000e+00 4.494700000000000000e+04 4.761000000000000000e+04 4.540100000000000000e+04 4.501900000000000000e+04 2.523927175800781697e+01 5.500000000000000000e+01
-6.600000000000000000e+01 6.400000000000000000e+01 -1.300000000000000000e+01 4.429200000000000000e+04 4.746800000000000000e+04 4.615900000000000000e+04 4.546300000000000000e+04 2.524966911401133984e+01 5.500000000000000000e+01
-5.700000000000000000e+01 9.300000000000000000e+01 -1.300000000000000000e+01 4.465800000000000000e+04 4.709800000000000000e+04 4.587200000000000000e+04 4.563800000000000000e+04 2.525982762296916917e+01 5.500000000000000000e+01
-5.100000000000000000e+01 1.380000000000000000e+02 9.000000000000000000e+00 4.547100000000000000e+04 4.613800000000000000e+04 4.500400000000000000e+04 4.656000000000000000e+04 2.526865260797785595e+01 5.500000000000000000e+01
-3.200000000000000000e+01 1.440000000000000000e+02 3.000000000000000000e+00 4.544500000000000000e+04 4.660800000000000000e+04 4.504300000000000000e+04 4.614000000000000000e+04 2.527916351199382916e+01 5.500000000000000000e+01
3.900000000000000000e+01 1.280000000000000000e+02 6.000000000000000000e+00 4.567400000000000000e+04 4.749400000000000000e+04 4.491900000000000000e+04 4.512900000000000000e+04 2.528905823797686026e+01 5.600000000000000000e+01
1.400000000000000000e+02 1.410000000000000000e+02 6.000000000000000000e+00 4.664000000000000000e+04 4.784000000000000000e+04 4.364800000000000000e+04 4.477700000000000000e+04 2.529964660102268681e+01 5.600000000000000000e+01
1.840000000000000000e+02 3.600000000000000000e+01 1.000000000000000000e+00 4.593000000000000000e+04 4.849600000000000000e+04 4.425500000000000000e+04 4.395200000000000000e+04 2.530962045997148380e+01 5.600000000000000000e+01
1.690000000000000000e+02 -6.900000000000000000e+01 2.000000000000000000e+00 4.494600000000000000e+04 4.878800000000000000e+04 4.526400000000000000e+04 4.339000000000000000e+04 2.531999702501343563e+01 5.600000000000000000e+01
1.100000000000000000e+02 -1.660000000000000000e+02 -2.000000000000000000e+00 4.334400000000000000e+04 4.923200000000000000e+04 4.680900000000000000e+04 4.263200000000000000e+04 2.532932795997476205e+01 5.800000000000000000e+01
7.500000000000000000e+01 -1.320000000000000000e+02 1.000000000000000000e+00 4.422600000000000000e+04 4.823800000000000000e+04 4.555100000000000000e+04 4.392100000000000000e+04 2.533961249701678753e+01 5.800000000000000000e+01
5.900000000000000000e+01 -7.200000000000000000e+01 1.000000000000000000e+01 4.485600000000000000e+04 4.813000000000000000e+04 4.512700000000000000e+04 4.375500000000000000e+04 2.534963252302259207e+01 5.800000000000000000e+01
3.000000000000000000e+00 0.000000000000000000e+00 1.900000000000000000e+01 4.457500000000000000e+04 4.741700000000000000e+04 4.513700000000000000e+04 4.448000000000000000e+04 2.535917011497076601e+01 5.800000000000000000e+01
-8.800000000000000000e+01 8.000000000000000000e+01 2.400000000000000000e+01 4.481800000000000000e+04 4.626200000000000000e+04 4.507300000000000000e+04 4.540000000000000000e+04 2.536948045401368290e+01 5.800000000000000000e+01
-1.670000000000000000e+02 1.240000000000000000e+02 3.000000000000000000e+01 4.377200000000000000e+04 4.554000000000000000e+04 4.604100000000000000e+04 4.619700000000000000e+04 2.537923149799462408e+01 5.800000000000000000e+01
-1.630000000000000000e+02 1.470000000000000000e+02 4.000000000000000000e+01 4.468000000000000000e+04 4.550700000000000000e+04 4.552500000000000000e+04 4.608800000000000000e+04 2.538980411901138723e+01 5.800000000000000000e+01
-1.120000000000000000e+02 2.020000000000000000e+02 4.000000000000000000e+01 4.527300000000000000e+04 4.545500000000000000e+04 4.492200000000000000e+04 4.621800000000000000e+04 2.539879823802039027e+01 5.800000000000000000e+01
-8.100000000000000000e+01 2.360000000000000000e+02 4.200000000000000000e+01 4.541100000000000000e+04 4.571600000000000000e+04 4.476700000000000000e+04 4.600700000000000000e+04 2.541132496501086280e+01 5.800000000000000000e+01
-4.000000000000000000e+00 2.550000000000000000e+02 3.300000000000000000e+01 4.596900000000000000e+04 4.566600000000000000e+04 4.415800000000000000e+04 4.599800000000000000e+04 2.541970253497129306e+01 6.000000000000000000e+01
5.900000000000000000e+01 2.240000000000000000e+02 4.000000000000000000e+01 4.566300000000000000e+04 4.584100000000000000e+04 4.444500000000000000e+04 4.548300000000000000e+04 2.542823408200638369e+01 6.000000000000000000e+01
1.590000000000000000e+02 1.450000000000000000e+02 6.700000000000000000e+01 4.672200000000000000e+04 4.726900000000000000e+04 4.337500000000000000e+04 4.366300000000000000e+04 2.543951516802189872e+01 6.000000000000000000e+01
1.970000000000000000e+02 3.300000000000000000e+01 4.500000000000000000e+01 4.603300000000000000e+04 4.811400000000000000e+04 4.401700000000000000e+04 4.260400000000000000e+04 2.544956055301008746e+01 6.000000000000000000e+01
1.910000000000000000e+02 -7.400000000000000000e+01 3.300000000000000000e+01 4.531600000000000000e+04 4.855000000000000000e+04 4.480100000000000000e+04 4.210900000000000000e+04 2.545991519902599975e+01 6.000000000000000000e+01
9.800000000000000000e+01 -2.130000000000000000e+02 3.700000000000000000e+01 4.407200000000000000e+04 4.847900000000000000e+04 4.600700000000000000e+04 4.234100000000000000e+04 2.546893633401487023e+01 6.000000000000000000e+01
-5.000000000000000000e+00 -3.140000000000000000e+02 1.600000000000000000e+01 4.274000000000000000e+04 4.868700000000000000e+04 4.712800000000000000e+04 4.215600000000000000e+04 2.548069768596906215e+01 6.000000000000000000e+01
-9.900000000000000000e+01 -3.890000000000000000e+02 7.000000000000000000e+00 4.164500000000000000e+04 4.843600000000000000e+04 4.795200000000000000e+04 4.252200000000000000e+04 2.548895935999462381e+01 6.000000000000000000e+01
-1.240000000000000000e+02 -3.750000000000000000e+02 1.600000000000000000e+01 4.196800000000000000e+04 4.896800000000000000e+04 4.776500000000000000e+04 4.197800000000000000e+04 2.549876795901218429e+01 6.000000000000000000e+01
-1.420000000000000000e+02 -2.010000000000000000e+02 3.800000000000000000e+01 4.346900000000000000e+04 4.775400000000000000e+04 4.695200000000000000e+04 4.367900000000000000e+04 2.550925273401662707e+01 5.700000000000000000e+01
-1.700000000000000000e+02 3.800000000000000000e+01 5.100000000000000000e+01 4.429500000000000000e+04 4.536700000000000000e+04 4.622100000000000000e+04 4.618200000000000000e+04 2.551912528899265453e+01 5.700000000000000000e+01
-1.920000000000000000e+02 2.130000000000000000e+02 4.100000000000000000e+01 4.525300000000000000e+04 4.522700000000000000e+04 4.551800000000000000e+04 4.623700000000000000e+04 2.552902146201813594e+01 5.700000000000000000e+01
-1.300000000000000000e+02 2.800000000000000000e+02 5.100000000000000000e+01 4.622400000000000000e+04 4.535600000000000000e+04 4.467600000000000000e+04 4.602700000000000000e+04 2.554015075997449458e+01 5.700000000000000000e+01
-9.100000000000000000e+01 2.560000000000000000e+02 5.700000000000000000e+01 4.545600000000000000e+04 4.592100000000000000e+04 4.546700000000000000e+04 4.547400000000000000e+04 2.554905603697989136e+01 6.000000000000000000e+01
-3.500000000000000000e+01 2.660000000000000000e+02 6.500000000000000000e+01 4.627900000000000000e+04 4.620200000000000000e+04 4.464900000000000000e+04 4.505200000000000000e+04 2.555893719301093370e+01 6.000000000000000000e+01
2.000000000000000000e+01 2.470000000000000000e+02 4.900000000000000000e+01 4.632000000000000000e+04 4.611300000000000000e+04 4.458900000000000000e+04 4.508200000000000000e+04 2.556930074200499803e+01 6.000000000000000000e+01
1.380000000000000000e+02 2.270000000000000000e+02 5.400000000000000000e+01 4.735000000000000000e+04 4.637900000000000000e+04 4.344100000000000000e+04 4.488700000000000000e+04 2.557969363301526755e+01 6.000000000000000000e+01
2.010000000000000000e+02 1.500000000000000000e+02 3.900000000000000000e+01 4.702000000000000000e+04 4.731000000000000000e+04 4.367800000000000000e+04 4.390800000000000000e+04 2.558854947600048035e+01 6.400000000000000000e+01
2.260000000000000000e+02 3.900000000000000000e+01 3.500000000000000000e+01 4.622300000000000000e+04 4.798500000000000000e+04 4.403500000000000000e+04 4.255600000000000000e+04 2.560002574097597972e+01 6.400000000000000000e+01
1.330000000000000000e+02 -8.300000000000000000e+01 4.400000000000000000e+01 4.417600000000000000e+04 4.750400000000000000e+04 4.595400000000000000e+04 4.298500000000000000e+04 2.560870754701318219e+01 6.400000000000000000e+01
2.700000000000000000e+01 -1.810000000000000000e+02 5.800000000000000000e+01 4.390200000000000000e+04 4.765400000000000000e+04 4.626900000000000000e+04 4.288600000000000000e+04 2.562005040398798883e+01 6.400000000000000000e+01
-2.700000000000000000e+01 -1.900000000000000000e+02 3.800000000000000000e+01 4.423400000000000000e+04 4.753300000000000000e+04 4.609700000000000000e+04 4.298100000000000000e+04 2.562905727099860087e+01 6.400000000000000000e+01
-7.100000000000000000e+01 -2.070000000000000000e+02 5.900000000000000000e+01 4.329900000000000000e+04 4.750800000000000000e+04 4.742000000000000000e+04 4.326200000000000000e+04 2.563949542702175677e+01 5.900000000000000000e+01
-7.900000000000000000e+01 -9.900000000000000000e+01 2.000000000000000000e+01 4.483700000000000000e+04 4.741000000000000000e+04 4.580900000000000000e+04 4.357800000000000000e+04 2.564947287697577849e+01 5.900000000000000000e+01
-1.010000000000000000e+02 -3.100000000000000000e+01 9.000000000000000000e+00 4.478300000000000000e+04 4.687400000000000000e+04 4.585600000000000000e+04 4.421400000000000000e+04 2.565930056601064280e+01 5.900000000000000000e+01
-1.240000000000000000e+02 4.900000000000000000e+01 1.900000000000000000e+01 4.524400000000000000e+04 4.646200000000000000e+04 4.551000000000000000e+04 4.490600000000000000e+04 2.566938170196954161e+01 5.900000000000000000e+01
-1.310000000000000000e+02 1.540000000000000000e+02 2.000000000000000000e+01 4.614400000000000000e+04 4.620100000000000000e+04 4.469600000000000000e+04 4.504800000000000000e+04 2.567972166399704292e+01 6.200000000000000000e+01
-1.780000000000000000e+02 2.210000000000000000e+02 1.700000000000000000e+01 4.618100000000000000e+04 4.558700000000000000e+04 4.448800000000000000e+04 4.565300000000000000e+04 2.568885509797837585e+01 6.200000000000000000e+01
-1.950000000000000000e+02 1.820000000000000000e+02 2.300000000000000000e+01 4.525300000000000000e+04 4.537100000000000000e+04 4.541100000000000000e+04 4.593100000000000000e+04 2.569901203201152384e+01 6.200000000000000000e+01
-1.640000000000000000e+02 8.800000000000000000e+01 4.500000000000000000e+01 4.484400000000000000e+04 4.619100000000000000e+04 4.604500000000000000e+04 4.489100000000000000e+04 2.570899781899061054e+01 6.200000000000000000e+01
-1.500000000000000000e+02 4.900000000000000000e+01 4.900000000000000000e+01 4.456300000000000000e+04 4.633500000000000000e+04 4.641600000000000000e+04 4.457200000000000000e+04 2.571938516100635752e+01 6.200000000000000000e+01
-1.050000000000000000e+02 -6.000000000000000000e+00 5.000000000000000000e+01 4.524900000000000000e+04 4.675000000000000000e+04 4.629000000000000000e+04 4.433800000000000000e+04 2.572983684897189960e+01 5.800000000000000000e+01
-7.600000000000000000e+01 -3.200000000000000000e+01 4.000000000000000000e+01 4.488800000000000000e+04 4.717300000000000000e+04 4.644300000000000000e+04 4.395900000000000000e+04 2.573895213101059198e+01 5.800000000000000000e+01
-3.900000000000000000e+01 -7.200000000000000000e+01 3.800000000000000000e+01 4.519000000000000000e+04 4.778400000000000000e+04 4.637400000000000000e+04 4.339100000000000000e+04 2.574843702797079459e+01 5.800000000000000000e+01
-4.000000000000000000e+00 -2.800000000000000000e+01 1.000000000000000000e+00 4.545200000000000000e+04 4.725300000000000000e+04 4.582900000000000000e+04 4.420200000000000000e+04 2.575903303700033575e+01 5.800000000000000000e+01
1.000000000000000000e+01 2.500000000000000000e+01 1.000000000000000000e+00 4.533800000000000000e+04 4.717800000000000000e+04 4.585800000000000000e+04 4.438800000000000000e+04 2.576855423900997266e+01 6.400000000000000000e+01
3.500000000000000000e+01 5.400000000000000000e+01 4.000000000000000000e+00 4.564300000000000000e+04 4.702300000000000000e+04 4.513300000000000000e+04 4.415500000000000000e+04 2.577895167696988210e+01 6.400000000000000000e+01
7.400000000000000000e+01 4.000000000000000000e+01 -1.500000000000000000e+01 4.568800000000000000e+04 4.773000000000000000e+04 4.495600000000000000e+04 4.335500000000000000e+04 2.578839266102295369e+01 6.400000000000000000e+01
7.200000000000000000e+01 3.200000000000000000e+01 -3.000000000000000000e+01 4.531000000000000000e+04 4.759400000000000000e+04 4.511200000000000000e+04 4.364900000000000000e+04 2.579811520600924268e+01 6.400000000000000000e+01
7.700000000000000000e+01 8.000000000000000000e+00 -4.100000000000000000e+01 4.504600000000000000e+04 4.753200000000000000e+04 4.523300000000000000e+04 4.382200000000000000e+04 2.580877046700334176e+01 6.000000000000000000e+01
2.400000000000000000e+01 3.000000000000000000e+01 -4.900000000000000000e+01 4.452500000000000000e+04 4.709400000000000000e+04 4.575500000000000000e+04 4.471000000000000000e+04 2.581806422001682222e+01 6.000000000000000000e+01
-2.600000000000000000e+01 8.200000000000000000e+01 -5.000000000000000000e+01 4.486500000000000000e+04 4.693400000000000000e+04 4.540900000000000000e+04 4.498100000000000000e+04 2.582871887896908447e+01 6.000000000000000000e+01
-4.500000000000000000e+01 7.800000000000000000e+01 -4.900000000000000000e+01 4.480400000000000000e+04 4.622800000000000000e+04 4.542500000000000000e+04 4.574800000000000000e+04 2.583807824697578326e+01 6.000000000000000000e+01
-3.700000000000000000e+01 7.500000000000000000e+01 -4.200000000000000000e+01 4.503700000000000000e+04 4.673000000000000000e+04 4.521200000000000000e+04 4.509400000000000000e+04 2.584856873599346727e+01 6.000000000000000000e+01
-1.500000000000000000e+01 4.700000000000000000e+01 -4.900000000000000000e+01 4.541300000000000000e+04 4.764100000000000000e+04 4.499200000000000000e+04 4.449400000000000000e+04 2.585905772098340094e+01 5.800000000000000000e+01
-4.000000000000000000e+01 -2.700000000000000000e+01 -5.300000000000000000e+01 4.396000000000000000e+04 4.815800000000000000e+04 4.621100000000000000e+04 4.401800000000000000e+04 2.586925127002177760e+01 5.800000000000000000e+01
-1.600000000000000000e+01 -6.900000000000000000e+01 -6.600000000000000000e+01 4.490900000000000000e+04 4.882100000000000000e+04 4.535900000000000000e+04 4.323000000000000000e+04 2.587960055196890607e+01 5.800000000000000000e+01
-9.000000000000000000e+00 -1.060000000000000000e+02 -4.600000000000000000e+01 4.440800000000000000e+04 4.857500000000000000e+04 4.595700000000000000e+04 4.352900000000000000e+04 2.588867625198327005e+01 5.800000000000000000e+01
