1.050000000000000000e+02 -1.430000000000000000e+02 6.000000000000000000e+00 5.309700000000000000e+04 5.347800000000000000e+04 5.485900000000000000e+04 4.574100000000000000e+04 1.830495919904205948e+01 8.070000000000000000e+02
6.700000000000000000e+01 -1.540000000000000000e+02 7.000000000000000000e+00 5.278600000000000000e+04 5.257800000000000000e+04 5.488200000000000000e+04 4.661700000000000000e+04 1.831546129810158163e+01 8.070000000000000000e+02
4.500000000000000000e+01 -1.610000000000000000e+02 1.000000000000000000e+01 5.261800000000000000e+04 5.191600000000000000e+04 5.476300000000000000e+04 4.705100000000000000e+04 1.832552598905749619e+01 8.070000000000000000e+02
4.600000000000000000e+01 -1.800000000000000000e+02 9.000000000000000000e+00 5.238200000000000000e+04 5.196300000000000000e+04 5.490300000000000000e+04 4.680800000000000000e+04 1.833490295207593590e+01 8.050000000000000000e+02
9.000000000000000000e+00 -1.680000000000000000e+02 8.000000000000000000e+00 5.226500000000000000e+04 5.126400000000000000e+04 5.472300000000000000e+04 4.727600000000000000e+04 1.834558395505882800e+01 8.050000000000000000e+02
-1.000000000000000000e+01 -1.310000000000000000e+02 1.400000000000000000e+01 5.233400000000000000e+04 5.151600000000000000e+04 5.457500000000000000e+04 4.692300000000000000e+04 1.835568609798792750e+01 8.050000000000000000e+02
-1.700000000000000000e+01 -8.800000000000000000e+01 9.000000000000000000e+00 5.205800000000000000e+04 5.114800000000000000e+04 5.467500000000000000e+04 4.696800000000000000e+04 1.836582467099651694e+01 8.050000000000000000e+02
-4.700000000000000000e+01 -6.000000000000000000e+01 1.800000000000000000e+01 5.220400000000000000e+04 5.157100000000000000e+04 5.449500000000000000e+04 4.636900000000000000e+04 1.837580931209959090e+01 8.050000000000000000e+02
-5.300000000000000000e+01 1.000000000000000000e+01 1.100000000000000000e+01 5.335800000000000000e+04 4.922900000000000000e+04 5.370900000000000000e+04 4.863300000000000000e+04 1.838537494104821235e+01 8.050000000000000000e+02
-6.900000000000000000e+01 4.400000000000000000e+01 7.000000000000000000e+00 5.154800000000000000e+04 5.219700000000000000e+04 5.525300000000000000e+04 4.535900000000000000e+04 1.839433005906175822e+01 8.050000000000000000e+02
-7.400000000000000000e+01 8.400000000000000000e+01 1.900000000000000000e+01 5.316400000000000000e+04 4.972000000000000000e+04 5.380700000000000000e+04 4.808500000000000000e+04 1.840517627703957260e+01 8.050000000000000000e+02
-7.700000000000000000e+01 1.040000000000000000e+02 2.500000000000000000e+01 5.409100000000000000e+04 4.813400000000000000e+04 5.285400000000000000e+04 4.927000000000000000e+04 1.841457208909559995e+01 8.050000000000000000e+02
-6.500000000000000000e+01 1.090000000000000000e+02 2.500000000000000000e+01 5.315000000000000000e+04 4.962500000000000000e+04 5.392700000000000000e+04 4.766700000000000000e+04 1.842467291303910315e+01 8.060000000000000000e+02
-6.200000000000000000e+01 7.400000000000000000e+01 2.900000000000000000e+01 5.331600000000000000e+04 4.927300000000000000e+04 5.397700000000000000e+04 4.782800000000000000e+04 1.843521927099209279e+01 8.060000000000000000e+02
-2.200000000000000000e+01 2.500000000000000000e+01 3.500000000000000000e+01 5.257500000000000000e+04 5.051800000000000000e+04 5.462500000000000000e+04 4.660400000000000000e+04 1.844451892701908946e+01 8.060000000000000000e+02
5.000000000000000000e+00 -3.500000000000000000e+01 3.200000000000000000e+01 5.127100000000000000e+04 5.065300000000000000e+04 5.608400000000000000e+04 4.612900000000000000e+04 1.845549892808776349e+01 8.060000000000000000e+02
2.700000000000000000e+01 -7.200000000000000000e+01 4.300000000000000000e+01 5.367700000000000000e+04 5.021800000000000000e+04 5.374400000000000000e+04 4.648500000000000000e+04 1.846500624599866569e+01 8.080000000000000000e+02
3.300000000000000000e+01 -8.800000000000000000e+01 3.500000000000000000e+01 5.331200000000000000e+04 5.039600000000000000e+04 5.410200000000000000e+04 4.626600000000000000e+04 1.847513083205558360e+01 8.080000000000000000e+02
5.400000000000000000e+01 -1.260000000000000000e+02 2.100000000000000000e+01 4.867800000000000000e+04 5.245100000000000000e+04 5.782200000000000000e+04 4.373100000000000000e+04 1.848497658106498420e+01 8.080000000000000000e+02
5.300000000000000000e+01 -1.070000000000000000e+02 1.900000000000000000e+01 5.443800000000000000e+04 4.982100000000000000e+04 5.282300000000000000e+04 4.686200000000000000e+04 1.849479807203169912e+01 8.080000000000000000e+02
7.300000000000000000e+01 -9.200000000000000000e+01 2.900000000000000000e+01 5.190300000000000000e+04 5.091700000000000000e+04 5.468300000000000000e+04 4.506600000000000000e+04 1.850506571109872311e+01 8.130000000000000000e+02
6.300000000000000000e+01 -6.100000000000000000e+01 8.000000000000000000e+00 5.281100000000000000e+04 5.176600000000000000e+04 5.408700000000000000e+04 4.427300000000000000e+04 1.851469948003068566e+01 8.130000000000000000e+02
3.900000000000000000e+01 -3.400000000000000000e+01 1.500000000000000000e+01 5.141100000000000000e+04 5.059900000000000000e+04 5.511200000000000000e+04 4.574300000000000000e+04 1.852556290302891284e+01 8.130000000000000000e+02
3.500000000000000000e+01 -8.000000000000000000e+00 8.000000000000000000e+00 5.151100000000000000e+04 4.969900000000000000e+04 5.499500000000000000e+04 4.690800000000000000e+04 1.853502306004520506e+01 8.130000000000000000e+02
2.500000000000000000e+01 -7.000000000000000000e+00 2.000000000000000000e+01 5.249600000000000000e+04 5.015700000000000000e+04 5.383000000000000000e+04 4.673100000000000000e+04 1.854530867107678205e+01 8.090000000000000000e+02
1.900000000000000000e+01 1.600000000000000000e+01 7.000000000000000000e+00 5.261000000000000000e+04 5.046800000000000000e+04 5.409300000000000000e+04 4.630300000000000000e+04 1.855469766107853502e+01 8.090000000000000000e+02
8.000000000000000000e+00 1.100000000000000000e+01 -1.000000000000000000e+00 5.228500000000000000e+04 4.970200000000000000e+04 5.431800000000000000e+04 4.721800000000000000e+04 1.856552013405598700e+01 8.090000000000000000e+02
3.000000000000000000e+01 1.700000000000000000e+01 5.000000000000000000e+00 5.263400000000000000e+04 5.037100000000000000e+04 5.397800000000000000e+04 4.662600000000000000e+04 1.857423764106351882e+01 8.090000000000000000e+02
3.700000000000000000e+01 5.000000000000000000e+00 9.000000000000000000e+00 5.281400000000000000e+04 5.073600000000000000e+04 5.398000000000000000e+04 4.622500000000000000e+04 1.858544574899133295e+01 8.090000000000000000e+02
4.500000000000000000e+01 -6.000000000000000000e+00 1.600000000000000000e+01 5.263000000000000000e+04 5.208300000000000000e+04 5.429200000000000000e+04 4.460900000000000000e+04 1.859457737102638930e+01 8.110000000000000000e+02
3.500000000000000000e+01 1.300000000000000000e+01 2.500000000000000000e+01 5.345000000000000000e+04 4.980200000000000000e+04 5.366200000000000000e+04 4.726300000000000000e+04 1.860471893509384245e+01 8.110000000000000000e+02
4.300000000000000000e+01 -4.000000000000000000e+00 1.900000000000000000e+01 5.314500000000000000e+04 5.513700000000000000e+04 5.397600000000000000e+04 4.055500000000000000e+04 1.861545072006992996e+01 8.110000000000000000e+02
3.400000000000000000e+01 -1.300000000000000000e+01 1.800000000000000000e+01 5.194100000000000000e+04 4.745200000000000000e+04 5.479000000000000000e+04 5.006100000000000000e+04 1.862553209601901472e+01 8.110000000000000000e+02
0.000000000000000000e+00 -2.100000000000000000e+01 7.000000000000000000e+00 5.305700000000000000e+04 5.568300000000000000e+04 5.451000000000000000e+04 4.041000000000000000e+04 1.863466876302845776e+01 8.090000000000000000e+02
-3.300000000000000000e+01 -7.000000000000000000e+00 1.300000000000000000e+01 5.251700000000000000e+04 5.104100000000000000e+04 5.478800000000000000e+04 4.686500000000000000e+04 1.864545713306870311e+01 8.090000000000000000e+02
-6.100000000000000000e+01 3.000000000000000000e+01 2.000000000000000000e+00 5.309300000000000000e+04 5.202800000000000000e+04 5.453200000000000000e+04 4.577900000000000000e+04 1.865514761209487915e+01 8.090000000000000000e+02
-9.400000000000000000e+01 5.000000000000000000e+01 -7.000000000000000000e+00 5.258900000000000000e+04 4.662600000000000000e+04 5.479800000000000000e+04 5.152100000000000000e+04 1.866488286899402738e+01 8.090000000000000000e+02
-1.190000000000000000e+02 6.300000000000000000e+01 -8.000000000000000000e+00 5.195000000000000000e+04 5.293700000000000000e+04 5.538500000000000000e+04 4.530700000000000000e+04 1.867432918609119952e+01 8.110000000000000000e+02
-1.180000000000000000e+02 6.600000000000000000e+01 -5.000000000000000000e+00 5.245000000000000000e+04 5.095000000000000000e+04 5.501100000000000000e+04 4.733600000000000000e+04 1.868540122301783413e+01 8.110000000000000000e+02
-8.600000000000000000e+01 5.500000000000000000e+01 -1.000000000000000000e+01 5.268900000000000000e+04 5.098600000000000000e+04 5.478600000000000000e+04 4.754400000000000000e+04 1.869612835010048002e+01 8.110000000000000000e+02
-5.500000000000000000e+01 5.800000000000000000e+01 3.000000000000000000e+00 5.336800000000000000e+04 5.089500000000000000e+04 5.444000000000000000e+04 4.780400000000000000e+04 1.870650041208136827e+01 8.110000000000000000e+02
-2.700000000000000000e+01 3.200000000000000000e+01 -1.000000000000000000e+00 5.441600000000000000e+04 5.006800000000000000e+04 5.339200000000000000e+04 4.866000000000000000e+04 1.871564366400707513e+01 8.110000000000000000e+02
-8.000000000000000000e+00 -6.000000000000000000e+00 4.000000000000000000e+00 5.436800000000000000e+04 5.153300000000000000e+04 5.350800000000000000e+04 4.713600000000000000e+04 1.872563366207759827e+01 8.090000000000000000e+02
2.100000000000000000e+01 -3.800000000000000000e+01 -2.000000000000000000e+00 5.200100000000000000e+04 5.187700000000000000e+04 5.561600000000000000e+04 4.668700000000000000e+04 1.873531695606652647e+01 8.090000000000000000e+02
2.400000000000000000e+01 -4.000000000000000000e+01 1.000000000000000000e+01 5.446900000000000000e+04 5.252000000000000000e+04 5.329500000000000000e+04 4.584400000000000000e+04 1.874516020505689085e+01 8.090000000000000000e+02
2.800000000000000000e+01 -6.400000000000000000e+01 9.000000000000000000e+00 5.288300000000000000e+04 5.193500000000000000e+04 5.511600000000000000e+04 4.667000000000000000e+04 1.875571589008904994e+01 8.090000000000000000e+02
-9.000000000000000000e+00 -4.800000000000000000e+01 8.000000000000000000e+00 5.268800000000000000e+04 5.175400000000000000e+04 5.547000000000000000e+04 4.702600000000000000e+04 1.876519276609178632e+01 8.090000000000000000e+02
-2.800000000000000000e+01 -2.600000000000000000e+01 5.000000000000000000e+00 5.323100000000000000e+04 5.137800000000000000e+04 5.479800000000000000e+04 4.742200000000000000e+04 1.877465405000839382e+01 8.090000000000000000e+02
-2.900000000000000000e+01 -2.200000000000000000e+01 6.000000000000000000e+00 5.333000000000000000e+04 5.165900000000000000e+04 5.479500000000000000e+04 4.702600000000000000e+04 1.878498534508980811e+01 8.090000000000000000e+02
-3.100000000000000000e+01 8.000000000000000000e+00 1.000000000000000000e+01 5.270600000000000000e+04 5.055500000000000000e+04 5.545800000000000000e+04 4.807100000000000000e+04 1.879620209708809853e+01 8.090000000000000000e+02
-4.400000000000000000e+01 -2.000000000000000000e+00 1.200000000000000000e+01 5.329100000000000000e+04 5.129700000000000000e+04 5.506300000000000000e+04 4.735000000000000000e+04 1.880440216406714171e+01 8.090000000000000000e+02
-3.300000000000000000e+01 2.100000000000000000e+01 2.100000000000000000e+01 5.383500000000000000e+04 5.090200000000000000e+04 5.438800000000000000e+04 4.756200000000000000e+04 1.881538318109232932e+01 8.090000000000000000e+02
-3.200000000000000000e+01 3.300000000000000000e+01 1.700000000000000000e+01 5.300900000000000000e+04 5.119900000000000000e+04 5.549300000000000000e+04 4.733400000000000000e+04 1.882447274599689990e+01 8.090000000000000000e+02
-2.900000000000000000e+01 4.000000000000000000e+01 2.400000000000000000e+01 5.168500000000000000e+04 5.224900000000000000e+04 5.639200000000000000e+04 4.611100000000000000e+04 1.883515977405477315e+01 8.090000000000000000e+02
-1.200000000000000000e+01 2.700000000000000000e+01 2.000000000000000000e+01 5.262800000000000000e+04 5.183900000000000000e+04 5.580200000000000000e+04 4.666400000000000000e+04 1.884500077599659562e+01 8.090000000000000000e+02
1.500000000000000000e+01 3.600000000000000000e+01 2.900000000000000000e+01 5.526000000000000000e+04 5.007200000000000000e+04 5.337300000000000000e+04 4.872400000000000000e+04 1.885526835906784981e+01 8.070000000000000000e+02
3.100000000000000000e+01 3.200000000000000000e+01 4.300000000000000000e+01 5.226000000000000000e+04 5.267300000000000000e+04 5.628200000000000000e+04 4.556200000000000000e+04 1.886511098907794803e+01 8.070000000000000000e+02
2.600000000000000000e+01 2.500000000000000000e+01 3.000000000000000000e+01 5.291900000000000000e+04 5.102500000000000000e+04 5.561600000000000000e+04 4.739300000000000000e+04 1.887471325299702585e+01 8.070000000000000000e+02
3.400000000000000000e+01 2.400000000000000000e+01 1.900000000000000000e+01 5.491800000000000000e+04 5.066900000000000000e+04 5.364300000000000000e+04 4.756800000000000000e+04 1.888491783500649035e+01 8.070000000000000000e+02
3.600000000000000000e+01 3.000000000000000000e+01 2.200000000000000000e+01 5.361900000000000000e+04 5.064400000000000000e+04 5.471800000000000000e+04 4.728100000000000000e+04 1.889501492609269917e+01 8.090000000000000000e+02
-5.000000000000000000e+00 2.700000000000000000e+01 2.800000000000000000e+01 5.326300000000000000e+04 5.106600000000000000e+04 5.478900000000000000e+04 4.653600000000000000e+04 1.890506127709522843e+01 8.090000000000000000e+02
-4.000000000000000000e+00 2.000000000000000000e+01 1.700000000000000000e+01 5.352100000000000000e+04 5.002500000000000000e+04 5.434000000000000000e+04 4.773500000000000000e+04 1.891481707501225173e+01 8.090000000000000000e+02
-5.000000000000000000e+00 -2.900000000000000000e+01 2.100000000000000000e+01 4.953000000000000000e+04 5.207800000000000000e+04 5.766500000000000000e+04 4.529800000000000000e+04 1.892460942699108273e+01 8.090000000000000000e+02
2.000000000000000000e+00 -5.700000000000000000e+01 2.800000000000000000e+01 5.385500000000000000e+04 4.896900000000000000e+04 5.398400000000000000e+04 4.856500000000000000e+04 1.893485737103037536e+01 8.090000000000000000e+02
-1.000000000000000000e+01 -4.300000000000000000e+01 1.600000000000000000e+01 5.306700000000000000e+04 5.106500000000000000e+04 5.477200000000000000e+04 4.627000000000000000e+04 1.894487705000210553e+01 8.090000000000000000e+02
3.000000000000000000e+00 -2.400000000000000000e+01 3.100000000000000000e+01 5.309200000000000000e+04 5.058200000000000000e+04 5.472700000000000000e+04 4.690000000000000000e+04 1.895481418306007981e+01 8.090000000000000000e+02
-9.000000000000000000e+00 -4.700000000000000000e+01 2.300000000000000000e+01 5.224500000000000000e+04 4.992000000000000000e+04 5.557300000000000000e+04 4.748500000000000000e+04 1.896421723510138690e+01 8.090000000000000000e+02
1.900000000000000000e+01 -1.900000000000000000e+01 2.500000000000000000e+01 5.288000000000000000e+04 5.008700000000000000e+04 5.508700000000000000e+04 4.724200000000000000e+04 1.897585906810127199e+01 8.060000000000000000e+02
0.000000000000000000e+00 1.200000000000000000e+01 3.300000000000000000e+01 5.182100000000000000e+04 4.947600000000000000e+04 5.622000000000000000e+04 4.844100000000000000e+04 1.898647871799767017e+01 8.060000000000000000e+02
7.000000000000000000e+00 -1.100000000000000000e+01 2.400000000000000000e+01 5.196200000000000000e+04 4.969100000000000000e+04 5.620700000000000000e+04 4.816200000000000000e+04 1.899611017003189772e+01 8.060000000000000000e+02
5.700000000000000000e+01 -1.500000000000000000e+01 1.200000000000000000e+01 5.348500000000000000e+04 5.206300000000000000e+04 5.472300000000000000e+04 4.567100000000000000e+04 1.900586216303054243e+01 8.060000000000000000e+02
6.900000000000000000e+01 1.900000000000000000e+01 2.300000000000000000e+01 5.137300000000000000e+04 5.055200000000000000e+04 5.670600000000000000e+04 4.718800000000000000e+04 1.901631110208109021e+01 8.060000000000000000e+02
9.500000000000000000e+01 1.000000000000000000e+00 1.200000000000000000e+01 5.219400000000000000e+04 5.296000000000000000e+04 5.583700000000000000e+04 4.433300000000000000e+04 1.902529642707668245e+01 8.090000000000000000e+02
9.600000000000000000e+01 3.200000000000000000e+01 3.000000000000000000e+01 5.409000000000000000e+04 5.231200000000000000e+04 5.420500000000000000e+04 4.492400000000000000e+04 1.903529237804468721e+01 8.090000000000000000e+02
9.300000000000000000e+01 2.700000000000000000e+01 1.100000000000000000e+01 5.191100000000000000e+04 5.012300000000000000e+04 5.610400000000000000e+04 4.754100000000000000e+04 1.904440072306897491e+01 8.090000000000000000e+02
6.900000000000000000e+01 4.800000000000000000e+01 4.000000000000000000e+00 5.319700000000000000e+04 5.070000000000000000e+04 5.491000000000000000e+04 4.703200000000000000e+04 1.905432302504777908e+01 8.090000000000000000e+02
5.800000000000000000e+01 8.300000000000000000e+01 1.400000000000000000e+01 5.376100000000000000e+04 5.063300000000000000e+04 5.491600000000000000e+04 4.763400000000000000e+04 1.906556936900597066e+01 8.040000000000000000e+02
6.100000000000000000e+01 1.040000000000000000e+02 1.800000000000000000e+01 5.762000000000000000e+04 5.133500000000000000e+04 5.067600000000000000e+04 4.680000000000000000e+04 1.907550580799579620e+01 8.040000000000000000e+02
9.000000000000000000e+00 7.600000000000000000e+01 1.300000000000000000e+01 5.023900000000000000e+04 5.091300000000000000e+04 5.815700000000000000e+04 4.739800000000000000e+04 1.908539384009782225e+01 8.040000000000000000e+02
-1.900000000000000000e+01 4.000000000000000000e+01 3.000000000000000000e+00 5.395800000000000000e+04 4.966600000000000000e+04 5.497200000000000000e+04 4.888000000000000000e+04 1.909738180704880506e+01 8.040000000000000000e+02
-1.300000000000000000e+01 -2.000000000000000000e+00 9.000000000000000000e+00 5.343100000000000000e+04 5.074900000000000000e+04 5.561500000000000000e+04 4.792700000000000000e+04 1.911441708507481962e+01 8.060000000000000000e+02
-2.100000000000000000e+01 -4.300000000000000000e+01 7.000000000000000000e+00 5.543300000000000000e+04 5.605900000000000000e+04 5.426700000000000000e+04 4.022400000000000000e+04 1.911742765002418309e+01 8.060000000000000000e+02
-2.700000000000000000e+01 -9.300000000000000000e+01 3.000000000000000000e+00 5.328300000000000000e+04 5.215600000000000000e+04 5.570900000000000000e+04 4.645900000000000000e+04 1.912416896107606590e+01 8.060000000000000000e+02
-3.200000000000000000e+01 -5.300000000000000000e+01 -9.000000000000000000e+00 5.250500000000000000e+04 4.683200000000000000e+04 5.611800000000000000e+04 5.177500000000000000e+04 1.913492989004589617e+01 8.060000000000000000e+02
-3.300000000000000000e+01 -3.700000000000000000e+01 -7.000000000000000000e+00 5.291000000000000000e+04 5.075600000000000000e+04 5.582300000000000000e+04 4.789300000000000000e+04 1.914621900604106486e+01 8.060000000000000000e+02
-4.100000000000000000e+01 -5.000000000000000000e+00 -4.000000000000000000e+00 5.332400000000000000e+04 5.165400000000000000e+04 5.558500000000000000e+04 4.710600000000000000e+04 1.915461861202493310e+01 8.030000000000000000e+02
-5.400000000000000000e+01 1.000000000000000000e+00 -1.800000000000000000e+01 5.358400000000000000e+04 5.150500000000000000e+04 5.525200000000000000e+04 4.739700000000000000e+04 1.916453150298912078e+01 8.030000000000000000e+02
-4.000000000000000000e+01 3.800000000000000000e+01 -2.100000000000000000e+01 5.452900000000000000e+04 4.968600000000000000e+04 5.410100000000000000e+04 4.912100000000000000e+04 1.917425417108461261e+01 8.030000000000000000e+02
-2.600000000000000000e+01 3.700000000000000000e+01 -2.000000000000000000e+01 5.333700000000000000e+04 5.134200000000000000e+04 5.523100000000000000e+04 4.738700000000000000e+04 1.918408544408157468e+01 8.030000000000000000e+02
-2.000000000000000000e+00 3.200000000000000000e+01 -1.700000000000000000e+01 5.379800000000000000e+04 5.016300000000000000e+04 5.487900000000000000e+04 4.875600000000000000e+04 1.919540115806739777e+01 8.030000000000000000e+02
9.000000000000000000e+00 6.000000000000000000e+01 -1.300000000000000000e+01 5.365300000000000000e+04 5.148300000000000000e+04 5.481700000000000000e+04 4.716300000000000000e+04 1.920403061504475772e+01 8.030000000000000000e+02
1.800000000000000000e+01 3.500000000000000000e+01 -1.900000000000000000e+01 5.320400000000000000e+04 5.111000000000000000e+04 5.510600000000000000e+04 4.736900000000000000e+04 1.921555536310188472e+01 8.030000000000000000e+02
4.200000000000000000e+01 2.200000000000000000e+01 -1.900000000000000000e+01 5.289200000000000000e+04 5.137400000000000000e+04 5.543000000000000000e+04 4.702200000000000000e+04 1.922442699503153563e+01 8.030000000000000000e+02
5.000000000000000000e+01 3.600000000000000000e+01 -1.300000000000000000e+01 5.358800000000000000e+04 5.161600000000000000e+04 5.474400000000000000e+04 4.662300000000000000e+04 1.923520285508129746e+01 8.060000000000000000e+02
2.100000000000000000e+01 3.200000000000000000e+01 1.700000000000000000e+01 5.317900000000000000e+04 5.109700000000000000e+04 5.497000000000000000e+04 4.682900000000000000e+04 1.924449612700846046e+01 8.060000000000000000e+02
2.100000000000000000e+01 1.700000000000000000e+01 9.000000000000000000e+00 5.343800000000000000e+04 5.148000000000000000e+04 5.482400000000000000e+04 4.621400000000000000e+04 1.925378604105208069e+01 8.060000000000000000e+02
-1.500000000000000000e+01 -1.300000000000000000e+01 -1.000000000000000000e+00 5.254000000000000000e+04 5.091900000000000000e+04 5.530300000000000000e+04 4.683400000000000000e+04 1.926436442101839930e+01 8.060000000000000000e+02
-3.000000000000000000e+01 -2.000000000000000000e+01 1.200000000000000000e+01 5.217600000000000000e+04 5.025400000000000000e+04 5.573700000000000000e+04 4.727800000000000000e+04 1.927504337707068771e+01 8.060000000000000000e+02
-1.000000000000000000e+01 -3.600000000000000000e+01 -6.000000000000000000e+00 5.241900000000000000e+04 5.078300000000000000e+04 5.554100000000000000e+04 4.667100000000000000e+04 1.928444852808024734e+01 8.060000000000000000e+02
4.000000000000000000e+00 -5.400000000000000000e+01 -5.000000000000000000e+00 5.235800000000000000e+04 5.112800000000000000e+04 5.526500000000000000e+04 4.631300000000000000e+04 1.929531325900461525e+01 8.060000000000000000e+02
-8.000000000000000000e+00 -4.000000000000000000e+01 -1.000000000000000000e+01 5.229600000000000000e+04 5.096000000000000000e+04 5.525800000000000000e+04 4.658600000000000000e+04 1.930487033608369529e+01 8.060000000000000000e+02
3.500000000000000000e+01 -4.600000000000000000e+01 -8.000000000000000000e+00 5.220300000000000000e+04 5.080300000000000000e+04 5.512400000000000000e+04 4.652500000000000000e+04 1.931488229904789478e+01 8.060000000000000000e+02
7.000000000000000000e+01 -7.300000000000000000e+01 -1.700000000000000000e+01 5.218400000000000000e+04 5.106200000000000000e+04 5.506400000000000000e+04 4.633300000000000000e+04 1.932483989605680108e+01 8.020000000000000000e+02
7.600000000000000000e+01 -4.800000000000000000e+01 -2.100000000000000000e+01 5.291100000000000000e+04 5.033600000000000000e+04 5.464300000000000000e+04 4.762000000000000000e+04 1.933566576009616256e+01 8.020000000000000000e+02
1.070000000000000000e+02 -1.000000000000000000e+01 -2.600000000000000000e+01 5.326800000000000000e+04 5.169200000000000000e+04 5.436500000000000000e+04 4.601400000000000000e+04 1.934399923204910010e+01 8.020000000000000000e+02
9.600000000000000000e+01 -1.100000000000000000e+01 -2.700000000000000000e+01 5.364900000000000000e+04 5.277600000000000000e+04 5.365500000000000000e+04 4.463400000000000000e+04 1.935496216104365885e+01 8.020000000000000000e+02
4.000000000000000000e+00 3.500000000000000000e+01 -3.100000000000000000e+01 5.348000000000000000e+04 5.205100000000000000e+04 5.381000000000000000e+04 4.554400000000000000e+04 1.936419476103037596e+01 0.000000000000000000e+00
-1.080000000000000000e+02 3.500000000000000000e+01 -2.700000000000000000e+01 5.536300000000000000e+04 5.468600000000000000e+04 5.740000000000000000e+04 4.942600000000000000e+04 1.937361286499071866e+01 0.000000000000000000e+00
-2.320000000000000000e+02 7.500000000000000000e+01 -2.900000000000000000e+01 5.527400000000000000e+04 5.394600000000000000e+04 5.842700000000000000e+04 5.146500000000000000e+04 1.938427255710121244e+01 0.000000000000000000e+00
-2.990000000000000000e+02 1.190000000000000000e+02 -1.200000000000000000e+01 5.594700000000000000e+04 5.290800000000000000e+04 5.810600000000000000e+04 5.253100000000000000e+04 1.939439292903989553e+01 0.000000000000000000e+00
-3.400000000000000000e+02 8.600000000000000000e+01 -1.600000000000000000e+01 5.622300000000000000e+04 5.379200000000000000e+04 5.940100000000000000e+04 5.296100000000000000e+04 1.940454978810157627e+01 2.600000000000000000e+01
-3.140000000000000000e+02 6.100000000000000000e+01 -7.000000000000000000e+00 5.630000000000000000e+04 5.325000000000000000e+04 5.946000000000000000e+04 5.387000000000000000e+04 1.941412382898852229e+01 2.600000000000000000e+01
-2.440000000000000000e+02 2.100000000000000000e+01 -4.000000000000000000e+00 5.685700000000000000e+04 5.456000000000000000e+04 5.979700000000000000e+04 5.327700000000000000e+04 1.942485183908138424e+01 2.600000000000000000e+01
-1.480000000000000000e+02 -2.000000000000000000e+01 3.000000000000000000e+00 5.688700000000000000e+04 5.605300000000000000e+04 6.012700000000000000e+04 5.187400000000000000e+04 1.943416296108625829e+01 2.600000000000000000e+01
-7.000000000000000000e+01 -5.200000000000000000e+01 1.100000000000000000e+01 5.714500000000000000e+04 5.652400000000000000e+04 6.006100000000000000e+04 5.125900000000000000e+04 1.944402739708311856e+01 2.600000000000000000e+01
2.300000000000000000e+01 -5.900000000000000000e+01 -6.000000000000000000e+00 5.807100000000000000e+04 5.685100000000000000e+04 5.900300000000000000e+04 5.075500000000000000e+04 1.945428350404836237e+01 6.200000000000000000e+01
1.030000000000000000e+02 -5.000000000000000000e+00 -1.200000000000000000e+01 5.646500000000000000e+04 5.445000000000000000e+04 5.641500000000000000e+04 4.849200000000000000e+04 1.946353460801765323e+01 6.200000000000000000e+01
1.520000000000000000e+02 3.700000000000000000e+01 -2.400000000000000000e+01 5.681700000000000000e+04 5.493200000000000000e+04 5.572400000000000000e+04 4.765200000000000000e+04 1.947377028909977525e+01 6.200000000000000000e+01
1.350000000000000000e+02 1.130000000000000000e+02 -2.500000000000000000e+01 5.588300000000000000e+04 5.317500000000000000e+04 5.482300000000000000e+04 4.805900000000000000e+04 1.948425825906451792e+01 6.200000000000000000e+01
1.050000000000000000e+02 8.600000000000000000e+01 -1.900000000000000000e+01 5.448600000000000000e+04 5.242200000000000000e+04 5.544900000000000000e+04 4.806200000000000000e+04 1.949408869200851768e+01 6.500000000000000000e+01
6.700000000000000000e+01 8.300000000000000000e+01 -1.000000000000000000e+01 5.324200000000000000e+04 5.094600000000000000e+04 5.288600000000000000e+04 4.499100000000000000e+04 1.950450945005286485e+01 6.500000000000000000e+01
2.500000000000000000e+01 3.600000000000000000e+01 -8.000000000000000000e+00 5.199300000000000000e+04 5.023700000000000000e+04 5.377500000000000000e+04 4.510300000000000000e+04 1.951423737709410489e+01 6.500000000000000000e+01
-4.900000000000000000e+01 -2.800000000000000000e+01 -1.000000000000000000e+00 5.030500000000000000e+04 4.882500000000000000e+04 5.380800000000000000e+04 4.509100000000000000e+04 1.952416734909638762e+01 6.500000000000000000e+01
-7.200000000000000000e+01 -6.000000000000000000e+00 -2.400000000000000000e+01 5.028800000000000000e+04 4.845900000000000000e+04 5.287500000000000000e+04 4.464900000000000000e+04 1.953441708302125335e+01 6.500000000000000000e+01
-6.700000000000000000e+01 7.000000000000000000e+00 -2.600000000000000000e+01 4.982500000000000000e+04 4.787600000000000000e+04 5.235900000000000000e+04 4.468000000000000000e+04 1.954397371306549758e+01 6.800000000000000000e+01
-6.600000000000000000e+01 2.800000000000000000e+01 -4.100000000000000000e+01 4.961400000000000000e+04 4.750100000000000000e+04 5.039200000000000000e+04 4.265200000000000000e+04 1.955409721599426121e+01 6.800000000000000000e+01
-6.600000000000000000e+01 8.000000000000000000e+00 -3.400000000000000000e+01 4.836400000000000000e+04 4.606600000000000000e+04 5.102100000000000000e+04 4.368100000000000000e+04 1.956427074200473726e+01 6.800000000000000000e+01
-2.400000000000000000e+01 -2.000000000000000000e+01 -3.300000000000000000e+01 4.854700000000000000e+04 4.715700000000000000e+04 5.080100000000000000e+04 4.224200000000000000e+04 1.957376763003412634e+01 6.800000000000000000e+01
4.000000000000000000e+00 -9.400000000000000000e+01 -2.600000000000000000e+01 4.757400000000000000e+04 4.757600000000000000e+04 5.121400000000000000e+04 4.146600000000000000e+04 1.958367762900888920e+01 7.300000000000000000e+01
1.700000000000000000e+01 -1.420000000000000000e+02 -3.000000000000000000e+01 4.704900000000000000e+04 4.733300000000000000e+04 5.068900000000000000e+04 4.055300000000000000e+04 1.959392004599794745e+01 7.300000000000000000e+01
4.300000000000000000e+01 -1.670000000000000000e+02 -1.800000000000000000e+01 4.676200000000000000e+04 4.694000000000000000e+04 5.101100000000000000e+04 4.089000000000000000e+04 1.960684417304582894e+01 7.300000000000000000e+01
7.700000000000000000e+01 -1.500000000000000000e+02 -1.300000000000000000e+01 4.713700000000000000e+04 4.749100000000000000e+04 5.066600000000000000e+04 4.010000000000000000e+04 1.961385602701921016e+01 7.300000000000000000e+01
9.400000000000000000e+01 -1.300000000000000000e+02 -2.000000000000000000e+00 4.752400000000000000e+04 4.783900000000000000e+04 5.058400000000000000e+04 3.979900000000000000e+04 1.962367008102592081e+01 7.300000000000000000e+01
7.100000000000000000e+01 -6.600000000000000000e+01 1.000000000000000000e+00 4.802500000000000000e+04 4.688400000000000000e+04 4.986400000000000000e+04 4.046100000000000000e+04 1.963396001607179642e+01 7.900000000000000000e+01
7.300000000000000000e+01 -8.000000000000000000e+00 -1.000000000000000000e+01 4.848100000000000000e+04 4.626600000000000000e+04 4.961000000000000000e+04 4.139800000000000000e+04 1.964376335404813290e+01 7.900000000000000000e+01
6.300000000000000000e+01 7.400000000000000000e+01 -7.000000000000000000e+00 4.886800000000000000e+04 4.624500000000000000e+04 4.944300000000000000e+04 4.173400000000000000e+04 1.965447953005786985e+01 7.900000000000000000e+01
4.900000000000000000e+01 1.010000000000000000e+02 -1.500000000000000000e+01 4.886500000000000000e+04 4.599800000000000000e+04 4.957800000000000000e+04 4.244700000000000000e+04 1.966377445508260280e+01 7.900000000000000000e+01
6.500000000000000000e+01 8.600000000000000000e+01 -5.000000000000000000e+00 4.962000000000000000e+04 4.732100000000000000e+04 4.946500000000000000e+04 4.149700000000000000e+04 1.967382860707584769e+01 8.300000000000000000e+01
6.200000000000000000e+01 3.500000000000000000e+01 0.000000000000000000e+00 4.846800000000000000e+04 4.851400000000000000e+04 5.075400000000000000e+04 4.044100000000000000e+04 1.968342508003115654e+01 8.300000000000000000e+01
7.000000000000000000e+01 2.300000000000000000e+01 4.000000000000000000e+00 4.870200000000000000e+04 4.788700000000000000e+04 5.108200000000000000e+04 4.136700000000000000e+04 1.969447491306345910e+01 8.300000000000000000e+01
1.300000000000000000e+01 3.300000000000000000e+01 -1.700000000000000000e+01 4.933600000000000000e+04 4.752600000000000000e+04 5.129300000000000000e+04 4.309800000000000000e+04 1.970464740402530879e+01 8.300000000000000000e+01
2.100000000000000000e+01 1.700000000000000000e+01 -2.300000000000000000e+01 4.943800000000000000e+04 4.841400000000000000e+04 5.120100000000000000e+04 4.236200000000000000e+04 1.971461574709974229e+01 8.500000000000000000e+01
-1.900000000000000000e+01 6.100000000000000000e+01 -1.500000000000000000e+01 5.070000000000000000e+04 4.718100000000000000e+04 5.115800000000000000e+04 4.504000000000000000e+04 1.972431979805696756e+01 8.500000000000000000e+01
-3.400000000000000000e+01 6.600000000000000000e+01 -2.300000000000000000e+01 5.013900000000000000e+04 4.751500000000000000e+04 5.156200000000000000e+04 4.477500000000000000e+04 1.973467155208345503e+01 8.500000000000000000e+01
-3.000000000000000000e+01 6.000000000000000000e+01 -1.300000000000000000e+01 5.087100000000000000e+04 4.828300000000000000e+04 5.221700000000000000e+04 4.516600000000000000e+04 1.974454352806787938e+01 8.500000000000000000e+01
-1.800000000000000000e+01 -3.700000000000000000e+01 -1.400000000000000000e+01 5.004400000000000000e+04 4.880600000000000000e+04 5.292500000000000000e+04 4.460300000000000000e+04 1.975445292703807354e+01 8.500000000000000000e+01
7.000000000000000000e+00 -9.200000000000000000e+01 -1.500000000000000000e+01 5.078400000000000000e+04 5.053100000000000000e+04 5.330300000000000000e+04 4.380400000000000000e+04 1.976436403102707118e+01 8.200000000000000000e+01
3.000000000000000000e+00 -1.290000000000000000e+02 -3.000000000000000000e+01 5.067500000000000000e+04 5.069200000000000000e+04 5.390200000000000000e+04 4.457300000000000000e+04 1.977460320410318673e+01 8.200000000000000000e+01
2.700000000000000000e+01 -7.200000000000000000e+01 -3.200000000000000000e+01 5.163300000000000000e+04 5.067400000000000000e+04 5.408300000000000000e+04 4.621900000000000000e+04 1.978417093807365745e+01 8.200000000000000000e+01
2.200000000000000000e+01 -2.600000000000000000e+01 -1.300000000000000000e+01 5.220200000000000000e+04 5.063400000000000000e+04 5.428200000000000000e+04 4.674700000000000000e+04 1.979421543003991246e+01 8.200000000000000000e+01
5.300000000000000000e+01 3.200000000000000000e+01 -1.100000000000000000e+01 5.338700000000000000e+04 5.159100000000000000e+04 5.407100000000000000e+04 4.661100000000000000e+04 1.980417351098731160e+01 7.500000000000000000e+01
6.800000000000000000e+01 4.900000000000000000e+01 -1.500000000000000000e+01 5.383800000000000000e+04 5.240400000000000000e+04 5.489300000000000000e+04 4.718400000000000000e+04 1.981422527402173728e+01 7.500000000000000000e+01
1.080000000000000000e+02 9.900000000000000000e+01 -1.800000000000000000e+01 5.434300000000000000e+04 5.297200000000000000e+04 5.484100000000000000e+04 4.709700000000000000e+04 1.982401029602624476e+01 7.500000000000000000e+01
1.140000000000000000e+02 1.130000000000000000e+02 -1.000000000000000000e+01 5.500900000000000000e+04 5.231300000000000000e+04 5.486800000000000000e+04 4.892600000000000000e+04 1.983431208902038634e+01 7.500000000000000000e+01
1.150000000000000000e+02 1.060000000000000000e+02 -2.100000000000000000e+01 5.564800000000000000e+04 5.380500000000000000e+04 5.467700000000000000e+04 4.763300000000000000e+04 1.984332283900585026e+01 7.500000000000000000e+01
3.800000000000000000e+01 6.000000000000000000e+01 -1.200000000000000000e+01 5.591000000000000000e+04 5.374000000000000000e+04 5.591400000000000000e+04 4.944500000000000000e+04 1.985401917702984065e+01 6.700000000000000000e+01
-2.200000000000000000e+01 -5.900000000000000000e+01 1.000000000000000000e+00 5.418300000000000000e+04 5.397600000000000000e+04 5.790800000000000000e+04 4.950900000000000000e+04 1.986376390804070979e+01 6.700000000000000000e+01
-2.900000000000000000e+01 -1.000000000000000000e+02 -1.000000000000000000e+00 5.473500000000000000e+04 5.392100000000000000e+04 5.770900000000000000e+04 4.975000000000000000e+04 1.987324772507417947e+01 6.700000000000000000e+01
-7.700000000000000000e+01 -1.630000000000000000e+02 2.300000000000000000e+01 5.346200000000000000e+04 5.261800000000000000e+04 5.929200000000000000e+04 5.161700000000000000e+04 1.988308860105462372e+01 6.700000000000000000e+01
-3.500000000000000000e+01 -2.320000000000000000e+02 3.300000000000000000e+01 5.387800000000000000e+04 5.322500000000000000e+04 5.927700000000000000e+04 5.071000000000000000e+04 1.989342520607169718e+01 6.000000000000000000e+01
3.000000000000000000e+01 -2.360000000000000000e+02 3.400000000000000000e+01 5.464600000000000000e+04 5.448800000000000000e+04 5.959100000000000000e+04 5.046800000000000000e+04 1.990343733108602464e+01 6.000000000000000000e+01
1.190000000000000000e+02 -1.510000000000000000e+02 3.700000000000000000e+01 5.604800000000000000e+04 5.425600000000000000e+04 5.842100000000000000e+04 5.082600000000000000e+04 1.991538317908998579e+01 6.000000000000000000e+01
2.150000000000000000e+02 -9.600000000000000000e+01 2.000000000000000000e+01 5.678100000000000000e+04 5.535000000000000000e+04 5.811900000000000000e+04 5.002700000000000000e+04 1.992372000904288143e+01 6.000000000000000000e+01
3.080000000000000000e+02 -5.400000000000000000e+01 1.900000000000000000e+01 5.788600000000000000e+04 5.569300000000000000e+04 5.710400000000000000e+04 4.940400000000000000e+04 1.993382966308854520e+01 5.000000000000000000e+01
3.520000000000000000e+02 -6.400000000000000000e+01 2.000000000000000000e+01 5.826800000000000000e+04 5.633000000000000000e+04 5.748200000000000000e+04 4.982000000000000000e+04 1.994346169498749077e+01 5.000000000000000000e+01
3.350000000000000000e+02 -6.900000000000000000e+01 1.300000000000000000e+01 5.815200000000000000e+04 5.649100000000000000e+04 5.744100000000000000e+04 4.957600000000000000e+04 1.995361763099208474e+01 5.000000000000000000e+01
2.820000000000000000e+02 -9.600000000000000000e+01 2.300000000000000000e+01 5.763000000000000000e+04 5.667500000000000000e+04 5.811100000000000000e+04 4.937200000000000000e+04 1.996396116109099239e+01 5.000000000000000000e+01
1.990000000000000000e+02 -1.450000000000000000e+02 3.400000000000000000e+01 5.667900000000000000e+04 5.706700000000000000e+04 5.916400000000000000e+04 4.875900000000000000e+04 1.997354049701243639e+01 5.000000000000000000e+01
8.000000000000000000e+00 -1.920000000000000000e+02 4.100000000000000000e+01 5.495200000000000000e+04 5.562500000000000000e+04 6.060200000000000000e+04 5.022500000000000000e+04 1.998383158806245774e+01 4.200000000000000000e+01
-1.620000000000000000e+02 -1.250000000000000000e+02 5.500000000000000000e+01 5.532500000000000000e+04 5.459200000000000000e+04 6.092600000000000000e+04 5.189100000000000000e+04 1.999379175505600870e+01 4.200000000000000000e+01
-3.190000000000000000e+02 -1.350000000000000000e+02 5.800000000000000000e+01 5.360600000000000000e+04 5.342700000000000000e+04 6.185300000000000000e+04 5.253200000000000000e+04 2.000360870209988207e+01 4.200000000000000000e+01
-3.450000000000000000e+02 -1.020000000000000000e+02 7.500000000000000000e+01 5.362500000000000000e+04 5.375400000000000000e+04 6.183300000000000000e+04 5.195200000000000000e+04 2.001401980104856193e+01 4.200000000000000000e+01
-3.240000000000000000e+02 3.000000000000000000e+01 6.600000000000000000e+01 5.548200000000000000e+04 5.229100000000000000e+04 6.032400000000000000e+04 5.283500000000000000e+04 2.002387460705358535e+01 3.600000000000000000e+01
-2.480000000000000000e+02 2.140000000000000000e+02 6.000000000000000000e+01 5.699500000000000000e+04 5.119800000000000000e+04 5.895000000000000000e+04 5.403000000000000000e+04 2.003418837802018970e+01 3.600000000000000000e+01
-1.240000000000000000e+02 3.120000000000000000e+02 4.700000000000000000e+01 5.952500000000000000e+04 5.141700000000000000e+04 5.570200000000000000e+04 5.342600000000000000e+04 2.004378135700244457e+01 3.600000000000000000e+01
4.500000000000000000e+01 2.750000000000000000e+02 5.500000000000000000e+01 5.999800000000000000e+04 5.300100000000000000e+04 5.467200000000000000e+04 5.120400000000000000e+04 2.005358978407457471e+01 3.600000000000000000e+01
1.550000000000000000e+02 1.710000000000000000e+02 3.900000000000000000e+01 5.926500000000000000e+04 5.399600000000000000e+04 5.484100000000000000e+04 4.925500000000000000e+04 2.006346130208112299e+01 3.600000000000000000e+01
2.100000000000000000e+02 -8.000000000000000000e+00 2.100000000000000000e+01 5.809000000000000000e+04 5.574200000000000000e+04 5.611500000000000000e+04 4.752400000000000000e+04 2.007412665500305593e+01 3.400000000000000000e+01
1.560000000000000000e+02 -2.430000000000000000e+02 1.300000000000000000e+01 5.536900000000000000e+04 5.510900000000000000e+04 5.742100000000000000e+04 4.688700000000000000e+04 2.008418304007500410e+01 3.400000000000000000e+01
1.210000000000000000e+02 -3.510000000000000000e+02 1.100000000000000000e+01 5.508300000000000000e+04 5.615300000000000000e+04 5.772400000000000000e+04 4.546200000000000000e+04 2.009405804099515080e+01 3.400000000000000000e+01
-9.000000000000000000e+00 -3.750000000000000000e+02 1.200000000000000000e+01 5.344100000000000000e+04 5.406600000000000000e+04 5.775600000000000000e+04 4.652700000000000000e+04 2.010417846508789808e+01 3.400000000000000000e+01
-1.910000000000000000e+02 -3.340000000000000000e+02 4.000000000000000000e+00 5.180700000000000000e+04 5.308100000000000000e+04 5.907500000000000000e+04 4.767900000000000000e+04 2.011379266704898328e+01 3.400000000000000000e+01
-3.360000000000000000e+02 -2.010000000000000000e+02 -2.000000000000000000e+01 5.097200000000000000e+04 5.110900000000000000e+04 5.876400000000000000e+04 4.917400000000000000e+04 2.012363961909431964e+01 3.400000000000000000e+01
-3.660000000000000000e+02 -5.000000000000000000e+00 5.000000000000000000e+00 5.195900000000000000e+04 5.010000000000000000e+04 5.766600000000000000e+04 4.988600000000000000e+04 2.013400094909593463e+01 3.400000000000000000e+01
-3.250000000000000000e+02 1.900000000000000000e+02 1.600000000000000000e+01 5.304700000000000000e+04 4.733000000000000000e+04 5.608000000000000000e+04 5.116200000000000000e+04 2.014371090906206518e+01 3.400000000000000000e+01
-2.060000000000000000e+02 3.540000000000000000e+02 1.300000000000000000e+01 5.441400000000000000e+04 4.793200000000000000e+04 5.432800000000000000e+04 4.997000000000000000e+04 2.015343710104934871e+01 4.100000000000000000e+01
-1.080000000000000000e+02 4.360000000000000000e+02 5.000000000000000000e+00 5.420800000000000000e+04 4.734500000000000000e+04 5.328100000000000000e+04 4.918000000000000000e+04 2.016310933907516301e+01 4.100000000000000000e+01
2.400000000000000000e+01 4.740000000000000000e+02 1.300000000000000000e+01 5.520100000000000000e+04 4.779800000000000000e+04 5.197900000000000000e+04 4.824300000000000000e+04 2.017396106000524014e+01 4.100000000000000000e+01
1.620000000000000000e+02 3.980000000000000000e+02 1.100000000000000000e+01 5.517700000000000000e+04 4.964300000000000000e+04 5.137400000000000000e+04 4.565800000000000000e+04 2.018334248906467110e+01 4.100000000000000000e+01
2.600000000000000000e+02 2.690000000000000000e+02 -1.000000000000000000e+01 5.448400000000000000e+04 5.070800000000000000e+04 5.150800000000000000e+04 4.431200000000000000e+04 2.019315611699130386e+01 4.100000000000000000e+01
3.210000000000000000e+02 1.160000000000000000e+02 -6.000000000000000000e+00 5.154200000000000000e+04 5.261000000000000000e+04 5.409800000000000000e+04 4.163200000000000000e+04 2.020348483999259770e+01 4.400000000000000000e+01
3.320000000000000000e+02 -8.900000000000000000e+01 -1.400000000000000000e+01 4.994800000000000000e+04 5.300700000000000000e+04 5.491600000000000000e+04 4.062400000000000000e+04 2.021306420606561005e+01 4.400000000000000000e+01
3.570000000000000000e+02 -2.660000000000000000e+02 -1.200000000000000000e+01 4.909700000000000000e+04 5.475400000000000000e+04 5.557400000000000000e+04 3.795000000000000000e+04 2.022330416901968420e+01 4.400000000000000000e+01
3.170000000000000000e+02 -3.480000000000000000e+02 -2.400000000000000000e+01 4.961900000000000000e+04 5.575700000000000000e+04 5.513500000000000000e+04 3.637600000000000000e+04 2.023353361501358449e+01 4.400000000000000000e+01
1.680000000000000000e+02 -3.030000000000000000e+02 -1.500000000000000000e+01 4.973400000000000000e+04 5.419100000000000000e+04 5.496800000000000000e+04 3.898800000000000000e+04 2.024345564108807594e+01 9.600000000000000000e+01
-8.000000000000000000e+00 -1.050000000000000000e+02 -3.500000000000000000e+01 4.645700000000000000e+04 4.793500000000000000e+04 5.228500000000000000e+04 3.962600000000000000e+04 2.025349316000938416e+01 9.600000000000000000e+01
-1.480000000000000000e+02 8.600000000000000000e+01 -6.200000000000000000e+01 4.850800000000000000e+04 4.564500000000000000e+04 5.013200000000000000e+04 4.248800000000000000e+04 2.026330002606846392e+01 9.600000000000000000e+01
-2.380000000000000000e+02 2.520000000000000000e+02 -7.300000000000000000e+01 4.849800000000000000e+04 4.134800000000000000e+04 4.830700000000000000e+04 4.581400000000000000e+04 2.027309365000110120e+01 9.600000000000000000e+01
-2.770000000000000000e+02 2.860000000000000000e+02 -6.800000000000000000e+01 4.717200000000000000e+04 4.218000000000000000e+04 4.918600000000000000e+04 4.477300000000000000e+04 2.028359239303972572e+01 9.600000000000000000e+01
-2.640000000000000000e+02 7.700000000000000000e+01 -7.600000000000000000e+01 4.587600000000000000e+04 4.489400000000000000e+04 5.058500000000000000e+04 4.267000000000000000e+04 2.029444655508268625e+01 8.210000000000000000e+02
