7.200000000000000000e+01 -1.190000000000000000e+02 7.200000000000000000e+01 4.697900000000000000e+04 4.817500000000000000e+04 5.044900000000000000e+04 4.281300000000000000e+04 2.570091611694078892e+01 8.090000000000000000e+02
4.900000000000000000e+01 -1.270000000000000000e+02 7.900000000000000000e+01 4.659500000000000000e+04 4.790200000000000000e+04 5.091400000000000000e+04 4.304500000000000000e+04 2.571028582693543285e+01 8.090000000000000000e+02
2.500000000000000000e+01 -1.250000000000000000e+02 8.700000000000000000e+01 4.709600000000000000e+04 4.753100000000000000e+04 5.060300000000000000e+04 4.330300000000000000e+04 2.571984791301656514e+01 8.060000000000000000e+02
1.200000000000000000e+01 -1.140000000000000000e+02 9.100000000000000000e+01 4.707600000000000000e+04 4.741900000000000000e+04 5.093900000000000000e+04 4.364800000000000000e+04 2.573025279492139816e+01 8.060000000000000000e+02
-1.000000000000000000e+00 -1.120000000000000000e+02 8.800000000000000000e+01 4.702500000000000000e+04 4.768700000000000000e+04 5.104100000000000000e+04 4.328800000000000000e+04 2.574025876494124532e+01 8.060000000000000000e+02
-1.600000000000000000e+01 -1.050000000000000000e+02 9.000000000000000000e+01 4.747300000000000000e+04 4.676900000000000000e+04 5.085400000000000000e+04 4.442700000000000000e+04 2.575071087095420808e+01 8.060000000000000000e+02
-2.500000000000000000e+01 -8.700000000000000000e+01 8.600000000000000000e+01 4.731800000000000000e+04 4.711000000000000000e+04 5.103900000000000000e+04 4.406800000000000000e+04 2.576062575099058449e+01 8.070000000000000000e+02
-2.000000000000000000e+01 -8.300000000000000000e+01 9.700000000000000000e+01 4.784400000000000000e+04 4.709900000000000000e+04 5.072100000000000000e+04 4.404900000000000000e+04 2.577019157691393048e+01 8.070000000000000000e+02
2.000000000000000000e+00 -1.160000000000000000e+02 8.400000000000000000e+01 4.763700000000000000e+04 4.739000000000000000e+04 5.094300000000000000e+04 4.376200000000000000e+04 2.578065100498497486e+01 8.070000000000000000e+02
7.000000000000000000e+00 -1.180000000000000000e+02 8.900000000000000000e+01 4.795800000000000000e+04 4.708700000000000000e+04 5.087700000000000000e+04 4.432100000000000000e+04 2.579037374793551862e+01 8.070000000000000000e+02
2.500000000000000000e+01 -1.160000000000000000e+02 8.100000000000000000e+01 4.809000000000000000e+04 4.786300000000000000e+04 5.080500000000000000e+04 4.342300000000000000e+04 2.580104417493566871e+01 8.070000000000000000e+02
1.300000000000000000e+01 -1.200000000000000000e+02 8.200000000000000000e+01 4.771700000000000000e+04 4.738600000000000000e+04 5.111900000000000000e+04 4.386000000000000000e+04 2.581005368090700358e+01 8.070000000000000000e+02
1.400000000000000000e+01 -1.180000000000000000e+02 6.800000000000000000e+01 4.774100000000000000e+04 4.804400000000000000e+04 5.102200000000000000e+04 4.325900000000000000e+04 2.582001492299605161e+01 8.070000000000000000e+02
5.000000000000000000e+00 -1.250000000000000000e+02 6.900000000000000000e+01 4.769300000000000000e+04 4.783700000000000000e+04 5.114300000000000000e+04 4.339400000000000000e+04 2.583005271898582578e+01 8.070000000000000000e+02
1.700000000000000000e+01 -1.400000000000000000e+02 6.600000000000000000e+01 4.797300000000000000e+04 4.758600000000000000e+04 5.096400000000000000e+04 4.361600000000000000e+04 2.584020299895200878e+01 8.070000000000000000e+02
9.000000000000000000e+00 -1.460000000000000000e+02 6.600000000000000000e+01 4.780200000000000000e+04 4.777600000000000000e+04 5.112500000000000000e+04 4.342700000000000000e+04 2.585046526894439012e+01 8.040000000000000000e+02
1.100000000000000000e+01 -1.530000000000000000e+02 6.600000000000000000e+01 4.784800000000000000e+04 4.768900000000000000e+04 5.132500000000000000e+04 4.369600000000000000e+04 2.586018725601024926e+01 8.040000000000000000e+02
2.600000000000000000e+01 -1.220000000000000000e+02 6.300000000000000000e+01 4.831300000000000000e+04 4.785100000000000000e+04 5.092900000000000000e+04 4.352100000000000000e+04 2.587037348898593336e+01 8.040000000000000000e+02
1.900000000000000000e+01 -8.600000000000000000e+01 6.500000000000000000e+01 4.838800000000000000e+04 4.754100000000000000e+04 5.088300000000000000e+04 4.383100000000000000e+04 2.588017659599427134e+01 8.040000000000000000e+02
1.400000000000000000e+01 -3.100000000000000000e+01 6.300000000000000000e+01 4.854700000000000000e+04 4.731600000000000000e+04 5.073800000000000000e+04 4.407000000000000000e+04 2.589015431492589414e+01 8.040000000000000000e+02
4.000000000000000000e+00 -3.800000000000000000e+01 6.000000000000000000e+01 4.865800000000000000e+04 4.722600000000000000e+04 5.071000000000000000e+04 4.412300000000000000e+04 2.589997897890862077e+01 8.040000000000000000e+02
0.000000000000000000e+00 -3.900000000000000000e+01 5.600000000000000000e+01 4.863700000000000000e+04 4.745000000000000000e+04 5.073700000000000000e+04 4.375700000000000000e+04 2.590999092592392117e+01 8.040000000000000000e+02
-6.000000000000000000e+00 -2.700000000000000000e+01 4.300000000000000000e+01 4.857300000000000000e+04 4.701000000000000000e+04 5.076000000000000000e+04 4.430200000000000000e+04 2.592018076893873513e+01 8.040000000000000000e+02
-1.600000000000000000e+01 -3.400000000000000000e+01 4.900000000000000000e+01 4.874700000000000000e+04 4.697400000000000000e+04 5.052700000000000000e+04 4.419300000000000000e+04 2.593096965691074729e+01 8.040000000000000000e+02
1.000000000000000000e+00 -8.000000000000000000e+01 4.400000000000000000e+01 4.840300000000000000e+04 4.697500000000000000e+04 5.070900000000000000e+04 4.404500000000000000e+04 2.593999288592021912e+01 8.050000000000000000e+02
-2.800000000000000000e+01 -1.300000000000000000e+02 4.500000000000000000e+01 4.768600000000000000e+04 4.718900000000000000e+04 5.121500000000000000e+04 4.369600000000000000e+04 2.595034335600212216e+01 8.050000000000000000e+02
-2.200000000000000000e+01 -1.550000000000000000e+02 3.100000000000000000e+01 4.753000000000000000e+04 4.803900000000000000e+04 5.129300000000000000e+04 4.278400000000000000e+04 2.596129105892032385e+01 8.050000000000000000e+02
-4.000000000000000000e+00 -1.680000000000000000e+02 3.400000000000000000e+01 4.777700000000000000e+04 4.746700000000000000e+04 5.079100000000000000e+04 4.325100000000000000e+04 2.597010520799085498e+01 8.050000000000000000e+02
-7.000000000000000000e+00 -2.040000000000000000e+02 1.900000000000000000e+01 4.712900000000000000e+04 4.768300000000000000e+04 5.107600000000000000e+04 4.286100000000000000e+04 2.597980760294012725e+01 8.050000000000000000e+02
-2.400000000000000000e+01 -2.200000000000000000e+02 8.000000000000000000e+00 4.695100000000000000e+04 4.752200000000000000e+04 5.105100000000000000e+04 4.299500000000000000e+04 2.599037520692218095e+01 8.050000000000000000e+02
-3.100000000000000000e+01 -2.230000000000000000e+02 -1.000000000000000000e+00 4.688900000000000000e+04 4.769600000000000000e+04 5.108500000000000000e+04 4.255000000000000000e+04 2.600053208193276078e+01 8.050000000000000000e+02
-3.400000000000000000e+01 -1.990000000000000000e+02 1.000000000000000000e+00 4.686000000000000000e+04 4.755000000000000000e+04 5.095600000000000000e+04 4.271700000000000000e+04 2.601051306899171323e+01 8.050000000000000000e+02
-5.700000000000000000e+01 -1.580000000000000000e+02 2.000000000000000000e+00 4.629100000000000000e+04 4.708500000000000000e+04 5.112900000000000000e+04 4.308900000000000000e+04 2.601979917602147907e+01 8.010000000000000000e+02
-6.100000000000000000e+01 -1.330000000000000000e+02 -1.200000000000000000e+01 4.682200000000000000e+04 4.709200000000000000e+04 5.084300000000000000e+04 4.353600000000000000e+04 2.603011755098123103e+01 8.010000000000000000e+02
-5.200000000000000000e+01 -1.300000000000000000e+02 -2.500000000000000000e+01 4.667000000000000000e+04 4.720500000000000000e+04 5.085200000000000000e+04 4.340800000000000000e+04 2.603982912097126245e+01 8.010000000000000000e+02
-7.500000000000000000e+01 -8.600000000000000000e+01 -3.500000000000000000e+01 4.684300000000000000e+04 4.689300000000000000e+04 5.054900000000000000e+04 4.378000000000000000e+04 2.605007615895010531e+01 8.010000000000000000e+02
-3.800000000000000000e+01 -9.300000000000000000e+01 -3.400000000000000000e+01 4.670200000000000000e+04 4.717900000000000000e+04 5.050000000000000000e+04 4.347300000000000000e+04 2.606059124693274498e+01 8.010000000000000000e+02
-2.100000000000000000e+01 -9.100000000000000000e+01 -3.400000000000000000e+01 4.675400000000000000e+04 4.673800000000000000e+04 5.013000000000000000e+04 4.344600000000000000e+04 2.607060355495195836e+01 8.070000000000000000e+02
-3.200000000000000000e+01 -1.080000000000000000e+02 -4.200000000000000000e+01 4.660700000000000000e+04 4.672500000000000000e+04 5.007000000000000000e+04 4.350000000000000000e+04 2.608079741196706891e+01 8.070000000000000000e+02
-2.500000000000000000e+01 -1.060000000000000000e+02 -5.300000000000000000e+01 4.612700000000000000e+04 4.713100000000000000e+04 5.017000000000000000e+04 4.293900000000000000e+04 2.609035663492977619e+01 8.070000000000000000e+02
-1.600000000000000000e+01 -9.800000000000000000e+01 -4.500000000000000000e+01 4.645100000000000000e+04 4.658900000000000000e+04 4.986300000000000000e+04 4.350900000000000000e+04 2.610010353801771998e+01 8.070000000000000000e+02
-3.200000000000000000e+01 -9.700000000000000000e+01 -6.100000000000000000e+01 4.606500000000000000e+04 4.665000000000000000e+04 5.012300000000000000e+04 4.354400000000000000e+04 2.610981561499647796e+01 8.050000000000000000e+02
-1.900000000000000000e+01 -6.700000000000000000e+01 -6.100000000000000000e+01 4.631000000000000000e+04 4.652000000000000000e+04 4.966700000000000000e+04 4.354400000000000000e+04 2.611979223100934178e+01 8.050000000000000000e+02
2.000000000000000000e+00 -5.600000000000000000e+01 -6.400000000000000000e+01 4.617700000000000000e+04 4.699400000000000000e+04 4.964700000000000000e+04 4.314100000000000000e+04 2.613037400401663035e+01 8.050000000000000000e+02
1.400000000000000000e+01 -5.100000000000000000e+01 -6.800000000000000000e+01 4.624500000000000000e+04 4.707700000000000000e+04 4.950500000000000000e+04 4.297100000000000000e+04 2.614013053500093520e+01 8.050000000000000000e+02
2.700000000000000000e+01 -4.800000000000000000e+01 -6.500000000000000000e+01 4.636800000000000000e+04 4.711800000000000000e+04 4.930000000000000000e+04 4.300900000000000000e+04 2.615000862395390868e+01 8.070000000000000000e+02
3.400000000000000000e+01 -5.800000000000000000e+01 -6.800000000000000000e+01 4.643200000000000000e+04 4.733700000000000000e+04 4.921300000000000000e+04 4.286500000000000000e+04 2.616047425498254597e+01 8.070000000000000000e+02
5.300000000000000000e+01 -6.900000000000000000e+01 -7.700000000000000000e+01 4.650200000000000000e+04 4.734900000000000000e+04 4.908100000000000000e+04 4.312000000000000000e+04 2.617002797394525260e+01 8.070000000000000000e+02
6.100000000000000000e+01 -7.700000000000000000e+01 -7.900000000000000000e+01 4.633800000000000000e+04 4.790000000000000000e+04 4.949100000000000000e+04 4.276400000000000000e+04 2.618032860895618796e+01 8.070000000000000000e+02
4.400000000000000000e+01 -7.000000000000000000e+01 -6.500000000000000000e+01 4.675200000000000000e+04 4.755900000000000000e+04 4.936500000000000000e+04 4.322600000000000000e+04 2.619007777201477438e+01 8.060000000000000000e+02
5.200000000000000000e+01 -6.600000000000000000e+01 -7.200000000000000000e+01 4.690400000000000000e+04 4.792400000000000000e+04 4.931300000000000000e+04 4.332500000000000000e+04 2.619985334796365350e+01 8.060000000000000000e+02
3.200000000000000000e+01 -4.300000000000000000e+01 -5.500000000000000000e+01 4.692900000000000000e+04 4.754400000000000000e+04 4.938300000000000000e+04 4.381100000000000000e+04 2.620971236296463758e+01 8.060000000000000000e+02
9.000000000000000000e+00 -3.400000000000000000e+01 -4.800000000000000000e+01 4.675500000000000000e+04 4.748200000000000000e+04 4.972000000000000000e+04 4.384500000000000000e+04 2.622008522995747626e+01 8.060000000000000000e+02
-1.700000000000000000e+01 -1.700000000000000000e+01 -5.700000000000000000e+01 4.685700000000000000e+04 4.752100000000000000e+04 4.977100000000000000e+04 4.406500000000000000e+04 2.623035649897065014e+01 8.060000000000000000e+02
-7.000000000000000000e+00 -6.000000000000000000e+00 -3.900000000000000000e+01 4.662000000000000000e+04 4.737600000000000000e+04 4.978700000000000000e+04 4.405300000000000000e+04 2.624055859295185655e+01 8.090000000000000000e+02
-8.000000000000000000e+00 -5.000000000000000000e+00 -2.400000000000000000e+01 4.685600000000000000e+04 4.743200000000000000e+04 4.972600000000000000e+04 4.381100000000000000e+04 2.624979832500685006e+01 8.090000000000000000e+02
1.100000000000000000e+01 -2.000000000000000000e+00 -1.900000000000000000e+01 4.707000000000000000e+04 4.757000000000000000e+04 4.976100000000000000e+04 4.347000000000000000e+04 2.625990536494646221e+01 8.090000000000000000e+02
6.000000000000000000e+00 2.700000000000000000e+01 -1.700000000000000000e+01 4.719400000000000000e+04 4.764700000000000000e+04 4.971000000000000000e+04 4.348000000000000000e+04 2.627023282600566745e+01 8.090000000000000000e+02
5.000000000000000000e+00 -1.000000000000000000e+00 -1.700000000000000000e+01 4.703300000000000000e+04 4.767900000000000000e+04 4.982100000000000000e+04 4.417000000000000000e+04 2.628001287695951760e+01 8.050000000000000000e+02
-1.800000000000000000e+01 4.000000000000000000e+00 -1.400000000000000000e+01 4.709000000000000000e+04 4.727300000000000000e+04 5.013300000000000000e+04 4.444800000000000000e+04 2.628999849699903280e+01 8.050000000000000000e+02
-4.500000000000000000e+01 -3.200000000000000000e+01 -6.000000000000000000e+00 4.644500000000000000e+04 4.759500000000000000e+04 5.057500000000000000e+04 4.456300000000000000e+04 2.630050993792247027e+01 8.050000000000000000e+02
-5.100000000000000000e+01 -7.000000000000000000e+01 -1.000000000000000000e+00 4.650700000000000000e+04 4.764700000000000000e+04 5.077900000000000000e+04 4.415000000000000000e+04 2.630970876093488187e+01 8.050000000000000000e+02
-6.200000000000000000e+01 -9.800000000000000000e+01 -1.000000000000000000e+01 4.586800000000000000e+04 4.778500000000000000e+04 5.115300000000000000e+04 4.418600000000000000e+04 2.632010010594967753e+01 8.050000000000000000e+02
-5.600000000000000000e+01 -9.700000000000000000e+01 -2.500000000000000000e+01 4.617100000000000000e+04 4.823400000000000000e+04 5.107800000000000000e+04 4.378200000000000000e+04 2.633003650093451142e+01 8.050000000000000000e+02
-4.000000000000000000e+01 -7.300000000000000000e+01 -2.800000000000000000e+01 4.593800000000000000e+04 4.841100000000000000e+04 5.089300000000000000e+04 4.407300000000000000e+04 2.634001632698345929e+01 8.050000000000000000e+02
-7.000000000000000000e+00 -4.600000000000000000e+01 -1.200000000000000000e+01 4.658300000000000000e+04 4.859000000000000000e+04 5.085800000000000000e+04 4.344400000000000000e+04 2.635002514696680009e+01 8.050000000000000000e+02
2.500000000000000000e+01 -3.000000000000000000e+01 -2.400000000000000000e+01 4.686800000000000000e+04 4.813900000000000000e+04 5.061200000000000000e+04 4.410400000000000000e+04 2.636029704194515944e+01 8.050000000000000000e+02
3.800000000000000000e+01 -4.000000000000000000e+00 -2.500000000000000000e+01 4.751400000000000000e+04 4.822200000000000000e+04 5.005100000000000000e+04 4.407500000000000000e+04 2.636976701591629535e+01 8.060000000000000000e+02
5.600000000000000000e+01 2.500000000000000000e+01 -2.500000000000000000e+01 4.744000000000000000e+04 4.810200000000000000e+04 5.005300000000000000e+04 4.436500000000000000e+04 2.637990894191898406e+01 8.060000000000000000e+02
5.000000000000000000e+01 4.600000000000000000e+01 -4.100000000000000000e+01 4.761700000000000000e+04 4.812800000000000000e+04 4.977100000000000000e+04 4.449100000000000000e+04 2.638979629299137741e+01 8.060000000000000000e+02
3.200000000000000000e+01 7.300000000000000000e+01 -4.700000000000000000e+01 4.729900000000000000e+04 4.803200000000000000e+04 5.009500000000000000e+04 4.453500000000000000e+04 2.640026173600926995e+01 8.060000000000000000e+02
1.000000000000000000e+00 1.000000000000000000e+02 -5.100000000000000000e+01 4.721400000000000000e+04 4.810000000000000000e+04 5.028300000000000000e+04 4.486600000000000000e+04 2.641004519001580775e+01 8.040000000000000000e+02
-2.600000000000000000e+01 8.800000000000000000e+01 -5.100000000000000000e+01 4.694800000000000000e+04 4.786000000000000000e+04 5.023700000000000000e+04 4.506800000000000000e+04 2.642025331698823720e+01 8.040000000000000000e+02
-2.900000000000000000e+01 7.800000000000000000e+01 -5.300000000000000000e+01 4.677900000000000000e+04 4.785900000000000000e+04 5.047700000000000000e+04 4.522400000000000000e+04 2.643016053992323577e+01 8.040000000000000000e+02
-4.900000000000000000e+01 5.800000000000000000e+01 -5.300000000000000000e+01 4.704000000000000000e+04 4.786100000000000000e+04 5.018200000000000000e+04 4.523100000000000000e+04 2.643995305697899312e+01 8.040000000000000000e+02
-2.600000000000000000e+01 4.200000000000000000e+01 -5.700000000000000000e+01 4.689000000000000000e+04 4.784800000000000000e+04 5.024200000000000000e+04 4.522000000000000000e+04 2.644963747099973261e+01 8.020000000000000000e+02
-2.000000000000000000e+01 3.100000000000000000e+01 -5.900000000000000000e+01 4.682400000000000000e+04 4.811100000000000000e+04 5.037400000000000000e+04 4.516600000000000000e+04 2.646062545001041144e+01 8.020000000000000000e+02
2.000000000000000000e+01 1.500000000000000000e+01 -4.500000000000000000e+01 4.708000000000000000e+04 4.851200000000000000e+04 4.999700000000000000e+04 4.453900000000000000e+04 2.647003559290897101e+01 8.020000000000000000e+02
3.400000000000000000e+01 3.000000000000000000e+01 -4.500000000000000000e+01 4.720600000000000000e+04 4.879900000000000000e+04 5.005200000000000000e+04 4.435700000000000000e+04 2.647975994495209306e+01 8.020000000000000000e+02
6.600000000000000000e+01 3.000000000000000000e+00 -3.700000000000000000e+01 4.704100000000000000e+04 4.874000000000000000e+04 5.001900000000000000e+04 4.430500000000000000e+04 2.648975871095899493e+01 8.020000000000000000e+02
9.100000000000000000e+01 1.500000000000000000e+01 -5.300000000000000000e+01 4.771000000000000000e+04 4.923100000000000000e+04 4.991700000000000000e+04 4.437900000000000000e+04 2.649962605698965490e+01 7.990000000000000000e+02
7.900000000000000000e+01 -6.000000000000000000e+00 -5.800000000000000000e+01 4.731300000000000000e+04 4.924500000000000000e+04 5.021800000000000000e+04 4.451200000000000000e+04 2.650973679893650115e+01 7.990000000000000000e+02
9.000000000000000000e+01 4.100000000000000000e+01 -6.000000000000000000e+01 4.795200000000000000e+04 4.878500000000000000e+04 4.956200000000000000e+04 4.513300000000000000e+04 2.652000104298349470e+01 7.990000000000000000e+02
7.800000000000000000e+01 5.100000000000000000e+01 -5.400000000000000000e+01 4.776400000000000000e+04 4.887600000000000000e+04 4.983900000000000000e+04 4.519400000000000000e+04 2.652989505394361913e+01 7.990000000000000000e+02
6.500000000000000000e+01 7.000000000000000000e+01 -5.300000000000000000e+01 4.811900000000000000e+04 4.889700000000000000e+04 4.957600000000000000e+04 4.514300000000000000e+04 2.654051871201954782e+01 8.000000000000000000e+02
5.600000000000000000e+01 8.600000000000000000e+01 -4.500000000000000000e+01 4.792400000000000000e+04 4.878600000000000000e+04 4.970900000000000000e+04 4.526900000000000000e+04 2.654951474699191749e+01 8.000000000000000000e+02
2.200000000000000000e+01 7.200000000000000000e+01 -4.900000000000000000e+01 4.747700000000000000e+04 4.873200000000000000e+04 5.002700000000000000e+04 4.531800000000000000e+04 2.655951964796986431e+01 8.000000000000000000e+02
4.000000000000000000e+00 5.500000000000000000e+01 -5.200000000000000000e+01 4.743900000000000000e+04 4.831200000000000000e+04 4.992500000000000000e+04 4.576400000000000000e+04 2.657003545900806785e+01 8.000000000000000000e+02
-2.000000000000000000e+00 5.600000000000000000e+01 -4.900000000000000000e+01 4.712200000000000000e+04 4.832000000000000000e+04 4.988800000000000000e+04 4.544200000000000000e+04 2.657989568298216909e+01 8.020000000000000000e+02
-2.000000000000000000e+01 3.600000000000000000e+01 -3.400000000000000000e+01 4.684000000000000000e+04 4.858000000000000000e+04 5.007000000000000000e+04 4.482800000000000000e+04 2.658963999000843614e+01 8.020000000000000000e+02
-1.000000000000000000e+01 1.900000000000000000e+01 -3.200000000000000000e+01 4.723400000000000000e+04 4.842900000000000000e+04 4.972800000000000000e+04 4.500700000000000000e+04 2.659949748299550265e+01 8.020000000000000000e+02
-2.200000000000000000e+01 1.500000000000000000e+01 -2.200000000000000000e+01 4.681500000000000000e+04 4.856000000000000000e+04 5.016400000000000000e+04 4.482400000000000000e+04 2.660980509396176785e+01 8.020000000000000000e+02
-8.000000000000000000e+00 1.000000000000000000e+00 -2.300000000000000000e+01 4.702400000000000000e+04 4.847600000000000000e+04 4.997200000000000000e+04 4.496200000000000000e+04 2.661956984491553158e+01 7.980000000000000000e+02
-2.000000000000000000e+01 9.000000000000000000e+00 -1.900000000000000000e+01 4.677400000000000000e+04 4.854600000000000000e+04 5.032900000000000000e+04 4.501100000000000000e+04 2.663189134199637920e+01 7.980000000000000000e+02
-1.700000000000000000e+01 3.100000000000000000e+01 -2.600000000000000000e+01 4.698600000000000000e+04 4.842300000000000000e+04 5.011600000000000000e+04 4.522600000000000000e+04 2.663939337700139731e+01 7.980000000000000000e+02
-1.600000000000000000e+01 4.700000000000000000e+01 -3.200000000000000000e+01 4.726900000000000000e+04 4.818600000000000000e+04 4.987500000000000000e+04 4.546800000000000000e+04 2.664919307001400739e+01 7.980000000000000000e+02
-3.000000000000000000e+00 3.900000000000000000e+01 -2.400000000000000000e+01 4.712100000000000000e+04 4.820500000000000000e+04 4.969800000000000000e+04 4.614700000000000000e+04 2.665998584998305887e+01 7.980000000000000000e+02
9.000000000000000000e+00 5.200000000000000000e+01 -1.400000000000000000e+01 4.778400000000000000e+04 4.803800000000000000e+04 4.953100000000000000e+04 4.578500000000000000e+04 2.666987913800403476e+01 6.630000000000000000e+02
3.000000000000000000e+01 4.900000000000000000e+01 -2.500000000000000000e+01 4.742000000000000000e+04 4.867600000000000000e+04 4.942400000000000000e+04 4.560000000000000000e+04 2.667963148094713688e+01 6.630000000000000000e+02
2.700000000000000000e+01 5.900000000000000000e+01 -2.800000000000000000e+01 4.760600000000000000e+04 4.883900000000000000e+04 4.950400000000000000e+04 4.476000000000000000e+04 2.668960518494714051e+01 6.630000000000000000e+02
3.000000000000000000e+01 5.300000000000000000e+01 -2.900000000000000000e+01 4.782400000000000000e+04 4.900800000000000000e+04 4.883400000000000000e+04 4.511600000000000000e+04 2.669954246201086789e+01 6.630000000000000000e+02
3.300000000000000000e+01 3.600000000000000000e+01 -2.200000000000000000e+01 4.926100000000000000e+04 5.052700000000000000e+04 5.115800000000000000e+04 4.678100000000000000e+04 2.670951173396315426e+01 1.300000000000000000e+01
1.800000000000000000e+01 1.200000000000000000e+01 -2.300000000000000000e+01 4.863800000000000000e+04 5.024400000000000000e+04 5.158500000000000000e+04 4.693600000000000000e+04 2.671921136195305735e+01 1.300000000000000000e+01
-1.000000000000000000e+00 2.400000000000000000e+01 -2.900000000000000000e+01 4.904400000000000000e+04 5.039700000000000000e+04 5.194200000000000000e+04 4.759100000000000000e+04 2.672922572493553162e+01 1.300000000000000000e+01
-2.600000000000000000e+01 4.700000000000000000e+01 -1.600000000000000000e+01 4.936500000000000000e+04 5.029200000000000000e+04 5.200400000000000000e+04 4.798900000000000000e+04 2.673977611493319273e+01 1.300000000000000000e+01
-2.600000000000000000e+01 5.500000000000000000e+01 -3.000000000000000000e+00 4.925000000000000000e+04 5.067400000000000000e+04 5.229300000000000000e+04 4.764600000000000000e+04 2.674938199296593666e+01 1.300000000000000000e+01
-4.600000000000000000e+01 9.700000000000000000e+01 -5.000000000000000000e+00 4.967100000000000000e+04 4.947000000000000000e+04 5.149100000000000000e+04 4.832100000000000000e+04 2.676156805001664907e+01 3.600000000000000000e+01
-2.500000000000000000e+01 9.300000000000000000e+01 -1.300000000000000000e+01 4.946800000000000000e+04 4.972300000000000000e+04 5.151100000000000000e+04 4.790700000000000000e+04 2.677005306293722242e+01 3.600000000000000000e+01
1.100000000000000000e+01 6.800000000000000000e+01 -7.000000000000000000e+00 4.997100000000000000e+04 5.100500000000000000e+04 5.060600000000000000e+04 4.651200000000000000e+04 2.677949055097997189e+01 3.600000000000000000e+01
-6.000000000000000000e+00 6.800000000000000000e+01 2.000000000000000000e+00 4.967400000000000000e+04 5.082000000000000000e+04 5.046300000000000000e+04 4.638800000000000000e+04 2.678937677294015884e+01 3.600000000000000000e+01
3.000000000000000000e+00 2.500000000000000000e+01 -9.000000000000000000e+00 4.520600000000000000e+04 4.803600000000000000e+04 5.207600000000000000e+04 4.650000000000000000e+04 2.679949669295456260e+01 5.400000000000000000e+01
-1.100000000000000000e+01 1.500000000000000000e+01 -2.000000000000000000e+01 4.737200000000000000e+04 4.752800000000000000e+04 4.975300000000000000e+04 4.645100000000000000e+04 2.681023815402295440e+01 5.400000000000000000e+01
-2.600000000000000000e+01 4.800000000000000000e+01 -8.000000000000000000e+00 4.760400000000000000e+04 4.954400000000000000e+04 4.904500000000000000e+04 4.416300000000000000e+04 2.681918202596716583e+01 5.400000000000000000e+01
4.000000000000000000e+00 4.100000000000000000e+01 -2.500000000000000000e+01 4.776900000000000000e+04 5.106500000000000000e+04 4.800300000000000000e+04 4.124700000000000000e+04 2.682935809192713350e+01 5.400000000000000000e+01
0.000000000000000000e+00 3.100000000000000000e+01 -2.200000000000000000e+01 4.621900000000000000e+04 4.644900000000000000e+04 4.893800000000000000e+04 4.639300000000000000e+04 2.683941582695115358e+01 5.500000000000000000e+01
-2.700000000000000000e+01 7.200000000000000000e+01 -1.700000000000000000e+01 4.200100000000000000e+04 4.979500000000000000e+04 5.056800000000000000e+04 4.034200000000000000e+04 2.684974023897666484e+01 5.500000000000000000e+01
-4.100000000000000000e+01 1.300000000000000000e+02 -2.800000000000000000e+01 4.459100000000000000e+04 4.633200000000000000e+04 4.806600000000000000e+04 4.415200000000000000e+04 2.685979599691927433e+01 5.500000000000000000e+01
-7.600000000000000000e+01 2.010000000000000000e+02 -3.000000000000000000e+01 4.408200000000000000e+04 4.529700000000000000e+04 4.778900000000000000e+04 4.478800000000000000e+04 2.686913781496696174e+01 5.500000000000000000e+01
-8.500000000000000000e+01 2.210000000000000000e+02 -3.900000000000000000e+01 4.543800000000000000e+04 4.689000000000000000e+04 4.611800000000000000e+04 4.327700000000000000e+04 2.687954544893000275e+01 5.500000000000000000e+01
-1.000000000000000000e+02 2.190000000000000000e+02 -3.500000000000000000e+01 4.396100000000000000e+04 4.479600000000000000e+04 4.577300000000000000e+04 4.423200000000000000e+04 2.688927492091897875e+01 6.100000000000000000e+01
-1.080000000000000000e+02 2.070000000000000000e+02 -3.400000000000000000e+01 4.268700000000000000e+04 4.406200000000000000e+04 4.664800000000000000e+04 4.463400000000000000e+04 2.689928104600403458e+01 6.100000000000000000e+01
-8.200000000000000000e+01 1.690000000000000000e+02 -4.000000000000000000e+01 4.137700000000000000e+04 4.536500000000000000e+04 4.744400000000000000e+04 4.309400000000000000e+04 2.690991442394442856e+01 6.100000000000000000e+01
-6.700000000000000000e+01 1.500000000000000000e+02 -3.800000000000000000e+01 4.328100000000000000e+04 4.275900000000000000e+04 4.579100000000000000e+04 4.555100000000000000e+04 2.691939177096355706e+01 6.100000000000000000e+01
-1.000000000000000000e+01 1.270000000000000000e+02 -4.900000000000000000e+01 4.383600000000000000e+04 4.372800000000000000e+04 4.480300000000000000e+04 4.406000000000000000e+04 2.692935258499346673e+01 6.400000000000000000e+01
5.900000000000000000e+01 1.160000000000000000e+02 -5.000000000000000000e+01 4.475500000000000000e+04 4.778700000000000000e+04 4.371100000000000000e+04 3.960800000000000000e+04 2.693928430194500834e+01 6.400000000000000000e+01
9.500000000000000000e+01 1.010000000000000000e+02 -4.500000000000000000e+01 4.482400000000000000e+04 4.553100000000000000e+04 4.358800000000000000e+04 4.238900000000000000e+04 2.694926657597534359e+01 6.400000000000000000e+01
1.030000000000000000e+02 6.600000000000000000e+01 -3.900000000000000000e+01 4.224100000000000000e+04 4.594900000000000000e+04 4.621300000000000000e+04 4.192100000000000000e+04 2.695933943998534232e+01 6.400000000000000000e+01
9.300000000000000000e+01 4.600000000000000000e+01 -1.900000000000000000e+01 4.487400000000000000e+04 4.740100000000000000e+04 4.400300000000000000e+04 4.012300000000000000e+04 2.696951504901517183e+01 6.400000000000000000e+01
1.090000000000000000e+02 3.600000000000000000e+01 -1.500000000000000000e+01 4.335700000000000000e+04 4.576100000000000000e+04 4.601600000000000000e+04 4.197600000000000000e+04 2.697916454391088337e+01 6.600000000000000000e+01
7.500000000000000000e+01 -7.000000000000000000e+00 -1.800000000000000000e+01 4.461500000000000000e+04 4.845000000000000000e+04 4.509200000000000000e+04 3.859700000000000000e+04 2.698974396497942507e+01 6.600000000000000000e+01
-5.000000000000000000e+00 -3.600000000000000000e+01 -2.200000000000000000e+01 4.388000000000000000e+04 4.763000000000000000e+04 4.587100000000000000e+04 3.998400000000000000e+04 2.699987436295486987e+01 6.600000000000000000e+01
-1.090000000000000000e+02 -8.000000000000000000e+00 -2.900000000000000000e+01 3.971800000000000000e+04 4.217300000000000000e+04 4.942800000000000000e+04 4.652900000000000000e+04 2.700959899695590138e+01 6.600000000000000000e+01
-1.550000000000000000e+02 5.400000000000000000e+01 -4.500000000000000000e+01 4.271800000000000000e+04 4.477900000000000000e+04 4.743000000000000000e+04 4.359800000000000000e+04 2.701944193092640489e+01 7.000000000000000000e+01
-1.420000000000000000e+02 3.900000000000000000e+01 -4.100000000000000000e+01 4.257800000000000000e+04 4.628000000000000000e+04 4.721700000000000000e+04 4.346600000000000000e+04 2.702927817695308477e+01 7.000000000000000000e+01
-1.000000000000000000e+02 1.000000000000000000e+01 -3.700000000000000000e+01 4.382200000000000000e+04 4.537500000000000000e+04 4.698400000000000000e+04 4.341500000000000000e+04 2.703924025502055883e+01 7.000000000000000000e+01
-4.600000000000000000e+01 1.400000000000000000e+01 -3.800000000000000000e+01 4.433500000000000000e+04 4.757300000000000000e+04 4.615900000000000000e+04 4.232900000000000000e+04 2.704898792190942913e+01 7.000000000000000000e+01
3.700000000000000000e+01 4.000000000000000000e+01 -2.900000000000000000e+01 4.425900000000000000e+04 4.714800000000000000e+04 4.684400000000000000e+04 4.207300000000000000e+04 2.705940957390703261e+01 7.300000000000000000e+01
1.000000000000000000e+02 8.300000000000000000e+01 -2.400000000000000000e+01 4.485800000000000000e+04 4.751600000000000000e+04 4.600500000000000000e+04 4.279800000000000000e+04 2.706919711001683027e+01 7.300000000000000000e+01
1.640000000000000000e+02 1.140000000000000000e+02 -8.000000000000000000e+00 4.546800000000000000e+04 4.702200000000000000e+04 4.635800000000000000e+04 4.258300000000000000e+04 2.707958282495383173e+01 7.300000000000000000e+01
1.810000000000000000e+02 1.770000000000000000e+02 -9.000000000000000000e+00 4.768600000000000000e+04 4.775300000000000000e+04 4.416600000000000000e+04 4.259500000000000000e+04 2.708935162599664181e+01 7.300000000000000000e+01
1.440000000000000000e+02 2.030000000000000000e+02 -2.200000000000000000e+01 4.729100000000000000e+04 4.693600000000000000e+04 4.493000000000000000e+04 4.390300000000000000e+04 2.709962939901743084e+01 7.300000000000000000e+01
9.600000000000000000e+01 1.770000000000000000e+02 -1.900000000000000000e+01 4.629400000000000000e+04 4.700800000000000000e+04 4.644700000000000000e+04 4.448000000000000000e+04 2.710939277301076800e+01 7.100000000000000000e+01
-6.000000000000000000e+00 1.180000000000000000e+02 -1.600000000000000000e+01 4.738200000000000000e+04 4.649800000000000000e+04 4.537400000000000000e+04 4.536900000000000000e+04 2.711957866896409541e+01 7.100000000000000000e+01
-1.100000000000000000e+02 5.800000000000000000e+01 -1.400000000000000000e+01 4.350700000000000000e+04 4.555100000000000000e+04 4.933300000000000000e+04 4.663000000000000000e+04 2.712969257298391312e+01 7.100000000000000000e+01
-1.930000000000000000e+02 2.600000000000000000e+01 -2.000000000000000000e+01 4.385600000000000000e+04 4.541900000000000000e+04 4.949600000000000000e+04 4.696700000000000000e+04 2.713977090595290065e+01 7.100000000000000000e+01
-2.220000000000000000e+02 -1.600000000000000000e+01 -1.300000000000000000e+01 4.427700000000000000e+04 4.609900000000000000e+04 4.954600000000000000e+04 4.671300000000000000e+04 2.714920728700235486e+01 7.100000000000000000e+01
-1.400000000000000000e+02 -6.400000000000000000e+01 1.800000000000000000e+01 4.465900000000000000e+04 4.709000000000000000e+04 4.978900000000000000e+04 4.554300000000000000e+04 2.715987278695683926e+01 7.100000000000000000e+01
-1.400000000000000000e+01 -7.300000000000000000e+01 1.800000000000000000e+01 4.689800000000000000e+04 4.898800000000000000e+04 4.852000000000000000e+04 4.323600000000000000e+04 2.716935348091647029e+01 7.100000000000000000e+01
6.400000000000000000e+01 -8.400000000000000000e+01 3.700000000000000000e+01 4.673900000000000000e+04 4.915800000000000000e+04 4.893100000000000000e+04 4.294900000000000000e+04 2.717934484500437975e+01 7.100000000000000000e+01
9.700000000000000000e+01 -1.120000000000000000e+02 3.300000000000000000e+01 4.673700000000000000e+04 4.906500000000000000e+04 4.926300000000000000e+04 4.292700000000000000e+04 2.718921222002245486e+01 7.100000000000000000e+01
1.200000000000000000e+02 -1.370000000000000000e+02 4.000000000000000000e+01 4.495200000000000000e+04 5.004800000000000000e+04 5.136400000000000000e+04 4.235500000000000000e+04 2.719949011690914631e+01 6.600000000000000000e+01
1.700000000000000000e+02 -1.270000000000000000e+02 3.400000000000000000e+01 4.870100000000000000e+04 5.116900000000000000e+04 4.844900000000000000e+04 4.091300000000000000e+04 2.720937804796267301e+01 6.600000000000000000e+01
1.240000000000000000e+02 -7.100000000000000000e+01 2.900000000000000000e+01 4.762900000000000000e+04 4.919700000000000000e+04 4.970500000000000000e+04 4.379000000000000000e+04 2.721931442001368850e+01 6.600000000000000000e+01
5.500000000000000000e+01 6.000000000000000000e+00 1.900000000000000000e+01 4.848000000000000000e+04 4.725000000000000000e+04 4.904900000000000000e+04 4.641300000000000000e+04 2.722933552996255457e+01 6.600000000000000000e+01
-1.000000000000000000e+00 8.000000000000000000e+01 4.400000000000000000e+01 4.816600000000000000e+04 4.835300000000000000e+04 5.044800000000000000e+04 4.640500000000000000e+04 2.724065570498351008e+01 5.700000000000000000e+01
-4.300000000000000000e+01 1.190000000000000000e+02 4.200000000000000000e+01 4.976300000000000000e+04 4.896100000000000000e+04 4.934400000000000000e+04 4.541400000000000000e+04 2.724905875592958182e+01 5.700000000000000000e+01
-5.800000000000000000e+01 1.340000000000000000e+02 5.600000000000000000e+01 4.938900000000000000e+04 4.905000000000000000e+04 5.006600000000000000e+04 4.541400000000000000e+04 2.725890667899511755e+01 5.700000000000000000e+01
-1.500000000000000000e+01 1.310000000000000000e+02 6.600000000000000000e+01 4.925600000000000000e+04 4.740700000000000000e+04 5.071700000000000000e+04 4.702400000000000000e+04 2.726931428094394505e+01 5.700000000000000000e+01
-1.400000000000000000e+01 8.600000000000000000e+01 5.700000000000000000e+01 5.259200000000000000e+04 5.229300000000000000e+04 4.712300000000000000e+04 4.098600000000000000e+04 2.727902415301650763e+01 5.700000000000000000e+01
-1.600000000000000000e+01 2.900000000000000000e+01 6.600000000000000000e+01 4.974500000000000000e+04 5.094200000000000000e+04 5.057300000000000000e+04 4.298800000000000000e+04 2.728898443095386028e+01 5.700000000000000000e+01
-6.300000000000000000e+01 -6.900000000000000000e+01 5.900000000000000000e+01 4.858200000000000000e+04 4.933000000000000000e+04 5.160800000000000000e+04 4.475100000000000000e+04 2.729894902696833014e+01 5.700000000000000000e+01
-1.080000000000000000e+02 -1.220000000000000000e+02 6.400000000000000000e+01 4.829600000000000000e+04 4.994100000000000000e+04 5.199700000000000000e+04 4.402600000000000000e+04 2.730912590492516756e+01 5.700000000000000000e+01
-1.530000000000000000e+02 -1.100000000000000000e+02 6.300000000000000000e+01 4.713200000000000000e+04 4.704600000000000000e+04 5.292900000000000000e+04 4.709300000000000000e+04 2.731872752995695919e+01 5.700000000000000000e+01
-1.990000000000000000e+02 -6.400000000000000000e+01 4.600000000000000000e+01 4.766900000000000000e+04 4.899100000000000000e+04 5.277900000000000000e+04 4.553100000000000000e+04 2.732939895591698587e+01 4.900000000000000000e+01
-1.860000000000000000e+02 4.400000000000000000e+01 6.300000000000000000e+01 4.864400000000000000e+04 4.689900000000000000e+04 5.180500000000000000e+04 4.767000000000000000e+04 2.733905580500140786e+01 4.900000000000000000e+01
-1.800000000000000000e+02 1.330000000000000000e+02 6.800000000000000000e+01 4.868400000000000000e+04 4.927800000000000000e+04 5.208900000000000000e+04 4.483700000000000000e+04 2.734903370798565447e+01 4.900000000000000000e+01
-1.930000000000000000e+02 1.860000000000000000e+02 8.700000000000000000e+01 5.017100000000000000e+04 4.520700000000000000e+04 5.095800000000000000e+04 4.850500000000000000e+04 2.735941934993024915e+01 4.900000000000000000e+01
-1.490000000000000000e+02 1.380000000000000000e+02 9.200000000000000000e+01 4.997500000000000000e+04 4.704700000000000000e+04 5.187700000000000000e+04 4.670300000000000000e+04 2.736896030395291746e+01 4.500000000000000000e+01
-8.000000000000000000e+01 5.500000000000000000e+01 8.900000000000000000e+01 4.776700000000000000e+04 4.734800000000000000e+04 5.351600000000000000e+04 4.580800000000000000e+04 2.737940262397751212e+01 4.500000000000000000e+01
1.400000000000000000e+01 3.000000000000000000e+00 7.900000000000000000e+01 5.257300000000000000e+04 4.858300000000000000e+04 4.889200000000000000e+04 4.431600000000000000e+04 2.738944300101138651e+01 4.500000000000000000e+01
8.400000000000000000e+01 -3.200000000000000000e+01 6.500000000000000000e+01 4.816800000000000000e+04 5.016900000000000000e+04 5.144700000000000000e+04 4.445100000000000000e+04 2.739897927991114557e+01 4.500000000000000000e+01
4.400000000000000000e+01 -8.000000000000000000e+00 5.500000000000000000e+01 5.103800000000000000e+04 4.795600000000000000e+04 4.929900000000000000e+04 4.503800000000000000e+04 2.740927630395162851e+01 4.500000000000000000e+01
3.000000000000000000e+01 -2.700000000000000000e+01 4.500000000000000000e+01 4.666300000000000000e+04 5.125600000000000000e+04 5.227700000000000000e+04 4.275600000000000000e+04 2.741971850302070379e+01 4.400000000000000000e+01
-3.500000000000000000e+01 1.100000000000000000e+01 3.600000000000000000e+01 4.814100000000000000e+04 4.562400000000000000e+04 5.113500000000000000e+04 4.753800000000000000e+04 2.742912188894115388e+01 4.400000000000000000e+01
-8.600000000000000000e+01 4.900000000000000000e+01 4.200000000000000000e+01 4.830500000000000000e+04 4.913200000000000000e+04 5.020900000000000000e+04 4.482700000000000000e+04 2.743961166194640100e+01 4.400000000000000000e+01
-1.070000000000000000e+02 3.800000000000000000e+01 2.000000000000000000e+01 4.689100000000000000e+04 4.621900000000000000e+04 5.130100000000000000e+04 4.651700000000000000e+04 2.744918251095805317e+01 4.400000000000000000e+01
-9.600000000000000000e+01 -4.000000000000000000e+00 0.000000000000000000e+00 4.687600000000000000e+04 4.785400000000000000e+04 5.095500000000000000e+04 4.515100000000000000e+04 2.745927081094123423e+01 4.200000000000000000e+01
-9.000000000000000000e+01 6.000000000000000000e+00 8.000000000000000000e+00 4.561400000000000000e+04 4.386700000000000000e+04 5.134300000000000000e+04 4.873000000000000000e+04 2.747476801602169871e+01 4.200000000000000000e+01
-2.200000000000000000e+01 -1.800000000000000000e+01 2.000000000000000000e+00 4.739700000000000000e+04 5.011500000000000000e+04 4.944600000000000000e+04 4.206900000000000000e+04 2.747932903596665710e+01 4.200000000000000000e+01
4.200000000000000000e+01 -6.300000000000000000e+01 1.600000000000000000e+01 4.624300000000000000e+04 4.890200000000000000e+04 5.043600000000000000e+04 4.303400000000000000e+04 2.748915231996215880e+01 4.200000000000000000e+01
1.130000000000000000e+02 -3.100000000000000000e+01 2.900000000000000000e+01 4.805500000000000000e+04 4.883700000000000000e+04 4.860700000000000000e+04 4.216100000000000000e+04 2.749929431895725429e+01 4.500000000000000000e+01
1.440000000000000000e+02 -2.200000000000000000e+01 3.700000000000000000e+01 4.718300000000000000e+04 4.759800000000000000e+04 4.958300000000000000e+04 4.298600000000000000e+04 2.750904372893273830e+01 4.500000000000000000e+01
1.130000000000000000e+02 -2.100000000000000000e+01 4.200000000000000000e+01 4.714100000000000000e+04 4.805900000000000000e+04 4.907600000000000000e+04 4.312500000000000000e+04 2.752155029692221433e+01 4.500000000000000000e+01
7.600000000000000000e+01 -6.100000000000000000e+01 4.100000000000000000e+01 4.647900000000000000e+04 4.817800000000000000e+04 4.938400000000000000e+04 4.261900000000000000e+04 2.752941734401974827e+01 4.500000000000000000e+01
-1.800000000000000000e+01 -9.100000000000000000e+01 3.000000000000000000e+01 4.528600000000000000e+04 4.762400000000000000e+04 5.019100000000000000e+04 4.308700000000000000e+04 2.753924786800052971e+01 4.500000000000000000e+01
-1.490000000000000000e+02 -4.400000000000000000e+01 3.200000000000000000e+01 4.495900000000000000e+04 4.630600000000000000e+04 5.036700000000000000e+04 4.423500000000000000e+04 2.754985689301975071e+01 4.900000000000000000e+01
-1.970000000000000000e+02 4.100000000000000000e+01 2.500000000000000000e+01 4.459200000000000000e+04 4.546000000000000000e+04 5.005100000000000000e+04 4.448300000000000000e+04 2.755892605602275580e+01 4.900000000000000000e+01
-1.830000000000000000e+02 1.310000000000000000e+02 2.100000000000000000e+01 4.559800000000000000e+04 4.479600000000000000e+04 4.903300000000000000e+04 4.509100000000000000e+04 2.756970315799117088e+01 4.900000000000000000e+01
-1.250000000000000000e+02 1.990000000000000000e+02 2.800000000000000000e+01 4.620600000000000000e+04 4.432300000000000000e+04 4.829000000000000000e+04 4.523600000000000000e+04 2.757885236293077469e+01 4.900000000000000000e+01
-4.200000000000000000e+01 2.050000000000000000e+02 1.800000000000000000e+01 4.582800000000000000e+04 4.474200000000000000e+04 4.854400000000000000e+04 4.470700000000000000e+04 2.758857188292313367e+01 5.200000000000000000e+01
3.300000000000000000e+01 2.010000000000000000e+02 1.600000000000000000e+01 4.617900000000000000e+04 4.547700000000000000e+04 4.761400000000000000e+04 4.371000000000000000e+04 2.759936267999000847e+01 5.200000000000000000e+01
1.330000000000000000e+02 1.570000000000000000e+02 9.000000000000000000e+00 4.610600000000000000e+04 4.620000000000000000e+04 4.757200000000000000e+04 4.266400000000000000e+04 2.760913528094533831e+01 5.200000000000000000e+01
1.980000000000000000e+02 8.700000000000000000e+01 4.000000000000000000e+00 4.584300000000000000e+04 4.682700000000000000e+04 4.740000000000000000e+04 4.175000000000000000e+04 2.761902338895015419e+01 5.200000000000000000e+01
2.300000000000000000e+02 2.200000000000000000e+01 -1.300000000000000000e+01 4.513500000000000000e+04 4.723800000000000000e+04 4.778900000000000000e+04 4.125200000000000000e+04 2.762909724900964648e+01 5.200000000000000000e+01
2.580000000000000000e+02 -3.600000000000000000e+01 -1.400000000000000000e+01 4.521900000000000000e+04 4.765100000000000000e+04 4.744200000000000000e+04 4.040100000000000000e+04 2.763898752396926284e+01 6.100000000000000000e+01
2.810000000000000000e+02 -5.300000000000000000e+01 -1.800000000000000000e+01 4.529900000000000000e+04 4.756700000000000000e+04 4.647300000000000000e+04 3.948600000000000000e+04 2.764863898197654635e+01 6.100000000000000000e+01
2.600000000000000000e+02 -2.500000000000000000e+01 -1.500000000000000000e+01 4.558100000000000000e+04 4.716100000000000000e+04 4.608800000000000000e+04 3.996700000000000000e+04 2.765996551199350506e+01 6.100000000000000000e+01
2.000000000000000000e+02 -7.000000000000000000e+00 -2.500000000000000000e+01 4.503600000000000000e+04 4.648600000000000000e+04 4.643100000000000000e+04 4.061000000000000000e+04 2.766918354202061892e+01 6.100000000000000000e+01
1.520000000000000000e+02 7.700000000000000000e+01 -4.100000000000000000e+01 4.551800000000000000e+04 4.601100000000000000e+04 4.575200000000000000e+04 4.139400000000000000e+04 2.767874419095460325e+01 6.000000000000000000e+01
7.700000000000000000e+01 1.470000000000000000e+02 -3.800000000000000000e+01 4.540900000000000000e+04 4.477400000000000000e+04 4.573300000000000000e+04 4.277600000000000000e+04 2.768931523698847741e+01 6.000000000000000000e+01
