1.800000000000000000e+01 3.600000000000000000e+01 -3.400000000000000000e+01 5.040300000000000000e+04 4.723300000000000000e+04 5.124700000000000000e+04 4.399500000000000000e+04 3.289601718494668603e+01 8.010000000000000000e+02
-8.000000000000000000e+00 3.900000000000000000e+01 -3.400000000000000000e+01 5.013300000000000000e+04 4.694700000000000000e+04 5.150600000000000000e+04 4.427100000000000000e+04 3.290648719901219010e+01 8.010000000000000000e+02
-1.400000000000000000e+01 3.300000000000000000e+01 -3.100000000000000000e+01 4.995100000000000000e+04 4.705700000000000000e+04 5.166100000000000000e+04 4.421700000000000000e+04 3.291588899900671095e+01 8.010000000000000000e+02
9.000000000000000000e+00 3.200000000000000000e+01 -2.100000000000000000e+01 5.040700000000000000e+04 4.731400000000000000e+04 5.133000000000000000e+04 4.428700000000000000e+04 3.292618362291250378e+01 8.010000000000000000e+02
-3.700000000000000000e+01 9.000000000000000000e+00 -2.100000000000000000e+01 5.007800000000000000e+04 4.726800000000000000e+04 5.218000000000000000e+04 4.361800000000000000e+04 3.293569221592042595e+01 8.010000000000000000e+02
-1.400000000000000000e+01 3.000000000000000000e+00 -2.700000000000000000e+01 5.014700000000000000e+04 4.693300000000000000e+04 5.223900000000000000e+04 4.407300000000000000e+04 3.294575458695180714e+01 8.050000000000000000e+02
-1.700000000000000000e+01 -3.600000000000000000e+01 -2.100000000000000000e+01 5.031100000000000000e+04 4.710900000000000000e+04 5.208700000000000000e+04 4.392800000000000000e+04 3.295762273191940039e+01 8.050000000000000000e+02
4.000000000000000000e+00 -6.900000000000000000e+01 -7.000000000000000000e+00 5.040200000000000000e+04 4.807500000000000000e+04 5.213400000000000000e+04 4.280900000000000000e+04 3.296608302195090801e+01 8.050000000000000000e+02
-7.000000000000000000e+00 -1.010000000000000000e+02 -2.000000000000000000e+01 5.021700000000000000e+04 4.719300000000000000e+04 5.244700000000000000e+04 4.396500000000000000e+04 3.297590713901445270e+01 8.050000000000000000e+02
3.000000000000000000e+00 -9.000000000000000000e+01 -1.400000000000000000e+01 5.045100000000000000e+04 4.721900000000000000e+04 5.222600000000000000e+04 4.381000000000000000e+04 3.298606190294958651e+01 8.050000000000000000e+02
4.000000000000000000e+00 -9.700000000000000000e+01 -1.100000000000000000e+01 5.050500000000000000e+04 4.719600000000000000e+04 5.208300000000000000e+04 4.378300000000000000e+04 3.299597656994592398e+01 8.050000000000000000e+02
-1.500000000000000000e+01 -5.000000000000000000e+01 -2.100000000000000000e+01 5.040800000000000000e+04 4.718300000000000000e+04 5.218200000000000000e+04 4.384500000000000000e+04 3.300677064491901547e+01 8.050000000000000000e+02
-4.000000000000000000e+00 -6.100000000000000000e+01 -2.000000000000000000e+00 5.014700000000000000e+04 4.704900000000000000e+04 5.248100000000000000e+04 4.396100000000000000e+04 3.301623922598082572e+01 8.050000000000000000e+02
2.800000000000000000e+01 -6.300000000000000000e+01 -7.000000000000000000e+00 5.027700000000000000e+04 4.723100000000000000e+04 5.240500000000000000e+04 4.382200000000000000e+04 3.302554035501088947e+01 8.030000000000000000e+02
5.300000000000000000e+01 -7.700000000000000000e+01 -1.000000000000000000e+01 5.062200000000000000e+04 4.795700000000000000e+04 5.222600000000000000e+04 4.335500000000000000e+04 3.303552970197051764e+01 8.030000000000000000e+02
6.100000000000000000e+01 -6.400000000000000000e+01 -5.000000000000000000e+00 5.079000000000000000e+04 4.803000000000000000e+04 5.200200000000000000e+04 4.305600000000000000e+04 3.304604230797849596e+01 8.030000000000000000e+02
4.800000000000000000e+01 -5.300000000000000000e+01 -1.000000000000000000e+00 5.090400000000000000e+04 4.741600000000000000e+04 5.206200000000000000e+04 4.388200000000000000e+04 3.305561528692487627e+01 8.030000000000000000e+02
3.700000000000000000e+01 -1.100000000000000000e+01 2.000000000000000000e+00 5.083200000000000000e+04 4.784000000000000000e+04 5.211100000000000000e+04 4.331100000000000000e+04 3.306573783291969448e+01 8.040000000000000000e+02
5.000000000000000000e+00 -9.000000000000000000e+00 -6.000000000000000000e+00 5.095400000000000000e+04 4.702900000000000000e+04 5.201700000000000000e+04 4.399800000000000000e+04 3.307541495701298118e+01 8.040000000000000000e+02
2.200000000000000000e+01 -3.900000000000000000e+01 -1.300000000000000000e+01 5.024600000000000000e+04 4.724000000000000000e+04 5.253500000000000000e+04 4.377300000000000000e+04 3.308577748201787472e+01 8.040000000000000000e+02
-3.200000000000000000e+01 6.000000000000000000e+00 4.000000000000000000e+00 5.078000000000000000e+04 4.613100000000000000e+04 5.202400000000000000e+04 4.486200000000000000e+04 3.309572099591605365e+01 8.040000000000000000e+02
-5.400000000000000000e+01 -2.000000000000000000e+00 -1.000000000000000000e+00 5.013500000000000000e+04 4.636900000000000000e+04 5.259400000000000000e+04 4.461800000000000000e+04 3.310669715201947838e+01 8.040000000000000000e+02
-3.000000000000000000e+01 -4.100000000000000000e+01 -3.000000000000000000e+00 5.007300000000000000e+04 4.707000000000000000e+04 5.266800000000000000e+04 4.386800000000000000e+04 3.311607514100614935e+01 8.040000000000000000e+02
-1.400000000000000000e+01 -3.200000000000000000e+01 -4.000000000000000000e+00 5.010800000000000000e+04 4.762400000000000000e+04 5.270100000000000000e+04 4.314200000000000000e+04 3.312617338693235070e+01 8.040000000000000000e+02
2.000000000000000000e+00 -1.100000000000000000e+01 4.000000000000000000e+00 5.021400000000000000e+04 4.710200000000000000e+04 5.265100000000000000e+04 4.377600000000000000e+04 3.313560412998776883e+01 8.040000000000000000e+02
3.400000000000000000e+01 -4.000000000000000000e+00 3.000000000000000000e+00 5.043300000000000000e+04 4.734800000000000000e+04 5.254600000000000000e+04 4.362600000000000000e+04 3.314558691799174994e+01 8.040000000000000000e+02
6.800000000000000000e+01 -1.600000000000000000e+01 1.200000000000000000e+01 5.080600000000000000e+04 4.735700000000000000e+04 5.232300000000000000e+04 4.360100000000000000e+04 3.315647926100064069e+01 8.040000000000000000e+02
6.000000000000000000e+01 1.800000000000000000e+01 2.000000000000000000e+00 5.088400000000000000e+04 4.767900000000000000e+04 5.223800000000000000e+04 4.332100000000000000e+04 3.316609247098676860e+01 8.040000000000000000e+02
7.700000000000000000e+01 1.900000000000000000e+01 1.100000000000000000e+01 5.088300000000000000e+04 4.744900000000000000e+04 5.229200000000000000e+04 4.368200000000000000e+04 3.317599412694107741e+01 8.040000000000000000e+02
7.300000000000000000e+01 2.100000000000000000e+01 3.000000000000000000e+00 5.103200000000000000e+04 4.788400000000000000e+04 5.216100000000000000e+04 4.317900000000000000e+04 3.318558064999524504e+01 8.040000000000000000e+02
4.300000000000000000e+01 2.600000000000000000e+01 1.800000000000000000e+01 5.112800000000000000e+04 4.751100000000000000e+04 5.209100000000000000e+04 4.354600000000000000e+04 3.319643079501111060e+01 8.040000000000000000e+02
4.100000000000000000e+01 -9.000000000000000000e+00 2.500000000000000000e+01 5.084800000000000000e+04 4.757700000000000000e+04 5.236100000000000000e+04 4.330800000000000000e+04 3.320548666396643966e+01 8.040000000000000000e+02
1.600000000000000000e+01 -1.200000000000000000e+01 1.400000000000000000e+01 5.066300000000000000e+04 4.678600000000000000e+04 5.242700000000000000e+04 4.395800000000000000e+04 3.321539924992248416e+01 8.040000000000000000e+02
9.000000000000000000e+00 -2.400000000000000000e+01 1.300000000000000000e+01 5.047500000000000000e+04 4.692600000000000000e+04 5.249900000000000000e+04 4.394300000000000000e+04 3.322543999401386827e+01 8.040000000000000000e+02
-4.000000000000000000e+00 -3.900000000000000000e+01 1.000000000000000000e+01 5.049000000000000000e+04 4.693100000000000000e+04 5.245200000000000000e+04 4.359100000000000000e+04 3.323579058295581490e+01 8.040000000000000000e+02
-1.300000000000000000e+01 -4.700000000000000000e+01 1.500000000000000000e+01 5.020500000000000000e+04 4.665000000000000000e+04 5.261000000000000000e+04 4.377300000000000000e+04 3.324529382097534835e+01 8.000000000000000000e+02
-1.800000000000000000e+01 -2.600000000000000000e+01 2.300000000000000000e+01 5.048800000000000000e+04 4.606800000000000000e+04 5.269300000000000000e+04 4.468200000000000000e+04 3.325691225496120751e+01 8.000000000000000000e+02
-1.200000000000000000e+01 -4.400000000000000000e+01 8.000000000000000000e+00 5.026700000000000000e+04 4.700400000000000000e+04 5.282100000000000000e+04 4.368200000000000000e+04 3.326600167795550078e+01 8.000000000000000000e+02
9.000000000000000000e+00 -4.400000000000000000e+01 1.200000000000000000e+01 5.086300000000000000e+04 4.729700000000000000e+04 5.224600000000000000e+04 4.334400000000000000e+04 3.327552293194457889e+01 8.000000000000000000e+02
1.400000000000000000e+01 -2.100000000000000000e+01 -3.000000000000000000e+00 5.065400000000000000e+04 4.739700000000000000e+04 5.249100000000000000e+04 4.309900000000000000e+04 3.328580467798747122e+01 7.980000000000000000e+02
2.100000000000000000e+01 1.000000000000000000e+01 1.400000000000000000e+01 5.097000000000000000e+04 4.737200000000000000e+04 5.258100000000000000e+04 4.367000000000000000e+04 3.329665076197125018e+01 7.980000000000000000e+02
1.300000000000000000e+01 2.000000000000000000e+01 2.900000000000000000e+01 5.068200000000000000e+04 4.714400000000000000e+04 5.289600000000000000e+04 4.392600000000000000e+04 3.330577622097916901e+01 7.980000000000000000e+02
1.600000000000000000e+01 4.400000000000000000e+01 1.300000000000000000e+01 5.096100000000000000e+04 4.709600000000000000e+04 5.290500000000000000e+04 4.410900000000000000e+04 3.331593067501671612e+01 7.980000000000000000e+02
-4.000000000000000000e+00 3.700000000000000000e+01 2.600000000000000000e+01 5.076700000000000000e+04 4.689000000000000000e+04 5.317900000000000000e+04 4.436900000000000000e+04 3.332589641993399709e+01 8.010000000000000000e+02
-2.300000000000000000e+01 4.000000000000000000e+01 2.800000000000000000e+01 5.083800000000000000e+04 4.722900000000000000e+04 5.308800000000000000e+04 4.390100000000000000e+04 3.333538488391786814e+01 8.010000000000000000e+02
-5.000000000000000000e+00 2.200000000000000000e+01 1.600000000000000000e+01 5.124400000000000000e+04 4.788600000000000000e+04 5.278200000000000000e+04 4.317400000000000000e+04 3.334532367193605751e+01 8.010000000000000000e+02
-2.100000000000000000e+01 4.300000000000000000e+01 2.200000000000000000e+01 5.103600000000000000e+04 4.722600000000000000e+04 5.300800000000000000e+04 4.396800000000000000e+04 3.335584086691960692e+01 8.010000000000000000e+02
-9.000000000000000000e+00 5.800000000000000000e+01 2.200000000000000000e+01 5.137800000000000000e+04 4.730600000000000000e+04 5.279100000000000000e+04 4.391400000000000000e+04 3.336526875500567257e+01 8.010000000000000000e+02
-3.700000000000000000e+01 8.100000000000000000e+01 2.100000000000000000e+01 5.133900000000000000e+04 4.654600000000000000e+04 5.291300000000000000e+04 4.472900000000000000e+04 3.337571108597330749e+01 7.980000000000000000e+02
-3.500000000000000000e+01 6.900000000000000000e+01 2.600000000000000000e+01 5.135100000000000000e+04 4.685100000000000000e+04 5.308000000000000000e+04 4.465400000000000000e+04 3.338602066191378981e+01 7.980000000000000000e+02
-4.400000000000000000e+01 2.600000000000000000e+01 3.000000000000000000e+01 5.095200000000000000e+04 4.729000000000000000e+04 5.344500000000000000e+04 4.413500000000000000e+04 3.339520942897070199e+01 7.980000000000000000e+02
-2.800000000000000000e+01 1.900000000000000000e+01 3.000000000000000000e+01 5.129800000000000000e+04 4.710200000000000000e+04 5.318800000000000000e+04 4.427000000000000000e+04 3.340601204894483089e+01 7.980000000000000000e+02
-1.600000000000000000e+01 6.000000000000000000e+00 2.800000000000000000e+01 5.135200000000000000e+04 4.735900000000000000e+04 5.319500000000000000e+04 4.398000000000000000e+04 3.341507134400308132e+01 8.000000000000000000e+02
5.000000000000000000e+00 1.100000000000000000e+01 3.900000000000000000e+01 5.162600000000000000e+04 4.669900000000000000e+04 5.284500000000000000e+04 4.443400000000000000e+04 3.342550138093065470e+01 8.000000000000000000e+02
-1.500000000000000000e+01 -1.100000000000000000e+01 3.600000000000000000e+01 5.098100000000000000e+04 4.668100000000000000e+04 5.355000000000000000e+04 4.427100000000000000e+04 3.343549262592568994e+01 8.000000000000000000e+02
-1.400000000000000000e+01 -1.600000000000000000e+01 4.500000000000000000e+01 5.174900000000000000e+04 4.701200000000000000e+04 5.278900000000000000e+04 4.397400000000000000e+04 3.344561428891029209e+01 8.000000000000000000e+02
1.000000000000000000e+00 -2.000000000000000000e+00 3.900000000000000000e+01 5.129700000000000000e+04 4.678900000000000000e+04 5.317900000000000000e+04 4.419600000000000000e+04 3.345560939190909266e+01 8.020000000000000000e+02
-1.100000000000000000e+01 -3.300000000000000000e+01 3.700000000000000000e+01 5.086300000000000000e+04 4.673200000000000000e+04 5.329500000000000000e+04 4.380500000000000000e+04 3.346551750390790403e+01 8.020000000000000000e+02
2.000000000000000000e+00 -1.800000000000000000e+01 3.900000000000000000e+01 5.137700000000000000e+04 4.661300000000000000e+04 5.281900000000000000e+04 4.388300000000000000e+04 3.347560909891035408e+01 8.020000000000000000e+02
-2.900000000000000000e+01 -5.000000000000000000e+00 2.600000000000000000e+01 5.130100000000000000e+04 4.600400000000000000e+04 5.287200000000000000e+04 4.445800000000000000e+04 3.348662213992793113e+01 8.020000000000000000e+02
-4.000000000000000000e+01 3.500000000000000000e+01 1.500000000000000000e+01 5.133000000000000000e+04 4.638600000000000000e+04 5.279300000000000000e+04 4.412200000000000000e+04 3.349506593297701329e+01 8.000000000000000000e+02
-1.100000000000000000e+01 5.200000000000000000e+01 2.700000000000000000e+01 5.160600000000000000e+04 4.636600000000000000e+04 5.254300000000000000e+04 4.398200000000000000e+04 3.350637273793108761e+01 8.000000000000000000e+02
-1.600000000000000000e+01 1.900000000000000000e+01 2.100000000000000000e+01 5.122700000000000000e+04 4.665500000000000000e+04 5.274600000000000000e+04 4.351500000000000000e+04 3.351732796698343009e+01 8.000000000000000000e+02
-1.900000000000000000e+01 1.500000000000000000e+01 1.700000000000000000e+01 5.126000000000000000e+04 4.592500000000000000e+04 5.268600000000000000e+04 4.436500000000000000e+04 3.352499162498861551e+01 8.000000000000000000e+02
-2.300000000000000000e+01 -1.100000000000000000e+01 2.100000000000000000e+01 5.063200000000000000e+04 4.660200000000000000e+04 5.327700000000000000e+04 4.360700000000000000e+04 3.353544215299189091e+01 8.000000000000000000e+02
-2.800000000000000000e+01 1.000000000000000000e+00 1.300000000000000000e+01 5.108700000000000000e+04 4.616500000000000000e+04 5.284600000000000000e+04 4.411200000000000000e+04 3.354524458898231387e+01 8.020000000000000000e+02
-6.000000000000000000e+00 -1.700000000000000000e+01 1.500000000000000000e+01 5.062100000000000000e+04 4.616000000000000000e+04 5.311400000000000000e+04 4.360100000000000000e+04 3.355551067600026727e+01 8.020000000000000000e+02
1.000000000000000000e+00 -3.700000000000000000e+01 2.000000000000000000e+01 5.058700000000000000e+04 4.676400000000000000e+04 5.307500000000000000e+04 4.303900000000000000e+04 3.356513181095942855e+01 8.020000000000000000e+02
1.800000000000000000e+01 -4.100000000000000000e+01 1.300000000000000000e+01 5.119800000000000000e+04 4.681400000000000000e+04 5.253400000000000000e+04 4.300500000000000000e+04 3.357554370292928070e+01 8.020000000000000000e+02
3.900000000000000000e+01 -4.400000000000000000e+01 8.000000000000000000e+00 5.085200000000000000e+04 4.731800000000000000e+04 5.277300000000000000e+04 4.254900000000000000e+04 3.358513816795311868e+01 8.020000000000000000e+02
1.300000000000000000e+01 -5.300000000000000000e+01 2.000000000000000000e+00 5.076400000000000000e+04 4.692600000000000000e+04 5.275400000000000000e+04 4.304800000000000000e+04 3.359515299496706575e+01 8.020000000000000000e+02
2.200000000000000000e+01 -6.100000000000000000e+01 -4.000000000000000000e+00 5.098500000000000000e+04 4.700000000000000000e+04 5.260900000000000000e+04 4.288400000000000000e+04 3.360563236498273909e+01 8.020000000000000000e+02
7.000000000000000000e+00 -6.400000000000000000e+01 9.000000000000000000e+00 5.087200000000000000e+04 4.649300000000000000e+04 5.270400000000000000e+04 4.343800000000000000e+04 3.361511466198135167e+01 8.020000000000000000e+02
-3.000000000000000000e+00 -2.000000000000000000e+01 2.000000000000000000e+00 5.079800000000000000e+04 4.613600000000000000e+04 5.280900000000000000e+04 4.380000000000000000e+04 3.362536528299096972e+01 8.030000000000000000e+02
3.000000000000000000e+00 -4.500000000000000000e+01 -6.000000000000000000e+00 5.087200000000000000e+04 4.632000000000000000e+04 5.249200000000000000e+04 4.356100000000000000e+04 3.363595298200380057e+01 8.030000000000000000e+02
0.000000000000000000e+00 -2.300000000000000000e+01 3.000000000000000000e+00 5.112500000000000000e+04 4.541200000000000000e+04 5.247300000000000000e+04 4.436300000000000000e+04 3.364562471990939230e+01 8.030000000000000000e+02
-2.000000000000000000e+00 -2.700000000000000000e+01 -1.100000000000000000e+01 5.095600000000000000e+04 4.618300000000000000e+04 5.247100000000000000e+04 4.385200000000000000e+04 3.365567878691945225e+01 8.030000000000000000e+02
8.000000000000000000e+00 -1.100000000000000000e+01 6.000000000000000000e+00 5.098500000000000000e+04 4.585500000000000000e+04 5.260700000000000000e+04 4.415700000000000000e+04 3.366560862492769957e+01 8.030000000000000000e+02
2.400000000000000000e+01 -4.100000000000000000e+01 -5.000000000000000000e+00 5.100000000000000000e+04 4.665600000000000000e+04 5.262000000000000000e+04 4.333500000000000000e+04 3.367496830096933991e+01 8.030000000000000000e+02
-1.500000000000000000e+01 -2.700000000000000000e+01 2.000000000000000000e+00 5.059100000000000000e+04 4.630500000000000000e+04 5.297100000000000000e+04 4.362700000000000000e+04 3.368607805401552469e+01 8.030000000000000000e+02
1.800000000000000000e+01 -2.400000000000000000e+01 7.000000000000000000e+00 5.088800000000000000e+04 4.663400000000000000e+04 5.278600000000000000e+04 4.332800000000000000e+04 3.369581259600818157e+01 8.030000000000000000e+02
2.600000000000000000e+01 -2.900000000000000000e+01 6.000000000000000000e+00 5.065400000000000000e+04 4.653400000000000000e+04 5.301000000000000000e+04 4.351700000000000000e+04 3.370582212298177183e+01 8.030000000000000000e+02
1.300000000000000000e+01 -1.400000000000000000e+01 5.000000000000000000e+00 5.104600000000000000e+04 4.621900000000000000e+04 5.277800000000000000e+04 4.384000000000000000e+04 3.371572072198614478e+01 8.080000000000000000e+02
4.600000000000000000e+01 -1.700000000000000000e+01 3.000000000000000000e+00 5.120000000000000000e+04 4.650800000000000000e+04 5.212700000000000000e+04 4.290300000000000000e+04 3.372553440998308361e+01 8.080000000000000000e+02
5.400000000000000000e+01 -3.600000000000000000e+01 0.000000000000000000e+00 5.113200000000000000e+04 4.596600000000000000e+04 5.223500000000000000e+04 4.346100000000000000e+04 3.373510448494926095e+01 8.080000000000000000e+02
3.800000000000000000e+01 -8.900000000000000000e+01 4.000000000000000000e+00 5.100000000000000000e+04 4.607100000000000000e+04 5.232700000000000000e+04 4.337100000000000000e+04 3.374486594891641289e+01 8.080000000000000000e+02
2.400000000000000000e+01 -5.300000000000000000e+01 -1.000000000000000000e+00 5.093700000000000000e+04 4.657900000000000000e+04 5.213800000000000000e+04 4.270700000000000000e+04 3.375577063299715519e+01 8.030000000000000000e+02
6.000000000000000000e+00 -1.070000000000000000e+02 -1.000000000000000000e+00 5.039200000000000000e+04 4.647300000000000000e+04 5.298300000000000000e+04 4.313300000000000000e+04 3.376531577098648995e+01 8.030000000000000000e+02
-4.000000000000000000e+00 -9.500000000000000000e+01 -6.000000000000000000e+00 5.026200000000000000e+04 4.630400000000000000e+04 5.283300000000000000e+04 4.326800000000000000e+04 3.377496180299203843e+01 8.030000000000000000e+02
-3.200000000000000000e+01 -7.200000000000000000e+01 3.000000000000000000e+00 5.052600000000000000e+04 4.616500000000000000e+04 5.261300000000000000e+04 4.327900000000000000e+04 3.378540535597130656e+01 8.030000000000000000e+02
-1.000000000000000000e+01 -8.000000000000000000e+01 -9.000000000000000000e+00 5.023300000000000000e+04 4.647200000000000000e+04 5.277800000000000000e+04 4.295700000000000000e+04 3.379567237396258861e+01 8.030000000000000000e+02
-1.700000000000000000e+01 -3.400000000000000000e+01 -1.600000000000000000e+01 5.052200000000000000e+04 4.560500000000000000e+04 5.261800000000000000e+04 4.376900000000000000e+04 3.380579052690882236e+01 8.040000000000000000e+02
-9.000000000000000000e+00 -1.600000000000000000e+01 -2.000000000000000000e+01 5.043900000000000000e+04 4.617600000000000000e+04 5.258400000000000000e+04 4.321400000000000000e+04 3.381518014997709543e+01 8.040000000000000000e+02
-1.600000000000000000e+01 5.100000000000000000e+01 -5.000000000000000000e+00 5.080100000000000000e+04 4.590900000000000000e+04 5.228200000000000000e+04 4.345400000000000000e+04 3.382538628298789263e+01 8.040000000000000000e+02
-1.000000000000000000e+01 6.500000000000000000e+01 -1.200000000000000000e+01 5.083500000000000000e+04 4.556800000000000000e+04 5.224300000000000000e+04 4.381600000000000000e+04 3.383487915701698512e+01 8.040000000000000000e+02
-1.000000000000000000e+00 9.700000000000000000e+01 -1.900000000000000000e+01 5.117900000000000000e+04 4.533400000000000000e+04 5.187300000000000000e+04 4.405900000000000000e+04 3.384544589894358069e+01 8.050000000000000000e+02
-2.000000000000000000e+01 1.070000000000000000e+02 -1.400000000000000000e+01 5.104900000000000000e+04 4.487100000000000000e+04 5.196500000000000000e+04 4.441100000000000000e+04 3.385522894596215338e+01 8.050000000000000000e+02
-5.000000000000000000e+00 9.100000000000000000e+01 -2.300000000000000000e+01 5.095400000000000000e+04 4.522100000000000000e+04 5.202000000000000000e+04 4.410100000000000000e+04 3.386525166395585984e+01 8.050000000000000000e+02
-1.100000000000000000e+01 6.300000000000000000e+01 -2.000000000000000000e+01 5.074900000000000000e+04 4.536900000000000000e+04 5.230700000000000000e+04 4.394400000000000000e+04 3.387476010597310960e+01 8.050000000000000000e+02
4.000000000000000000e+00 5.000000000000000000e+01 -1.800000000000000000e+01 5.052700000000000000e+04 4.575800000000000000e+04 5.239600000000000000e+04 4.379600000000000000e+04 3.388531931792385876e+01 8.010000000000000000e+02
3.000000000000000000e+00 1.700000000000000000e+01 -2.300000000000000000e+01 5.064900000000000000e+04 4.637900000000000000e+04 5.278700000000000000e+04 4.370000000000000000e+04 3.389538239594548941e+01 8.010000000000000000e+02
6.000000000000000000e+00 -2.600000000000000000e+01 -3.300000000000000000e+01 5.039700000000000000e+04 4.591400000000000000e+04 5.303000000000000000e+04 4.416900000000000000e+04 3.390535391995217651e+01 8.010000000000000000e+02
1.700000000000000000e+01 -4.600000000000000000e+01 -2.200000000000000000e+01 5.098100000000000000e+04 4.655400000000000000e+04 5.261300000000000000e+04 4.380300000000000000e+04 3.391529023600742221e+01 8.010000000000000000e+02
3.300000000000000000e+01 -6.400000000000000000e+01 -2.200000000000000000e+01 5.059900000000000000e+04 4.647400000000000000e+04 5.299700000000000000e+04 4.383300000000000000e+04 3.392490982101298869e+01 8.010000000000000000e+02
5.100000000000000000e+01 -3.600000000000000000e+01 -1.900000000000000000e+01 5.109600000000000000e+04 4.688500000000000000e+04 5.277200000000000000e+04 4.394800000000000000e+04 3.393475881696213037e+01 7.340000000000000000e+02
4.200000000000000000e+01 -2.000000000000000000e+00 -2.100000000000000000e+01 5.099700000000000000e+04 4.676900000000000000e+04 5.271000000000000000e+04 4.391400000000000000e+04 3.394522766594309360e+01 7.340000000000000000e+02
4.300000000000000000e+01 4.100000000000000000e+01 -3.600000000000000000e+01 5.114100000000000000e+04 4.695300000000000000e+04 5.271900000000000000e+04 4.392100000000000000e+04 3.395495476201176643e+01 7.340000000000000000e+02
2.200000000000000000e+01 7.200000000000000000e+01 -2.200000000000000000e+01 5.132200000000000000e+04 4.711700000000000000e+04 5.244800000000000000e+04 4.379700000000000000e+04 3.396475154999643564e+01 7.340000000000000000e+02
8.000000000000000000e+00 1.220000000000000000e+02 -3.400000000000000000e+01 5.124000000000000000e+04 4.665600000000000000e+04 5.250900000000000000e+04 4.432200000000000000e+04 3.397459042898844928e+01 1.230000000000000000e+02
-2.700000000000000000e+01 1.590000000000000000e+02 -3.700000000000000000e+01 5.149300000000000000e+04 4.528500000000000000e+04 5.236900000000000000e+04 4.586700000000000000e+04 3.398493222100660205e+01 1.230000000000000000e+02
-3.900000000000000000e+01 1.810000000000000000e+02 -3.700000000000000000e+01 5.130100000000000000e+04 4.558600000000000000e+04 5.244200000000000000e+04 4.572100000000000000e+04 3.399474861298222095e+01 1.230000000000000000e+02
-7.300000000000000000e+01 1.870000000000000000e+02 -4.200000000000000000e+01 5.111800000000000000e+04 4.543400000000000000e+04 5.257100000000000000e+04 4.598900000000000000e+04 3.400476245093159378e+01 1.230000000000000000e+02
-4.400000000000000000e+01 1.470000000000000000e+02 -2.900000000000000000e+01 5.122100000000000000e+04 4.619600000000000000e+04 5.254300000000000000e+04 4.509200000000000000e+04 3.401513113291002810e+01 7.600000000000000000e+01
-1.600000000000000000e+01 9.700000000000000000e+01 -3.400000000000000000e+01 4.973200000000000000e+04 4.499700000000000000e+04 5.147200000000000000e+04 4.319700000000000000e+04 3.402521788491867483e+01 7.600000000000000000e+01
3.000000000000000000e+00 9.000000000000000000e+00 -2.700000000000000000e+01 4.952400000000000000e+04 4.523000000000000000e+04 5.146700000000000000e+04 4.267300000000000000e+04 3.403494606900494546e+01 7.600000000000000000e+01
6.500000000000000000e+01 -5.300000000000000000e+01 -4.100000000000000000e+01 4.937500000000000000e+04 4.627000000000000000e+04 5.145900000000000000e+04 4.153400000000000000e+04 3.404499672399833798e+01 7.600000000000000000e+01
9.400000000000000000e+01 -9.600000000000000000e+01 -3.700000000000000000e+01 4.897900000000000000e+04 4.660200000000000000e+04 5.125000000000000000e+04 4.075300000000000000e+04 3.405528309801593423e+01 7.600000000000000000e+01
1.170000000000000000e+02 -1.180000000000000000e+02 -2.900000000000000000e+01 4.876500000000000000e+04 4.704500000000000000e+04 5.125300000000000000e+04 4.005600000000000000e+04 3.406477329193148762e+01 6.800000000000000000e+01
1.150000000000000000e+02 -1.130000000000000000e+02 -2.200000000000000000e+01 4.865600000000000000e+04 4.613400000000000000e+04 5.057500000000000000e+04 4.018000000000000000e+04 3.407474916591309011e+01 6.800000000000000000e+01
1.180000000000000000e+02 -7.300000000000000000e+01 -1.300000000000000000e+01 4.897300000000000000e+04 4.601300000000000000e+04 5.034600000000000000e+04 4.004900000000000000e+04 3.408477304596453905e+01 6.800000000000000000e+01
1.060000000000000000e+02 -4.400000000000000000e+01 -1.800000000000000000e+01 4.879700000000000000e+04 4.537600000000000000e+04 5.033300000000000000e+04 4.055400000000000000e+04 3.409537020290736109e+01 6.800000000000000000e+01
9.000000000000000000e+01 7.000000000000000000e+00 -1.700000000000000000e+01 4.942900000000000000e+04 4.472200000000000000e+04 4.977200000000000000e+04 4.121500000000000000e+04 3.410499721998348832e+01 6.200000000000000000e+01
3.900000000000000000e+01 6.800000000000000000e+01 -1.900000000000000000e+01 4.949100000000000000e+04 4.414900000000000000e+04 5.027600000000000000e+04 4.267500000000000000e+04 3.411515420395880938e+01 6.200000000000000000e+01
5.000000000000000000e+00 8.400000000000000000e+01 -2.800000000000000000e+01 4.918500000000000000e+04 4.473100000000000000e+04 5.062700000000000000e+04 4.228600000000000000e+04 3.412516368401702493e+01 6.200000000000000000e+01
-7.000000000000000000e+00 9.400000000000000000e+01 -1.800000000000000000e+01 4.943300000000000000e+04 4.429800000000000000e+04 5.071200000000000000e+04 4.293600000000000000e+04 3.413518918899353594e+01 6.200000000000000000e+01
-5.000000000000000000e+00 6.800000000000000000e+01 -2.700000000000000000e+01 4.913200000000000000e+04 4.432500000000000000e+04 5.101600000000000000e+04 4.306800000000000000e+04 3.414493472396861762e+01 6.200000000000000000e+01
-2.000000000000000000e+00 3.800000000000000000e+01 -2.200000000000000000e+01 4.960700000000000000e+04 4.490200000000000000e+04 5.117500000000000000e+04 4.305800000000000000e+04 3.415516425599344075e+01 6.400000000000000000e+01
1.000000000000000000e+01 -1.800000000000000000e+01 -3.500000000000000000e+01 4.918400000000000000e+04 4.637800000000000000e+04 5.165100000000000000e+04 4.177100000000000000e+04 3.416513774194754660e+01 6.400000000000000000e+01
1.900000000000000000e+01 -3.700000000000000000e+01 -3.600000000000000000e+01 4.897200000000000000e+04 4.636300000000000000e+04 5.186800000000000000e+04 4.204600000000000000e+04 3.417485293699428439e+01 6.400000000000000000e+01
6.000000000000000000e+00 -4.600000000000000000e+01 -2.200000000000000000e+01 4.894600000000000000e+04 4.600300000000000000e+04 5.217000000000000000e+04 4.264900000000000000e+04 3.418519580201245844e+01 6.400000000000000000e+01
-1.900000000000000000e+01 -3.300000000000000000e+01 -2.800000000000000000e+01 4.914200000000000000e+04 4.629900000000000000e+04 5.220300000000000000e+04 4.275500000000000000e+04 3.419453509594313800e+01 6.100000000000000000e+01
-2.300000000000000000e+01 -2.300000000000000000e+01 -3.300000000000000000e+01 4.961300000000000000e+04 4.665800000000000000e+04 5.247600000000000000e+04 4.318500000000000000e+04 3.420497676497325301e+01 6.100000000000000000e+01
-1.200000000000000000e+01 -7.000000000000000000e+00 -3.400000000000000000e+01 4.995600000000000000e+04 4.679300000000000000e+04 5.234000000000000000e+04 4.353500000000000000e+04 3.421500269195530564e+01 6.100000000000000000e+01
-1.400000000000000000e+01 5.000000000000000000e+00 -3.600000000000000000e+01 5.003800000000000000e+04 4.697200000000000000e+04 5.238600000000000000e+04 4.349900000000000000e+04 3.422485325997695327e+01 6.100000000000000000e+01
-2.200000000000000000e+01 1.300000000000000000e+01 -2.400000000000000000e+01 5.038100000000000000e+04 4.701300000000000000e+04 5.235800000000000000e+04 4.363900000000000000e+04 3.423466980899684131e+01 5.900000000000000000e+01
-6.500000000000000000e+01 5.800000000000000000e+01 -2.100000000000000000e+01 5.046100000000000000e+04 4.723400000000000000e+04 5.279400000000000000e+04 4.404400000000000000e+04 3.424447049596346915e+01 5.900000000000000000e+01
-6.800000000000000000e+01 8.300000000000000000e+01 -1.200000000000000000e+01 5.090900000000000000e+04 4.687400000000000000e+04 5.259600000000000000e+04 4.443900000000000000e+04 3.425509165192488581e+01 5.900000000000000000e+01
-8.400000000000000000e+01 1.540000000000000000e+02 -1.100000000000000000e+01 5.095800000000000000e+04 4.634100000000000000e+04 5.294600000000000000e+04 4.544000000000000000e+04 3.426520349795464426e+01 5.900000000000000000e+01
-8.700000000000000000e+01 2.460000000000000000e+02 -1.000000000000000000e+00 5.197700000000000000e+04 4.511600000000000000e+04 5.205600000000000000e+04 4.668800000000000000e+04 3.427464817301370203e+01 5.900000000000000000e+01
-5.900000000000000000e+01 2.840000000000000000e+02 -3.000000000000000000e+00 5.212700000000000000e+04 4.531800000000000000e+04 5.216200000000000000e+04 4.690200000000000000e+04 3.428501621191389859e+01 5.700000000000000000e+01
-4.500000000000000000e+01 3.200000000000000000e+02 -1.000000000000000000e+01 5.226900000000000000e+04 4.551300000000000000e+04 5.231500000000000000e+04 4.690300000000000000e+04 3.429467323294375092e+01 5.700000000000000000e+01
-2.700000000000000000e+01 3.090000000000000000e+02 -9.000000000000000000e+00 5.221600000000000000e+04 4.452400000000000000e+04 5.232500000000000000e+04 4.789100000000000000e+04 3.430492818192578852e+01 5.700000000000000000e+01
-3.000000000000000000e+00 2.620000000000000000e+02 -8.000000000000000000e+00 5.181100000000000000e+04 4.504000000000000000e+04 5.280700000000000000e+04 4.739300000000000000e+04 3.431473382597323507e+01 5.700000000000000000e+01
9.300000000000000000e+01 1.410000000000000000e+02 -6.000000000000000000e+00 5.221900000000000000e+04 4.648200000000000000e+04 5.238700000000000000e+04 4.604300000000000000e+04 3.432458096195477992e+01 5.600000000000000000e+01
2.170000000000000000e+02 4.000000000000000000e+01 -3.000000000000000000e+00 5.249700000000000000e+04 4.781300000000000000e+04 5.210200000000000000e+04 4.463800000000000000e+04 3.433510715293232352e+01 5.600000000000000000e+01
2.880000000000000000e+02 -4.300000000000000000e+01 -1.300000000000000000e+01 5.192200000000000000e+04 4.889600000000000000e+04 5.251800000000000000e+04 4.351400000000000000e+04 3.434499931696336716e+01 5.600000000000000000e+01
2.630000000000000000e+02 -9.300000000000000000e+01 -1.600000000000000000e+01 5.154600000000000000e+04 4.849900000000000000e+04 5.296300000000000000e+04 4.370800000000000000e+04 3.435445924696978182e+01 5.600000000000000000e+01
1.910000000000000000e+02 -1.630000000000000000e+02 -2.200000000000000000e+01 5.042900000000000000e+04 4.870900000000000000e+04 5.375800000000000000e+04 4.345400000000000000e+04 3.436533042800147086e+01 5.600000000000000000e+01
1.140000000000000000e+02 -1.660000000000000000e+02 -1.600000000000000000e+01 5.016600000000000000e+04 4.888300000000000000e+04 5.367300000000000000e+04 4.300500000000000000e+04 3.437480519292876124e+01 5.500000000000000000e+01
6.000000000000000000e+00 -1.410000000000000000e+02 -2.100000000000000000e+01 5.113600000000000000e+04 4.833300000000000000e+04 5.274200000000000000e+04 4.359000000000000000e+04 3.438483642390929163e+01 5.500000000000000000e+01
-8.600000000000000000e+01 -9.900000000000000000e+01 -2.800000000000000000e+01 5.063300000000000000e+04 4.741300000000000000e+04 5.305500000000000000e+04 4.458700000000000000e+04 3.439471748296637088e+01 5.500000000000000000e+01
-1.940000000000000000e+02 -4.700000000000000000e+01 -2.600000000000000000e+01 5.055500000000000000e+04 4.677200000000000000e+04 5.301400000000000000e+04 4.525400000000000000e+04 3.440543983399402350e+01 5.500000000000000000e+01
-2.700000000000000000e+02 -5.000000000000000000e+00 -2.700000000000000000e+01 5.040200000000000000e+04 4.623200000000000000e+04 5.292100000000000000e+04 4.554000000000000000e+04 3.441561687598004937e+01 5.100000000000000000e+01
-2.610000000000000000e+02 6.500000000000000000e+01 -1.800000000000000000e+01 5.066600000000000000e+04 4.579500000000000000e+04 5.283200000000000000e+04 4.617000000000000000e+04 3.442443870101124048e+01 5.100000000000000000e+01
-2.010000000000000000e+02 1.220000000000000000e+02 -1.900000000000000000e+01 5.157800000000000000e+04 4.562900000000000000e+04 5.204400000000000000e+04 4.605300000000000000e+04 3.443443180201575160e+01 5.100000000000000000e+01
-1.490000000000000000e+02 1.220000000000000000e+02 -1.500000000000000000e+01 5.158100000000000000e+04 4.600700000000000000e+04 5.183300000000000000e+04 4.565500000000000000e+04 3.444465059600770473e+01 5.100000000000000000e+01
-4.900000000000000000e+01 1.270000000000000000e+02 -3.900000000000000000e+01 5.168600000000000000e+04 4.709600000000000000e+04 5.151500000000000000e+04 4.446500000000000000e+04 3.445486037491355091e+01 5.100000000000000000e+01
2.300000000000000000e+01 9.500000000000000000e+01 -2.800000000000000000e+01 5.156500000000000000e+04 4.738300000000000000e+04 5.155400000000000000e+04 4.410900000000000000e+04 3.446447385696228594e+01 5.100000000000000000e+01
1.030000000000000000e+02 7.000000000000000000e+00 -4.300000000000000000e+01 5.127800000000000000e+04 4.836300000000000000e+04 5.155200000000000000e+04 4.309900000000000000e+04 3.447477425995748490e+01 5.100000000000000000e+01
1.020000000000000000e+02 -4.300000000000000000e+01 -3.900000000000000000e+01 5.098000000000000000e+04 4.783400000000000000e+04 5.157100000000000000e+04 4.337400000000000000e+04 3.448509896092582494e+01 5.100000000000000000e+01
5.400000000000000000e+01 -7.200000000000000000e+01 -4.300000000000000000e+01 5.096300000000000000e+04 4.758500000000000000e+04 5.152200000000000000e+04 4.353200000000000000e+04 3.449421097093727440e+01 5.100000000000000000e+01
3.000000000000000000e+00 -6.800000000000000000e+01 -5.200000000000000000e+01 5.040500000000000000e+04 4.790500000000000000e+04 5.173300000000000000e+04 4.286300000000000000e+04 3.450494125799741596e+01 5.400000000000000000e+01
-4.100000000000000000e+01 -4.300000000000000000e+01 -5.700000000000000000e+01 5.020400000000000000e+04 4.716600000000000000e+04 5.158200000000000000e+04 4.352600000000000000e+04 3.451483917701989412e+01 5.400000000000000000e+01
-8.900000000000000000e+01 -4.000000000000000000e+00 -4.800000000000000000e+01 4.989600000000000000e+04 4.632100000000000000e+04 5.172900000000000000e+04 4.426900000000000000e+04 3.452476786496117711e+01 5.400000000000000000e+01
-1.240000000000000000e+02 3.300000000000000000e+01 -6.100000000000000000e+01 4.955600000000000000e+04 4.593300000000000000e+04 5.179800000000000000e+04 4.460000000000000000e+04 3.453454973502084613e+01 5.400000000000000000e+01
-1.590000000000000000e+02 6.800000000000000000e+01 -2.900000000000000000e+01 4.955200000000000000e+04 4.451000000000000000e+04 5.171000000000000000e+04 4.579400000000000000e+04 3.454442492790985852e+01 5.300000000000000000e+01
-1.450000000000000000e+02 5.200000000000000000e+01 -2.300000000000000000e+01 4.895100000000000000e+04 4.515800000000000000e+04 5.199800000000000000e+04 4.470800000000000000e+04 3.455453273898456246e+01 5.300000000000000000e+01
-1.080000000000000000e+02 -1.300000000000000000e+01 -1.200000000000000000e+01 4.895100000000000000e+04 4.614700000000000000e+04 5.199300000000000000e+04 4.327100000000000000e+04 3.456521866796538234e+01 5.300000000000000000e+01
-1.180000000000000000e+02 -5.500000000000000000e+01 2.000000000000000000e+01 4.852300000000000000e+04 4.581200000000000000e+04 5.235200000000000000e+04 4.326500000000000000e+04 3.457507655990775675e+01 5.300000000000000000e+01
-6.900000000000000000e+01 -5.200000000000000000e+01 1.000000000000000000e+00 4.911200000000000000e+04 4.597100000000000000e+04 5.177500000000000000e+04 4.285300000000000000e+04 3.458459125692024827e+01 5.300000000000000000e+01
2.100000000000000000e+01 -3.700000000000000000e+01 -1.000000000000000000e+01 4.931100000000000000e+04 4.645200000000000000e+04 5.153000000000000000e+04 4.265800000000000000e+04 3.459458799497224391e+01 5.300000000000000000e+01
1.410000000000000000e+02 -1.700000000000000000e+01 -2.500000000000000000e+01 5.005500000000000000e+04 4.748000000000000000e+04 5.054300000000000000e+04 4.154000000000000000e+04 3.460438853001687676e+01 5.300000000000000000e+01
1.750000000000000000e+02 -3.500000000000000000e+01 -4.100000000000000000e+01 4.962800000000000000e+04 4.770000000000000000e+04 5.081800000000000000e+04 4.143900000000000000e+04 3.461483885592315346e+01 5.300000000000000000e+01
2.030000000000000000e+02 -7.400000000000000000e+01 -5.400000000000000000e+01 4.915800000000000000e+04 4.793000000000000000e+04 5.117200000000000000e+04 4.118900000000000000e+04 3.462477280001621693e+01 5.300000000000000000e+01
1.940000000000000000e+02 -8.300000000000000000e+01 -5.600000000000000000e+01 4.977400000000000000e+04 4.844600000000000000e+04 5.042500000000000000e+04 4.075200000000000000e+04 3.463475586601998657e+01 5.500000000000000000e+01
1.460000000000000000e+02 -4.300000000000000000e+01 -3.800000000000000000e+01 4.995000000000000000e+04 4.777000000000000000e+04 5.019900000000000000e+04 4.161700000000000000e+04 3.464449683495331556e+01 5.500000000000000000e+01
5.800000000000000000e+01 -2.700000000000000000e+01 -4.700000000000000000e+01 4.952500000000000000e+04 4.718200000000000000e+04 5.065300000000000000e+04 4.216000000000000000e+04 3.465461945591960102e+01 5.500000000000000000e+01
-4.800000000000000000e+01 -4.000000000000000000e+00 -5.500000000000000000e+01 4.900800000000000000e+04 4.631400000000000000e+04 5.103300000000000000e+04 4.314900000000000000e+04 3.466459088597912341e+01 5.500000000000000000e+01
-2.000000000000000000e+02 8.200000000000000000e+01 -4.800000000000000000e+01 4.881700000000000000e+04 4.449900000000000000e+04 5.117400000000000000e+04 4.510800000000000000e+04 3.467429992894176394e+01 6.000000000000000000e+01
-2.770000000000000000e+02 9.300000000000000000e+01 -6.300000000000000000e+01 4.842700000000000000e+04 4.479200000000000000e+04 5.121600000000000000e+04 4.447400000000000000e+04 3.468496860098093748e+01 6.000000000000000000e+01
-3.320000000000000000e+02 9.800000000000000000e+01 -7.500000000000000000e+01 4.760000000000000000e+04 4.447800000000000000e+04 5.185100000000000000e+04 4.511700000000000000e+04 3.469482856895774603e+01 6.000000000000000000e+01
-3.710000000000000000e+02 8.900000000000000000e+01 -8.400000000000000000e+01 4.755500000000000000e+04 4.420600000000000000e+04 5.174200000000000000e+04 4.568200000000000000e+04 3.470500619895756245e+01 6.000000000000000000e+01
-3.140000000000000000e+02 9.700000000000000000e+01 -7.500000000000000000e+01 4.772800000000000000e+04 4.432100000000000000e+04 5.163300000000000000e+04 4.549000000000000000e+04 3.471441628492902964e+01 6.000000000000000000e+01
-1.930000000000000000e+02 5.700000000000000000e+01 -5.600000000000000000e+01 4.807000000000000000e+04 4.578900000000000000e+04 5.089600000000000000e+04 4.337500000000000000e+04 3.472549590491689742e+01 6.400000000000000000e+01
-6.900000000000000000e+01 8.000000000000000000e+01 -5.000000000000000000e+01 4.901200000000000000e+04 4.581600000000000000e+04 5.003500000000000000e+04 4.334100000000000000e+04 3.473451700992882252e+01 6.400000000000000000e+01
1.800000000000000000e+01 1.010000000000000000e+02 -5.500000000000000000e+01 4.932600000000000000e+04 4.607900000000000000e+04 4.965900000000000000e+04 4.283400000000000000e+04 3.474430261400993913e+01 6.400000000000000000e+01
5.400000000000000000e+01 1.150000000000000000e+02 -5.300000000000000000e+01 4.906400000000000000e+04 4.569200000000000000e+04 4.983500000000000000e+04 4.337200000000000000e+04 3.475453522696625441e+01 6.400000000000000000e+01
7.000000000000000000e+01 1.430000000000000000e+02 -6.100000000000000000e+01 4.933000000000000000e+04 4.591300000000000000e+04 4.958300000000000000e+04 4.314100000000000000e+04 3.476435459696222097e+01 6.500000000000000000e+01
1.050000000000000000e+02 1.300000000000000000e+02 -6.500000000000000000e+01 4.926500000000000000e+04 4.639500000000000000e+04 4.918400000000000000e+04 4.254200000000000000e+04 3.477417025191243738e+01 6.500000000000000000e+01
1.210000000000000000e+02 9.800000000000000000e+01 -7.500000000000000000e+01 4.893200000000000000e+04 4.628300000000000000e+04 4.944400000000000000e+04 4.271700000000000000e+04 3.478453104500658810e+01 6.500000000000000000e+01
8.100000000000000000e+01 8.100000000000000000e+01 -8.200000000000000000e+01 4.901500000000000000e+04 4.638100000000000000e+04 4.907500000000000000e+04 4.261200000000000000e+04 3.479454991291277111e+01 6.500000000000000000e+01
5.700000000000000000e+01 5.000000000000000000e+01 -8.100000000000000000e+01 4.852200000000000000e+04 4.620500000000000000e+04 4.953300000000000000e+04 4.283100000000000000e+04 3.480435322597622871e+01 6.500000000000000000e+01
1.400000000000000000e+01 -9.000000000000000000e+00 -6.700000000000000000e+01 4.781300000000000000e+04 4.705700000000000000e+04 5.042400000000000000e+04 4.211700000000000000e+04 3.481455595896113664e+01 6.300000000000000000e+01
-4.000000000000000000e+01 -1.090000000000000000e+02 -6.300000000000000000e+01 4.688600000000000000e+04 4.676600000000000000e+04 5.116300000000000000e+04 4.245700000000000000e+04 3.482442835893016309e+01 6.300000000000000000e+01
-4.300000000000000000e+01 -1.790000000000000000e+02 -6.200000000000000000e+01 4.656000000000000000e+04 4.730900000000000000e+04 5.152400000000000000e+04 4.170000000000000000e+04 3.483446167700458318e+01 6.300000000000000000e+01
-2.700000000000000000e+01 -2.020000000000000000e+02 -6.200000000000000000e+01 4.633100000000000000e+04 4.819700000000000000e+04 5.181300000000000000e+04 4.103800000000000000e+04 3.484430930297821760e+01 6.300000000000000000e+01
1.200000000000000000e+01 -1.630000000000000000e+02 -6.500000000000000000e+01 4.725900000000000000e+04 4.775700000000000000e+04 5.102200000000000000e+04 4.168900000000000000e+04 3.485460209194570780e+01 6.300000000000000000e+01
2.900000000000000000e+01 -6.200000000000000000e+01 -7.400000000000000000e+01 4.779900000000000000e+04 4.740700000000000000e+04 5.064700000000000000e+04 4.250900000000000000e+04 3.486474180396180600e+01 6.300000000000000000e+01
5.100000000000000000e+01 2.300000000000000000e+01 -7.100000000000000000e+01 4.844400000000000000e+04 4.716900000000000000e+04 5.007400000000000000e+04 4.287200000000000000e+04 3.487410763499792665e+01 6.300000000000000000e+01
5.700000000000000000e+01 1.580000000000000000e+02 -6.000000000000000000e+01 4.990700000000000000e+04 4.638500000000000000e+04 4.872600000000000000e+04 4.389800000000000000e+04 3.488500422891229391e+01 6.300000000000000000e+01
