1.640000000000000000e+02 8.300000000000000000e+01 3.800000000000000000e+01 4.439900000000000000e+04 4.625200000000000000e+04 4.484300000000000000e+04 4.231100000000000000e+04 1.890390040900092572e+01 8.110000000000000000e+02
2.050000000000000000e+02 7.500000000000000000e+01 4.200000000000000000e+01 4.490800000000000000e+04 4.658500000000000000e+04 4.453200000000000000e+04 4.209100000000000000e+04 1.891437606106046587e+01 8.110000000000000000e+02
1.900000000000000000e+02 6.700000000000000000e+01 2.900000000000000000e+01 4.425000000000000000e+04 4.605400000000000000e+04 4.510800000000000000e+04 4.214200000000000000e+04 1.892380534601397812e+01 8.170000000000000000e+02
1.430000000000000000e+02 5.700000000000000000e+01 4.300000000000000000e+01 4.412300000000000000e+04 4.528300000000000000e+04 4.519300000000000000e+04 4.305900000000000000e+04 1.893394487805198878e+01 8.170000000000000000e+02
1.270000000000000000e+02 2.400000000000000000e+01 4.300000000000000000e+01 4.585100000000000000e+04 4.810000000000000000e+04 4.349700000000000000e+04 3.943200000000000000e+04 1.894559106708038598e+01 8.170000000000000000e+02
7.200000000000000000e+01 -3.000000000000000000e+00 5.700000000000000000e+01 4.153200000000000000e+04 4.442100000000000000e+04 4.762500000000000000e+04 4.370000000000000000e+04 1.895394784305244684e+01 8.170000000000000000e+02
3.300000000000000000e+01 -2.500000000000000000e+01 5.500000000000000000e+01 4.547800000000000000e+04 4.400800000000000000e+04 4.433600000000000000e+04 4.378000000000000000e+04 1.896458753000479192e+01 8.150000000000000000e+02
-7.000000000000000000e+00 -5.000000000000000000e+01 4.900000000000000000e+01 4.350900000000000000e+04 4.444400000000000000e+04 4.615300000000000000e+04 4.339000000000000000e+04 1.897391371009871364e+01 8.150000000000000000e+02
-1.600000000000000000e+01 -8.200000000000000000e+01 5.400000000000000000e+01 4.301900000000000000e+04 4.579000000000000000e+04 4.651300000000000000e+04 4.206900000000000000e+04 1.898423347505740821e+01 8.150000000000000000e+02
-2.300000000000000000e+01 -1.040000000000000000e+02 5.300000000000000000e+01 4.155600000000000000e+04 4.522900000000000000e+04 4.776700000000000000e+04 4.278200000000000000e+04 1.899474163306877017e+01 8.150000000000000000e+02
-1.400000000000000000e+01 -1.360000000000000000e+02 5.800000000000000000e+01 4.319000000000000000e+04 4.654400000000000000e+04 4.664700000000000000e+04 4.113200000000000000e+04 1.900595636805519462e+01 8.160000000000000000e+02
-7.000000000000000000e+00 -1.290000000000000000e+02 6.300000000000000000e+01 4.159600000000000000e+04 4.488900000000000000e+04 4.789100000000000000e+04 4.281400000000000000e+04 1.901486338605172932e+01 8.160000000000000000e+02
5.000000000000000000e+00 -1.160000000000000000e+02 5.200000000000000000e+01 4.490700000000000000e+04 4.459700000000000000e+04 4.504600000000000000e+04 4.284000000000000000e+04 1.902386283699888736e+01 8.160000000000000000e+02
3.700000000000000000e+01 -1.100000000000000000e+02 4.500000000000000000e+01 4.322100000000000000e+04 4.579700000000000000e+04 4.560400000000000000e+04 4.267300000000000000e+04 1.903351174504496157e+01 8.160000000000000000e+02
4.800000000000000000e+01 -1.330000000000000000e+02 5.500000000000000000e+01 4.292300000000000000e+04 4.585500000000000000e+04 4.580500000000000000e+04 4.243200000000000000e+04 1.904326201102230698e+01 8.160000000000000000e+02
7.800000000000000000e+01 -1.120000000000000000e+02 5.100000000000000000e+01 4.301700000000000000e+04 4.598800000000000000e+04 4.563100000000000000e+04 4.232800000000000000e+04 1.905355262407101691e+01 8.140000000000000000e+02
4.400000000000000000e+01 -1.080000000000000000e+02 4.900000000000000000e+01 4.257200000000000000e+04 4.591900000000000000e+04 4.621900000000000000e+04 4.222300000000000000e+04 1.906378793204203248e+01 8.140000000000000000e+02
3.200000000000000000e+01 -1.210000000000000000e+02 5.400000000000000000e+01 4.333600000000000000e+04 4.607600000000000000e+04 4.561700000000000000e+04 4.220000000000000000e+04 1.907345887098927051e+01 8.140000000000000000e+02
1.500000000000000000e+01 -1.470000000000000000e+02 5.500000000000000000e+01 4.316000000000000000e+04 4.587400000000000000e+04 4.573200000000000000e+04 4.218100000000000000e+04 1.908365615503862500e+01 8.140000000000000000e+02
-3.000000000000000000e+00 -1.570000000000000000e+02 5.400000000000000000e+01 4.264800000000000000e+04 4.585400000000000000e+04 4.624800000000000000e+04 4.227100000000000000e+04 1.909398786805104464e+01 8.140000000000000000e+02
1.900000000000000000e+01 -1.580000000000000000e+02 5.300000000000000000e+01 4.278800000000000000e+04 4.599800000000000000e+04 4.615600000000000000e+04 4.223900000000000000e+04 1.910326543101109564e+01 8.140000000000000000e+02
2.700000000000000000e+01 -1.280000000000000000e+02 4.300000000000000000e+01 4.380800000000000000e+04 4.597700000000000000e+04 4.536800000000000000e+04 4.217000000000000000e+04 1.911357318109367043e+01 8.140000000000000000e+02
2.800000000000000000e+01 -1.250000000000000000e+02 5.100000000000000000e+01 4.353100000000000000e+04 4.598900000000000000e+04 4.553200000000000000e+04 4.232200000000000000e+04 1.912364740204066038e+01 8.140000000000000000e+02
1.600000000000000000e+01 -1.200000000000000000e+02 4.100000000000000000e+01 4.338800000000000000e+04 4.590900000000000000e+04 4.577400000000000000e+04 4.229500000000000000e+04 1.913376210106071085e+01 8.140000000000000000e+02
6.000000000000000000e+00 -1.320000000000000000e+02 5.100000000000000000e+01 4.308900000000000000e+04 4.584700000000000000e+04 4.607400000000000000e+04 4.237300000000000000e+04 1.914348977000918239e+01 8.140000000000000000e+02
-2.700000000000000000e+01 -1.130000000000000000e+02 5.400000000000000000e+01 4.304700000000000000e+04 4.553300000000000000e+04 4.607000000000000000e+04 4.261700000000000000e+04 1.915325714298523962e+01 8.140000000000000000e+02
-6.300000000000000000e+01 -1.110000000000000000e+02 5.600000000000000000e+01 4.339100000000000000e+04 4.533600000000000000e+04 4.583100000000000000e+04 4.281700000000000000e+04 1.916383325203787535e+01 8.140000000000000000e+02
-9.600000000000000000e+01 -1.370000000000000000e+02 6.200000000000000000e+01 4.332000000000000000e+04 4.546400000000000000e+04 4.601200000000000000e+04 4.267700000000000000e+04 1.917384614702314138e+01 8.140000000000000000e+02
-1.250000000000000000e+02 -1.570000000000000000e+02 6.100000000000000000e+01 4.277000000000000000e+04 4.516100000000000000e+04 4.659700000000000000e+04 4.293900000000000000e+04 1.918331247998867184e+01 8.130000000000000000e+02
-1.200000000000000000e+02 -1.820000000000000000e+02 7.300000000000000000e+01 4.289400000000000000e+04 4.560400000000000000e+04 4.662000000000000000e+04 4.249800000000000000e+04 1.919394237804226577e+01 8.130000000000000000e+02
-1.150000000000000000e+02 -2.040000000000000000e+02 7.400000000000000000e+01 4.242000000000000000e+04 4.557300000000000000e+04 4.714000000000000000e+04 4.242600000000000000e+04 1.920333916402887553e+01 8.130000000000000000e+02
-1.150000000000000000e+02 -2.100000000000000000e+02 4.800000000000000000e+01 4.281500000000000000e+04 4.572600000000000000e+04 4.676000000000000000e+04 4.241800000000000000e+04 1.921369967306964099e+01 8.130000000000000000e+02
-1.130000000000000000e+02 -1.960000000000000000e+02 6.500000000000000000e+01 4.267400000000000000e+04 4.553900000000000000e+04 4.706500000000000000e+04 4.248100000000000000e+04 1.922326789703220129e+01 8.110000000000000000e+02
-8.700000000000000000e+01 -2.180000000000000000e+02 5.800000000000000000e+01 4.328800000000000000e+04 4.611700000000000000e+04 4.676100000000000000e+04 4.216100000000000000e+04 1.923368250799831003e+01 8.110000000000000000e+02
-5.800000000000000000e+01 -2.110000000000000000e+02 6.200000000000000000e+01 4.341800000000000000e+04 4.611100000000000000e+04 4.667900000000000000e+04 4.214500000000000000e+04 1.924335023202002048e+01 8.110000000000000000e+02
-5.700000000000000000e+01 -2.140000000000000000e+02 5.600000000000000000e+01 4.322900000000000000e+04 4.607400000000000000e+04 4.697800000000000000e+04 4.228300000000000000e+04 1.925396822602488101e+01 8.110000000000000000e+02
-5.100000000000000000e+01 -1.980000000000000000e+02 6.700000000000000000e+01 4.352500000000000000e+04 4.551400000000000000e+04 4.669300000000000000e+04 4.286100000000000000e+04 1.926325271604582667e+01 8.120000000000000000e+02
-8.200000000000000000e+01 -2.030000000000000000e+02 5.900000000000000000e+01 4.251700000000000000e+04 4.560000000000000000e+04 4.743100000000000000e+04 4.240800000000000000e+04 1.927366920001804829e+01 8.120000000000000000e+02
-9.200000000000000000e+01 -1.830000000000000000e+02 5.500000000000000000e+01 4.287300000000000000e+04 4.545600000000000000e+04 4.696200000000000000e+04 4.254000000000000000e+04 1.928300144709646702e+01 8.120000000000000000e+02
-1.070000000000000000e+02 -1.860000000000000000e+02 3.100000000000000000e+01 4.213500000000000000e+04 4.526700000000000000e+04 4.753900000000000000e+04 4.262500000000000000e+04 1.929374432400800288e+01 8.120000000000000000e+02
-9.100000000000000000e+01 -1.420000000000000000e+02 5.300000000000000000e+01 4.277200000000000000e+04 4.527900000000000000e+04 4.692800000000000000e+04 4.269100000000000000e+04 1.930304934701416641e+01 8.120000000000000000e+02
-8.600000000000000000e+01 -1.200000000000000000e+02 4.100000000000000000e+01 4.279200000000000000e+04 4.532500000000000000e+04 4.696000000000000000e+04 4.253700000000000000e+04 1.931286622700281441e+01 8.160000000000000000e+02
-6.500000000000000000e+01 -1.040000000000000000e+02 4.500000000000000000e+01 4.248100000000000000e+04 4.495000000000000000e+04 4.681800000000000000e+04 4.251900000000000000e+04 1.932400941802188754e+01 8.160000000000000000e+02
-4.300000000000000000e+01 -1.080000000000000000e+02 4.000000000000000000e+01 4.232500000000000000e+04 4.531800000000000000e+04 4.690900000000000000e+04 4.207500000000000000e+04 1.933336372906342149e+01 8.160000000000000000e+02
-3.500000000000000000e+01 -8.100000000000000000e+01 2.800000000000000000e+01 4.253400000000000000e+04 4.491100000000000000e+04 4.664500000000000000e+04 4.246400000000000000e+04 1.934314074099529535e+01 8.160000000000000000e+02
-4.000000000000000000e+00 -6.700000000000000000e+01 3.100000000000000000e+01 4.306800000000000000e+04 4.494400000000000000e+04 4.609000000000000000e+04 4.236600000000000000e+04 1.935344108904246241e+01 8.110000000000000000e+02
1.300000000000000000e+01 -4.900000000000000000e+01 2.200000000000000000e+01 4.342200000000000000e+04 4.500500000000000000e+04 4.588000000000000000e+04 4.238800000000000000e+04 1.936515511304605752e+01 8.110000000000000000e+02
3.800000000000000000e+01 -6.200000000000000000e+01 2.700000000000000000e+01 4.340000000000000000e+04 4.543800000000000000e+04 4.598100000000000000e+04 4.210000000000000000e+04 1.937360301509033889e+01 8.110000000000000000e+02
4.400000000000000000e+01 -7.800000000000000000e+01 1.400000000000000000e+01 4.311300000000000000e+04 4.535000000000000000e+04 4.614700000000000000e+04 4.226900000000000000e+04 1.938327967200893909e+01 8.110000000000000000e+02
2.700000000000000000e+01 -8.300000000000000000e+01 2.000000000000000000e+00 4.262000000000000000e+04 4.529500000000000000e+04 4.651300000000000000e+04 4.225200000000000000e+04 1.939360959909390658e+01 8.130000000000000000e+02
5.000000000000000000e+00 -8.100000000000000000e+01 7.000000000000000000e+00 4.257000000000000000e+04 4.512700000000000000e+04 4.642600000000000000e+04 4.248400000000000000e+04 1.940332736505661160e+01 8.130000000000000000e+02
-9.000000000000000000e+00 -8.900000000000000000e+01 -6.000000000000000000e+00 4.246700000000000000e+04 4.532100000000000000e+04 4.639500000000000000e+04 4.219800000000000000e+04 1.941322132002096623e+01 8.130000000000000000e+02
-1.500000000000000000e+01 -1.030000000000000000e+02 -5.000000000000000000e+00 4.210700000000000000e+04 4.555800000000000000e+04 4.664900000000000000e+04 4.191700000000000000e+04 1.942414768808521330e+01 8.130000000000000000e+02
0.000000000000000000e+00 -1.010000000000000000e+02 0.000000000000000000e+00 4.232100000000000000e+04 4.547200000000000000e+04 4.635300000000000000e+04 4.188300000000000000e+04 1.943419608706608415e+01 8.130000000000000000e+02
2.300000000000000000e+01 -8.400000000000000000e+01 6.000000000000000000e+00 4.246400000000000000e+04 4.530000000000000000e+04 4.626100000000000000e+04 4.219700000000000000e+04 1.944303601409774274e+01 8.130000000000000000e+02
2.000000000000000000e+00 -4.700000000000000000e+01 -1.000000000000000000e+01 4.287900000000000000e+04 4.512800000000000000e+04 4.597700000000000000e+04 4.229700000000000000e+04 1.945336434105411172e+01 8.130000000000000000e+02
-9.000000000000000000e+00 -2.000000000000000000e+01 -1.800000000000000000e+01 4.270500000000000000e+04 4.496900000000000000e+04 4.609900000000000000e+04 4.257500000000000000e+04 1.946394368109758943e+01 8.130000000000000000e+02
-4.200000000000000000e+01 -8.000000000000000000e+00 -2.000000000000000000e+01 4.278800000000000000e+04 4.476200000000000000e+04 4.615300000000000000e+04 4.303500000000000000e+04 1.947356749407481402e+01 8.130000000000000000e+02
-4.900000000000000000e+01 3.100000000000000000e+01 -2.400000000000000000e+01 4.292100000000000000e+04 4.498900000000000000e+04 4.603700000000000000e+04 4.294600000000000000e+04 1.948295932204928249e+01 8.190000000000000000e+02
-4.500000000000000000e+01 3.600000000000000000e+01 -1.900000000000000000e+01 4.238000000000000000e+04 4.450700000000000000e+04 4.583800000000000000e+04 4.290300000000000000e+04 1.949362730409484357e+01 8.190000000000000000e+02
-4.300000000000000000e+01 6.400000000000000000e+01 -2.700000000000000000e+01 4.256900000000000000e+04 4.444700000000000000e+04 4.569600000000000000e+04 4.299500000000000000e+04 1.950321039499249309e+01 8.190000000000000000e+02
-3.600000000000000000e+01 5.800000000000000000e+01 -1.600000000000000000e+01 4.283100000000000000e+04 4.415600000000000000e+04 4.541100000000000000e+04 4.316900000000000000e+04 1.951273646601475775e+01 8.190000000000000000e+02
-3.700000000000000000e+01 5.600000000000000000e+01 -3.400000000000000000e+01 4.227200000000000000e+04 4.443000000000000000e+04 4.574700000000000000e+04 4.294600000000000000e+04 1.952332339109852910e+01 8.140000000000000000e+02
-2.700000000000000000e+01 -5.000000000000000000e+00 -4.100000000000000000e+01 4.251800000000000000e+04 4.469300000000000000e+04 4.572700000000000000e+04 4.299400000000000000e+04 1.953322545404080302e+01 8.140000000000000000e+02
1.000000000000000000e+00 -2.400000000000000000e+01 -3.600000000000000000e+01 4.221800000000000000e+04 4.490400000000000000e+04 4.598000000000000000e+04 4.289900000000000000e+04 1.954370706004556268e+01 8.140000000000000000e+02
3.000000000000000000e+01 -4.200000000000000000e+01 -4.700000000000000000e+01 4.211700000000000000e+04 4.518100000000000000e+04 4.601700000000000000e+04 4.259100000000000000e+04 1.955376506003085524e+01 8.140000000000000000e+02
4.700000000000000000e+01 -4.800000000000000000e+01 -3.800000000000000000e+01 4.253900000000000000e+04 4.548600000000000000e+04 4.565100000000000000e+04 4.221900000000000000e+04 1.956374655698891729e+01 8.180000000000000000e+02
5.400000000000000000e+01 -5.100000000000000000e+01 -3.700000000000000000e+01 4.230900000000000000e+04 4.573200000000000000e+04 4.571500000000000000e+04 4.203700000000000000e+04 1.957427125505637378e+01 8.180000000000000000e+02
3.900000000000000000e+01 -8.100000000000000000e+01 -4.300000000000000000e+01 4.223700000000000000e+04 4.539900000000000000e+04 4.570800000000000000e+04 4.220300000000000000e+04 1.958390350209083408e+01 8.180000000000000000e+02
3.900000000000000000e+01 -8.500000000000000000e+01 -3.900000000000000000e+01 4.214700000000000000e+04 4.541400000000000000e+04 4.583800000000000000e+04 4.222400000000000000e+04 1.959405159705784172e+01 8.180000000000000000e+02
8.000000000000000000e+00 -7.800000000000000000e+01 -3.900000000000000000e+01 4.202300000000000000e+04 4.560000000000000000e+04 4.595300000000000000e+04 4.235100000000000000e+04 1.960412345104850829e+01 8.180000000000000000e+02
1.200000000000000000e+01 -5.100000000000000000e+01 -5.300000000000000000e+01 4.187500000000000000e+04 4.540900000000000000e+04 4.593600000000000000e+04 4.254600000000000000e+04 1.961328582104761153e+01 8.120000000000000000e+02
2.200000000000000000e+01 -4.100000000000000000e+01 -4.600000000000000000e+01 4.205700000000000000e+04 4.543300000000000000e+04 4.626700000000000000e+04 4.303100000000000000e+04 1.963009619899094105e+01 8.120000000000000000e+02
1.700000000000000000e+01 -3.700000000000000000e+01 -4.600000000000000000e+01 4.248600000000000000e+04 4.600400000000000000e+04 4.601900000000000000e+04 4.252100000000000000e+04 1.963831962004769593e+01 8.120000000000000000e+02
3.700000000000000000e+01 -2.100000000000000000e+01 -4.500000000000000000e+01 4.242000000000000000e+04 4.566400000000000000e+04 4.611900000000000000e+04 4.297300000000000000e+04 1.964479332207702100e+01 8.120000000000000000e+02
3.700000000000000000e+01 -8.000000000000000000e+00 -3.900000000000000000e+01 4.248200000000000000e+04 4.534700000000000000e+04 4.603000000000000000e+04 4.339100000000000000e+04 1.965355152299162000e+01 8.130000000000000000e+02
3.700000000000000000e+01 -3.000000000000000000e+00 -3.200000000000000000e+01 4.269600000000000000e+04 4.588000000000000000e+04 4.604200000000000000e+04 4.309600000000000000e+04 1.966305848304182291e+01 8.130000000000000000e+02
1.800000000000000000e+01 2.400000000000000000e+01 -4.300000000000000000e+01 4.259500000000000000e+04 4.568800000000000000e+04 4.622100000000000000e+04 4.340800000000000000e+04 1.967387471999973059e+01 8.130000000000000000e+02
3.900000000000000000e+01 3.800000000000000000e+01 -3.400000000000000000e+01 4.278100000000000000e+04 4.555800000000000000e+04 4.609900000000000000e+04 4.351500000000000000e+04 1.968382397503592074e+01 8.130000000000000000e+02
2.800000000000000000e+01 3.800000000000000000e+01 -2.100000000000000000e+01 4.284400000000000000e+04 4.556000000000000000e+04 4.608200000000000000e+04 4.348400000000000000e+04 1.969381055305711925e+01 8.140000000000000000e+02
1.600000000000000000e+01 2.900000000000000000e+01 -3.800000000000000000e+01 4.288100000000000000e+04 4.562500000000000000e+04 4.589800000000000000e+04 4.354200000000000000e+04 1.970349242107477039e+01 8.140000000000000000e+02
3.300000000000000000e+01 3.900000000000000000e+01 -3.300000000000000000e+01 4.253200000000000000e+04 4.556700000000000000e+04 4.610700000000000000e+04 4.347800000000000000e+04 1.971317282505333424e+01 8.140000000000000000e+02
2.700000000000000000e+01 -1.000000000000000000e+01 -3.100000000000000000e+01 4.293900000000000000e+04 4.575600000000000000e+04 4.576000000000000000e+04 4.332900000000000000e+04 1.972342236305121332e+01 8.140000000000000000e+02
2.300000000000000000e+01 -5.000000000000000000e+00 -2.300000000000000000e+01 4.260600000000000000e+04 4.573400000000000000e+04 4.612600000000000000e+04 4.331200000000000000e+04 1.973338077298831195e+01 8.140000000000000000e+02
1.900000000000000000e+01 -2.300000000000000000e+01 -2.100000000000000000e+01 4.280700000000000000e+04 4.592900000000000000e+04 4.593500000000000000e+04 4.307700000000000000e+04 1.974343866808339953e+01 8.140000000000000000e+02
3.000000000000000000e+01 -3.500000000000000000e+01 -4.200000000000000000e+01 4.301900000000000000e+04 4.598000000000000000e+04 4.587400000000000000e+04 4.323600000000000000e+04 1.975251646304968745e+01 8.140000000000000000e+02
3.700000000000000000e+01 -1.300000000000000000e+01 -2.100000000000000000e+01 4.256100000000000000e+04 4.565700000000000000e+04 4.627400000000000000e+04 4.370300000000000000e+04 1.976444663305301219e+01 8.140000000000000000e+02
3.900000000000000000e+01 1.000000000000000000e+00 -1.900000000000000000e+01 4.302300000000000000e+04 4.540000000000000000e+04 4.595300000000000000e+04 4.392600000000000000e+04 1.977253657800611109e+01 8.140000000000000000e+02
6.000000000000000000e+01 0.000000000000000000e+00 -2.300000000000000000e+01 4.313100000000000000e+04 4.575200000000000000e+04 4.581900000000000000e+04 4.350800000000000000e+04 1.978239490208216012e+01 8.140000000000000000e+02
4.400000000000000000e+01 1.100000000000000000e+01 -1.600000000000000000e+01 4.272700000000000000e+04 4.535400000000000000e+04 4.610900000000000000e+04 4.385000000000000000e+04 1.979531421698629856e+01 8.140000000000000000e+02
3.200000000000000000e+01 2.300000000000000000e+01 -3.100000000000000000e+01 4.263600000000000000e+04 4.546900000000000000e+04 4.602100000000000000e+04 4.366100000000000000e+04 1.980293716699816287e+01 8.140000000000000000e+02
1.400000000000000000e+01 2.700000000000000000e+01 -2.900000000000000000e+01 4.287900000000000000e+04 4.547200000000000000e+04 4.576400000000000000e+04 4.368500000000000000e+04 1.981279886502306908e+01 8.140000000000000000e+02
3.800000000000000000e+01 5.000000000000000000e+00 -3.500000000000000000e+01 4.273000000000000000e+04 4.578600000000000000e+04 4.583600000000000000e+04 4.343200000000000000e+04 1.982277998700737953e+01 8.110000000000000000e+02
4.600000000000000000e+01 -1.000000000000000000e+01 -3.700000000000000000e+01 4.273600000000000000e+04 4.595600000000000000e+04 4.598000000000000000e+04 4.347700000000000000e+04 1.983333038608543575e+01 8.110000000000000000e+02
5.700000000000000000e+01 -1.300000000000000000e+01 -2.800000000000000000e+01 4.321300000000000000e+04 4.587200000000000000e+04 4.544100000000000000e+04 4.352500000000000000e+04 1.984274340502452105e+01 8.110000000000000000e+02
7.000000000000000000e+01 -6.000000000000000000e+00 -2.800000000000000000e+01 4.332900000000000000e+04 4.612500000000000000e+04 4.529100000000000000e+04 4.304000000000000000e+04 1.985376651899423450e+01 8.110000000000000000e+02
7.400000000000000000e+01 -4.500000000000000000e+01 -2.900000000000000000e+01 4.296100000000000000e+04 4.607300000000000000e+04 4.550300000000000000e+04 4.306000000000000000e+04 1.986330656800419092e+01 8.140000000000000000e+02
7.600000000000000000e+01 -3.500000000000000000e+01 -1.600000000000000000e+01 4.286200000000000000e+04 4.642000000000000000e+04 4.542000000000000000e+04 4.247000000000000000e+04 1.987288320600055158e+01 8.140000000000000000e+02
6.800000000000000000e+01 -3.800000000000000000e+01 -1.700000000000000000e+01 4.274500000000000000e+04 4.617100000000000000e+04 4.560800000000000000e+04 4.263600000000000000e+04 1.988281286007259041e+01 8.140000000000000000e+02
5.000000000000000000e+01 -2.400000000000000000e+01 -2.000000000000000000e+01 4.272900000000000000e+04 4.586100000000000000e+04 4.553600000000000000e+04 4.299900000000000000e+04 1.989416756201535463e+01 8.140000000000000000e+02
2.900000000000000000e+01 -1.800000000000000000e+01 -1.400000000000000000e+01 4.239000000000000000e+04 4.545800000000000000e+04 4.576000000000000000e+04 4.355900000000000000e+04 1.990271390299312770e+01 8.140000000000000000e+02
4.300000000000000000e+01 -1.700000000000000000e+01 -1.900000000000000000e+01 4.272200000000000000e+04 4.386900000000000000e+04 4.557500000000000000e+04 4.519400000000000000e+04 1.991326892201323062e+01 1.670000000000000000e+02
8.400000000000000000e+01 -4.300000000000000000e+01 -1.700000000000000000e+01 4.266000000000000000e+04 4.376600000000000000e+04 4.558700000000000000e+04 4.504300000000000000e+04 1.992298580298665911e+01 1.670000000000000000e+02
1.700000000000000000e+02 -9.100000000000000000e+01 -1.200000000000000000e+01 4.321100000000000000e+04 4.413500000000000000e+04 4.501700000000000000e+04 4.469500000000000000e+04 1.993289437599014491e+01 1.670000000000000000e+02
2.420000000000000000e+02 -1.500000000000000000e+02 -1.900000000000000000e+01 4.345600000000000000e+04 4.527800000000000000e+04 4.479500000000000000e+04 4.344500000000000000e+04 1.994333644805010408e+01 1.670000000000000000e+02
3.200000000000000000e+02 -2.220000000000000000e+02 -7.000000000000000000e+00 4.274600000000000000e+04 4.640700000000000000e+04 4.547700000000000000e+04 4.211500000000000000e+04 1.995315979502629489e+01 4.100000000000000000e+01
3.520000000000000000e+02 -2.980000000000000000e+02 -4.000000000000000000e+00 4.413600000000000000e+04 4.785300000000000000e+04 4.619900000000000000e+04 4.262500000000000000e+04 1.996386531007010490e+01 4.100000000000000000e+01
3.340000000000000000e+02 -3.020000000000000000e+02 9.000000000000000000e+00 4.423200000000000000e+04 4.777900000000000000e+04 4.628100000000000000e+04 4.272700000000000000e+04 1.997544405609369278e+01 4.100000000000000000e+01
2.700000000000000000e+02 -2.840000000000000000e+02 1.000000000000000000e+01 4.342200000000000000e+04 4.832500000000000000e+04 4.709600000000000000e+04 4.222500000000000000e+04 1.998279968707356602e+01 4.100000000000000000e+01
1.940000000000000000e+02 -2.070000000000000000e+02 1.500000000000000000e+01 4.399700000000000000e+04 4.702700000000000000e+04 4.690900000000000000e+04 4.393800000000000000e+04 1.999319892900530249e+01 4.100000000000000000e+01
7.500000000000000000e+01 -1.400000000000000000e+02 1.700000000000000000e+01 4.309900000000000000e+04 4.652300000000000000e+04 4.625700000000000000e+04 4.282400000000000000e+04 2.000516253209207207e+01 6.900000000000000000e+01
-5.400000000000000000e+01 -2.100000000000000000e+01 1.500000000000000000e+01 4.253600000000000000e+04 4.560500000000000000e+04 4.665200000000000000e+04 4.389300000000000000e+04 2.001324385299813002e+01 6.900000000000000000e+01
-1.540000000000000000e+02 9.500000000000000000e+01 1.900000000000000000e+01 4.282500000000000000e+04 4.507500000000000000e+04 4.618500000000000000e+04 4.412600000000000000e+04 2.002289859007578343e+01 6.900000000000000000e+01
-2.590000000000000000e+02 2.460000000000000000e+02 7.000000000000000000e+00 4.236000000000000000e+04 4.429100000000000000e+04 4.643200000000000000e+04 4.502200000000000000e+04 2.003295362205244601e+01 6.900000000000000000e+01
-3.230000000000000000e+02 3.660000000000000000e+02 -1.000000000000000000e+01 4.277500000000000000e+04 4.311700000000000000e+04 4.581300000000000000e+04 4.600000000000000000e+04 2.004348179209046066e+01 6.700000000000000000e+01
-3.670000000000000000e+02 4.780000000000000000e+02 -1.500000000000000000e+01 4.272800000000000000e+04 4.208200000000000000e+04 4.509200000000000000e+04 4.625000000000000000e+04 2.005323374608997256e+01 6.700000000000000000e+01
-3.460000000000000000e+02 5.070000000000000000e+02 -2.900000000000000000e+01 4.280700000000000000e+04 4.150500000000000000e+04 4.470200000000000000e+04 4.669400000000000000e+04 2.006335275305900723e+01 6.700000000000000000e+01
-2.590000000000000000e+02 4.410000000000000000e+02 -2.000000000000000000e+01 4.270500000000000000e+04 4.186600000000000000e+04 4.448200000000000000e+04 4.609700000000000000e+04 2.007303535402752459e+01 6.700000000000000000e+01
-1.250000000000000000e+02 3.600000000000000000e+02 -1.600000000000000000e+01 4.292000000000000000e+04 4.362800000000000000e+04 4.430200000000000000e+04 4.434100000000000000e+04 2.008266501408070326e+01 7.000000000000000000e+01
3.300000000000000000e+01 2.360000000000000000e+02 -1.900000000000000000e+01 4.275900000000000000e+04 4.428600000000000000e+04 4.353000000000000000e+04 4.284300000000000000e+04 2.009375201608054340e+01 7.000000000000000000e+01
1.450000000000000000e+02 1.210000000000000000e+02 -2.800000000000000000e+01 4.231200000000000000e+04 4.507100000000000000e+04 4.369500000000000000e+04 4.180700000000000000e+04 2.010417774599045515e+01 7.000000000000000000e+01
2.180000000000000000e+02 2.000000000000000000e+01 -1.900000000000000000e+01 4.181300000000000000e+04 4.627200000000000000e+04 4.400500000000000000e+04 4.035100000000000000e+04 2.011300229001790285e+01 7.000000000000000000e+01
2.960000000000000000e+02 -6.800000000000000000e+01 -2.100000000000000000e+01 4.215200000000000000e+04 4.700600000000000000e+04 4.360300000000000000e+04 3.929900000000000000e+04 2.012288492405787110e+01 7.000000000000000000e+01
3.190000000000000000e+02 -1.080000000000000000e+02 -2.900000000000000000e+01 4.251100000000000000e+04 4.667700000000000000e+04 4.324200000000000000e+04 3.965500000000000000e+04 2.013328010903205723e+01 6.900000000000000000e+01
2.790000000000000000e+02 -1.060000000000000000e+02 -9.000000000000000000e+00 4.189400000000000000e+04 4.633700000000000000e+04 4.368100000000000000e+04 3.981100000000000000e+04 2.014225074904970825e+01 6.900000000000000000e+01
1.340000000000000000e+02 -5.600000000000000000e+01 -1.400000000000000000e+01 4.125700000000000000e+04 4.559600000000000000e+04 4.424200000000000000e+04 4.070800000000000000e+04 2.015281698305625468e+01 6.900000000000000000e+01
0.000000000000000000e+00 9.000000000000000000e+00 -1.800000000000000000e+01 4.102600000000000000e+04 4.507900000000000000e+04 4.444600000000000000e+04 4.153100000000000000e+04 2.016296030906960368e+01 6.900000000000000000e+01
-9.200000000000000000e+01 6.100000000000000000e+01 -2.400000000000000000e+01 4.105300000000000000e+04 4.426600000000000000e+04 4.447100000000000000e+04 4.251900000000000000e+04 2.017296451609581709e+01 7.100000000000000000e+01
-2.180000000000000000e+02 9.300000000000000000e+01 -3.400000000000000000e+01 4.019500000000000000e+04 4.349200000000000000e+04 4.515300000000000000e+04 4.336700000000000000e+04 2.018215665803290904e+01 7.100000000000000000e+01
-2.900000000000000000e+02 1.140000000000000000e+02 -2.500000000000000000e+01 3.995600000000000000e+04 4.324200000000000000e+04 4.542200000000000000e+04 4.374900000000000000e+04 2.019269406201783568e+01 7.100000000000000000e+01
-3.410000000000000000e+02 1.640000000000000000e+02 -4.300000000000000000e+01 4.006400000000000000e+04 4.316300000000000000e+04 4.528800000000000000e+04 4.397900000000000000e+04 2.020295162906404585e+01 7.100000000000000000e+01
-3.590000000000000000e+02 1.620000000000000000e+02 -7.000000000000000000e+01 3.940800000000000000e+04 4.279900000000000000e+04 4.556200000000000000e+04 4.471900000000000000e+04 2.021277699305210263e+01 7.100000000000000000e+01
-3.300000000000000000e+02 1.040000000000000000e+02 -6.600000000000000000e+01 3.977600000000000000e+04 4.372700000000000000e+04 4.531700000000000000e+04 4.398700000000000000e+04 2.022265476500615478e+01 7.200000000000000000e+01
-2.900000000000000000e+02 7.900000000000000000e+01 -4.800000000000000000e+01 3.949500000000000000e+04 4.399300000000000000e+04 4.570200000000000000e+04 4.373800000000000000e+04 2.023233497200999409e+01 7.200000000000000000e+01
-2.330000000000000000e+02 9.500000000000000000e+01 -5.600000000000000000e+01 3.953900000000000000e+04 4.396600000000000000e+04 4.562200000000000000e+04 4.388000000000000000e+04 2.024251021700911224e+01 7.200000000000000000e+01
-1.120000000000000000e+02 1.270000000000000000e+02 -5.600000000000000000e+01 4.058200000000000000e+04 4.410400000000000000e+04 4.488300000000000000e+04 4.378800000000000000e+04 2.025269483006559312e+01 7.200000000000000000e+01
4.400000000000000000e+01 1.570000000000000000e+02 -4.700000000000000000e+01 4.161000000000000000e+04 4.481000000000000000e+04 4.423500000000000000e+04 4.313400000000000000e+04 2.026286195102147758e+01 7.000000000000000000e+01
2.170000000000000000e+02 1.210000000000000000e+02 -4.600000000000000000e+01 4.271500000000000000e+04 4.673100000000000000e+04 4.351700000000000000e+04 4.138500000000000000e+04 2.027288918499834836e+01 7.000000000000000000e+01
3.250000000000000000e+02 8.700000000000000000e+01 -3.400000000000000000e+01 4.341000000000000000e+04 4.725600000000000000e+04 4.299900000000000000e+04 4.067300000000000000e+04 2.028236478904727846e+01 7.000000000000000000e+01
3.760000000000000000e+02 7.600000000000000000e+01 -3.700000000000000000e+01 4.331600000000000000e+04 4.692400000000000000e+04 4.312700000000000000e+04 4.125700000000000000e+04 2.029255928401835263e+01 7.000000000000000000e+01
3.490000000000000000e+02 8.400000000000000000e+01 -2.800000000000000000e+01 4.357200000000000000e+04 4.686000000000000000e+04 4.285700000000000000e+04 4.147800000000000000e+04 2.030247179709840566e+01 7.100000000000000000e+01
2.260000000000000000e+02 1.070000000000000000e+02 -2.900000000000000000e+01 4.313300000000000000e+04 4.677400000000000000e+04 4.361600000000000000e+04 4.197100000000000000e+04 2.031310663104522973e+01 7.100000000000000000e+01
6.800000000000000000e+01 1.150000000000000000e+02 -3.300000000000000000e+01 4.174500000000000000e+04 4.579400000000000000e+04 4.495100000000000000e+04 4.322300000000000000e+04 2.032268717105034739e+01 7.100000000000000000e+01
-4.900000000000000000e+01 1.180000000000000000e+02 -2.300000000000000000e+01 4.170000000000000000e+04 4.540600000000000000e+04 4.515000000000000000e+04 4.358900000000000000e+04 2.033275878208223730e+01 7.100000000000000000e+01
-1.960000000000000000e+02 1.450000000000000000e+02 -3.400000000000000000e+01 4.124400000000000000e+04 4.462400000000000000e+04 4.542300000000000000e+04 4.469400000000000000e+04 2.034315734205301851e+01 7.100000000000000000e+01
-3.030000000000000000e+02 2.260000000000000000e+02 -5.000000000000000000e+01 4.110100000000000000e+04 4.411600000000000000e+04 4.602300000000000000e+04 4.582600000000000000e+04 2.035217834601644427e+01 6.600000000000000000e+01
-3.080000000000000000e+02 2.920000000000000000e+02 -4.000000000000000000e+01 4.228900000000000000e+04 4.407900000000000000e+04 4.500500000000000000e+04 4.598400000000000000e+04 2.036311383498832583e+01 6.600000000000000000e+01
-3.030000000000000000e+02 2.940000000000000000e+02 -2.600000000000000000e+01 4.200800000000000000e+04 4.388200000000000000e+04 4.554400000000000000e+04 4.623100000000000000e+04 2.037356681807432324e+01 6.600000000000000000e+01
-2.120000000000000000e+02 2.760000000000000000e+02 -2.100000000000000000e+01 4.265900000000000000e+04 4.466400000000000000e+04 4.501000000000000000e+04 4.544100000000000000e+04 2.038246346102096140e+01 6.600000000000000000e+01
-8.500000000000000000e+01 2.040000000000000000e+02 -1.900000000000000000e+01 4.286100000000000000e+04 4.574600000000000000e+04 4.490600000000000000e+04 4.427900000000000000e+04 2.039288347004912794e+01 6.500000000000000000e+01
5.000000000000000000e+00 1.530000000000000000e+02 -1.400000000000000000e+01 4.342700000000000000e+04 4.649400000000000000e+04 4.475700000000000000e+04 4.380100000000000000e+04 2.040274141205009073e+01 6.500000000000000000e+01
1.300000000000000000e+02 6.800000000000000000e+01 -2.500000000000000000e+01 4.385100000000000000e+04 4.667600000000000000e+04 4.424400000000000000e+04 4.364700000000000000e+04 2.041250658303033561e+01 6.500000000000000000e+01
2.530000000000000000e+02 1.060000000000000000e+02 -2.400000000000000000e+01 4.507100000000000000e+04 4.728900000000000000e+04 4.289100000000000000e+04 4.287700000000000000e+04 2.042293898703064770e+01 6.500000000000000000e+01
2.780000000000000000e+02 2.060000000000000000e+02 -4.500000000000000000e+01 4.552800000000000000e+04 4.677600000000000000e+04 4.202500000000000000e+04 4.371400000000000000e+04 2.043310937809292227e+01 6.400000000000000000e+01
2.460000000000000000e+02 2.050000000000000000e+02 -5.200000000000000000e+01 4.521000000000000000e+04 4.637300000000000000e+04 4.263800000000000000e+04 4.429600000000000000e+04 2.044179858407005668e+01 6.400000000000000000e+01
1.560000000000000000e+02 9.300000000000000000e+01 -3.300000000000000000e+01 4.373100000000000000e+04 4.677700000000000000e+04 4.422000000000000000e+04 4.388000000000000000e+04 2.045528757607098669e+01 6.400000000000000000e+01
6.200000000000000000e+01 -5.800000000000000000e+01 -3.900000000000000000e+01 4.203400000000000000e+04 4.702000000000000000e+04 4.572800000000000000e+04 4.364900000000000000e+04 2.046315830899402499e+01 6.400000000000000000e+01
-4.300000000000000000e+01 -1.980000000000000000e+02 -1.600000000000000000e+01 4.105200000000000000e+04 4.695400000000000000e+04 4.666300000000000000e+04 4.350800000000000000e+04 2.047386322706006467e+01 6.400000000000000000e+01
-1.220000000000000000e+02 -2.070000000000000000e+02 -4.300000000000000000e+01 4.082000000000000000e+04 4.691100000000000000e+04 4.669900000000000000e+04 4.362200000000000000e+04 2.048255328100640327e+01 6.200000000000000000e+01
-1.760000000000000000e+02 -1.810000000000000000e+02 -2.300000000000000000e+01 4.126500000000000000e+04 4.663300000000000000e+04 4.639800000000000000e+04 4.410300000000000000e+04 2.049282558506820351e+01 6.200000000000000000e+01
-2.240000000000000000e+02 -1.150000000000000000e+02 -1.400000000000000000e+01 4.132900000000000000e+04 4.532500000000000000e+04 4.632500000000000000e+04 4.538900000000000000e+04 2.050329056906048208e+01 6.200000000000000000e+01
-2.360000000000000000e+02 1.100000000000000000e+01 -5.000000000000000000e+00 4.161400000000000000e+04 4.517500000000000000e+04 4.623500000000000000e+04 4.541500000000000000e+04 2.051223255798686296e+01 6.200000000000000000e+01
-2.000000000000000000e+02 9.100000000000000000e+01 -4.000000000000000000e+00 4.253100000000000000e+04 4.473200000000000000e+04 4.550000000000000000e+04 4.592400000000000000e+04 2.052208423602860421e+01 6.100000000000000000e+01
-1.360000000000000000e+02 9.200000000000000000e+01 -7.000000000000000000e+00 4.225300000000000000e+04 4.545900000000000000e+04 4.586800000000000000e+04 4.524400000000000000e+04 2.053220932709518820e+01 6.100000000000000000e+01
-7.200000000000000000e+01 4.400000000000000000e+01 -2.000000000000000000e+00 4.237500000000000000e+04 4.609300000000000000e+04 4.569100000000000000e+04 4.447500000000000000e+04 2.054222768801264465e+01 6.100000000000000000e+01
7.100000000000000000e+01 2.100000000000000000e+01 1.500000000000000000e+01 4.333400000000000000e+04 4.647900000000000000e+04 4.478000000000000000e+04 4.388500000000000000e+04 2.055234173801727593e+01 6.100000000000000000e+01
1.810000000000000000e+02 4.800000000000000000e+01 1.800000000000000000e+01 4.386200000000000000e+04 4.652500000000000000e+04 4.426200000000000000e+04 4.365700000000000000e+04 2.056318576098419726e+01 6.100000000000000000e+01
2.210000000000000000e+02 6.000000000000000000e+01 1.500000000000000000e+01 4.494600000000000000e+04 4.781400000000000000e+04 4.356900000000000000e+04 4.253300000000000000e+04 2.057309594901744276e+01 5.600000000000000000e+01
1.830000000000000000e+02 6.700000000000000000e+01 1.200000000000000000e+01 4.507700000000000000e+04 4.727000000000000000e+04 4.342200000000000000e+04 4.319000000000000000e+04 2.058229696308262646e+01 5.600000000000000000e+01
1.050000000000000000e+02 5.300000000000000000e+01 1.100000000000000000e+01 4.391700000000000000e+04 4.689600000000000000e+04 4.447100000000000000e+04 4.365400000000000000e+04 2.059244737902190536e+01 5.600000000000000000e+01
2.500000000000000000e+01 -2.000000000000000000e+01 2.500000000000000000e+01 4.367300000000000000e+04 4.718200000000000000e+04 4.472600000000000000e+04 4.304900000000000000e+04 2.060225008800625801e+01 5.600000000000000000e+01
-1.900000000000000000e+01 -7.600000000000000000e+01 4.300000000000000000e+01 4.216200000000000000e+04 4.679700000000000000e+04 4.617100000000000000e+04 4.329700000000000000e+04 2.061181483406107873e+01 6.100000000000000000e+01
-7.400000000000000000e+01 -1.130000000000000000e+02 5.000000000000000000e+01 4.265800000000000000e+04 4.680800000000000000e+04 4.568500000000000000e+04 4.291600000000000000e+04 2.062190261203795671e+01 6.100000000000000000e+01
-9.800000000000000000e+01 -1.330000000000000000e+02 5.600000000000000000e+01 4.252600000000000000e+04 4.722200000000000000e+04 4.572000000000000000e+04 4.209800000000000000e+04 2.063205643801484257e+01 6.100000000000000000e+01
-1.800000000000000000e+02 -1.210000000000000000e+02 4.900000000000000000e+01 4.139900000000000000e+04 4.654100000000000000e+04 4.649600000000000000e+04 4.280000000000000000e+04 2.064249391201883554e+01 6.100000000000000000e+01
-1.990000000000000000e+02 -2.200000000000000000e+01 4.900000000000000000e+01 4.215400000000000000e+04 4.551100000000000000e+04 4.574400000000000000e+04 4.380600000000000000e+04 2.065289771801326424e+01 6.100000000000000000e+01
-1.670000000000000000e+02 9.200000000000000000e+01 4.800000000000000000e+01 4.333900000000000000e+04 4.537700000000000000e+04 4.474700000000000000e+04 4.390200000000000000e+04 2.066266798204742372e+01 5.800000000000000000e+01
-1.570000000000000000e+02 2.020000000000000000e+02 3.800000000000000000e+01 4.393600000000000000e+04 4.464900000000000000e+04 4.405000000000000000e+04 4.456200000000000000e+04 2.067239999806042761e+01 5.800000000000000000e+01
-1.390000000000000000e+02 2.600000000000000000e+02 3.500000000000000000e+01 4.379900000000000000e+04 4.439800000000000000e+04 4.388800000000000000e+04 4.466400000000000000e+04 2.068209841800853610e+01 5.800000000000000000e+01
-1.060000000000000000e+02 2.250000000000000000e+02 5.100000000000000000e+01 4.374100000000000000e+04 4.429800000000000000e+04 4.402300000000000000e+04 4.462000000000000000e+04 2.069269346108194441e+01 5.800000000000000000e+01
-6.500000000000000000e+01 1.190000000000000000e+02 5.300000000000000000e+01 4.342100000000000000e+04 4.568200000000000000e+04 4.440500000000000000e+04 4.303600000000000000e+04 2.070211909909266979e+01 5.800000000000000000e+01
-3.600000000000000000e+01 2.700000000000000000e+01 4.900000000000000000e+01 4.271500000000000000e+04 4.572500000000000000e+04 4.507000000000000000e+04 4.294900000000000000e+04 2.071291805105283856e+01 5.800000000000000000e+01
2.300000000000000000e+01 -7.400000000000000000e+01 3.300000000000000000e+01 4.272900000000000000e+04 4.663100000000000000e+04 4.487300000000000000e+04 4.181500000000000000e+04 2.072267207805998623e+01 5.800000000000000000e+01
9.800000000000000000e+01 -8.500000000000000000e+01 3.000000000000000000e+01 4.290100000000000000e+04 4.695100000000000000e+04 4.438800000000000000e+04 4.152400000000000000e+04 2.073351115500554442e+01 5.800000000000000000e+01
1.480000000000000000e+02 -4.300000000000000000e+01 1.300000000000000000e+01 4.350000000000000000e+04 4.706100000000000000e+04 4.372200000000000000e+04 4.129900000000000000e+04 2.074234351504128426e+01 6.200000000000000000e+01
5.100000000000000000e+01 -3.000000000000000000e+00 1.600000000000000000e+01 4.246500000000000000e+04 4.574000000000000000e+04 4.438800000000000000e+04 4.252500000000000000e+04 2.075293344899546355e+01 6.200000000000000000e+01
-2.000000000000000000e+00 3.800000000000000000e+01 -3.000000000000000000e+00 4.235700000000000000e+04 4.525000000000000000e+04 4.425800000000000000e+04 4.320300000000000000e+04 2.076313650701195002e+01 6.200000000000000000e+01
-3.400000000000000000e+01 2.900000000000000000e+01 -7.000000000000000000e+00 4.203300000000000000e+04 4.561400000000000000e+04 4.429600000000000000e+04 4.265100000000000000e+04 2.077229579503182322e+01 6.200000000000000000e+01
-8.300000000000000000e+01 1.200000000000000000e+01 -1.600000000000000000e+01 4.140100000000000000e+04 4.533800000000000000e+04 4.466800000000000000e+04 4.301000000000000000e+04 2.078242399205919355e+01 6.200000000000000000e+01
-1.160000000000000000e+02 2.500000000000000000e+01 -2.500000000000000000e+01 4.110100000000000000e+04 4.497200000000000000e+04 4.486100000000000000e+04 4.330800000000000000e+04 2.079254399007186294e+01 6.200000000000000000e+01
-1.370000000000000000e+02 5.600000000000000000e+01 -2.600000000000000000e+01 4.113800000000000000e+04 4.472100000000000000e+04 4.474100000000000000e+04 4.370400000000000000e+04 2.080228864308446646e+01 6.200000000000000000e+01
-1.500000000000000000e+02 1.600000000000000000e+01 -5.300000000000000000e+01 4.058800000000000000e+04 4.548800000000000000e+04 4.500400000000000000e+04 4.315200000000000000e+04 2.081246573501266539e+01 6.200000000000000000e+01
-9.100000000000000000e+01 -1.500000000000000000e+01 -5.400000000000000000e+01 4.092900000000000000e+04 4.551400000000000000e+04 4.460300000000000000e+04 4.324700000000000000e+04 2.082286803901661187e+01 6.200000000000000000e+01
-1.000000000000000000e+00 -3.900000000000000000e+01 -7.200000000000000000e+01 4.139800000000000000e+04 4.629600000000000000e+04 4.402500000000000000e+04 4.241200000000000000e+04 2.083252267504576594e+01 6.300000000000000000e+01
4.500000000000000000e+01 -7.600000000000000000e+01 -7.700000000000000000e+01 4.113400000000000000e+04 4.662200000000000000e+04 4.406800000000000000e+04 4.202900000000000000e+04 2.084275851200800389e+01 6.300000000000000000e+01
6.700000000000000000e+01 -1.100000000000000000e+02 -7.600000000000000000e+01 4.111700000000000000e+04 4.690400000000000000e+04 4.404600000000000000e+04 4.180600000000000000e+04 2.085241778509225696e+01 6.300000000000000000e+01
1.200000000000000000e+02 -1.600000000000000000e+02 -7.900000000000000000e+01 4.060400000000000000e+04 4.732800000000000000e+04 4.438600000000000000e+04 4.141200000000000000e+04 2.086287622409872711e+01 6.300000000000000000e+01
1.370000000000000000e+02 -1.310000000000000000e+02 -7.300000000000000000e+01 4.135900000000000000e+04 4.742600000000000000e+04 4.355200000000000000e+04 4.121700000000000000e+04 2.087191693705972284e+01 6.300000000000000000e+01
1.460000000000000000e+02 -4.600000000000000000e+01 -7.400000000000000000e+01 4.167500000000000000e+04 4.710900000000000000e+04 4.307900000000000000e+04 4.118000000000000000e+04 2.088205277302768081e+01 6.600000000000000000e+01
1.330000000000000000e+02 1.900000000000000000e+01 -4.600000000000000000e+01 4.164800000000000000e+04 4.669800000000000000e+04 4.316800000000000000e+04 4.169800000000000000e+04 2.089209298300556839e+01 6.600000000000000000e+01
