3.400000000000000000e+01 -4.000000000000000000e+00 -2.700000000000000000e+01 4.644700000000000000e+04 4.616300000000000000e+04 4.774300000000000000e+04 4.241000000000000000e+04 1.980507694697007537e+01 8.120000000000000000e+02
5.500000000000000000e+01 2.000000000000000000e+00 -2.900000000000000000e+01 4.618900000000000000e+04 4.629200000000000000e+04 4.810300000000000000e+04 4.218500000000000000e+04 1.981437273405026644e+01 8.120000000000000000e+02
3.600000000000000000e+01 8.000000000000000000e+00 -3.000000000000000000e+01 4.644800000000000000e+04 4.599500000000000000e+04 4.773600000000000000e+04 4.273800000000000000e+04 1.982420681102667004e+01 8.120000000000000000e+02
3.900000000000000000e+01 2.700000000000000000e+01 -2.700000000000000000e+01 4.655900000000000000e+04 4.592900000000000000e+04 4.765100000000000000e+04 4.281500000000000000e+04 1.983387667103670537e+01 8.140000000000000000e+02
1.900000000000000000e+01 4.700000000000000000e+01 -2.500000000000000000e+01 4.621500000000000000e+04 4.580500000000000000e+04 4.790300000000000000e+04 4.275400000000000000e+04 1.984424066601786762e+01 8.140000000000000000e+02
2.200000000000000000e+01 4.400000000000000000e+01 -3.100000000000000000e+01 4.660200000000000000e+04 4.588500000000000000e+04 4.761800000000000000e+04 4.281400000000000000e+04 1.985419479198753834e+01 8.140000000000000000e+02
2.800000000000000000e+01 3.100000000000000000e+01 -3.500000000000000000e+01 4.611300000000000000e+04 4.620800000000000000e+04 4.801600000000000000e+04 4.244900000000000000e+04 1.986461042496375740e+01 8.140000000000000000e+02
6.000000000000000000e+00 4.800000000000000000e+01 -3.700000000000000000e+01 4.655700000000000000e+04 4.547200000000000000e+04 4.750800000000000000e+04 4.328300000000000000e+04 1.987408505100756884e+01 8.160000000000000000e+02
-3.000000000000000000e+00 2.000000000000000000e+01 -3.700000000000000000e+01 4.596100000000000000e+04 4.558800000000000000e+04 4.765900000000000000e+04 4.276100000000000000e+04 1.988376779400277883e+01 8.160000000000000000e+02
2.000000000000000000e+00 3.500000000000000000e+01 -2.300000000000000000e+01 4.631500000000000000e+04 4.589700000000000000e+04 4.734400000000000000e+04 4.237700000000000000e+04 1.989362264901865274e+01 8.160000000000000000e+02
-3.700000000000000000e+01 2.500000000000000000e+01 -2.300000000000000000e+01 4.587300000000000000e+04 4.561400000000000000e+04 4.782800000000000000e+04 4.269300000000000000e+04 1.990421460894867778e+01 8.160000000000000000e+02
-2.300000000000000000e+01 1.600000000000000000e+01 -2.000000000000000000e+01 4.629700000000000000e+04 4.585500000000000000e+04 4.742700000000000000e+04 4.253700000000000000e+04 1.991419810405932367e+01 8.160000000000000000e+02
-2.100000000000000000e+01 -1.000000000000000000e+00 -2.300000000000000000e+01 4.608000000000000000e+04 4.561600000000000000e+04 4.769700000000000000e+04 4.282700000000000000e+04 1.992419017700012773e+01 8.110000000000000000e+02
-2.100000000000000000e+01 -1.300000000000000000e+01 -2.900000000000000000e+01 4.624700000000000000e+04 4.580500000000000000e+04 4.805700000000000000e+04 4.320200000000000000e+04 1.993482580001000315e+01 8.110000000000000000e+02
1.600000000000000000e+01 4.000000000000000000e+00 -3.000000000000000000e+01 4.664400000000000000e+04 4.570100000000000000e+04 4.773800000000000000e+04 4.346300000000000000e+04 1.994415528106037527e+01 8.110000000000000000e+02
1.600000000000000000e+01 1.900000000000000000e+01 -2.400000000000000000e+01 4.698600000000000000e+04 4.606900000000000000e+04 4.759100000000000000e+04 4.324900000000000000e+04 1.995380622998345643e+01 8.110000000000000000e+02
2.800000000000000000e+01 3.100000000000000000e+01 -1.400000000000000000e+01 4.671400000000000000e+04 4.626300000000000000e+04 4.788800000000000000e+04 4.304100000000000000e+04 1.996382624097168446e+01 8.110000000000000000e+02
2.400000000000000000e+01 2.500000000000000000e+01 -1.900000000000000000e+01 4.679600000000000000e+04 4.643700000000000000e+04 4.813400000000000000e+04 4.322500000000000000e+04 1.997370751702692360e+01 8.110000000000000000e+02
1.500000000000000000e+01 2.100000000000000000e+01 -1.300000000000000000e+01 4.696300000000000000e+04 4.669300000000000000e+04 4.820700000000000000e+04 4.314100000000000000e+04 1.998456830601207912e+01 8.110000000000000000e+02
2.300000000000000000e+01 5.600000000000000000e+01 -1.700000000000000000e+01 4.706900000000000000e+04 4.678100000000000000e+04 4.808200000000000000e+04 4.319500000000000000e+04 1.999536818498745561e+01 8.110000000000000000e+02
1.400000000000000000e+01 2.800000000000000000e+01 -2.500000000000000000e+01 4.716800000000000000e+04 4.605200000000000000e+04 4.800400000000000000e+04 4.404600000000000000e+04 2.000483200896997005e+01 8.120000000000000000e+02
1.000000000000000000e+01 1.000000000000000000e+01 -1.400000000000000000e+01 4.677400000000000000e+04 4.644800000000000000e+04 4.853700000000000000e+04 4.364500000000000000e+04 2.001323832897469401e+01 8.120000000000000000e+02
1.000000000000000000e+00 2.300000000000000000e+01 -1.300000000000000000e+01 4.715300000000000000e+04 4.628400000000000000e+04 4.841600000000000000e+04 4.398700000000000000e+04 2.002383766300044954e+01 8.120000000000000000e+02
2.700000000000000000e+01 0.000000000000000000e+00 -1.700000000000000000e+01 4.731700000000000000e+04 4.719100000000000000e+04 4.830400000000000000e+04 4.301100000000000000e+04 2.003345186798833311e+01 8.120000000000000000e+02
-2.000000000000000000e+00 3.700000000000000000e+01 4.000000000000000000e+00 4.724500000000000000e+04 4.633500000000000000e+04 4.837200000000000000e+04 4.395500000000000000e+04 2.004360521503258497e+01 8.090000000000000000e+02
-1.100000000000000000e+01 2.000000000000000000e+00 -6.000000000000000000e+00 4.655400000000000000e+04 4.694600000000000000e+04 4.918400000000000000e+04 4.363900000000000000e+04 2.005391903303097934e+01 8.090000000000000000e+02
-1.200000000000000000e+01 2.500000000000000000e+01 -1.400000000000000000e+01 4.708800000000000000e+04 4.670200000000000000e+04 4.861600000000000000e+04 4.384300000000000000e+04 2.006372949504293501e+01 8.090000000000000000e+02
-3.500000000000000000e+01 1.000000000000000000e+00 -6.000000000000000000e+00 4.645500000000000000e+04 4.636800000000000000e+04 4.936900000000000000e+04 4.443500000000000000e+04 2.007346754195168614e+01 8.090000000000000000e+02
-1.200000000000000000e+01 2.700000000000000000e+01 -8.000000000000000000e+00 4.710800000000000000e+04 4.650900000000000000e+04 4.878600000000000000e+04 4.438600000000000000e+04 2.008390526403672993e+01 8.090000000000000000e+02
2.000000000000000000e+00 6.000000000000000000e+00 -1.300000000000000000e+01 4.692900000000000000e+04 4.700800000000000000e+04 4.903000000000000000e+04 4.383400000000000000e+04 2.009383327199611813e+01 8.120000000000000000e+02
2.300000000000000000e+01 1.300000000000000000e+01 -1.600000000000000000e+01 4.732300000000000000e+04 4.681600000000000000e+04 4.844400000000000000e+04 4.380300000000000000e+04 2.010400733700953424e+01 8.120000000000000000e+02
2.200000000000000000e+01 3.100000000000000000e+01 -1.200000000000000000e+01 4.736600000000000000e+04 4.657500000000000000e+04 4.837600000000000000e+04 4.412100000000000000e+04 2.011359334702137858e+01 8.120000000000000000e+02
3.600000000000000000e+01 1.200000000000000000e+01 -1.600000000000000000e+01 4.718500000000000000e+04 4.708900000000000000e+04 4.855700000000000000e+04 4.360400000000000000e+04 2.012358656700234860e+01 8.120000000000000000e+02
2.800000000000000000e+01 -3.100000000000000000e+01 -1.900000000000000000e+01 4.693200000000000000e+04 4.701200000000000000e+04 4.885700000000000000e+04 4.369400000000000000e+04 2.013442864106036723e+01 8.070000000000000000e+02
3.300000000000000000e+01 -4.200000000000000000e+01 -2.000000000000000000e+01 4.733500000000000000e+04 4.734400000000000000e+04 4.877600000000000000e+04 4.354000000000000000e+04 2.014408659504260868e+01 8.070000000000000000e+02
1.300000000000000000e+01 -2.400000000000000000e+01 -1.500000000000000000e+01 4.707200000000000000e+04 4.753800000000000000e+04 4.903500000000000000e+04 4.343200000000000000e+04 2.015374342096038163e+01 8.070000000000000000e+02
9.000000000000000000e+00 -3.400000000000000000e+01 -2.300000000000000000e+01 4.703100000000000000e+04 4.715900000000000000e+04 4.920400000000000000e+04 4.410700000000000000e+04 2.016343458299525082e+01 8.070000000000000000e+02
-2.400000000000000000e+01 -1.300000000000000000e+01 -9.000000000000000000e+00 4.704300000000000000e+04 4.775900000000000000e+04 4.919400000000000000e+04 4.340700000000000000e+04 2.017410178994759917e+01 8.040000000000000000e+02
-4.700000000000000000e+01 -1.300000000000000000e+01 -1.200000000000000000e+01 4.718100000000000000e+04 4.673400000000000000e+04 4.934500000000000000e+04 4.492400000000000000e+04 2.018456007004715502e+01 8.040000000000000000e+02
-3.600000000000000000e+01 6.000000000000000000e+00 -1.200000000000000000e+01 4.742200000000000000e+04 4.748500000000000000e+04 4.911900000000000000e+04 4.404700000000000000e+04 2.019403859297744930e+01 8.040000000000000000e+02
-3.600000000000000000e+01 3.200000000000000000e+01 -1.400000000000000000e+01 4.737300000000000000e+04 4.716900000000000000e+04 4.912700000000000000e+04 4.438800000000000000e+04 2.020362497400492430e+01 8.040000000000000000e+02
-4.500000000000000000e+01 6.000000000000000000e+01 -1.200000000000000000e+01 4.744400000000000000e+04 4.647700000000000000e+04 4.904800000000000000e+04 4.508700000000000000e+04 2.021532745996955782e+01 8.040000000000000000e+02
-4.800000000000000000e+01 2.800000000000000000e+01 -4.000000000000000000e+00 4.696000000000000000e+04 4.729400000000000000e+04 4.939800000000000000e+04 4.413800000000000000e+04 2.022385772701818496e+01 8.060000000000000000e+02
-3.400000000000000000e+01 5.000000000000000000e+00 -1.500000000000000000e+01 4.683600000000000000e+04 4.757200000000000000e+04 4.947800000000000000e+04 4.384600000000000000e+04 2.023373029602225870e+01 8.060000000000000000e+02
-3.000000000000000000e+00 -4.000000000000000000e+00 -1.200000000000000000e+01 4.731000000000000000e+04 4.772200000000000000e+04 4.904700000000000000e+04 4.360900000000000000e+04 2.024339525995310396e+01 8.060000000000000000e+02
-3.000000000000000000e+00 -2.100000000000000000e+01 -1.300000000000000000e+01 4.725500000000000000e+04 4.761700000000000000e+04 4.910900000000000000e+04 4.375500000000000000e+04 2.025360597402323037e+01 8.060000000000000000e+02
2.000000000000000000e+00 -1.500000000000000000e+01 -8.000000000000000000e+00 4.722700000000000000e+04 4.707000000000000000e+04 4.893900000000000000e+04 4.420600000000000000e+04 2.026346232695505023e+01 8.050000000000000000e+02
2.200000000000000000e+01 -3.900000000000000000e+01 -9.000000000000000000e+00 4.712700000000000000e+04 4.749200000000000000e+04 4.898200000000000000e+04 4.365500000000000000e+04 2.027383820596151054e+01 8.050000000000000000e+02
-3.000000000000000000e+00 -5.700000000000000000e+01 5.000000000000000000e+00 4.706300000000000000e+04 4.689300000000000000e+04 4.910400000000000000e+04 4.416300000000000000e+04 2.028320593805983663e+01 8.050000000000000000e+02
2.100000000000000000e+01 -7.300000000000000000e+01 -6.000000000000000000e+00 4.702700000000000000e+04 4.759600000000000000e+04 4.901600000000000000e+04 4.328100000000000000e+04 2.029608141304925084e+01 8.050000000000000000e+02
1.900000000000000000e+01 -6.200000000000000000e+01 -5.000000000000000000e+00 4.706400000000000000e+04 4.696300000000000000e+04 4.892400000000000000e+04 4.388700000000000000e+04 2.030338962702080607e+01 8.010000000000000000e+02
2.600000000000000000e+01 -3.700000000000000000e+01 -6.000000000000000000e+00 4.729000000000000000e+04 4.722200000000000000e+04 4.888900000000000000e+04 4.383300000000000000e+04 2.031375955999828875e+01 8.010000000000000000e+02
2.100000000000000000e+01 -5.500000000000000000e+01 -2.000000000000000000e+00 4.678900000000000000e+04 4.803600000000000000e+04 4.905100000000000000e+04 4.310600000000000000e+04 2.032414921198505908e+01 8.010000000000000000e+02
2.400000000000000000e+01 -7.500000000000000000e+01 -6.000000000000000000e+00 4.678900000000000000e+04 4.764700000000000000e+04 4.900600000000000000e+04 4.351400000000000000e+04 2.033397440297994763e+01 8.010000000000000000e+02
9.000000000000000000e+00 -5.500000000000000000e+01 -7.000000000000000000e+00 4.690700000000000000e+04 4.742000000000000000e+04 4.884700000000000000e+04 4.359800000000000000e+04 2.034337926795706153e+01 8.010000000000000000e+02
-4.000000000000000000e+00 -4.400000000000000000e+01 -3.000000000000000000e+00 4.671000000000000000e+04 4.723900000000000000e+04 4.910400000000000000e+04 4.386300000000000000e+04 2.035335968900471926e+01 8.010000000000000000e+02
-1.400000000000000000e+01 -1.400000000000000000e+01 7.000000000000000000e+00 4.686900000000000000e+04 4.689100000000000000e+04 4.898200000000000000e+04 4.406100000000000000e+04 2.036360664595849812e+01 8.010000000000000000e+02
-3.000000000000000000e+00 -1.900000000000000000e+01 -2.000000000000000000e+00 4.707000000000000000e+04 4.690400000000000000e+04 4.887600000000000000e+04 4.387000000000000000e+04 2.037353674694895744e+01 8.010000000000000000e+02
0.000000000000000000e+00 -1.600000000000000000e+01 -5.000000000000000000e+00 4.714600000000000000e+04 4.662300000000000000e+04 4.868800000000000000e+04 4.429100000000000000e+04 2.038317493896465749e+01 8.010000000000000000e+02
3.000000000000000000e+00 -1.200000000000000000e+01 -5.000000000000000000e+00 4.704000000000000000e+04 4.690100000000000000e+04 4.868800000000000000e+04 4.401000000000000000e+04 2.039383921399712563e+01 8.000000000000000000e+02
-1.300000000000000000e+01 -2.100000000000000000e+01 -6.000000000000000000e+00 4.683900000000000000e+04 4.694400000000000000e+04 4.899200000000000000e+04 4.401900000000000000e+04 2.040337789303157479e+01 8.000000000000000000e+02
0.000000000000000000e+00 -3.000000000000000000e+00 6.000000000000000000e+00 4.720000000000000000e+04 4.669300000000000000e+04 4.879000000000000000e+04 4.404100000000000000e+04 2.041340256901457906e+01 8.000000000000000000e+02
4.000000000000000000e+00 1.600000000000000000e+01 1.800000000000000000e+01 4.728600000000000000e+04 4.689200000000000000e+04 4.878200000000000000e+04 4.361200000000000000e+04 2.042357857397291809e+01 8.000000000000000000e+02
2.000000000000000000e+00 -2.000000000000000000e+00 1.000000000000000000e+01 4.716100000000000000e+04 4.677700000000000000e+04 4.895600000000000000e+04 4.363300000000000000e+04 2.043350562604609877e+01 8.030000000000000000e+02
1.800000000000000000e+01 -2.900000000000000000e+01 6.000000000000000000e+00 4.694800000000000000e+04 4.692900000000000000e+04 4.877200000000000000e+04 4.335100000000000000e+04 2.044340326695237309e+01 8.030000000000000000e+02
8.000000000000000000e+00 -4.100000000000000000e+01 1.000000000000000000e+00 4.644700000000000000e+04 4.712800000000000000e+04 4.887500000000000000e+04 4.311900000000000000e+04 2.045355678803753108e+01 8.030000000000000000e+02
2.300000000000000000e+01 -5.400000000000000000e+01 -1.000000000000000000e+00 4.640000000000000000e+04 4.758100000000000000e+04 4.889700000000000000e+04 4.256800000000000000e+04 2.046364402899052948e+01 8.030000000000000000e+02
1.800000000000000000e+01 -3.900000000000000000e+01 -4.000000000000000000e+00 4.664600000000000000e+04 4.731500000000000000e+04 4.870600000000000000e+04 4.274900000000000000e+04 2.047311854700092226e+01 8.040000000000000000e+02
-6.000000000000000000e+00 -2.400000000000000000e+01 -6.000000000000000000e+00 4.657000000000000000e+04 4.678200000000000000e+04 4.846500000000000000e+04 4.318800000000000000e+04 2.048313618695829064e+01 8.040000000000000000e+02
-2.000000000000000000e+00 -3.000000000000000000e+01 -1.900000000000000000e+01 4.633300000000000000e+04 4.673400000000000000e+04 4.846500000000000000e+04 4.330200000000000000e+04 2.049401166604366153e+01 8.040000000000000000e+02
-9.000000000000000000e+00 -3.000000000000000000e+01 -5.000000000000000000e+00 4.637400000000000000e+04 4.671100000000000000e+04 4.835000000000000000e+04 4.323300000000000000e+04 2.050373010698240250e+01 8.040000000000000000e+02
-1.100000000000000000e+01 9.000000000000000000e+00 -6.000000000000000000e+00 4.644200000000000000e+04 4.634800000000000000e+04 4.816200000000000000e+04 4.335200000000000000e+04 2.051368162897415459e+01 8.040000000000000000e+02
-5.000000000000000000e+00 1.700000000000000000e+01 -5.000000000000000000e+00 4.640300000000000000e+04 4.607400000000000000e+04 4.808500000000000000e+04 4.354600000000000000e+04 2.052451020595617592e+01 8.040000000000000000e+02
-1.500000000000000000e+01 0.000000000000000000e+00 -3.000000000000000000e+00 4.683500000000000000e+04 4.577300000000000000e+04 4.774600000000000000e+04 4.377400000000000000e+04 2.053348375402856618e+01 8.040000000000000000e+02
-1.300000000000000000e+01 -1.800000000000000000e+01 -1.000000000000000000e+00 4.644600000000000000e+04 4.601500000000000000e+04 4.813600000000000000e+04 4.348900000000000000e+04 2.054316171095706522e+01 8.040000000000000000e+02
6.000000000000000000e+00 -3.300000000000000000e+01 -1.000000000000000000e+00 4.643500000000000000e+04 4.581100000000000000e+04 4.803500000000000000e+04 4.381000000000000000e+04 2.055351437604986131e+01 8.040000000000000000e+02
2.900000000000000000e+01 -6.400000000000000000e+01 -5.000000000000000000e+00 4.557400000000000000e+04 4.634600000000000000e+04 4.882000000000000000e+04 4.320400000000000000e+04 2.056344169494695961e+01 8.020000000000000000e+02
2.600000000000000000e+01 -6.600000000000000000e+01 2.000000000000000000e+00 4.625900000000000000e+04 4.646200000000000000e+04 4.840100000000000000e+04 4.338000000000000000e+04 2.057388570194598287e+01 8.020000000000000000e+02
5.500000000000000000e+01 -9.200000000000000000e+01 -1.500000000000000000e+01 4.650900000000000000e+04 4.738000000000000000e+04 4.839800000000000000e+04 4.235900000000000000e+04 2.058355829003266990e+01 8.020000000000000000e+02
6.300000000000000000e+01 -7.500000000000000000e+01 2.000000000000000000e+00 4.657300000000000000e+04 4.664300000000000000e+04 4.820600000000000000e+04 4.332100000000000000e+04 2.059498693200293928e+01 8.020000000000000000e+02
3.200000000000000000e+01 -1.060000000000000000e+02 -1.000000000000000000e+00 4.608200000000000000e+04 4.718100000000000000e+04 4.869900000000000000e+04 4.267500000000000000e+04 2.060388100601267070e+01 8.030000000000000000e+02
4.600000000000000000e+01 -1.010000000000000000e+02 -2.000000000000000000e+00 4.685500000000000000e+04 4.712500000000000000e+04 4.826000000000000000e+04 4.282200000000000000e+04 2.061392903199885041e+01 8.030000000000000000e+02
1.600000000000000000e+01 -6.200000000000000000e+01 8.000000000000000000e+00 4.642200000000000000e+04 4.676600000000000000e+04 4.867100000000000000e+04 4.336200000000000000e+04 2.062623228703159839e+01 8.030000000000000000e+02
2.400000000000000000e+01 -5.600000000000000000e+01 0.000000000000000000e+00 4.677100000000000000e+04 4.706600000000000000e+04 4.851500000000000000e+04 4.297400000000000000e+04 2.063363794598262757e+01 8.030000000000000000e+02
-1.500000000000000000e+01 -8.000000000000000000e+00 4.000000000000000000e+00 4.680000000000000000e+04 4.603400000000000000e+04 4.857300000000000000e+04 4.419200000000000000e+04 2.064340799197088927e+01 8.030000000000000000e+02
-1.000000000000000000e+00 -6.000000000000000000e+00 -5.000000000000000000e+00 4.716400000000000000e+04 4.640000000000000000e+04 4.835900000000000000e+04 4.392000000000000000e+04 2.065324842196423560e+01 8.030000000000000000e+02
-5.000000000000000000e+00 1.100000000000000000e+01 5.000000000000000000e+00 4.724200000000000000e+04 4.631900000000000000e+04 4.852700000000000000e+04 4.405200000000000000e+04 2.066309184103738517e+01 8.030000000000000000e+02
5.000000000000000000e+00 -7.000000000000000000e+00 2.000000000000000000e+00 4.746400000000000000e+04 4.626400000000000000e+04 4.840400000000000000e+04 4.399500000000000000e+04 2.067332396004348993e+01 8.030000000000000000e+02
-1.100000000000000000e+01 9.000000000000000000e+00 5.000000000000000000e+00 4.695000000000000000e+04 4.650500000000000000e+04 4.888200000000000000e+04 4.387900000000000000e+04 2.068322402995545417e+01 8.030000000000000000e+02
1.000000000000000000e+00 -9.000000000000000000e+00 7.000000000000000000e+00 4.779400000000000000e+04 4.713300000000000000e+04 4.899400000000000000e+04 4.429100000000000000e+04 2.069316303299274296e+01 7.940000000000000000e+02
-1.700000000000000000e+01 1.000000000000000000e+00 9.000000000000000000e+00 4.754300000000000000e+04 4.730100000000000000e+04 4.930000000000000000e+04 4.413300000000000000e+04 2.070356073102448136e+01 7.940000000000000000e+02
-1.500000000000000000e+01 8.000000000000000000e+00 2.200000000000000000e+01 4.742400000000000000e+04 4.722400000000000000e+04 4.969700000000000000e+04 4.420700000000000000e+04 2.071328193601220846e+01 7.940000000000000000e+02
-2.700000000000000000e+01 -2.400000000000000000e+01 2.000000000000000000e+01 4.758800000000000000e+04 4.699200000000000000e+04 4.960800000000000000e+04 4.435200000000000000e+04 2.072333850595168769e+01 7.940000000000000000e+02
-1.400000000000000000e+01 -9.000000000000000000e+00 7.000000000000000000e+00 4.770900000000000000e+04 4.723200000000000000e+04 4.959400000000000000e+04 4.423700000000000000e+04 2.073313475202303380e+01 7.560000000000000000e+02
-2.700000000000000000e+01 -1.100000000000000000e+01 2.000000000000000000e+01 4.919800000000000000e+04 4.903900000000000000e+04 5.172400000000000000e+04 4.665100000000000000e+04 2.074340933898929507e+01 7.560000000000000000e+02
-8.000000000000000000e+00 -2.000000000000000000e+01 1.400000000000000000e+01 4.968400000000000000e+04 4.938500000000000000e+04 5.148800000000000000e+04 4.611900000000000000e+04 2.075378116499632597e+01 7.560000000000000000e+02
-1.100000000000000000e+01 -2.100000000000000000e+01 2.400000000000000000e+01 4.985800000000000000e+04 4.973100000000000000e+04 5.192200000000000000e+04 4.640200000000000000e+04 2.076355283102020621e+01 7.560000000000000000e+02
0.000000000000000000e+00 -1.400000000000000000e+01 2.700000000000000000e+01 5.054700000000000000e+04 5.019600000000000000e+04 5.189800000000000000e+04 4.629200000000000000e+04 2.077319012104999274e+01 6.250000000000000000e+02
-2.200000000000000000e+01 5.000000000000000000e+00 3.500000000000000000e+01 5.111400000000000000e+04 5.043200000000000000e+04 5.324800000000000000e+04 4.830400000000000000e+04 2.078327523998450488e+01 6.250000000000000000e+02
-1.300000000000000000e+01 1.900000000000000000e+01 3.800000000000000000e+01 5.100200000000000000e+04 5.111000000000000000e+04 5.353400000000000000e+04 4.766900000000000000e+04 2.079452846897765994e+01 6.250000000000000000e+02
-1.000000000000000000e+00 -1.000000000000000000e+01 9.000000000000000000e+00 5.162900000000000000e+04 5.148400000000000000e+04 5.348400000000000000e+04 4.797300000000000000e+04 2.080322332296054810e+01 6.250000000000000000e+02
8.000000000000000000e+00 2.900000000000000000e+01 4.200000000000000000e+01 5.197100000000000000e+04 5.068200000000000000e+04 5.311200000000000000e+04 4.882900000000000000e+04 2.081295514304656535e+01 6.250000000000000000e+02
-1.200000000000000000e+01 5.300000000000000000e+01 4.300000000000000000e+01 5.241800000000000000e+04 5.092800000000000000e+04 5.357400000000000000e+04 4.880600000000000000e+04 2.082293341401964426e+01 3.150000000000000000e+02
-9.000000000000000000e+00 1.400000000000000000e+01 4.500000000000000000e+01 5.202600000000000000e+04 5.109500000000000000e+04 5.392500000000000000e+04 4.840900000000000000e+04 2.083346258301753551e+01 3.150000000000000000e+02
-1.700000000000000000e+01 1.400000000000000000e+01 4.600000000000000000e+01 5.201000000000000000e+04 5.082000000000000000e+04 5.414100000000000000e+04 4.839800000000000000e+04 2.084318734297994524e+01 3.150000000000000000e+02
-6.000000000000000000e+00 1.500000000000000000e+01 5.300000000000000000e+01 5.192600000000000000e+04 5.081300000000000000e+04 5.414500000000000000e+04 4.802800000000000000e+04 2.085333471000194550e+01 3.150000000000000000e+02
1.500000000000000000e+01 -9.000000000000000000e+00 3.300000000000000000e+01 5.167700000000000000e+04 5.088200000000000000e+04 5.409200000000000000e+04 4.777400000000000000e+04 2.086354768904857337e+01 2.020000000000000000e+02
2.800000000000000000e+01 3.000000000000000000e+00 3.400000000000000000e+01 5.177700000000000000e+04 5.094900000000000000e+04 5.329700000000000000e+04 4.719100000000000000e+04 2.087320403603371233e+01 2.020000000000000000e+02
3.800000000000000000e+01 -1.900000000000000000e+01 3.400000000000000000e+01 5.140800000000000000e+04 5.073500000000000000e+04 5.319500000000000000e+04 4.696000000000000000e+04 2.088312080304604024e+01 2.020000000000000000e+02
-4.000000000000000000e+00 1.800000000000000000e+01 3.100000000000000000e+01 5.101200000000000000e+04 5.003000000000000000e+04 5.330100000000000000e+04 4.729000000000000000e+04 2.089358628401532769e+01 2.020000000000000000e+02
-3.300000000000000000e+01 7.000000000000000000e+01 5.000000000000000000e+01 5.104500000000000000e+04 4.881800000000000000e+04 5.293400000000000000e+04 4.787400000000000000e+04 2.090353781403973699e+01 1.630000000000000000e+02
-2.000000000000000000e+00 6.400000000000000000e+01 4.200000000000000000e+01 5.098000000000000000e+04 4.853800000000000000e+04 5.243300000000000000e+04 4.693500000000000000e+04 2.091330306802410632e+01 1.630000000000000000e+02
2.400000000000000000e+01 6.600000000000000000e+01 4.400000000000000000e+01 5.048000000000000000e+04 4.859100000000000000e+04 5.228800000000000000e+04 4.641300000000000000e+04 2.092344935203436762e+01 1.630000000000000000e+02
4.600000000000000000e+01 6.600000000000000000e+01 4.700000000000000000e+01 5.057300000000000000e+04 4.840500000000000000e+04 5.161000000000000000e+04 4.611800000000000000e+04 2.093298834702000022e+01 1.630000000000000000e+02
3.400000000000000000e+01 9.400000000000000000e+01 3.100000000000000000e+01 5.041200000000000000e+04 4.815200000000000000e+04 5.122700000000000000e+04 4.575000000000000000e+04 2.094317843904718757e+01 1.630000000000000000e+02
6.500000000000000000e+01 3.200000000000000000e+01 1.800000000000000000e+01 4.951800000000000000e+04 4.862700000000000000e+04 5.128500000000000000e+04 4.477800000000000000e+04 2.095347192697227001e+01 1.700000000000000000e+02
7.500000000000000000e+01 3.300000000000000000e+01 9.000000000000000000e+00 4.926000000000000000e+04 4.793600000000000000e+04 5.080800000000000000e+04 4.514200000000000000e+04 2.096339598705526441e+01 1.700000000000000000e+02
4.400000000000000000e+01 4.100000000000000000e+01 1.500000000000000000e+01 4.914800000000000000e+04 4.786200000000000000e+04 5.026400000000000000e+04 4.451000000000000000e+04 2.097316220705397427e+01 1.700000000000000000e+02
4.300000000000000000e+01 4.400000000000000000e+01 2.900000000000000000e+01 4.863200000000000000e+04 4.759200000000000000e+04 5.042100000000000000e+04 4.438000000000000000e+04 2.098344822297804058e+01 1.700000000000000000e+02
3.400000000000000000e+01 3.200000000000000000e+01 1.600000000000000000e+01 4.852000000000000000e+04 4.752300000000000000e+04 5.012400000000000000e+04 4.378900000000000000e+04 2.099321285402402282e+01 1.670000000000000000e+02
1.600000000000000000e+01 5.900000000000000000e+01 2.200000000000000000e+01 4.837900000000000000e+04 4.701300000000000000e+04 4.973900000000000000e+04 4.402000000000000000e+04 2.100335905305109918e+01 1.670000000000000000e+02
-1.900000000000000000e+01 9.100000000000000000e+01 4.000000000000000000e+00 4.821200000000000000e+04 4.641900000000000000e+04 4.966500000000000000e+04 4.424100000000000000e+04 2.101306847005616874e+01 1.670000000000000000e+02
-2.600000000000000000e+01 9.200000000000000000e+01 0.000000000000000000e+00 4.796800000000000000e+04 4.595000000000000000e+04 4.926900000000000000e+04 4.442600000000000000e+04 2.102345344901550561e+01 1.670000000000000000e+02
-2.500000000000000000e+01 7.900000000000000000e+01 1.000000000000000000e+00 4.780900000000000000e+04 4.651700000000000000e+04 4.918400000000000000e+04 4.350300000000000000e+04 2.103332379099447280e+01 1.670000000000000000e+02
-2.900000000000000000e+01 1.060000000000000000e+02 0.000000000000000000e+00 4.781700000000000000e+04 4.585300000000000000e+04 4.907700000000000000e+04 4.464300000000000000e+04 2.104326345794834197e+01 1.730000000000000000e+02
-5.600000000000000000e+01 1.100000000000000000e+02 -1.100000000000000000e+01 4.712300000000000000e+04 4.512300000000000000e+04 4.957000000000000000e+04 4.497700000000000000e+04 2.105369157798122615e+01 1.730000000000000000e+02
-5.700000000000000000e+01 1.450000000000000000e+02 1.500000000000000000e+01 4.740500000000000000e+04 4.542000000000000000e+04 4.903100000000000000e+04 4.438100000000000000e+04 2.106348748900927603e+01 1.730000000000000000e+02
-4.100000000000000000e+01 1.050000000000000000e+02 3.000000000000000000e+00 4.717500000000000000e+04 4.545900000000000000e+04 4.893100000000000000e+04 4.415900000000000000e+04 2.107319520600140095e+01 1.730000000000000000e+02
-2.400000000000000000e+01 7.100000000000000000e+01 3.000000000000000000e+00 4.722600000000000000e+04 4.608800000000000000e+04 4.937400000000000000e+04 4.408100000000000000e+04 2.108315443794708699e+01 1.900000000000000000e+02
9.000000000000000000e+00 4.500000000000000000e+01 -3.000000000000000000e+00 4.810400000000000000e+04 4.646800000000000000e+04 4.837700000000000000e+04 4.344500000000000000e+04 2.109313396003562957e+01 1.900000000000000000e+02
3.100000000000000000e+01 1.000000000000000000e+01 -1.300000000000000000e+01 4.671800000000000000e+04 4.673100000000000000e+04 4.931300000000000000e+04 4.303100000000000000e+04 2.110285983502399176e+01 1.900000000000000000e+02
3.500000000000000000e+01 1.400000000000000000e+01 -1.100000000000000000e+01 4.763900000000000000e+04 4.614300000000000000e+04 4.853500000000000000e+04 4.360900000000000000e+04 2.111533963994588703e+01 1.900000000000000000e+02
6.200000000000000000e+01 2.000000000000000000e+01 -1.300000000000000000e+01 4.822900000000000000e+04 4.407500000000000000e+04 4.777300000000000000e+04 4.555300000000000000e+04 2.112288680695928633e+01 1.970000000000000000e+02
8.100000000000000000e+01 -7.800000000000000000e+01 -1.400000000000000000e+01 4.783300000000000000e+04 4.507700000000000000e+04 4.884600000000000000e+04 4.554400000000000000e+04 2.113313336996361613e+01 1.970000000000000000e+02
1.640000000000000000e+02 -1.350000000000000000e+02 -5.000000000000000000e+00 4.793500000000000000e+04 4.638800000000000000e+04 4.873200000000000000e+04 4.402900000000000000e+04 2.114312413102015853e+01 1.970000000000000000e+02
2.250000000000000000e+02 -2.210000000000000000e+02 -6.000000000000000000e+00 4.788900000000000000e+04 4.732300000000000000e+04 4.888600000000000000e+04 4.301500000000000000e+04 2.115292757900897413e+01 1.970000000000000000e+02
2.550000000000000000e+02 -2.900000000000000000e+02 -1.000000000000000000e+00 4.774400000000000000e+04 4.784500000000000000e+04 4.894400000000000000e+04 4.236000000000000000e+04 2.116349820501636714e+01 2.040000000000000000e+02
2.790000000000000000e+02 -3.330000000000000000e+02 -9.000000000000000000e+00 4.811300000000000000e+04 4.878300000000000000e+04 4.974100000000000000e+04 4.257400000000000000e+04 2.117340109101496637e+01 2.040000000000000000e+02
2.620000000000000000e+02 -3.510000000000000000e+02 -4.000000000000000000e+00 4.800900000000000000e+04 4.846700000000000000e+04 4.971500000000000000e+04 4.276500000000000000e+04 2.118284118501469493e+01 2.040000000000000000e+02
2.310000000000000000e+02 -3.240000000000000000e+02 -5.000000000000000000e+00 4.857100000000000000e+04 4.809800000000000000e+04 4.948100000000000000e+04 4.353700000000000000e+04 2.119346329395193607e+01 2.040000000000000000e+02
1.570000000000000000e+02 -2.820000000000000000e+02 -6.000000000000000000e+00 4.815100000000000000e+04 4.738500000000000000e+04 4.988200000000000000e+04 4.423000000000000000e+04 2.120313543302472681e+01 2.040000000000000000e+02
8.300000000000000000e+01 -2.380000000000000000e+02 3.000000000000000000e+00 4.852500000000000000e+04 4.791600000000000000e+04 5.043400000000000000e+04 4.483300000000000000e+04 2.121271215903107077e+01 2.150000000000000000e+02
2.800000000000000000e+01 -2.230000000000000000e+02 -9.000000000000000000e+00 4.807400000000000000e+04 4.773700000000000000e+04 5.081900000000000000e+04 4.508600000000000000e+04 2.122280121396761388e+01 2.150000000000000000e+02
-2.600000000000000000e+01 -1.570000000000000000e+02 7.000000000000000000e+00 4.848600000000000000e+04 4.719300000000000000e+04 5.049900000000000000e+04 4.559100000000000000e+04 2.123289577395189553e+01 2.150000000000000000e+02
-2.400000000000000000e+01 -1.340000000000000000e+02 1.000000000000000000e+01 4.833500000000000000e+04 4.758300000000000000e+04 5.072300000000000000e+04 4.531200000000000000e+04 2.124377644096966833e+01 2.150000000000000000e+02
-4.400000000000000000e+01 -8.800000000000000000e+01 7.000000000000000000e+00 4.846500000000000000e+04 4.681400000000000000e+04 5.061500000000000000e+04 4.592300000000000000e+04 2.125268306396901608e+01 2.260000000000000000e+02
-1.900000000000000000e+01 -4.700000000000000000e+01 1.200000000000000000e+01 4.905800000000000000e+04 4.800500000000000000e+04 5.065300000000000000e+04 4.536500000000000000e+04 2.126263717305846512e+01 2.260000000000000000e+02
1.000000000000000000e+00 -5.200000000000000000e+01 1.900000000000000000e+01 4.975600000000000000e+04 4.732800000000000000e+04 5.005900000000000000e+04 4.590000000000000000e+04 2.127323713595978916e+01 2.260000000000000000e+02
3.500000000000000000e+01 -3.300000000000000000e+01 1.800000000000000000e+01 4.985800000000000000e+04 4.773900000000000000e+04 4.978500000000000000e+04 4.543200000000000000e+04 2.128370504104532301e+01 2.260000000000000000e+02
4.200000000000000000e+01 -1.050000000000000000e+02 1.800000000000000000e+01 4.884200000000000000e+04 4.776900000000000000e+04 5.064300000000000000e+04 4.528200000000000000e+04 2.129341751500032842e+01 2.420000000000000000e+02
7.100000000000000000e+01 -1.390000000000000000e+02 7.000000000000000000e+00 4.950800000000000000e+04 4.828300000000000000e+04 5.066900000000000000e+04 4.546100000000000000e+04 2.130319075298029929e+01 2.420000000000000000e+02
8.200000000000000000e+01 -1.690000000000000000e+02 1.000000000000000000e+01 4.932700000000000000e+04 4.899000000000000000e+04 5.066600000000000000e+04 4.448300000000000000e+04 2.131291068100836128e+01 2.420000000000000000e+02
8.300000000000000000e+01 -1.610000000000000000e+02 1.200000000000000000e+01 4.855200000000000000e+04 4.899100000000000000e+04 5.103900000000000000e+04 4.420400000000000000e+04 2.132432625000365078e+01 2.420000000000000000e+02
4.300000000000000000e+01 -1.650000000000000000e+02 -7.000000000000000000e+00 4.827900000000000000e+04 4.783800000000000000e+04 5.142000000000000000e+04 4.536100000000000000e+04 2.133292791596613824e+01 2.420000000000000000e+02
1.400000000000000000e+01 -1.110000000000000000e+02 0.000000000000000000e+00 4.926700000000000000e+04 4.794900000000000000e+04 5.074200000000000000e+04 4.555700000000000000e+04 2.134421463496983051e+01 2.560000000000000000e+02
0.000000000000000000e+00 -6.100000000000000000e+01 1.100000000000000000e+01 4.921000000000000000e+04 4.847700000000000000e+04 5.053400000000000000e+04 4.489200000000000000e+04 2.135298525798134506e+01 2.560000000000000000e+02
1.000000000000000000e+01 -3.200000000000000000e+01 1.300000000000000000e+01 4.900400000000000000e+04 4.902200000000000000e+04 5.049600000000000000e+04 4.411700000000000000e+04 2.136285775701981038e+01 2.560000000000000000e+02
-2.600000000000000000e+01 -1.700000000000000000e+01 -1.500000000000000000e+01 4.858900000000000000e+04 4.838000000000000000e+04 5.086200000000000000e+04 4.483400000000000000e+04 2.137291580205783248e+01 2.560000000000000000e+02
-6.400000000000000000e+01 7.400000000000000000e+01 -1.200000000000000000e+01 4.960800000000000000e+04 4.693400000000000000e+04 5.021600000000000000e+04 4.646700000000000000e+04 2.138259613199625164e+01 2.720000000000000000e+02
-2.600000000000000000e+01 9.600000000000000000e+01 4.000000000000000000e+00 4.948600000000000000e+04 4.806600000000000000e+04 4.999400000000000000e+04 4.521100000000000000e+04 2.139233268599491566e+01 2.720000000000000000e+02
-7.400000000000000000e+01 1.390000000000000000e+02 1.700000000000000000e+01 4.910500000000000000e+04 4.683700000000000000e+04 5.039800000000000000e+04 4.605000000000000000e+04 2.140281667001545429e+01 2.720000000000000000e+02
-2.500000000000000000e+01 1.280000000000000000e+02 6.000000000000000000e+00 4.893300000000000000e+04 4.701400000000000000e+04 5.043200000000000000e+04 4.570600000000000000e+04 2.141313093400094658e+01 2.720000000000000000e+02
1.300000000000000000e+01 8.200000000000000000e+01 -1.200000000000000000e+01 4.886500000000000000e+04 4.739000000000000000e+04 5.019900000000000000e+04 4.523200000000000000e+04 2.142312613094691187e+01 2.920000000000000000e+02
5.600000000000000000e+01 8.400000000000000000e+01 -2.000000000000000000e+00 4.931500000000000000e+04 4.785900000000000000e+04 5.019600000000000000e+04 4.525300000000000000e+04 2.143314181501045823e+01 2.920000000000000000e+02
9.100000000000000000e+01 1.120000000000000000e+02 -1.000000000000000000e+00 4.918400000000000000e+04 4.790200000000000000e+04 4.999800000000000000e+04 4.482400000000000000e+04 2.144504942395724356e+01 2.920000000000000000e+02
1.400000000000000000e+02 7.700000000000000000e+01 -1.500000000000000000e+01 4.889000000000000000e+04 4.852500000000000000e+04 5.008300000000000000e+04 4.410900000000000000e+04 2.145333107002079487e+01 2.920000000000000000e+02
1.310000000000000000e+02 5.500000000000000000e+01 -4.100000000000000000e+01 4.848200000000000000e+04 4.835300000000000000e+04 4.985400000000000000e+04 4.425500000000000000e+04 2.146287244802806526e+01 2.920000000000000000e+02
1.230000000000000000e+02 6.600000000000000000e+01 -2.300000000000000000e+01 4.922400000000000000e+04 4.822500000000000000e+04 4.980300000000000000e+04 4.487000000000000000e+04 2.147292386402841657e+01 3.080000000000000000e+02
1.560000000000000000e+02 6.900000000000000000e+01 -3.000000000000000000e+00 4.993900000000000000e+04 4.872800000000000000e+04 4.913800000000000000e+04 4.385100000000000000e+04 2.148252876196056604e+01 3.080000000000000000e+02
1.170000000000000000e+02 8.400000000000000000e+01 -1.000000000000000000e+01 4.918700000000000000e+04 4.768400000000000000e+04 4.969200000000000000e+04 4.521600000000000000e+04 2.149305709998589009e+01 3.080000000000000000e+02
7.100000000000000000e+01 5.900000000000000000e+01 -2.400000000000000000e+01 4.899900000000000000e+04 4.762700000000000000e+04 4.972400000000000000e+04 4.504400000000000000e+04 2.150251350202597678e+01 3.080000000000000000e+02
-8.000000000000000000e+00 4.800000000000000000e+01 -3.400000000000000000e+01 4.840100000000000000e+04 4.819600000000000000e+04 5.008500000000000000e+04 4.422500000000000000e+04 2.151233447005506605e+01 3.290000000000000000e+02
-5.200000000000000000e+01 8.300000000000000000e+01 -3.100000000000000000e+01 4.876100000000000000e+04 4.834100000000000000e+04 4.993900000000000000e+04 4.458300000000000000e+04 2.152306508703622967e+01 3.290000000000000000e+02
-6.600000000000000000e+01 8.800000000000000000e+01 -1.100000000000000000e+01 4.886900000000000000e+04 4.752000000000000000e+04 4.988600000000000000e+04 4.502600000000000000e+04 2.153302657802123576e+01 3.290000000000000000e+02
-7.900000000000000000e+01 9.900000000000000000e+01 -4.300000000000000000e+01 4.835500000000000000e+04 4.768800000000000000e+04 4.998800000000000000e+04 4.503100000000000000e+04 2.154331435903441161e+01 3.290000000000000000e+02
-9.300000000000000000e+01 9.400000000000000000e+01 -4.400000000000000000e+01 4.823900000000000000e+04 4.753000000000000000e+04 4.987300000000000000e+04 4.526300000000000000e+04 2.155237547506112605e+01 3.510000000000000000e+02
-1.140000000000000000e+02 8.900000000000000000e+01 -2.800000000000000000e+01 4.880400000000000000e+04 4.788300000000000000e+04 5.018300000000000000e+04 4.552200000000000000e+04 2.156273795606102794e+01 3.510000000000000000e+02
-1.220000000000000000e+02 1.040000000000000000e+02 -4.300000000000000000e+01 4.835300000000000000e+04 4.769200000000000000e+04 5.051700000000000000e+04 4.563400000000000000e+04 2.157328101503662765e+01 3.510000000000000000e+02
-1.190000000000000000e+02 1.300000000000000000e+02 -2.500000000000000000e+01 4.887400000000000000e+04 4.702800000000000000e+04 5.001500000000000000e+04 4.615200000000000000e+04 2.158269766997545958e+01 3.510000000000000000e+02
-1.060000000000000000e+02 1.000000000000000000e+02 -1.900000000000000000e+01 4.875700000000000000e+04 4.782600000000000000e+04 5.016200000000000000e+04 4.534900000000000000e+04 2.159272062301170081e+01 3.510000000000000000e+02
-5.000000000000000000e+01 9.500000000000000000e+01 -1.800000000000000000e+01 4.926100000000000000e+04 4.919300000000000000e+04 5.004300000000000000e+04 4.460900000000000000e+04 2.160264996404293925e+01 3.770000000000000000e+02
-1.400000000000000000e+01 3.500000000000000000e+01 -4.900000000000000000e+01 4.871700000000000000e+04 4.947700000000000000e+04 5.034400000000000000e+04 4.413200000000000000e+04 2.161247154604643583e+01 3.770000000000000000e+02
-6.300000000000000000e+01 7.200000000000000000e+01 -3.000000000000000000e+01 4.861600000000000000e+04 4.804500000000000000e+04 5.045500000000000000e+04 4.538200000000000000e+04 2.162272845895495266e+01 3.770000000000000000e+02
-5.000000000000000000e+00 2.600000000000000000e+01 -4.300000000000000000e+01 4.881400000000000000e+04 4.926600000000000000e+04 4.983500000000000000e+04 4.413700000000000000e+04 2.163284945499617606e+01 3.770000000000000000e+02
-3.500000000000000000e+01 4.700000000000000000e+01 -1.600000000000000000e+01 4.935800000000000000e+04 4.853000000000000000e+04 5.000200000000000000e+04 4.539800000000000000e+04 2.164305118599440902e+01 4.000000000000000000e+02
-8.400000000000000000e+01 7.300000000000000000e+01 -3.900000000000000000e+01 4.933700000000000000e+04 4.871800000000000000e+04 4.987500000000000000e+04 4.518000000000000000e+04 2.165270718396641314e+01 4.000000000000000000e+02
-1.010000000000000000e+02 6.500000000000000000e+01 -1.900000000000000000e+01 4.924000000000000000e+04 4.852600000000000000e+04 4.989200000000000000e+04 4.521200000000000000e+04 2.166266975295729935e+01 4.000000000000000000e+02
-8.800000000000000000e+01 2.700000000000000000e+01 -3.800000000000000000e+01 4.891200000000000000e+04 4.932500000000000000e+04 4.997500000000000000e+04 4.412900000000000000e+04 2.167250971298199147e+01 4.000000000000000000e+02
-1.980000000000000000e+02 7.600000000000000000e+01 -4.800000000000000000e+01 4.834800000000000000e+04 4.749400000000000000e+04 5.016800000000000000e+04 4.644600000000000000e+04 2.168324771302286536e+01 4.150000000000000000e+02
-2.210000000000000000e+02 8.300000000000000000e+01 -2.100000000000000000e+01 4.868100000000000000e+04 4.829100000000000000e+04 5.066400000000000000e+04 4.581300000000000000e+04 2.169259268802125007e+01 4.150000000000000000e+02
-2.790000000000000000e+02 8.900000000000000000e+01 -3.900000000000000000e+01 4.826800000000000000e+04 4.727000000000000000e+04 5.071200000000000000e+04 4.661300000000000000e+04 2.170225104701239616e+01 4.150000000000000000e+02
-2.030000000000000000e+02 6.000000000000000000e+01 -3.500000000000000000e+01 4.844100000000000000e+04 4.857900000000000000e+04 5.018100000000000000e+04 4.536900000000000000e+04 2.171272399602457881e+01 4.150000000000000000e+02
-1.980000000000000000e+02 5.800000000000000000e+01 -3.700000000000000000e+01 4.836600000000000000e+04 4.870200000000000000e+04 5.031100000000000000e+04 4.525600000000000000e+04 2.172260795603506267e+01 4.150000000000000000e+02
-1.610000000000000000e+02 8.400000000000000000e+01 -4.000000000000000000e+01 4.925400000000000000e+04 4.856500000000000000e+04 5.010400000000000000e+04 4.587400000000000000e+04 2.173252292105462402e+01 4.410000000000000000e+02
-9.600000000000000000e+01 9.300000000000000000e+01 -3.400000000000000000e+01 4.935200000000000000e+04 4.902600000000000000e+04 4.977400000000000000e+04 4.522700000000000000e+04 2.174307300802320242e+01 4.410000000000000000e+02
-5.600000000000000000e+01 1.160000000000000000e+02 -4.500000000000000000e+01 4.972200000000000000e+04 4.839500000000000000e+04 4.902800000000000000e+04 4.561300000000000000e+04 2.175300697505008429e+01 4.410000000000000000e+02
-7.000000000000000000e+00 1.480000000000000000e+02 -3.000000000000000000e+01 5.015300000000000000e+04 4.786000000000000000e+04 4.862300000000000000e+04 4.607900000000000000e+04 2.176262893097009510e+01 4.410000000000000000e+02
1.100000000000000000e+01 7.700000000000000000e+01 -4.900000000000000000e+01 4.930000000000000000e+04 4.951200000000000000e+04 4.975800000000000000e+04 4.511900000000000000e+04 2.177295820997096598e+01 4.730000000000000000e+02
1.500000000000000000e+01 5.500000000000000000e+01 -5.100000000000000000e+01 4.918400000000000000e+04 4.921500000000000000e+04 4.957000000000000000e+04 4.517500000000000000e+04 2.178314621397294104e+01 4.730000000000000000e+02
-3.500000000000000000e+01 5.400000000000000000e+01 -6.000000000000000000e+01 4.880900000000000000e+04 4.864700000000000000e+04 4.971100000000000000e+04 4.575600000000000000e+04 2.179265913600102067e+01 4.730000000000000000e+02
