2.100000000000000000e+01 8.000000000000000000e+00 1.600000000000000000e+01 4.792100000000000000e+04 4.948500000000000000e+04 5.113300000000000000e+04 4.583000000000000000e+04 2.260226861294358969e+01 8.110000000000000000e+02
1.000000000000000000e+00 2.100000000000000000e+01 6.000000000000000000e+00 4.817600000000000000e+04 4.914300000000000000e+04 5.079700000000000000e+04 4.640800000000000000e+04 2.261264151602517813e+01 8.110000000000000000e+02
6.000000000000000000e+00 3.000000000000000000e+01 1.600000000000000000e+01 4.807400000000000000e+04 4.899100000000000000e+04 5.099300000000000000e+04 4.649800000000000000e+04 2.262227896205149591e+01 8.130000000000000000e+02
-6.900000000000000000e+01 3.700000000000000000e+01 3.000000000000000000e+00 4.726700000000000000e+04 4.795100000000000000e+04 5.151400000000000000e+04 4.747900000000000000e+04 2.263240102597046643e+01 8.130000000000000000e+02
-8.300000000000000000e+01 5.200000000000000000e+01 8.000000000000000000e+00 4.767700000000000000e+04 4.794100000000000000e+04 5.143200000000000000e+04 4.752200000000000000e+04 2.264254253602121025e+01 8.130000000000000000e+02
-7.200000000000000000e+01 9.000000000000000000e+00 1.500000000000000000e+01 4.739400000000000000e+04 4.886700000000000000e+04 5.149200000000000000e+04 4.640400000000000000e+04 2.265352287702262402e+01 8.130000000000000000e+02
-4.200000000000000000e+01 -1.800000000000000000e+01 1.400000000000000000e+01 4.731100000000000000e+04 4.963600000000000000e+04 5.165000000000000000e+04 4.542500000000000000e+04 2.266267477499786764e+01 8.090000000000000000e+02
-1.900000000000000000e+01 -2.000000000000000000e+00 1.500000000000000000e+01 4.820000000000000000e+04 4.950000000000000000e+04 5.110400000000000000e+04 4.596200000000000000e+04 2.267196286201942712e+01 8.090000000000000000e+02
-1.200000000000000000e+01 3.600000000000000000e+01 4.000000000000000000e+00 4.820100000000000000e+04 4.940700000000000000e+04 5.112000000000000000e+04 4.603800000000000000e+04 2.268257001100573689e+01 8.090000000000000000e+02
-2.400000000000000000e+01 5.400000000000000000e+01 9.000000000000000000e+00 4.789100000000000000e+04 4.871600000000000000e+04 5.131600000000000000e+04 4.683900000000000000e+04 2.269306337798479944e+01 8.090000000000000000e+02
-5.600000000000000000e+01 4.500000000000000000e+01 3.000000000000000000e+00 4.770800000000000000e+04 4.884900000000000000e+04 5.162200000000000000e+04 4.684800000000000000e+04 2.270340062794275582e+01 8.090000000000000000e+02
-4.900000000000000000e+01 3.100000000000000000e+01 1.000000000000000000e+00 4.756600000000000000e+04 4.920700000000000000e+04 5.176100000000000000e+04 4.653400000000000000e+04 2.271269549697171897e+01 8.090000000000000000e+02
-4.200000000000000000e+01 2.800000000000000000e+01 -2.000000000000000000e+00 4.789000000000000000e+04 4.861000000000000000e+04 5.143100000000000000e+04 4.726600000000000000e+04 2.272221826401073486e+01 8.090000000000000000e+02
-4.400000000000000000e+01 3.200000000000000000e+01 2.000000000000000000e+00 4.773000000000000000e+04 4.887100000000000000e+04 5.159200000000000000e+04 4.690100000000000000e+04 2.273325362603645772e+01 8.090000000000000000e+02
-2.900000000000000000e+01 1.000000000000000000e+01 4.000000000000000000e+00 4.750800000000000000e+04 4.954100000000000000e+04 5.192500000000000000e+04 4.635900000000000000e+04 2.274365718499757349e+01 8.090000000000000000e+02
-1.600000000000000000e+01 -4.000000000000000000e+00 2.000000000000000000e+00 4.777400000000000000e+04 4.964100000000000000e+04 5.187800000000000000e+04 4.660900000000000000e+04 2.275247016700450331e+01 8.070000000000000000e+02
-1.700000000000000000e+01 1.000000000000000000e+00 3.000000000000000000e+00 4.774500000000000000e+04 4.906900000000000000e+04 5.189900000000000000e+04 4.722100000000000000e+04 2.276320490299258381e+01 8.070000000000000000e+02
-1.000000000000000000e+01 -4.400000000000000000e+01 -6.000000000000000000e+00 4.748600000000000000e+04 4.968200000000000000e+04 5.205200000000000000e+04 4.656100000000000000e+04 2.277372128795832396e+01 8.070000000000000000e+02
4.000000000000000000e+00 -2.700000000000000000e+01 -2.200000000000000000e+01 4.779700000000000000e+04 4.942800000000000000e+04 5.158800000000000000e+04 4.695300000000000000e+04 2.278284927201457322e+01 8.070000000000000000e+02
1.500000000000000000e+01 -1.600000000000000000e+01 -1.300000000000000000e+01 4.746200000000000000e+04 4.979400000000000000e+04 5.192400000000000000e+04 4.643300000000000000e+04 2.279224195494316518e+01 8.060000000000000000e+02
2.800000000000000000e+01 -3.000000000000000000e+01 -2.700000000000000000e+01 4.746700000000000000e+04 4.986600000000000000e+04 5.188400000000000000e+04 4.674300000000000000e+04 2.280275111901573837e+01 8.060000000000000000e+02
5.600000000000000000e+01 -5.000000000000000000e+01 -2.500000000000000000e+01 4.728400000000000000e+04 5.052700000000000000e+04 5.199800000000000000e+04 4.598400000000000000e+04 2.281278980104252696e+01 8.060000000000000000e+02
6.000000000000000000e+01 -2.000000000000000000e+01 -2.100000000000000000e+01 4.786700000000000000e+04 5.039700000000000000e+04 5.158300000000000000e+04 4.602800000000000000e+04 2.282318123104050756e+01 8.060000000000000000e+02
8.300000000000000000e+01 2.200000000000000000e+01 -3.100000000000000000e+01 4.801900000000000000e+04 5.045700000000000000e+04 5.128500000000000000e+04 4.613400000000000000e+04 2.283210495393723249e+01 8.060000000000000000e+02
4.500000000000000000e+01 6.100000000000000000e+01 -2.600000000000000000e+01 4.785400000000000000e+04 4.962200000000000000e+04 5.153400000000000000e+04 4.699500000000000000e+04 2.284215127595234662e+01 8.060000000000000000e+02
3.700000000000000000e+01 8.500000000000000000e+01 -3.100000000000000000e+01 4.826200000000000000e+04 4.944800000000000000e+04 5.114400000000000000e+04 4.724500000000000000e+04 2.285222836502362043e+01 8.060000000000000000e+02
4.300000000000000000e+01 9.200000000000000000e+01 -2.500000000000000000e+01 4.853300000000000000e+04 4.946200000000000000e+04 5.082600000000000000e+04 4.720200000000000000e+04 2.286213246500119567e+01 8.060000000000000000e+02
2.600000000000000000e+01 1.570000000000000000e+02 -3.100000000000000000e+01 4.897500000000000000e+04 4.847100000000000000e+04 5.034500000000000000e+04 4.821800000000000000e+04 2.287214063003193587e+01 8.060000000000000000e+02
2.100000000000000000e+01 1.260000000000000000e+02 -3.300000000000000000e+01 4.856400000000000000e+04 4.931600000000000000e+04 5.111300000000000000e+04 4.781300000000000000e+04 2.288550226599909365e+01 8.020000000000000000e+02
1.400000000000000000e+01 7.000000000000000000e+01 -2.300000000000000000e+01 4.869900000000000000e+04 4.959100000000000000e+04 5.093500000000000000e+04 4.762500000000000000e+04 2.289226702903397381e+01 8.020000000000000000e+02
2.000000000000000000e+00 3.500000000000000000e+01 -3.100000000000000000e+01 4.848100000000000000e+04 4.997900000000000000e+04 5.122300000000000000e+04 4.744500000000000000e+04 2.290268883795943111e+01 8.020000000000000000e+02
2.500000000000000000e+01 -1.600000000000000000e+01 -2.900000000000000000e+01 4.809000000000000000e+04 5.069900000000000000e+04 5.147800000000000000e+04 4.670300000000000000e+04 2.291271845705341548e+01 8.020000000000000000e+02
5.000000000000000000e+00 -9.100000000000000000e+01 -3.500000000000000000e+01 4.729900000000000000e+04 5.028100000000000000e+04 5.228500000000000000e+04 4.697700000000000000e+04 2.292202424805145711e+01 8.040000000000000000e+02
1.400000000000000000e+01 -1.230000000000000000e+02 -2.900000000000000000e+01 4.797500000000000000e+04 5.066900000000000000e+04 5.150100000000000000e+04 4.655100000000000000e+04 2.293179794400930405e+01 8.040000000000000000e+02
-9.000000000000000000e+00 -1.350000000000000000e+02 -2.800000000000000000e+01 4.661700000000000000e+04 4.926900000000000000e+04 5.269100000000000000e+04 4.795700000000000000e+04 2.294213535194285214e+01 8.040000000000000000e+02
5.300000000000000000e+01 -1.600000000000000000e+02 -1.700000000000000000e+01 4.684500000000000000e+04 4.943600000000000000e+04 5.248500000000000000e+04 4.776400000000000000e+04 2.295267499703913927e+01 8.040000000000000000e+02
1.220000000000000000e+02 -1.690000000000000000e+02 -1.000000000000000000e+01 4.737600000000000000e+04 5.031600000000000000e+04 5.202200000000000000e+04 4.667600000000000000e+04 2.296240092895459384e+01 8.050000000000000000e+02
1.790000000000000000e+02 -1.690000000000000000e+02 -2.000000000000000000e+01 4.766300000000000000e+04 5.041100000000000000e+04 5.146400000000000000e+04 4.629200000000000000e+04 2.297300902800634503e+01 8.050000000000000000e+02
1.950000000000000000e+02 -1.560000000000000000e+02 -1.800000000000000000e+01 4.757800000000000000e+04 5.022600000000000000e+04 5.133100000000000000e+04 4.620800000000000000e+04 2.298180968803353608e+01 8.050000000000000000e+02
2.080000000000000000e+02 -1.110000000000000000e+02 -3.000000000000000000e+01 4.777000000000000000e+04 5.003200000000000000e+04 5.101700000000000000e+04 4.644500000000000000e+04 2.299181964294984937e+01 8.050000000000000000e+02
2.110000000000000000e+02 -1.030000000000000000e+02 -3.500000000000000000e+01 4.818000000000000000e+04 5.025000000000000000e+04 5.050100000000000000e+04 4.622100000000000000e+04 2.300195018597878516e+01 8.050000000000000000e+02
1.850000000000000000e+02 -8.700000000000000000e+01 -3.500000000000000000e+01 4.745800000000000000e+04 4.967400000000000000e+04 5.064400000000000000e+04 4.637000000000000000e+04 2.301224041404202580e+01 8.080000000000000000e+02
1.490000000000000000e+02 -9.300000000000000000e+01 -3.400000000000000000e+01 4.740700000000000000e+04 4.970700000000000000e+04 5.058800000000000000e+04 4.634200000000000000e+04 2.302320295094978064e+01 8.080000000000000000e+02
1.110000000000000000e+02 -7.400000000000000000e+01 -4.600000000000000000e+01 4.742300000000000000e+04 4.894400000000000000e+04 5.040600000000000000e+04 4.721500000000000000e+04 2.303275146894156933e+01 8.080000000000000000e+02
8.300000000000000000e+01 -9.500000000000000000e+01 -5.300000000000000000e+01 4.693200000000000000e+04 4.961500000000000000e+04 5.058900000000000000e+04 4.629000000000000000e+04 2.304175228695385158e+01 8.080000000000000000e+02
7.900000000000000000e+01 -8.000000000000000000e+01 -4.500000000000000000e+01 4.751100000000000000e+04 4.885100000000000000e+04 4.975500000000000000e+04 4.696100000000000000e+04 2.305243328900542110e+01 8.080000000000000000e+02
6.100000000000000000e+01 -9.600000000000000000e+01 -5.600000000000000000e+01 4.743800000000000000e+04 4.892500000000000000e+04 4.969800000000000000e+04 4.693500000000000000e+04 2.306186041003093123e+01 8.080000000000000000e+02
5.400000000000000000e+01 -9.100000000000000000e+01 -4.100000000000000000e+01 4.719300000000000000e+04 4.943100000000000000e+04 4.997200000000000000e+04 4.616900000000000000e+04 2.307185025000944734e+01 8.080000000000000000e+02
6.100000000000000000e+01 -1.150000000000000000e+02 -3.400000000000000000e+01 4.702000000000000000e+04 4.880800000000000000e+04 4.997100000000000000e+04 4.660500000000000000e+04 2.308242718002293259e+01 8.080000000000000000e+02
5.400000000000000000e+01 -1.300000000000000000e+02 -4.300000000000000000e+01 4.674000000000000000e+04 4.933800000000000000e+04 5.011000000000000000e+04 4.616500000000000000e+04 2.309203291195444763e+01 8.100000000000000000e+02
5.500000000000000000e+01 -1.790000000000000000e+02 -4.600000000000000000e+01 4.612300000000000000e+04 4.958800000000000000e+04 5.038600000000000000e+04 4.562800000000000000e+04 2.310186314897146076e+01 8.100000000000000000e+02
3.900000000000000000e+01 -1.800000000000000000e+02 -3.500000000000000000e+01 4.675300000000000000e+04 4.897300000000000000e+04 4.979100000000000000e+04 4.619500000000000000e+04 2.311196135100908577e+01 8.100000000000000000e+02
2.400000000000000000e+01 -1.930000000000000000e+02 -3.800000000000000000e+01 4.638100000000000000e+04 4.906000000000000000e+04 5.000200000000000000e+04 4.609100000000000000e+04 2.312294303998351097e+01 8.100000000000000000e+02
1.200000000000000000e+01 -2.020000000000000000e+02 -3.900000000000000000e+01 4.625800000000000000e+04 4.933000000000000000e+04 5.009500000000000000e+04 4.578300000000000000e+04 2.313204180297907442e+01 8.120000000000000000e+02
2.000000000000000000e+00 -2.030000000000000000e+02 -3.800000000000000000e+01 4.604800000000000000e+04 4.940400000000000000e+04 5.008600000000000000e+04 4.543100000000000000e+04 2.314190063602291048e+01 8.120000000000000000e+02
-2.000000000000000000e+00 -2.060000000000000000e+02 -3.000000000000000000e+01 4.611500000000000000e+04 4.943000000000000000e+04 5.003200000000000000e+04 4.534300000000000000e+04 2.315221491002012044e+01 8.120000000000000000e+02
1.000000000000000000e+00 -1.880000000000000000e+02 -3.100000000000000000e+01 4.646200000000000000e+04 4.930700000000000000e+04 4.957800000000000000e+04 4.531100000000000000e+04 2.316226900601759553e+01 8.120000000000000000e+02
-9.000000000000000000e+00 -1.760000000000000000e+02 -3.200000000000000000e+01 4.654500000000000000e+04 4.915600000000000000e+04 4.965500000000000000e+04 4.570000000000000000e+04 2.317193505994509906e+01 8.120000000000000000e+02
-2.100000000000000000e+01 -1.470000000000000000e+02 -1.400000000000000000e+01 4.642600000000000000e+04 4.880400000000000000e+04 4.986000000000000000e+04 4.615100000000000000e+04 2.318165189796127379e+01 8.110000000000000000e+02
-3.200000000000000000e+01 -1.320000000000000000e+02 -1.100000000000000000e+01 4.639700000000000000e+04 4.908700000000000000e+04 4.986400000000000000e+04 4.560100000000000000e+04 2.319298424199223518e+01 8.110000000000000000e+02
-4.700000000000000000e+01 -1.440000000000000000e+02 -7.000000000000000000e+00 4.623500000000000000e+04 4.882000000000000000e+04 5.013200000000000000e+04 4.620700000000000000e+04 2.320143809099681675e+01 8.110000000000000000e+02
-3.000000000000000000e+01 -1.290000000000000000e+02 0.000000000000000000e+00 4.701100000000000000e+04 4.906600000000000000e+04 4.956200000000000000e+04 4.598900000000000000e+04 2.321301026502624154e+01 8.110000000000000000e+02
-3.100000000000000000e+01 -1.360000000000000000e+02 3.000000000000000000e+00 4.714900000000000000e+04 4.872700000000000000e+04 4.956400000000000000e+04 4.633500000000000000e+04 2.322164909495040774e+01 8.090000000000000000e+02
-5.900000000000000000e+01 -1.070000000000000000e+02 4.000000000000000000e+00 4.706300000000000000e+04 4.877500000000000000e+04 5.015200000000000000e+04 4.672400000000000000e+04 2.323170263599604368e+01 8.090000000000000000e+02
-6.500000000000000000e+01 -1.410000000000000000e+02 7.000000000000000000e+00 4.694300000000000000e+04 4.887400000000000000e+04 5.023800000000000000e+04 4.679700000000000000e+04 2.324237422703299671e+01 8.090000000000000000e+02
-7.900000000000000000e+01 -1.620000000000000000e+02 -1.000000000000000000e+01 4.664400000000000000e+04 4.949600000000000000e+04 5.074200000000000000e+04 4.629700000000000000e+04 2.325222233799286187e+01 8.090000000000000000e+02
-8.400000000000000000e+01 -1.660000000000000000e+02 -6.000000000000000000e+00 4.705400000000000000e+04 4.926000000000000000e+04 5.043400000000000000e+04 4.670600000000000000e+04 2.326275661599356681e+01 8.090000000000000000e+02
-1.140000000000000000e+02 -1.580000000000000000e+02 -2.000000000000000000e+01 4.662200000000000000e+04 4.922600000000000000e+04 5.103400000000000000e+04 4.722500000000000000e+04 2.327175155701115727e+01 8.090000000000000000e+02
-1.410000000000000000e+02 -1.420000000000000000e+02 -2.500000000000000000e+01 4.631400000000000000e+04 4.928800000000000000e+04 5.125000000000000000e+04 4.732900000000000000e+04 2.328279827698133886e+01 8.090000000000000000e+02
-1.420000000000000000e+02 -1.360000000000000000e+02 -2.300000000000000000e+01 4.659700000000000000e+04 4.958900000000000000e+04 5.104800000000000000e+04 4.700300000000000000e+04 2.329213846696075052e+01 8.090000000000000000e+02
-1.400000000000000000e+02 -1.430000000000000000e+02 -3.400000000000000000e+01 4.657600000000000000e+04 4.976900000000000000e+04 5.115100000000000000e+04 4.714100000000000000e+04 2.330169826804194599e+01 8.090000000000000000e+02
-1.360000000000000000e+02 -1.700000000000000000e+02 -3.500000000000000000e+01 4.651700000000000000e+04 4.997700000000000000e+04 5.098500000000000000e+04 4.670600000000000000e+04 2.331274503900203854e+01 8.130000000000000000e+02
-1.260000000000000000e+02 -1.570000000000000000e+02 -3.600000000000000000e+01 4.654500000000000000e+04 4.997900000000000000e+04 5.093600000000000000e+04 4.681500000000000000e+04 2.332220137293916196e+01 8.130000000000000000e+02
-1.000000000000000000e+02 -9.900000000000000000e+01 -4.800000000000000000e+01 4.655400000000000000e+04 4.941100000000000000e+04 5.076900000000000000e+04 4.771600000000000000e+04 2.333407385903410614e+01 8.130000000000000000e+02
-6.300000000000000000e+01 -6.700000000000000000e+01 -3.600000000000000000e+01 4.697400000000000000e+04 5.002000000000000000e+04 5.042500000000000000e+04 4.708100000000000000e+04 2.334170880296733230e+01 8.130000000000000000e+02
-3.400000000000000000e+01 -7.800000000000000000e+01 -4.900000000000000000e+01 4.693800000000000000e+04 5.030300000000000000e+04 5.029300000000000000e+04 4.691400000000000000e+04 2.335208688094280660e+01 8.100000000000000000e+02
-1.600000000000000000e+01 -3.200000000000000000e+01 -6.300000000000000000e+01 4.761000000000000000e+04 4.960200000000000000e+04 4.972300000000000000e+04 4.786900000000000000e+04 2.336187023401726037e+01 8.100000000000000000e+02
-1.600000000000000000e+01 -1.800000000000000000e+01 -6.600000000000000000e+01 4.709500000000000000e+04 4.967200000000000000e+04 5.017700000000000000e+04 4.789100000000000000e+04 2.337193633103743196e+01 8.100000000000000000e+02
-2.600000000000000000e+01 -2.600000000000000000e+01 -5.400000000000000000e+01 4.733600000000000000e+04 5.006700000000000000e+04 4.995400000000000000e+04 4.761200000000000000e+04 2.338238191301934421e+01 8.100000000000000000e+02
-5.600000000000000000e+01 -1.100000000000000000e+01 -6.000000000000000000e+01 4.728000000000000000e+04 4.989300000000000000e+04 5.014900000000000000e+04 4.777600000000000000e+04 2.339217172202188522e+01 8.090000000000000000e+02
-7.500000000000000000e+01 -1.800000000000000000e+01 -6.700000000000000000e+01 4.701500000000000000e+04 5.003500000000000000e+04 5.032900000000000000e+04 4.798000000000000000e+04 2.340210441104136407e+01 8.090000000000000000e+02
-9.000000000000000000e+01 -1.700000000000000000e+01 -6.200000000000000000e+01 4.709100000000000000e+04 4.953300000000000000e+04 5.039500000000000000e+04 4.837900000000000000e+04 2.341177043993957341e+01 8.090000000000000000e+02
-1.010000000000000000e+02 -2.200000000000000000e+01 -5.000000000000000000e+01 4.677800000000000000e+04 4.971000000000000000e+04 5.064700000000000000e+04 4.825200000000000000e+04 2.342204963194672018e+01 8.090000000000000000e+02
-9.300000000000000000e+01 -4.900000000000000000e+01 -7.100000000000000000e+01 4.678700000000000000e+04 5.022300000000000000e+04 5.061300000000000000e+04 4.779300000000000000e+04 2.343215738795697689e+01 8.090000000000000000e+02
-6.700000000000000000e+01 -9.500000000000000000e+01 -7.300000000000000000e+01 4.627900000000000000e+04 5.072600000000000000e+04 5.077300000000000000e+04 4.756200000000000000e+04 2.344272701197769493e+01 8.090000000000000000e+02
-2.500000000000000000e+01 -7.500000000000000000e+01 -6.900000000000000000e+01 4.672200000000000000e+04 5.075600000000000000e+04 5.037300000000000000e+04 4.744700000000000000e+04 2.345189981197472662e+01 8.090000000000000000e+02
1.700000000000000000e+01 -5.500000000000000000e+01 -7.200000000000000000e+01 4.708300000000000000e+04 5.074600000000000000e+04 4.995400000000000000e+04 4.744900000000000000e+04 2.346142389101441950e+01 8.090000000000000000e+02
1.200000000000000000e+01 -2.300000000000000000e+01 -7.500000000000000000e+01 4.684700000000000000e+04 5.092700000000000000e+04 5.011800000000000000e+04 4.767200000000000000e+04 2.347156018693931401e+01 8.090000000000000000e+02
4.300000000000000000e+01 -1.700000000000000000e+01 -7.400000000000000000e+01 4.723900000000000000e+04 5.105300000000000000e+04 4.978700000000000000e+04 4.767300000000000000e+04 2.348139598895795643e+01 8.080000000000000000e+02
5.300000000000000000e+01 1.200000000000000000e+01 -7.900000000000000000e+01 4.758300000000000000e+04 5.094000000000000000e+04 4.939600000000000000e+04 4.786200000000000000e+04 2.349143443501088768e+01 8.080000000000000000e+02
5.300000000000000000e+01 3.200000000000000000e+01 -8.500000000000000000e+01 4.734300000000000000e+04 5.095200000000000000e+04 4.961700000000000000e+04 4.775200000000000000e+04 2.350143541197758168e+01 8.080000000000000000e+02
2.900000000000000000e+01 4.500000000000000000e+01 -1.020000000000000000e+02 4.724400000000000000e+04 5.033900000000000000e+04 4.956000000000000000e+04 4.848800000000000000e+04 2.351216965902131051e+01 8.080000000000000000e+02
2.000000000000000000e+01 6.100000000000000000e+01 -1.010000000000000000e+02 4.690600000000000000e+04 5.061900000000000000e+04 4.944800000000000000e+04 4.856500000000000000e+04 2.352130815398413688e+01 8.100000000000000000e+02
-7.000000000000000000e+00 2.200000000000000000e+01 -9.200000000000000000e+01 4.609700000000000000e+04 5.071600000000000000e+04 5.004900000000000000e+04 4.809700000000000000e+04 2.353196908393874764e+01 8.100000000000000000e+02
1.000000000000000000e+00 2.300000000000000000e+01 -9.100000000000000000e+01 4.671500000000000000e+04 5.079300000000000000e+04 4.946600000000000000e+04 4.809800000000000000e+04 2.354168031294830143e+01 8.100000000000000000e+02
-2.900000000000000000e+01 4.200000000000000000e+01 -9.400000000000000000e+01 4.634700000000000000e+04 5.062500000000000000e+04 4.962700000000000000e+04 4.840500000000000000e+04 2.355175517499446869e+01 8.100000000000000000e+02
-6.300000000000000000e+01 5.700000000000000000e+01 -8.900000000000000000e+01 4.613500000000000000e+04 4.997600000000000000e+04 4.968600000000000000e+04 4.877400000000000000e+04 2.356145271798595786e+01 8.100000000000000000e+02
-8.700000000000000000e+01 1.070000000000000000e+02 -8.000000000000000000e+01 4.649300000000000000e+04 4.943200000000000000e+04 4.923900000000000000e+04 4.919000000000000000e+04 2.357496906898450106e+01 8.090000000000000000e+02
-1.000000000000000000e+02 1.100000000000000000e+02 -9.000000000000000000e+01 4.616700000000000000e+04 4.922300000000000000e+04 4.928100000000000000e+04 4.958000000000000000e+04 2.358197140996344388e+01 8.090000000000000000e+02
-8.100000000000000000e+01 1.050000000000000000e+02 -8.200000000000000000e+01 4.648000000000000000e+04 4.935800000000000000e+04 4.935200000000000000e+04 4.910600000000000000e+04 2.359160500299185514e+01 8.090000000000000000e+02
-5.900000000000000000e+01 8.600000000000000000e+01 -7.400000000000000000e+01 4.623100000000000000e+04 4.944200000000000000e+04 4.924000000000000000e+04 4.938500000000000000e+04 2.360187205695547163e+01 8.090000000000000000e+02
-2.800000000000000000e+01 6.700000000000000000e+01 -5.000000000000000000e+01 4.734600000000000000e+04 5.047700000000000000e+04 4.999300000000000000e+04 4.979200000000000000e+04 2.361222381703555584e+01 7.930000000000000000e+02
5.000000000000000000e+00 2.400000000000000000e+01 -2.700000000000000000e+01 4.750100000000000000e+04 5.098400000000000000e+04 5.008700000000000000e+04 4.903800000000000000e+04 2.362142380699515343e+01 7.930000000000000000e+02
5.100000000000000000e+01 0.000000000000000000e+00 -1.800000000000000000e+01 4.767900000000000000e+04 5.144200000000000000e+04 5.003600000000000000e+04 4.847200000000000000e+04 2.363196993502788246e+01 7.930000000000000000e+02
5.000000000000000000e+01 -3.300000000000000000e+01 -2.400000000000000000e+01 4.734700000000000000e+04 5.167700000000000000e+04 5.065200000000000000e+04 4.860600000000000000e+04 2.364173674199264497e+01 7.930000000000000000e+02
6.100000000000000000e+01 -5.200000000000000000e+01 -1.400000000000000000e+01 4.748900000000000000e+04 5.189100000000000000e+04 5.061100000000000000e+04 4.830500000000000000e+04 2.365207368799019605e+01 3.900000000000000000e+01
4.700000000000000000e+01 -4.800000000000000000e+01 -4.000000000000000000e+00 4.837400000000000000e+04 5.258600000000000000e+04 5.114400000000000000e+04 4.898200000000000000e+04 2.366185072599910200e+01 3.900000000000000000e+01
6.100000000000000000e+01 -3.800000000000000000e+01 -1.200000000000000000e+01 4.860700000000000000e+04 5.230600000000000000e+04 5.107100000000000000e+04 4.950300000000000000e+04 2.367134388594422489e+01 3.900000000000000000e+01
3.300000000000000000e+01 1.200000000000000000e+01 -2.000000000000000000e+01 4.835200000000000000e+04 5.209200000000000000e+04 5.138800000000000000e+04 4.992200000000000000e+04 2.368233797594439238e+01 3.900000000000000000e+01
4.800000000000000000e+01 3.200000000000000000e+01 -1.000000000000000000e+00 4.905000000000000000e+04 5.226800000000000000e+04 5.067500000000000000e+04 4.959500000000000000e+04 2.369206922594457865e+01 3.900000000000000000e+01
2.800000000000000000e+01 7.100000000000000000e+01 -1.900000000000000000e+01 5.010700000000000000e+04 5.193400000000000000e+04 5.108700000000000000e+04 5.141200000000000000e+04 2.370171151903923601e+01 3.100000000000000000e+01
3.100000000000000000e+01 7.700000000000000000e+01 -1.000000000000000000e+01 4.932700000000000000e+04 5.181900000000000000e+04 5.173400000000000000e+04 5.142800000000000000e+04 2.371156305400654674e+01 3.100000000000000000e+01
3.800000000000000000e+01 8.500000000000000000e+01 -8.000000000000000000e+00 4.951400000000000000e+04 4.970900000000000000e+04 5.168300000000000000e+04 5.348400000000000000e+04 2.372215446596965194e+01 3.100000000000000000e+01
7.800000000000000000e+01 4.100000000000000000e+01 -2.700000000000000000e+01 4.865900000000000000e+04 4.973600000000000000e+04 5.254800000000000000e+04 5.355900000000000000e+04 2.373120605794247240e+01 3.100000000000000000e+01
1.730000000000000000e+02 -1.800000000000000000e+01 -3.600000000000000000e+01 4.783400000000000000e+04 4.872500000000000000e+04 5.058900000000000000e+04 5.192700000000000000e+04 2.374197368195746094e+01 6.000000000000000000e+01
3.800000000000000000e+02 -1.370000000000000000e+02 -1.000000000000000000e+01 4.860000000000000000e+04 5.058200000000000000e+04 4.963500000000000000e+04 5.006100000000000000e+04 2.375318226299714297e+01 6.000000000000000000e+01
5.310000000000000000e+02 -2.420000000000000000e+02 -1.700000000000000000e+01 4.893000000000000000e+04 5.123900000000000000e+04 4.930300000000000000e+04 4.903900000000000000e+04 2.376158234197646379e+01 6.000000000000000000e+01
6.270000000000000000e+02 -3.490000000000000000e+02 -8.000000000000000000e+00 4.920600000000000000e+04 5.159700000000000000e+04 4.855200000000000000e+04 4.777300000000000000e+04 2.377121074497699738e+01 6.000000000000000000e+01
6.820000000000000000e+02 -4.210000000000000000e+02 -1.000000000000000000e+00 4.820200000000000000e+04 5.221900000000000000e+04 4.908300000000000000e+04 4.683900000000000000e+04 2.378177113004494458e+01 6.100000000000000000e+01
6.750000000000000000e+02 -4.760000000000000000e+02 3.000000000000000000e+00 4.668100000000000000e+04 5.155200000000000000e+04 4.858300000000000000e+04 4.532500000000000000e+04 2.379195645893923938e+01 6.100000000000000000e+01
5.990000000000000000e+02 -4.720000000000000000e+02 1.900000000000000000e+01 4.556500000000000000e+04 4.971700000000000000e+04 4.966400000000000000e+04 4.707500000000000000e+04 2.380187702795956284e+01 6.100000000000000000e+01
5.240000000000000000e+02 -3.820000000000000000e+02 2.400000000000000000e+01 4.578600000000000000e+04 4.931800000000000000e+04 4.930200000000000000e+04 4.724700000000000000e+04 2.381191582302562892e+01 6.100000000000000000e+01
4.690000000000000000e+02 -2.970000000000000000e+02 4.600000000000000000e+01 4.570100000000000000e+04 4.927900000000000000e+04 4.886400000000000000e+04 4.643500000000000000e+04 2.382235752698034048e+01 6.100000000000000000e+01
3.890000000000000000e+02 -1.960000000000000000e+02 6.800000000000000000e+01 4.529000000000000000e+04 4.833000000000000000e+04 4.804800000000000000e+04 4.554500000000000000e+04 2.383105786202941090e+01 6.500000000000000000e+01
3.130000000000000000e+02 -7.300000000000000000e+01 7.400000000000000000e+01 4.593800000000000000e+04 4.655800000000000000e+04 4.751100000000000000e+04 4.712500000000000000e+04 2.384165389498230070e+01 6.500000000000000000e+01
2.100000000000000000e+02 2.000000000000000000e+01 7.300000000000000000e+01 4.580900000000000000e+04 4.639200000000000000e+04 4.729000000000000000e+04 4.682000000000000000e+04 2.385243128600995988e+01 6.500000000000000000e+01
1.300000000000000000e+02 6.500000000000000000e+01 8.400000000000000000e+01 4.572000000000000000e+04 4.628500000000000000e+04 4.729900000000000000e+04 4.667300000000000000e+04 2.386172978696413338e+01 6.500000000000000000e+01
4.900000000000000000e+01 1.130000000000000000e+02 7.100000000000000000e+01 4.467500000000000000e+04 4.440800000000000000e+04 4.822800000000000000e+04 4.831600000000000000e+04 2.387133940297644585e+01 7.000000000000000000e+01
7.000000000000000000e+00 1.480000000000000000e+02 8.200000000000000000e+01 4.413100000000000000e+04 4.333400000000000000e+04 4.769800000000000000e+04 4.820100000000000000e+04 2.388176901999395341e+01 7.000000000000000000e+01
2.400000000000000000e+01 1.580000000000000000e+02 8.000000000000000000e+01 4.417800000000000000e+04 4.357000000000000000e+04 4.770400000000000000e+04 4.783400000000000000e+04 2.389168497000355273e+01 7.000000000000000000e+01
1.210000000000000000e+02 1.250000000000000000e+02 7.500000000000000000e+01 4.469100000000000000e+04 4.549600000000000000e+04 4.707200000000000000e+04 4.584900000000000000e+04 2.390212914801668376e+01 7.000000000000000000e+01
2.110000000000000000e+02 8.700000000000000000e+01 9.700000000000000000e+01 4.512000000000000000e+04 4.644800000000000000e+04 4.664600000000000000e+04 4.486900000000000000e+04 2.391141610697377473e+01 7.000000000000000000e+01
2.800000000000000000e+02 2.700000000000000000e+01 7.700000000000000000e+01 4.504600000000000000e+04 4.676200000000000000e+04 4.618500000000000000e+04 4.364100000000000000e+04 2.392171472497284412e+01 7.400000000000000000e+01
2.610000000000000000e+02 -2.800000000000000000e+01 9.800000000000000000e+01 4.438300000000000000e+04 4.747900000000000000e+04 4.699800000000000000e+04 4.270600000000000000e+04 2.393140246998518705e+01 7.400000000000000000e+01
2.390000000000000000e+02 -6.800000000000000000e+01 9.400000000000000000e+01 4.456300000000000000e+04 4.747900000000000000e+04 4.704100000000000000e+04 4.262700000000000000e+04 2.394148389098700136e+01 7.400000000000000000e+01
2.100000000000000000e+02 -1.210000000000000000e+02 1.060000000000000000e+02 4.411600000000000000e+04 4.811100000000000000e+04 4.772500000000000000e+04 4.191000000000000000e+04 2.395220447203610092e+01 7.400000000000000000e+01
1.330000000000000000e+02 -1.120000000000000000e+02 1.060000000000000000e+02 4.391200000000000000e+04 4.778400000000000000e+04 4.789700000000000000e+04 4.188700000000000000e+04 2.396152132097631693e+01 7.800000000000000000e+01
5.800000000000000000e+01 -9.200000000000000000e+01 1.000000000000000000e+02 4.360200000000000000e+04 4.774200000000000000e+04 4.834300000000000000e+04 4.208400000000000000e+04 2.397118496301118284e+01 7.800000000000000000e+01
-2.400000000000000000e+01 5.000000000000000000e+00 8.600000000000000000e+01 4.438400000000000000e+04 4.673200000000000000e+04 4.760600000000000000e+04 4.364300000000000000e+04 2.398176746396347880e+01 7.800000000000000000e+01
-8.400000000000000000e+01 6.100000000000000000e+01 7.600000000000000000e+01 4.447000000000000000e+04 4.679200000000000000e+04 4.773300000000000000e+04 4.376800000000000000e+04 2.399213011295069009e+01 7.800000000000000000e+01
-1.810000000000000000e+02 1.240000000000000000e+02 7.700000000000000000e+01 4.401900000000000000e+04 4.556500000000000000e+04 4.830200000000000000e+04 4.534200000000000000e+04 2.400172060495242476e+01 7.900000000000000000e+01
-2.770000000000000000e+02 1.960000000000000000e+02 8.300000000000000000e+01 4.390100000000000000e+04 4.505200000000000000e+04 4.836400000000000000e+04 4.693900000000000000e+04 2.401129835995379835e+01 7.900000000000000000e+01
-3.180000000000000000e+02 2.650000000000000000e+02 8.500000000000000000e+01 4.543300000000000000e+04 4.358200000000000000e+04 4.878400000000000000e+04 4.707800000000000000e+04 2.402225966902915388e+01 7.900000000000000000e+01
-2.910000000000000000e+02 2.670000000000000000e+02 8.200000000000000000e+01 4.466000000000000000e+04 4.423800000000000000e+04 4.958100000000000000e+04 4.724300000000000000e+04 2.403135854098945856e+01 7.900000000000000000e+01
-2.500000000000000000e+02 2.200000000000000000e+02 5.600000000000000000e+01 4.473400000000000000e+04 4.624000000000000000e+04 4.917300000000000000e+04 4.614000000000000000e+04 2.404104965203441679e+01 7.900000000000000000e+01
-1.540000000000000000e+02 1.870000000000000000e+02 6.000000000000000000e+01 4.566500000000000000e+04 4.820900000000000000e+04 4.863900000000000000e+04 4.515700000000000000e+04 2.405171464395243675e+01 7.700000000000000000e+01
-6.600000000000000000e+01 1.440000000000000000e+02 4.900000000000000000e+01 4.622400000000000000e+04 4.785200000000000000e+04 4.900200000000000000e+04 4.534100000000000000e+04 2.406180776504334062e+01 7.700000000000000000e+01
-1.800000000000000000e+01 1.000000000000000000e+02 6.100000000000000000e+01 4.614000000000000000e+04 4.855300000000000000e+04 4.922400000000000000e+04 4.479800000000000000e+04 2.407156181405298412e+01 7.700000000000000000e+01
1.200000000000000000e+01 1.090000000000000000e+02 4.600000000000000000e+01 4.662900000000000000e+04 4.885000000000000000e+04 4.890000000000000000e+04 4.521200000000000000e+04 2.408141083002556115e+01 7.700000000000000000e+01
-1.400000000000000000e+01 1.290000000000000000e+02 3.900000000000000000e+01 4.737600000000000000e+04 4.737200000000000000e+04 4.946400000000000000e+04 4.623900000000000000e+04 2.409107661002781242e+01 7.400000000000000000e+01
-6.000000000000000000e+01 1.350000000000000000e+02 2.300000000000000000e+01 4.693800000000000000e+04 4.875400000000000000e+04 4.873400000000000000e+04 4.791700000000000000e+04 2.410185653704684228e+01 7.400000000000000000e+01
-6.100000000000000000e+01 1.840000000000000000e+02 3.600000000000000000e+01 4.825400000000000000e+04 4.804500000000000000e+04 4.950500000000000000e+04 4.699800000000000000e+04 2.411135914805345237e+01 7.400000000000000000e+01
-3.400000000000000000e+01 2.260000000000000000e+02 5.200000000000000000e+01 4.855600000000000000e+04 4.901800000000000000e+04 4.894000000000000000e+04 4.704000000000000000e+04 2.412176268897019327e+01 7.400000000000000000e+01
-3.300000000000000000e+01 2.110000000000000000e+02 5.600000000000000000e+01 4.869200000000000000e+04 4.900200000000000000e+04 4.978600000000000000e+04 4.672600000000000000e+04 2.413115403603296727e+01 7.400000000000000000e+01
-6.500000000000000000e+01 1.580000000000000000e+02 3.800000000000000000e+01 4.840100000000000000e+04 4.954600000000000000e+04 5.050200000000000000e+04 4.749000000000000000e+04 2.414150796795729548e+01 7.000000000000000000e+01
-1.170000000000000000e+02 1.070000000000000000e+02 4.300000000000000000e+01 4.774900000000000000e+04 4.953500000000000000e+04 5.124600000000000000e+04 4.772000000000000000e+04 2.415191764594055712e+01 7.000000000000000000e+01
-1.450000000000000000e+02 4.200000000000000000e+01 1.800000000000000000e+01 4.776800000000000000e+04 5.017000000000000000e+04 5.181000000000000000e+04 4.736300000000000000e+04 2.416119680600240827e+01 7.000000000000000000e+01
-1.700000000000000000e+02 2.400000000000000000e+01 -3.000000000000000000e+00 4.757800000000000000e+04 5.010900000000000000e+04 5.175400000000000000e+04 4.804600000000000000e+04 2.417079876398202032e+01 7.000000000000000000e+01
-1.520000000000000000e+02 3.000000000000000000e+00 -8.000000000000000000e+00 4.801500000000000000e+04 5.118400000000000000e+04 5.166800000000000000e+04 4.768000000000000000e+04 2.418154861894436181e+01 6.700000000000000000e+01
-1.450000000000000000e+02 1.100000000000000000e+01 -2.100000000000000000e+01 4.814400000000000000e+04 5.103000000000000000e+04 5.218000000000000000e+04 4.767500000000000000e+04 2.419096307898871601e+01 6.700000000000000000e+01
-1.220000000000000000e+02 4.500000000000000000e+01 -4.500000000000000000e+01 4.813200000000000000e+04 5.139600000000000000e+04 5.164600000000000000e+04 4.794500000000000000e+04 2.420134470099583268e+01 6.700000000000000000e+01
-1.200000000000000000e+02 8.600000000000000000e+01 -4.300000000000000000e+01 4.866600000000000000e+04 5.068600000000000000e+04 5.135800000000000000e+04 4.895700000000000000e+04 2.421134583000093699e+01 6.700000000000000000e+01
-1.180000000000000000e+02 1.530000000000000000e+02 -4.500000000000000000e+01 4.908600000000000000e+04 4.985300000000000000e+04 5.108600000000000000e+04 4.971100000000000000e+04 2.422134043800178915e+01 6.200000000000000000e+01
-1.250000000000000000e+02 2.000000000000000000e+02 -2.800000000000000000e+01 4.894600000000000000e+04 5.062800000000000000e+04 5.065700000000000000e+04 5.027900000000000000e+04 2.423090326495002955e+01 6.200000000000000000e+01
-6.400000000000000000e+01 2.390000000000000000e+02 -6.000000000000000000e+00 5.026800000000000000e+04 5.050600000000000000e+04 5.076900000000000000e+04 4.904700000000000000e+04 2.424084773403592408e+01 6.200000000000000000e+01
-6.700000000000000000e+01 2.610000000000000000e+02 -2.000000000000000000e+01 5.031400000000000000e+04 4.998100000000000000e+04 5.026700000000000000e+04 4.995400000000000000e+04 2.425174361898098141e+01 6.200000000000000000e+01
-9.800000000000000000e+01 2.180000000000000000e+02 -2.600000000000000000e+01 4.943000000000000000e+04 4.973900000000000000e+04 5.151400000000000000e+04 4.991000000000000000e+04 2.426115901197772473e+01 6.200000000000000000e+01
-1.030000000000000000e+02 1.670000000000000000e+02 -2.700000000000000000e+01 4.939500000000000000e+04 5.104600000000000000e+04 5.156500000000000000e+04 4.932100000000000000e+04 2.427125111303757876e+01 5.600000000000000000e+01
-8.300000000000000000e+01 1.390000000000000000e+02 -2.100000000000000000e+01 4.926500000000000000e+04 5.103900000000000000e+04 5.174100000000000000e+04 4.865200000000000000e+04 2.428137514297850430e+01 5.600000000000000000e+01
-1.320000000000000000e+02 7.800000000000000000e+01 -3.200000000000000000e+01 4.766900000000000000e+04 5.107600000000000000e+04 5.222800000000000000e+04 4.927400000000000000e+04 2.429162945202551782e+01 5.600000000000000000e+01
-8.800000000000000000e+01 2.300000000000000000e+01 -1.200000000000000000e+01 4.830200000000000000e+04 5.168900000000000000e+04 5.230300000000000000e+04 4.782600000000000000e+04 2.430173725995700806e+01 5.600000000000000000e+01
-8.700000000000000000e+01 2.400000000000000000e+01 3.000000000000000000e+00 4.802600000000000000e+04 5.161100000000000000e+04 5.266700000000000000e+04 4.809000000000000000e+04 2.431168029701802880e+01 5.200000000000000000e+01
-7.700000000000000000e+01 2.300000000000000000e+01 -1.300000000000000000e+01 4.826100000000000000e+04 5.141400000000000000e+04 5.170300000000000000e+04 4.843800000000000000e+04 2.432142151205334812e+01 5.200000000000000000e+01
-8.900000000000000000e+01 6.200000000000000000e+01 -4.000000000000000000e+00 4.874200000000000000e+04 4.946300000000000000e+04 5.097400000000000000e+04 5.029600000000000000e+04 2.433117058803327382e+01 5.200000000000000000e+01
-7.300000000000000000e+01 1.080000000000000000e+02 0.000000000000000000e+00 4.871600000000000000e+04 4.997700000000000000e+04 5.078900000000000000e+04 4.946300000000000000e+04 2.434087283397093415e+01 5.200000000000000000e+01
-1.100000000000000000e+01 1.620000000000000000e+02 5.000000000000000000e+00 4.571000000000000000e+04 4.856400000000000000e+04 5.329800000000000000e+04 5.029300000000000000e+04 2.435099817404989153e+01 5.200000000000000000e+01
5.100000000000000000e+01 2.020000000000000000e+02 1.000000000000000000e+01 5.053900000000000000e+04 5.086500000000000000e+04 4.917800000000000000e+04 4.747000000000000000e+04 2.436117791198194027e+01 4.900000000000000000e+01
4.900000000000000000e+01 2.610000000000000000e+02 7.000000000000000000e+00 4.890600000000000000e+04 4.722200000000000000e+04 5.074200000000000000e+04 5.058900000000000000e+04 2.437090285599697381e+01 4.900000000000000000e+01
7.000000000000000000e+01 3.160000000000000000e+02 2.200000000000000000e+01 5.327800000000000000e+04 4.721400000000000000e+04 4.563900000000000000e+04 5.019900000000000000e+04 2.438139281002804637e+01 4.900000000000000000e+01
6.800000000000000000e+01 2.860000000000000000e+02 2.700000000000000000e+01 5.067700000000000000e+04 4.905900000000000000e+04 4.853300000000000000e+04 4.775400000000000000e+04 2.439170587202534080e+01 4.900000000000000000e+01
-7.000000000000000000e+00 1.940000000000000000e+02 3.900000000000000000e+01 4.836500000000000000e+04 4.672500000000000000e+04 5.062200000000000000e+04 4.945400000000000000e+04 2.440165070898365229e+01 5.100000000000000000e+01
-3.100000000000000000e+01 6.000000000000000000e+01 3.400000000000000000e+01 4.818900000000000000e+04 4.841000000000000000e+04 5.079700000000000000e+04 4.728100000000000000e+04 2.441170480696018785e+01 5.100000000000000000e+01
-8.000000000000000000e+01 -5.000000000000000000e+01 3.600000000000000000e+01 4.883400000000000000e+04 4.569000000000000000e+04 4.987400000000000000e+04 4.942500000000000000e+04 2.442096295394003391e+01 5.100000000000000000e+01
-4.300000000000000000e+01 -1.250000000000000000e+02 4.100000000000000000e+01 4.603000000000000000e+04 4.887700000000000000e+04 5.216800000000000000e+04 4.593800000000000000e+04 2.443079524696804583e+01 5.100000000000000000e+01
7.000000000000000000e+00 -1.080000000000000000e+02 5.700000000000000000e+01 4.753800000000000000e+04 4.909600000000000000e+04 5.085100000000000000e+04 4.496100000000000000e+04 2.444165571103803813e+01 5.200000000000000000e+01
5.000000000000000000e+01 -6.900000000000000000e+01 5.500000000000000000e+01 4.902800000000000000e+04 5.160700000000000000e+04 4.923000000000000000e+04 4.129100000000000000e+04 2.445092560804914683e+01 5.200000000000000000e+01
2.700000000000000000e+01 -2.300000000000000000e+01 4.100000000000000000e+01 4.695100000000000000e+04 4.749900000000000000e+04 5.088000000000000000e+04 4.589600000000000000e+04 2.446157618204597384e+01 5.200000000000000000e+01
1.800000000000000000e+01 4.400000000000000000e+01 4.000000000000000000e+01 4.720000000000000000e+04 4.687800000000000000e+04 5.042000000000000000e+04 4.653300000000000000e+04 2.447077031503431499e+01 5.200000000000000000e+01
-1.000000000000000000e+01 1.280000000000000000e+02 2.900000000000000000e+01 5.005400000000000000e+04 4.843800000000000000e+04 4.721700000000000000e+04 4.499200000000000000e+04 2.448196330398786813e+01 5.200000000000000000e+01
-4.100000000000000000e+01 2.030000000000000000e+02 2.600000000000000000e+01 4.749500000000000000e+04 4.464700000000000000e+04 4.956800000000000000e+04 4.890700000000000000e+04 2.449149317503906786e+01 5.200000000000000000e+01
-8.800000000000000000e+01 1.610000000000000000e+02 1.700000000000000000e+01 4.776500000000000000e+04 4.543300000000000000e+04 4.896400000000000000e+04 4.798400000000000000e+04 2.450131368299480528e+01 5.200000000000000000e+01
-1.010000000000000000e+02 1.470000000000000000e+02 1.400000000000000000e+01 4.960200000000000000e+04 4.698500000000000000e+04 4.677300000000000000e+04 4.659000000000000000e+04 2.451120743702631444e+01 5.200000000000000000e+01
-9.700000000000000000e+01 1.360000000000000000e+02 -4.000000000000000000e+00 4.635700000000000000e+04 4.383000000000000000e+04 4.981800000000000000e+04 4.962500000000000000e+04 2.452079799794591963e+01 5.200000000000000000e+01
-1.240000000000000000e+02 6.200000000000000000e+01 2.200000000000000000e+01 4.786800000000000000e+04 4.697300000000000000e+04 4.813100000000000000e+04 4.684100000000000000e+04 2.453171259595546871e+01 5.500000000000000000e+01
-1.380000000000000000e+02 -1.900000000000000000e+01 1.500000000000000000e+01 5.158900000000000000e+04 5.221800000000000000e+04 4.415300000000000000e+04 4.014800000000000000e+04 2.454083161300513893e+01 5.500000000000000000e+01
-1.460000000000000000e+02 -7.200000000000000000e+01 -1.000000000000000000e+00 4.566800000000000000e+04 4.621700000000000000e+04 5.016100000000000000e+04 4.721600000000000000e+04 2.455292113497853279e+01 5.500000000000000000e+01
-1.860000000000000000e+02 -1.170000000000000000e+02 -5.000000000000000000e+00 4.165200000000000000e+04 4.339800000000000000e+04 5.310400000000000000e+04 5.010300000000000000e+04 2.456136874004732817e+01 5.500000000000000000e+01
-1.620000000000000000e+02 -1.900000000000000000e+02 5.000000000000000000e+00 4.535400000000000000e+04 4.695500000000000000e+04 5.017800000000000000e+04 4.695500000000000000e+04 2.457079357304610312e+01 5.500000000000000000e+01
-1.370000000000000000e+02 -2.110000000000000000e+02 -3.000000000000000000e+00 4.301300000000000000e+04 4.985100000000000000e+04 5.208900000000000000e+04 4.378300000000000000e+04 2.458133292896673083e+01 5.800000000000000000e+01
-9.000000000000000000e+01 -2.180000000000000000e+02 -1.000000000000000000e+01 4.234900000000000000e+04 4.734200000000000000e+04 5.238800000000000000e+04 4.677200000000000000e+04 2.459050578798633069e+01 5.800000000000000000e+01
