-9.500000000000000000e+01 4.700000000000000000e+01 -3.000000000000000000e+01 4.030600000000000000e+04 4.437500000000000000e+04 4.511800000000000000e+04 4.200400000000000000e+04 2.110306755790952593e+01 8.050000000000000000e+02
-4.300000000000000000e+01 5.000000000000000000e+01 -1.900000000000000000e+01 4.087700000000000000e+04 4.478800000000000000e+04 4.476600000000000000e+04 4.179800000000000000e+04 2.111236763000488281e+01 8.050000000000000000e+02
1.000000000000000000e+01 5.300000000000000000e+01 -1.500000000000000000e+01 4.151200000000000000e+04 4.484500000000000000e+04 4.427600000000000000e+04 4.162000000000000000e+04 2.112297671101987362e+01 8.050000000000000000e+02
4.200000000000000000e+01 6.700000000000000000e+01 -1.500000000000000000e+01 4.140700000000000000e+04 4.491000000000000000e+04 4.435300000000000000e+04 4.148300000000000000e+04 2.113287773099727929e+01 8.050000000000000000e+02
4.400000000000000000e+01 7.600000000000000000e+01 -2.200000000000000000e+01 4.121800000000000000e+04 4.486400000000000000e+04 4.453300000000000000e+04 4.144100000000000000e+04 2.114225189597345889e+01 8.050000000000000000e+02
6.900000000000000000e+01 4.100000000000000000e+01 -1.400000000000000000e+01 4.166900000000000000e+04 4.551000000000000000e+04 4.431900000000000000e+04 4.093000000000000000e+04 2.115236243291292340e+01 8.030000000000000000e+02
9.500000000000000000e+01 2.900000000000000000e+01 -2.000000000000000000e+00 4.167000000000000000e+04 4.562400000000000000e+04 4.437100000000000000e+04 4.067000000000000000e+04 2.116216277296189219e+01 8.030000000000000000e+02
6.200000000000000000e+01 -5.000000000000000000e+00 -9.000000000000000000e+00 4.169900000000000000e+04 4.548700000000000000e+04 4.445300000000000000e+04 4.058400000000000000e+04 2.117296579992398620e+01 8.030000000000000000e+02
3.300000000000000000e+01 1.000000000000000000e+01 -2.000000000000000000e+01 4.161000000000000000e+04 4.518000000000000000e+04 4.448500000000000000e+04 4.115200000000000000e+04 2.118262047297321260e+01 8.030000000000000000e+02
1.200000000000000000e+01 1.600000000000000000e+01 1.000000000000000000e+00 4.123400000000000000e+04 4.531900000000000000e+04 4.436700000000000000e+04 4.078600000000000000e+04 2.119217587797902524e+01 8.060000000000000000e+02
-6.000000000000000000e+00 -6.000000000000000000e+00 -7.000000000000000000e+00 4.111200000000000000e+04 4.500800000000000000e+04 4.472800000000000000e+04 4.075000000000000000e+04 2.120257327193394303e+01 8.060000000000000000e+02
-6.300000000000000000e+01 2.000000000000000000e+01 -1.800000000000000000e+01 4.078900000000000000e+04 4.438500000000000000e+04 4.477600000000000000e+04 4.161200000000000000e+04 2.121274289302527905e+01 8.060000000000000000e+02
-7.900000000000000000e+01 4.000000000000000000e+00 -2.000000000000000000e+01 4.033400000000000000e+04 4.463700000000000000e+04 4.505400000000000000e+04 4.122300000000000000e+04 2.122283104900270700e+01 8.060000000000000000e+02
-1.080000000000000000e+02 2.100000000000000000e+01 -2.800000000000000000e+01 3.999700000000000000e+04 4.443600000000000000e+04 4.502200000000000000e+04 4.160200000000000000e+04 2.123208561690989882e+01 8.020000000000000000e+02
-1.110000000000000000e+02 1.800000000000000000e+01 -2.100000000000000000e+01 4.003500000000000000e+04 4.425300000000000000e+04 4.511200000000000000e+04 4.208500000000000000e+04 2.124233681801706553e+01 8.020000000000000000e+02
-9.300000000000000000e+01 3.400000000000000000e+01 -2.000000000000000000e+01 4.031700000000000000e+04 4.450100000000000000e+04 4.492400000000000000e+04 4.167800000000000000e+04 2.125221045501530170e+01 8.020000000000000000e+02
-5.600000000000000000e+01 7.000000000000000000e+00 -2.800000000000000000e+01 4.027800000000000000e+04 4.470000000000000000e+04 4.486300000000000000e+04 4.145200000000000000e+04 2.126291096501518041e+01 8.020000000000000000e+02
-3.000000000000000000e+00 5.000000000000000000e+01 -8.000000000000000000e+00 4.105300000000000000e+04 4.471700000000000000e+04 4.423900000000000000e+04 4.122100000000000000e+04 2.127297894493676722e+01 8.000000000000000000e+02
3.100000000000000000e+01 5.300000000000000000e+01 -1.100000000000000000e+01 4.190500000000000000e+04 4.514300000000000000e+04 4.401100000000000000e+04 4.069200000000000000e+04 2.128221321094315499e+01 8.000000000000000000e+02
4.000000000000000000e+01 4.700000000000000000e+01 -9.000000000000000000e+00 4.136600000000000000e+04 4.483900000000000000e+04 4.439000000000000000e+04 4.104300000000000000e+04 2.129209381993860006e+01 8.000000000000000000e+02
8.500000000000000000e+01 2.600000000000000000e+01 -2.200000000000000000e+01 4.149500000000000000e+04 4.533200000000000000e+04 4.389900000000000000e+04 4.087100000000000000e+04 2.130266691499855369e+01 8.000000000000000000e+02
7.600000000000000000e+01 3.000000000000000000e+00 -2.900000000000000000e+01 4.116400000000000000e+04 4.526800000000000000e+04 4.417300000000000000e+04 4.110600000000000000e+04 2.131239477696362883e+01 8.000000000000000000e+02
1.090000000000000000e+02 4.000000000000000000e+00 -1.000000000000000000e+01 4.155200000000000000e+04 4.593200000000000000e+04 4.410100000000000000e+04 4.053700000000000000e+04 2.132250664697494358e+01 8.000000000000000000e+02
1.060000000000000000e+02 8.000000000000000000e+00 -2.500000000000000000e+01 4.147300000000000000e+04 4.562600000000000000e+04 4.406100000000000000e+04 4.105000000000000000e+04 2.133248769701458514e+01 8.000000000000000000e+02
7.600000000000000000e+01 -1.000000000000000000e+00 -3.700000000000000000e+01 4.078300000000000000e+04 4.516600000000000000e+04 4.498200000000000000e+04 4.111600000000000000e+04 2.134221840393729508e+01 8.000000000000000000e+02
7.200000000000000000e+01 -1.100000000000000000e+01 -2.300000000000000000e+01 4.101700000000000000e+04 4.579200000000000000e+04 4.433900000000000000e+04 4.077100000000000000e+04 2.135252649791073054e+01 8.000000000000000000e+02
8.200000000000000000e+01 1.200000000000000000e+01 -1.200000000000000000e+01 4.149000000000000000e+04 4.515000000000000000e+04 4.402400000000000000e+04 4.050100000000000000e+04 2.136229527299292386e+01 8.070000000000000000e+02
3.100000000000000000e+01 2.700000000000000000e+01 -1.500000000000000000e+01 4.071800000000000000e+04 4.472500000000000000e+04 4.423800000000000000e+04 4.115900000000000000e+04 2.137219317292328924e+01 8.070000000000000000e+02
1.500000000000000000e+01 2.500000000000000000e+01 -1.800000000000000000e+01 4.056400000000000000e+04 4.484300000000000000e+04 4.457000000000000000e+04 4.072200000000000000e+04 2.138228038395754993e+01 8.070000000000000000e+02
-1.000000000000000000e+01 4.700000000000000000e+01 -1.200000000000000000e+01 4.089500000000000000e+04 4.478900000000000000e+04 4.390800000000000000e+04 4.116300000000000000e+04 2.139226899796631187e+01 8.070000000000000000e+02
-5.600000000000000000e+01 5.200000000000000000e+01 -1.600000000000000000e+01 4.036600000000000000e+04 4.489000000000000000e+04 4.466700000000000000e+04 4.063300000000000000e+04 2.140302147693000734e+01 8.050000000000000000e+02
-9.700000000000000000e+01 7.900000000000000000e+01 -2.300000000000000000e+01 4.083700000000000000e+04 4.396800000000000000e+04 4.373200000000000000e+04 4.209100000000000000e+04 2.141211321298032999e+01 8.050000000000000000e+02
-8.100000000000000000e+01 5.900000000000000000e+01 -2.200000000000000000e+01 4.067400000000000000e+04 4.424900000000000000e+04 4.384000000000000000e+04 4.170000000000000000e+04 2.142221813101787120e+01 8.050000000000000000e+02
-9.100000000000000000e+01 4.400000000000000000e+01 -1.600000000000000000e+01 3.989300000000000000e+04 4.416300000000000000e+04 4.468100000000000000e+04 4.159500000000000000e+04 2.143250852497294545e+01 8.050000000000000000e+02
-9.600000000000000000e+01 2.600000000000000000e+01 -1.900000000000000000e+01 4.007000000000000000e+04 4.438500000000000000e+04 4.458000000000000000e+04 4.134800000000000000e+04 2.144292846100870520e+01 8.050000000000000000e+02
-4.500000000000000000e+01 2.300000000000000000e+01 -2.700000000000000000e+01 3.995000000000000000e+04 4.448100000000000000e+04 4.423100000000000000e+04 4.115900000000000000e+04 2.145264945097733289e+01 8.080000000000000000e+02
-2.700000000000000000e+01 -1.000000000000000000e+00 -2.400000000000000000e+01 3.974600000000000000e+04 4.445400000000000000e+04 4.415700000000000000e+04 4.120600000000000000e+04 2.146245120291132480e+01 8.080000000000000000e+02
5.000000000000000000e+00 -2.800000000000000000e+01 -2.800000000000000000e+01 3.994800000000000000e+04 4.488400000000000000e+04 4.408300000000000000e+04 4.059300000000000000e+04 2.147232931596226990e+01 8.080000000000000000e+02
6.500000000000000000e+01 -3.500000000000000000e+01 -1.800000000000000000e+01 3.990000000000000000e+04 4.440200000000000000e+04 4.448600000000000000e+04 4.072300000000000000e+04 2.148218354792334139e+01 8.080000000000000000e+02
9.800000000000000000e+01 -4.500000000000000000e+01 -1.300000000000000000e+01 4.143700000000000000e+04 4.627300000000000000e+04 4.314400000000000000e+04 3.842300000000000000e+04 2.149204708298202604e+01 8.070000000000000000e+02
1.210000000000000000e+02 -4.400000000000000000e+01 -2.600000000000000000e+01 4.088600000000000000e+04 4.519900000000000000e+04 4.364400000000000000e+04 3.982600000000000000e+04 2.150279304792638868e+01 8.070000000000000000e+02
1.010000000000000000e+02 -3.200000000000000000e+01 -1.700000000000000000e+01 3.922700000000000000e+04 4.682200000000000000e+04 4.503500000000000000e+04 3.752900000000000000e+04 2.151268753898330033e+01 8.070000000000000000e+02
8.900000000000000000e+01 -2.600000000000000000e+01 -1.200000000000000000e+01 3.995300000000000000e+04 4.513900000000000000e+04 4.442900000000000000e+04 3.988300000000000000e+04 2.152304450899828225e+01 8.070000000000000000e+02
4.900000000000000000e+01 1.000000000000000000e+01 -1.200000000000000000e+01 4.211700000000000000e+04 4.483900000000000000e+04 4.252200000000000000e+04 4.014200000000000000e+04 2.153225499799009413e+01 8.070000000000000000e+02
2.200000000000000000e+01 3.800000000000000000e+01 -4.000000000000000000e+00 4.133100000000000000e+04 4.395600000000000000e+04 4.327700000000000000e+04 4.125000000000000000e+04 2.154277248296421021e+01 8.070000000000000000e+02
-1.000000000000000000e+00 4.700000000000000000e+01 -7.000000000000000000e+00 4.044100000000000000e+04 4.447700000000000000e+04 4.408000000000000000e+04 4.062500000000000000e+04 2.155229085101746023e+01 8.070000000000000000e+02
-2.600000000000000000e+01 5.600000000000000000e+01 -1.000000000000000000e+00 4.116000000000000000e+04 4.436500000000000000e+04 4.354100000000000000e+04 4.078500000000000000e+04 2.156229249795433134e+01 8.070000000000000000e+02
-5.500000000000000000e+01 6.300000000000000000e+01 0.000000000000000000e+00 4.079100000000000000e+04 4.411800000000000000e+04 4.391500000000000000e+04 4.120900000000000000e+04 2.157206169492565095e+01 8.070000000000000000e+02
-8.900000000000000000e+01 4.100000000000000000e+01 -7.000000000000000000e+00 3.995600000000000000e+04 4.433100000000000000e+04 4.462200000000000000e+04 4.094800000000000000e+04 2.158227590098977089e+01 8.090000000000000000e+02
-8.200000000000000000e+01 9.000000000000000000e+00 1.100000000000000000e+01 4.002500000000000000e+04 4.388100000000000000e+04 4.469500000000000000e+04 4.137700000000000000e+04 2.159220948093570769e+01 8.090000000000000000e+02
-7.000000000000000000e+01 -5.000000000000000000e+00 -2.000000000000000000e+00 3.749200000000000000e+04 4.399500000000000000e+04 4.662100000000000000e+04 4.123900000000000000e+04 2.160234030196443200e+01 8.090000000000000000e+02
-4.000000000000000000e+01 -6.300000000000000000e+01 -3.000000000000000000e+00 3.902400000000000000e+04 4.497200000000000000e+04 4.562400000000000000e+04 4.022900000000000000e+04 2.161233728891238570e+01 8.090000000000000000e+02
-7.000000000000000000e+00 -6.400000000000000000e+01 1.000000000000000000e+00 4.023500000000000000e+04 4.428000000000000000e+04 4.484000000000000000e+04 4.124900000000000000e+04 2.162214168196078390e+01 8.070000000000000000e+02
4.800000000000000000e+01 -4.800000000000000000e+01 5.000000000000000000e+00 3.997900000000000000e+04 4.531200000000000000e+04 4.504300000000000000e+04 3.999300000000000000e+04 2.163204778300132602e+01 8.070000000000000000e+02
1.160000000000000000e+02 -4.300000000000000000e+01 1.300000000000000000e+01 4.158300000000000000e+04 4.475200000000000000e+04 4.366700000000000000e+04 4.086700000000000000e+04 2.164262361591681838e+01 8.070000000000000000e+02
1.540000000000000000e+02 -3.500000000000000000e+01 1.000000000000000000e+01 4.080100000000000000e+04 4.600800000000000000e+04 4.448700000000000000e+04 3.935800000000000000e+04 2.165239713201299310e+01 8.070000000000000000e+02
1.380000000000000000e+02 -7.000000000000000000e+00 1.100000000000000000e+01 4.289200000000000000e+04 4.704200000000000000e+04 4.281300000000000000e+04 3.819600000000000000e+04 2.166266659297980368e+01 8.060000000000000000e+02
1.380000000000000000e+02 1.800000000000000000e+01 1.100000000000000000e+01 4.205600000000000000e+04 4.634300000000000000e+04 4.375700000000000000e+04 3.918500000000000000e+04 2.167273216997273266e+01 8.060000000000000000e+02
7.000000000000000000e+01 2.300000000000000000e+01 9.000000000000000000e+00 4.209800000000000000e+04 4.524700000000000000e+04 4.381000000000000000e+04 4.066900000000000000e+04 2.168219227192457765e+01 8.060000000000000000e+02
-2.100000000000000000e+01 5.100000000000000000e+01 -4.000000000000000000e+00 4.163200000000000000e+04 4.488200000000000000e+04 4.420300000000000000e+04 4.114500000000000000e+04 2.169264718191698194e+01 8.060000000000000000e+02
-7.600000000000000000e+01 6.200000000000000000e+01 1.000000000000000000e+00 4.126700000000000000e+04 4.431700000000000000e+04 4.442300000000000000e+04 4.180200000000000000e+04 2.170283593796193600e+01 8.060000000000000000e+02
-1.410000000000000000e+02 4.900000000000000000e+01 -1.000000000000000000e+00 4.035800000000000000e+04 4.494700000000000000e+04 4.544600000000000000e+04 4.122400000000000000e+04 2.171237219695467502e+01 8.060000000000000000e+02
-1.730000000000000000e+02 3.300000000000000000e+01 1.200000000000000000e+01 4.117300000000000000e+04 4.379200000000000000e+04 4.472200000000000000e+04 4.234700000000000000e+04 2.172319623699877411e+01 8.060000000000000000e+02
-1.730000000000000000e+02 2.000000000000000000e+01 1.400000000000000000e+01 3.723200000000000000e+04 4.407000000000000000e+04 4.764900000000000000e+04 4.196500000000000000e+04 2.173238533292897046e+01 8.060000000000000000e+02
-1.420000000000000000e+02 -4.000000000000000000e+00 2.400000000000000000e+01 4.105300000000000000e+04 4.325300000000000000e+04 4.485500000000000000e+04 4.280300000000000000e+04 2.174206492293160409e+01 8.060000000000000000e+02
-6.400000000000000000e+01 -3.200000000000000000e+01 2.500000000000000000e+01 3.991400000000000000e+04 4.546100000000000000e+04 4.571100000000000000e+04 4.018700000000000000e+04 2.175195128191262484e+01 8.070000000000000000e+02
-1.000000000000000000e+01 -4.100000000000000000e+01 2.600000000000000000e+01 4.059200000000000000e+04 4.462500000000000000e+04 4.513400000000000000e+04 4.126200000000000000e+04 2.176171150698792189e+01 8.070000000000000000e+02
7.900000000000000000e+01 -4.600000000000000000e+01 2.900000000000000000e+01 4.115900000000000000e+04 4.543300000000000000e+04 4.470400000000000000e+04 4.022200000000000000e+04 2.177232917293440551e+01 8.070000000000000000e+02
1.320000000000000000e+02 -6.900000000000000000e+01 2.200000000000000000e+01 4.135500000000000000e+04 4.647000000000000000e+04 4.450500000000000000e+04 3.888100000000000000e+04 2.178213531093206257e+01 8.070000000000000000e+02
1.780000000000000000e+02 -6.000000000000000000e+01 2.600000000000000000e+01 4.173200000000000000e+04 4.735000000000000000e+04 4.422700000000000000e+04 3.753400000000000000e+04 2.179206251597497612e+01 8.060000000000000000e+02
1.710000000000000000e+02 -6.300000000000000000e+01 9.000000000000000000e+00 4.202800000000000000e+04 4.590000000000000000e+04 4.386600000000000000e+04 3.954900000000000000e+04 2.180240720696747303e+01 8.060000000000000000e+02
1.450000000000000000e+02 -6.300000000000000000e+01 1.500000000000000000e+01 4.155000000000000000e+04 4.591300000000000000e+04 4.427900000000000000e+04 3.942000000000000000e+04 2.181298373895697296e+01 8.060000000000000000e+02
8.500000000000000000e+01 -3.600000000000000000e+01 -5.000000000000000000e+00 4.124700000000000000e+04 4.568600000000000000e+04 4.442100000000000000e+04 3.975000000000000000e+04 2.182240618194919080e+01 8.060000000000000000e+02
6.600000000000000000e+01 -1.400000000000000000e+01 2.100000000000000000e+01 4.163900000000000000e+04 4.592400000000000000e+04 4.409300000000000000e+04 3.937900000000000000e+04 2.183195229701232165e+01 8.060000000000000000e+02
-3.200000000000000000e+01 -1.700000000000000000e+01 3.000000000000000000e+00 4.009600000000000000e+04 4.491400000000000000e+04 4.527800000000000000e+04 4.075400000000000000e+04 2.184198564197868109e+01 8.060000000000000000e+02
-1.150000000000000000e+02 -5.000000000000000000e+00 1.000000000000000000e+01 3.696100000000000000e+04 4.570100000000000000e+04 4.761300000000000000e+04 3.955100000000000000e+04 2.185205251700244844e+01 8.060000000000000000e+02
-1.620000000000000000e+02 2.800000000000000000e+01 1.500000000000000000e+01 3.958400000000000000e+04 4.241800000000000000e+04 4.576100000000000000e+04 4.320300000000000000e+04 2.186179357802029699e+01 8.060000000000000000e+02
-1.800000000000000000e+02 5.000000000000000000e+01 1.200000000000000000e+01 4.039000000000000000e+04 4.637600000000000000e+04 4.512700000000000000e+04 3.862700000000000000e+04 2.187229050102178007e+01 8.060000000000000000e+02
-1.590000000000000000e+02 7.500000000000000000e+01 1.800000000000000000e+01 4.145500000000000000e+04 4.315700000000000000e+04 4.462000000000000000e+04 4.289600000000000000e+04 2.188178556901402771e+01 8.020000000000000000e+02
-1.230000000000000000e+02 7.900000000000000000e+01 1.600000000000000000e+01 3.937900000000000000e+04 4.465800000000000000e+04 4.632100000000000000e+04 4.123000000000000000e+04 2.189241794799454510e+01 8.020000000000000000e+02
-5.900000000000000000e+01 7.700000000000000000e+01 2.100000000000000000e+01 4.190200000000000000e+04 4.511100000000000000e+04 4.428700000000000000e+04 4.062200000000000000e+04 2.190177673799917102e+01 8.020000000000000000e+02
-1.400000000000000000e+01 5.000000000000000000e+01 2.200000000000000000e+01 4.041800000000000000e+04 4.570100000000000000e+04 4.552800000000000000e+04 3.986000000000000000e+04 2.191216085595078766e+01 8.020000000000000000e+02
6.000000000000000000e+01 2.900000000000000000e+01 1.400000000000000000e+01 4.172900000000000000e+04 4.516800000000000000e+04 4.427000000000000000e+04 4.044700000000000000e+04 2.192180609400384128e+01 8.050000000000000000e+02
8.400000000000000000e+01 2.900000000000000000e+01 1.400000000000000000e+01 4.220100000000000000e+04 4.507200000000000000e+04 4.400900000000000000e+04 4.057200000000000000e+04 2.193196335202082992e+01 8.050000000000000000e+02
1.250000000000000000e+02 -1.200000000000000000e+01 1.900000000000000000e+01 4.106100000000000000e+04 4.545400000000000000e+04 4.494300000000000000e+04 3.991700000000000000e+04 2.194244142191018909e+01 8.050000000000000000e+02
9.800000000000000000e+01 -2.500000000000000000e+01 1.400000000000000000e+01 4.093000000000000000e+04 4.510100000000000000e+04 4.500000000000000000e+04 4.039000000000000000e+04 2.195240669196937233e+01 8.050000000000000000e+02
6.400000000000000000e+01 -3.700000000000000000e+01 1.500000000000000000e+01 4.015100000000000000e+04 4.496700000000000000e+04 4.570500000000000000e+04 4.052700000000000000e+04 2.196175289200618863e+01 8.040000000000000000e+02
5.000000000000000000e+01 -4.700000000000000000e+01 1.500000000000000000e+01 4.136400000000000000e+04 4.681800000000000000e+04 4.468000000000000000e+04 3.809500000000000000e+04 2.197168122895527631e+01 8.040000000000000000e+02
3.000000000000000000e+01 -4.400000000000000000e+01 8.000000000000000000e+00 3.739600000000000000e+04 4.523500000000000000e+04 4.759100000000000000e+04 4.023100000000000000e+04 2.198228980298154056e+01 8.040000000000000000e+02
2.800000000000000000e+01 -2.200000000000000000e+01 2.000000000000000000e+01 4.178900000000000000e+04 4.710400000000000000e+04 4.431700000000000000e+04 3.763100000000000000e+04 2.199208344391081482e+01 8.040000000000000000e+02
-4.000000000000000000e+00 1.200000000000000000e+01 1.500000000000000000e+01 4.020200000000000000e+04 4.516400000000000000e+04 4.570900000000000000e+04 4.044300000000000000e+04 2.200226098194252700e+01 8.040000000000000000e+02
-4.000000000000000000e+01 7.700000000000000000e+01 2.200000000000000000e+01 3.960400000000000000e+04 4.385700000000000000e+04 4.600800000000000000e+04 4.159200000000000000e+04 2.201151062594726682e+01 8.070000000000000000e+02
-6.000000000000000000e+01 1.300000000000000000e+02 8.000000000000000000e+00 4.243200000000000000e+04 4.500400000000000000e+04 4.354300000000000000e+04 4.033100000000000000e+04 2.202211548795457929e+01 8.070000000000000000e+02
-7.400000000000000000e+01 1.790000000000000000e+02 2.000000000000000000e+00 4.104900000000000000e+04 4.347200000000000000e+04 4.456500000000000000e+04 4.198300000000000000e+04 2.203152336797211319e+01 8.070000000000000000e+02
-5.100000000000000000e+01 1.870000000000000000e+02 1.100000000000000000e+01 4.087700000000000000e+04 4.502900000000000000e+04 4.471600000000000000e+04 4.004600000000000000e+04 2.204232316301204264e+01 8.070000000000000000e+02
-3.800000000000000000e+01 1.740000000000000000e+02 3.000000000000000000e+00 4.194800000000000000e+04 4.235600000000000000e+04 4.342300000000000000e+04 4.255600000000000000e+04 2.205191428400576115e+01 8.090000000000000000e+02
-2.800000000000000000e+01 1.200000000000000000e+02 1.200000000000000000e+01 4.124800000000000000e+04 4.487700000000000000e+04 4.398500000000000000e+04 3.972100000000000000e+04 2.206209546001628041e+01 8.090000000000000000e+02
2.000000000000000000e+00 7.500000000000000000e+01 1.600000000000000000e+01 4.131300000000000000e+04 4.457400000000000000e+04 4.394900000000000000e+04 3.986900000000000000e+04 2.207246961898636073e+01 8.090000000000000000e+02
1.000000000000000000e+00 1.200000000000000000e+01 2.000000000000000000e+01 4.030800000000000000e+04 4.425400000000000000e+04 4.456400000000000000e+04 4.010200000000000000e+04 2.208153888199012727e+01 8.090000000000000000e+02
3.300000000000000000e+01 -5.900000000000000000e+01 1.300000000000000000e+01 4.095300000000000000e+04 4.538500000000000000e+04 4.454500000000000000e+04 3.908700000000000000e+04 2.209197219694033265e+01 8.020000000000000000e+02
2.800000000000000000e+01 -1.110000000000000000e+02 5.000000000000000000e+00 3.698200000000000000e+04 4.488000000000000000e+04 4.740600000000000000e+04 3.976600000000000000e+04 2.210210945701692253e+01 8.020000000000000000e+02
2.200000000000000000e+01 -1.260000000000000000e+02 2.300000000000000000e+01 4.001300000000000000e+04 4.518200000000000000e+04 4.529000000000000000e+04 3.932000000000000000e+04 2.211223541898652911e+01 8.020000000000000000e+02
1.800000000000000000e+01 -1.140000000000000000e+02 1.300000000000000000e+01 4.226600000000000000e+04 4.592500000000000000e+04 4.344400000000000000e+04 3.854900000000000000e+04 2.212171092594508082e+01 8.020000000000000000e+02
2.100000000000000000e+01 -1.050000000000000000e+02 1.600000000000000000e+01 3.867600000000000000e+04 4.363700000000000000e+04 4.645100000000000000e+04 4.136300000000000000e+04 2.213210964691825211e+01 7.980000000000000000e+02
3.600000000000000000e+01 -1.230000000000000000e+02 1.100000000000000000e+01 4.049800000000000000e+04 4.549000000000000000e+04 4.575800000000000000e+04 3.992900000000000000e+04 2.214238283492159098e+01 7.980000000000000000e+02
1.700000000000000000e+01 -7.800000000000000000e+01 1.700000000000000000e+01 4.512100000000000000e+04 4.866800000000000000e+04 4.133800000000000000e+04 3.499000000000000000e+04 2.215193899697624147e+01 7.980000000000000000e+02
6.000000000000000000e+00 -4.600000000000000000e+01 1.600000000000000000e+01 4.252900000000000000e+04 4.487400000000000000e+04 4.407200000000000000e+04 4.071100000000000000e+04 2.216200167499482632e+01 7.980000000000000000e+02
-4.700000000000000000e+01 -1.200000000000000000e+01 1.700000000000000000e+01 4.183000000000000000e+04 4.347100000000000000e+04 4.485900000000000000e+04 4.244100000000000000e+04 2.217286067001987249e+01 7.980000000000000000e+02
-1.010000000000000000e+02 -1.400000000000000000e+01 2.300000000000000000e+01 4.202100000000000000e+04 4.435100000000000000e+04 4.511000000000000000e+04 4.196100000000000000e+04 2.218164746894035488e+01 6.920000000000000000e+02
-1.440000000000000000e+02 -2.700000000000000000e+01 1.200000000000000000e+01 3.971700000000000000e+04 4.385000000000000000e+04 4.684100000000000000e+04 4.249700000000000000e+04 2.219153111998457462e+01 6.920000000000000000e+02
-1.900000000000000000e+02 -4.200000000000000000e+01 1.300000000000000000e+01 4.272000000000000000e+04 4.263300000000000000e+04 4.432800000000000000e+04 4.371100000000000000e+04 2.220192131900694221e+01 6.920000000000000000e+02
-1.890000000000000000e+02 -9.700000000000000000e+01 1.200000000000000000e+01 4.081000000000000000e+04 4.473400000000000000e+04 4.611800000000000000e+04 4.176500000000000000e+04 2.221210784395225346e+01 6.920000000000000000e+02
-1.630000000000000000e+02 -1.540000000000000000e+02 1.400000000000000000e+01 4.110500000000000000e+04 4.501400000000000000e+04 4.588200000000000000e+04 4.116100000000000000e+04 2.222152431495487690e+01 0.000000000000000000e+00
-1.100000000000000000e+02 -2.140000000000000000e+02 2.000000000000000000e+01 4.294800000000000000e+04 4.732600000000000000e+04 4.813800000000000000e+04 4.312800000000000000e+04 2.223198388691525906e+01 0.000000000000000000e+00
-5.900000000000000000e+01 -2.190000000000000000e+02 9.000000000000000000e+00 4.274300000000000000e+04 4.755600000000000000e+04 4.827900000000000000e+04 4.281700000000000000e+04 2.224218276794999838e+01 0.000000000000000000e+00
1.800000000000000000e+01 -1.930000000000000000e+02 -9.000000000000000000e+00 4.411300000000000000e+04 4.799700000000000000e+04 4.777200000000000000e+04 4.302800000000000000e+04 2.225191809795796871e+01 0.000000000000000000e+00
1.150000000000000000e+02 -1.210000000000000000e+02 -6.000000000000000000e+00 4.427900000000000000e+04 4.826700000000000000e+04 4.762500000000000000e+04 4.290400000000000000e+04 2.226178300892934203e+01 0.000000000000000000e+00
1.840000000000000000e+02 -3.500000000000000000e+01 -1.100000000000000000e+01 4.488400000000000000e+04 4.823900000000000000e+04 4.715600000000000000e+04 4.311300000000000000e+04 2.227188562101218849e+01 4.500000000000000000e+01
2.320000000000000000e+02 3.500000000000000000e+01 -5.000000000000000000e+00 4.421400000000000000e+04 4.753100000000000000e+04 4.604400000000000000e+04 4.192100000000000000e+04 2.228149229893460870e+01 4.500000000000000000e+01
2.050000000000000000e+02 7.200000000000000000e+01 -1.800000000000000000e+01 4.451100000000000000e+04 4.722100000000000000e+04 4.564000000000000000e+04 4.221600000000000000e+04 2.229146985500119627e+01 4.500000000000000000e+01
1.420000000000000000e+02 7.400000000000000000e+01 -3.100000000000000000e+01 4.354900000000000000e+04 4.673900000000000000e+04 4.599500000000000000e+04 4.257500000000000000e+04 2.230196926102507859e+01 4.500000000000000000e+01
5.800000000000000000e+01 4.600000000000000000e+01 -5.000000000000000000e+01 4.295100000000000000e+04 4.649600000000000000e+04 4.617900000000000000e+04 4.262600000000000000e+04 2.231189918494783342e+01 5.900000000000000000e+01
-5.000000000000000000e+01 3.000000000000000000e+01 -5.300000000000000000e+01 4.107600000000000000e+04 4.420600000000000000e+04 4.500400000000000000e+04 4.245700000000000000e+04 2.232213724195025861e+01 5.900000000000000000e+01
-1.660000000000000000e+02 -3.700000000000000000e+01 -8.100000000000000000e+01 3.955000000000000000e+04 4.425500000000000000e+04 4.566800000000000000e+04 4.205100000000000000e+04 2.233137704792898148e+01 5.900000000000000000e+01
-1.950000000000000000e+02 -5.500000000000000000e+01 -8.400000000000000000e+01 3.982200000000000000e+04 4.415800000000000000e+04 4.513400000000000000e+04 4.205200000000000000e+04 2.234186261601280421e+01 5.900000000000000000e+01
-1.710000000000000000e+02 -7.700000000000000000e+01 -9.400000000000000000e+01 3.892200000000000000e+04 4.424900000000000000e+04 4.530600000000000000e+04 4.163100000000000000e+04 2.235175117792095989e+01 6.200000000000000000e+01
-1.060000000000000000e+02 -5.500000000000000000e+01 -8.100000000000000000e+01 3.818000000000000000e+04 4.370100000000000000e+04 4.410800000000000000e+04 4.037500000000000000e+04 2.236227966297883540e+01 6.200000000000000000e+01
-4.000000000000000000e+01 -4.500000000000000000e+01 -8.800000000000000000e+01 3.799500000000000000e+04 4.357100000000000000e+04 4.392600000000000000e+04 4.022400000000000000e+04 2.237213227699976414e+01 6.200000000000000000e+01
5.700000000000000000e+01 0.000000000000000000e+00 -8.400000000000000000e+01 3.917700000000000000e+04 4.321500000000000000e+04 4.242100000000000000e+04 4.020700000000000000e+04 2.238166256796102971e+01 6.200000000000000000e+01
1.120000000000000000e+02 6.200000000000000000e+01 -9.100000000000000000e+01 3.936800000000000000e+04 4.374300000000000000e+04 4.198400000000000000e+04 3.937000000000000000e+04 2.239161268691532314e+01 6.200000000000000000e+01
1.710000000000000000e+02 1.020000000000000000e+02 -8.700000000000000000e+01 3.962400000000000000e+04 4.379700000000000000e+04 4.140000000000000000e+04 3.922300000000000000e+04 2.240151054796297103e+01 6.800000000000000000e+01
2.100000000000000000e+02 1.180000000000000000e+02 -7.700000000000000000e+01 3.898100000000000000e+04 4.305800000000000000e+04 4.059500000000000000e+04 3.828700000000000000e+04 2.241130610799882561e+01 6.800000000000000000e+01
2.300000000000000000e+02 1.160000000000000000e+02 -6.800000000000000000e+01 3.949400000000000000e+04 4.323100000000000000e+04 3.993700000000000000e+04 3.795700000000000000e+04 2.242169074795674533e+01 6.800000000000000000e+01
2.100000000000000000e+02 5.900000000000000000e+01 -8.100000000000000000e+01 3.879100000000000000e+04 4.337300000000000000e+04 4.023400000000000000e+04 3.772900000000000000e+04 2.243173067294992507e+01 6.800000000000000000e+01
1.630000000000000000e+02 1.900000000000000000e+01 -9.900000000000000000e+01 3.796400000000000000e+04 4.370800000000000000e+04 4.086000000000000000e+04 3.728800000000000000e+04 2.244180543802212924e+01 7.200000000000000000e+01
1.580000000000000000e+02 -2.500000000000000000e+01 -1.030000000000000000e+02 3.799500000000000000e+04 4.323700000000000000e+04 3.986700000000000000e+04 3.717400000000000000e+04 2.245180043799337000e+01 7.200000000000000000e+01
8.000000000000000000e+01 -4.000000000000000000e+01 -1.010000000000000000e+02 3.735900000000000000e+04 4.308000000000000000e+04 4.034000000000000000e+04 3.741200000000000000e+04 2.246181878400966525e+01 7.200000000000000000e+01
2.500000000000000000e+01 -5.500000000000000000e+01 -9.500000000000000000e+01 3.615100000000000000e+04 4.294000000000000000e+04 4.135300000000000000e+04 3.769500000000000000e+04 2.247152715595439076e+01 7.200000000000000000e+01
-4.000000000000000000e+01 -1.280000000000000000e+02 -7.500000000000000000e+01 3.617100000000000000e+04 4.293500000000000000e+04 4.136900000000000000e+04 3.757600000000000000e+04 2.248125500895548612e+01 7.200000000000000000e+01
-8.700000000000000000e+01 -1.700000000000000000e+02 -7.500000000000000000e+01 3.552800000000000000e+04 4.347400000000000000e+04 4.198500000000000000e+04 3.692200000000000000e+04 2.249175559892319143e+01 7.600000000000000000e+01
-1.010000000000000000e+02 -1.280000000000000000e+02 -6.500000000000000000e+01 3.533800000000000000e+04 4.277800000000000000e+04 4.216200000000000000e+04 3.748300000000000000e+04 2.250167397095356137e+01 7.600000000000000000e+01
-7.100000000000000000e+01 -8.400000000000000000e+01 -6.000000000000000000e+01 3.651500000000000000e+04 4.304700000000000000e+04 4.143400000000000000e+04 3.742000000000000000e+04 2.251171912299469113e+01 7.600000000000000000e+01
-3.700000000000000000e+01 -5.000000000000000000e+00 -3.900000000000000000e+01 3.698500000000000000e+04 4.304300000000000000e+04 4.129000000000000000e+04 3.752900000000000000e+04 2.252132041996810585e+01 7.600000000000000000e+01
-6.200000000000000000e+01 7.300000000000000000e+01 -3.500000000000000000e+01 3.684100000000000000e+04 4.219500000000000000e+04 4.157700000000000000e+04 3.868600000000000000e+04 2.253161038993857801e+01 8.100000000000000000e+01
-2.700000000000000000e+01 1.330000000000000000e+02 -2.000000000000000000e+01 3.775800000000000000e+04 4.208500000000000000e+04 4.103300000000000000e+04 3.883200000000000000e+04 2.254145465895999223e+01 8.100000000000000000e+01
1.300000000000000000e+01 1.930000000000000000e+02 -2.900000000000000000e+01 3.863000000000000000e+04 4.216300000000000000e+04 4.044700000000000000e+04 3.903000000000000000e+04 2.255169878201559186e+01 8.100000000000000000e+01
4.900000000000000000e+01 2.070000000000000000e+02 -1.900000000000000000e+01 3.874100000000000000e+04 4.237100000000000000e+04 4.056300000000000000e+04 3.904300000000000000e+04 2.256164939992595464e+01 8.100000000000000000e+01
4.400000000000000000e+01 2.180000000000000000e+02 -2.600000000000000000e+01 3.897600000000000000e+04 4.204000000000000000e+04 4.053900000000000000e+04 3.968800000000000000e+04 2.257162332092411816e+01 3.510000000000000000e+02
1.160000000000000000e+02 1.360000000000000000e+02 -4.200000000000000000e+01 3.907700000000000000e+04 4.338800000000000000e+04 4.087100000000000000e+04 3.885800000000000000e+04 2.258215219399426132e+01 3.510000000000000000e+02
1.510000000000000000e+02 4.800000000000000000e+01 -3.800000000000000000e+01 3.882200000000000000e+04 4.361300000000000000e+04 4.147500000000000000e+04 3.906900000000000000e+04 2.259153754194267094e+01 3.510000000000000000e+02
2.190000000000000000e+02 -8.900000000000000000e+01 -2.700000000000000000e+01 3.834000000000000000e+04 4.540200000000000000e+04 4.219300000000000000e+04 3.716300000000000000e+04 2.260146303800866008e+01 3.510000000000000000e+02
2.680000000000000000e+02 -2.590000000000000000e+02 -1.500000000000000000e+01 3.845900000000000000e+04 4.639800000000000000e+04 4.256200000000000000e+04 3.613900000000000000e+04 2.261228793801274151e+01 3.510000000000000000e+02
3.380000000000000000e+02 -4.230000000000000000e+02 4.000000000000000000e+00 3.838100000000000000e+04 4.732500000000000000e+04 4.312200000000000000e+04 3.503500000000000000e+04 2.262151639198418707e+01 8.190000000000000000e+02
3.470000000000000000e+02 -5.250000000000000000e+02 5.100000000000000000e+01 3.924300000000000000e+04 4.812500000000000000e+04 4.447200000000000000e+04 3.542900000000000000e+04 2.263125053292606026e+01 8.190000000000000000e+02
2.990000000000000000e+02 -5.320000000000000000e+02 8.400000000000000000e+01 3.947700000000000000e+04 4.761400000000000000e+04 4.484800000000000000e+04 3.619200000000000000e+04 2.264136643102392554e+01 8.190000000000000000e+02
1.170000000000000000e+02 -4.710000000000000000e+02 8.600000000000000000e+01 3.882700000000000000e+04 4.689200000000000000e+04 4.588200000000000000e+04 3.775800000000000000e+04 2.265207001601811498e+01 8.190000000000000000e+02
-2.400000000000000000e+01 -2.820000000000000000e+02 9.400000000000000000e+01 4.004400000000000000e+04 4.520100000000000000e+04 4.535500000000000000e+04 4.031700000000000000e+04 2.266112736298236996e+01 8.180000000000000000e+02
-1.880000000000000000e+02 -7.900000000000000000e+01 8.500000000000000000e+01 4.098700000000000000e+04 4.306100000000000000e+04 4.556200000000000000e+04 4.356200000000000000e+04 2.267197132401634008e+01 8.180000000000000000e+02
-3.030000000000000000e+02 1.000000000000000000e+01 7.800000000000000000e+01 4.060500000000000000e+04 4.281000000000000000e+04 4.607700000000000000e+04 4.433300000000000000e+04 2.268128657294437289e+01 8.180000000000000000e+02
-2.950000000000000000e+02 2.600000000000000000e+01 6.300000000000000000e+01 4.101200000000000000e+04 4.381500000000000000e+04 4.605300000000000000e+04 4.376800000000000000e+04 2.269115246692672372e+01 8.180000000000000000e+02
-2.100000000000000000e+02 3.900000000000000000e+01 6.700000000000000000e+01 4.206700000000000000e+04 4.444700000000000000e+04 4.543700000000000000e+04 4.325700000000000000e+04 2.270093719800934196e+01 8.120000000000000000e+02
-6.400000000000000000e+01 -3.900000000000000000e+01 6.300000000000000000e+01 4.268200000000000000e+04 4.606800000000000000e+04 4.571500000000000000e+04 4.227100000000000000e+04 2.271143216197378933e+01 8.120000000000000000e+02
4.800000000000000000e+01 -1.240000000000000000e+02 4.200000000000000000e+01 4.249900000000000000e+04 4.677100000000000000e+04 4.589200000000000000e+04 4.166900000000000000e+04 2.272104670095723122e+01 8.120000000000000000e+02
1.650000000000000000e+02 -2.280000000000000000e+02 3.800000000000000000e+01 4.255500000000000000e+04 4.775900000000000000e+04 4.598300000000000000e+04 4.070700000000000000e+04 2.273179554392118007e+01 8.120000000000000000e+02
1.930000000000000000e+02 -3.260000000000000000e+02 3.400000000000000000e+01 4.206800000000000000e+04 4.805800000000000000e+04 4.651100000000000000e+04 4.056100000000000000e+04 2.274175148492213339e+01 8.120000000000000000e+02
2.390000000000000000e+02 -4.030000000000000000e+02 3.400000000000000000e+01 4.242400000000000000e+04 4.840900000000000000e+04 4.633000000000000000e+04 3.998200000000000000e+04 2.275156895397230983e+01 8.080000000000000000e+02
1.870000000000000000e+02 -4.290000000000000000e+02 2.800000000000000000e+01 4.212000000000000000e+04 4.826600000000000000e+04 4.684600000000000000e+04 4.066800000000000000e+04 2.276136197592131793e+01 8.080000000000000000e+02
1.390000000000000000e+02 -4.490000000000000000e+02 3.800000000000000000e+01 4.158900000000000000e+04 4.810500000000000000e+04 4.729800000000000000e+04 4.079600000000000000e+04 2.277151911496184766e+01 8.080000000000000000e+02
3.600000000000000000e+01 -3.950000000000000000e+02 4.000000000000000000e+01 4.124300000000000000e+04 4.727000000000000000e+04 4.754000000000000000e+04 4.184700000000000000e+04 2.278131654299795628e+01 8.080000000000000000e+02
-6.900000000000000000e+01 -3.830000000000000000e+02 3.400000000000000000e+01 4.037900000000000000e+04 4.680500000000000000e+04 4.811300000000000000e+04 4.234100000000000000e+04 2.279146977292839438e+01 8.040000000000000000e+02
-1.500000000000000000e+02 -3.230000000000000000e+02 2.800000000000000000e+01 4.047900000000000000e+04 4.631700000000000000e+04 4.804700000000000000e+04 4.293700000000000000e+04 2.280150813097134233e+01 8.040000000000000000e+02
-1.910000000000000000e+02 -2.900000000000000000e+02 2.300000000000000000e+01 4.041700000000000000e+04 4.617600000000000000e+04 4.797100000000000000e+04 4.308400000000000000e+04 2.281170401594135910e+01 8.040000000000000000e+02
-1.840000000000000000e+02 -2.240000000000000000e+02 4.300000000000000000e+01 4.104900000000000000e+04 4.585600000000000000e+04 4.749400000000000000e+04 4.313700000000000000e+04 2.282143039198126644e+01 8.040000000000000000e+02
-1.730000000000000000e+02 -1.580000000000000000e+02 4.600000000000000000e+01 4.100200000000000000e+04 4.559300000000000000e+04 4.739500000000000000e+04 4.307200000000000000e+04 2.283129211992491037e+01 8.020000000000000000e+02
-1.310000000000000000e+02 -1.130000000000000000e+02 4.800000000000000000e+01 4.159100000000000000e+04 4.529600000000000000e+04 4.666800000000000000e+04 4.300300000000000000e+04 2.284165366692468524e+01 8.020000000000000000e+02
-9.100000000000000000e+01 -8.500000000000000000e+01 4.600000000000000000e+01 4.129200000000000000e+04 4.526100000000000000e+04 4.670500000000000000e+04 4.288300000000000000e+04 2.285180113301612437e+01 8.020000000000000000e+02
-1.300000000000000000e+01 -6.700000000000000000e+01 4.900000000000000000e+01 4.177300000000000000e+04 4.565000000000000000e+04 4.609800000000000000e+04 4.199200000000000000e+04 2.286146759497933090e+01 8.020000000000000000e+02
6.600000000000000000e+01 -1.300000000000000000e+01 4.100000000000000000e+01 4.233600000000000000e+04 4.547800000000000000e+04 4.539100000000000000e+04 4.196800000000000000e+04 2.287141565093770623e+01 8.020000000000000000e+02
1.550000000000000000e+02 1.500000000000000000e+01 3.600000000000000000e+01 4.267900000000000000e+04 4.575000000000000000e+04 4.469800000000000000e+04 4.128700000000000000e+04 2.288112166791688651e+01 8.010000000000000000e+02
2.380000000000000000e+02 1.900000000000000000e+01 3.500000000000000000e+01 4.266500000000000000e+04 4.591100000000000000e+04 4.440200000000000000e+04 4.079300000000000000e+04 2.289157202094793320e+01 8.010000000000000000e+02
3.170000000000000000e+02 -1.000000000000000000e+01 5.600000000000000000e+01 4.312600000000000000e+04 4.619500000000000000e+04 4.391900000000000000e+04 4.007600000000000000e+04 2.290158386400435120e+01 8.010000000000000000e+02
3.190000000000000000e+02 -6.600000000000000000e+01 5.300000000000000000e+01 4.231100000000000000e+04 4.641200000000000000e+04 4.460600000000000000e+04 3.947800000000000000e+04 2.291111138195265085e+01 8.010000000000000000e+02
2.780000000000000000e+02 -8.500000000000000000e+01 5.500000000000000000e+01 4.214300000000000000e+04 4.586900000000000000e+04 4.467100000000000000e+04 3.993700000000000000e+04 2.292142523999791592e+01 7.980000000000000000e+02
2.250000000000000000e+02 -1.080000000000000000e+02 5.500000000000000000e+01 4.178400000000000000e+04 4.590400000000000000e+04 4.482500000000000000e+04 3.963100000000000000e+04 2.293342557793948799e+01 7.980000000000000000e+02
1.480000000000000000e+02 -1.460000000000000000e+02 5.200000000000000000e+01 4.123500000000000000e+04 4.546100000000000000e+04 4.514600000000000000e+04 3.999400000000000000e+04 2.294246887601912022e+01 7.980000000000000000e+02
1.080000000000000000e+02 -2.150000000000000000e+02 6.200000000000000000e+01 4.111400000000000000e+04 4.546500000000000000e+04 4.515400000000000000e+04 3.976700000000000000e+04 2.295180423394776881e+01 7.980000000000000000e+02
6.600000000000000000e+01 -2.630000000000000000e+02 5.600000000000000000e+01 4.056100000000000000e+04 4.560800000000000000e+04 4.553600000000000000e+04 3.941200000000000000e+04 2.296108146500773728e+01 7.980000000000000000e+02
3.500000000000000000e+01 -2.920000000000000000e+02 5.700000000000000000e+01 4.010500000000000000e+04 4.566400000000000000e+04 4.583900000000000000e+04 3.906500000000000000e+04 2.297131843294482678e+01 7.980000000000000000e+02
7.000000000000000000e+00 -2.940000000000000000e+02 5.900000000000000000e+01 4.004700000000000000e+04 4.544300000000000000e+04 4.584800000000000000e+04 3.924800000000000000e+04 2.298126865492668003e+01 7.980000000000000000e+02
-1.900000000000000000e+01 -2.720000000000000000e+02 3.300000000000000000e+01 3.976100000000000000e+04 4.550400000000000000e+04 4.592600000000000000e+04 3.921400000000000000e+04 2.299113632901571691e+01 7.980000000000000000e+02
-2.400000000000000000e+01 -2.270000000000000000e+02 2.200000000000000000e+01 3.996300000000000000e+04 4.541000000000000000e+04 4.563800000000000000e+04 3.934200000000000000e+04 2.300184624502435327e+01 8.030000000000000000e+02
-4.000000000000000000e+01 -1.700000000000000000e+02 7.000000000000000000e+00 4.009900000000000000e+04 4.473900000000000000e+04 4.516800000000000000e+04 3.992600000000000000e+04 2.301188749296125025e+01 8.030000000000000000e+02
-6.900000000000000000e+01 -4.900000000000000000e+01 0.000000000000000000e+00 4.025600000000000000e+04 4.398300000000000000e+04 4.474900000000000000e+04 4.068900000000000000e+04 2.302116098301485181e+01 8.030000000000000000e+02
-6.200000000000000000e+01 3.600000000000000000e+01 -3.000000000000000000e+00 3.987000000000000000e+04 4.402600000000000000e+04 4.484100000000000000e+04 4.067800000000000000e+04 2.303136704501230270e+01 8.030000000000000000e+02
-5.900000000000000000e+01 8.700000000000000000e+01 -1.000000000000000000e+00 4.066200000000000000e+04 4.342100000000000000e+04 4.419100000000000000e+04 4.119300000000000000e+04 2.304174431797582656e+01 8.030000000000000000e+02
-4.700000000000000000e+01 1.050000000000000000e+02 -9.000000000000000000e+00 4.079900000000000000e+04 4.349400000000000000e+04 4.384400000000000000e+04 4.093600000000000000e+04 2.305087482091039419e+01 8.020000000000000000e+02
8.000000000000000000e+00 1.000000000000000000e+02 -1.000000000000000000e+01 4.080500000000000000e+04 4.380400000000000000e+04 4.362400000000000000e+04 4.054800000000000000e+04 2.306202960200607777e+01 8.020000000000000000e+02
5.300000000000000000e+01 7.100000000000000000e+01 -6.000000000000000000e+00 4.057900000000000000e+04 4.412000000000000000e+04 4.380800000000000000e+04 3.995100000000000000e+04 2.307138401898555458e+01 8.020000000000000000e+02
7.300000000000000000e+01 5.000000000000000000e+01 -6.000000000000000000e+00 4.037600000000000000e+04 4.428500000000000000e+04 4.370700000000000000e+04 3.979900000000000000e+04 2.308108812093269080e+01 8.020000000000000000e+02
1.020000000000000000e+02 -8.000000000000000000e+00 -3.000000000000000000e+00 4.028500000000000000e+04 4.473300000000000000e+04 4.374700000000000000e+04 3.905800000000000000e+04 2.309155103191733360e+01 8.060000000000000000e+02
