5.800000000000000000e+01 -9.400000000000000000e+01 -4.000000000000000000e+00 4.382100000000000000e+04 4.421000000000000000e+04 4.601300000000000000e+04 4.031800000000000000e+04 1.940193177293986082e+01 8.070000000000000000e+02
4.900000000000000000e+01 -1.060000000000000000e+02 -4.000000000000000000e+00 4.372400000000000000e+04 4.415000000000000000e+04 4.610600000000000000e+04 4.031400000000000000e+04 1.941237251798156649e+01 8.080000000000000000e+02
3.000000000000000000e+00 -8.600000000000000000e+01 -8.000000000000000000e+00 4.331600000000000000e+04 4.379400000000000000e+04 4.629100000000000000e+04 4.056200000000000000e+04 1.942377783090341836e+01 8.080000000000000000e+02
-2.700000000000000000e+01 -5.900000000000000000e+01 -6.000000000000000000e+00 4.267900000000000000e+04 4.308700000000000000e+04 4.679200000000000000e+04 4.124000000000000000e+04 1.943226375593803823e+01 8.080000000000000000e+02
-6.200000000000000000e+01 -3.100000000000000000e+01 -1.500000000000000000e+01 4.282400000000000000e+04 4.284400000000000000e+04 4.655800000000000000e+04 4.150200000000000000e+04 1.944315216096583754e+01 8.080000000000000000e+02
-6.300000000000000000e+01 -3.200000000000000000e+01 -1.100000000000000000e+01 4.290500000000000000e+04 4.276200000000000000e+04 4.638100000000000000e+04 4.157000000000000000e+04 1.945182413689326495e+01 8.080000000000000000e+02
-5.600000000000000000e+01 -1.000000000000000000e+00 -3.000000000000000000e+00 4.299400000000000000e+04 4.221800000000000000e+04 4.602300000000000000e+04 4.168500000000000000e+04 1.946222291991580278e+01 8.090000000000000000e+02
-4.900000000000000000e+01 1.500000000000000000e+01 -7.000000000000000000e+00 4.295600000000000000e+04 4.220000000000000000e+04 4.609200000000000000e+04 4.163100000000000000e+04 1.947193845896981657e+01 8.090000000000000000e+02
-1.700000000000000000e+01 1.800000000000000000e+01 -1.000000000000000000e+01 4.312800000000000000e+04 4.239300000000000000e+04 4.590000000000000000e+04 4.145700000000000000e+04 1.948189414397347718e+01 8.090000000000000000e+02
1.600000000000000000e+01 3.000000000000000000e+00 -2.000000000000000000e+00 4.339800000000000000e+04 4.254900000000000000e+04 4.556600000000000000e+04 4.130000000000000000e+04 1.949217149498872459e+01 8.090000000000000000e+02
3.200000000000000000e+01 1.000000000000000000e+00 -6.000000000000000000e+00 4.316400000000000000e+04 4.249400000000000000e+04 4.575900000000000000e+04 4.127700000000000000e+04 1.950226492690853775e+01 8.080000000000000000e+02
5.600000000000000000e+01 5.000000000000000000e+00 -5.000000000000000000e+00 4.360600000000000000e+04 4.296700000000000000e+04 4.536900000000000000e+04 4.064000000000000000e+04 1.951207181089557707e+01 8.080000000000000000e+02
8.600000000000000000e+01 -1.700000000000000000e+01 -1.300000000000000000e+01 4.337600000000000000e+04 4.312800000000000000e+04 4.545500000000000000e+04 4.049400000000000000e+04 1.952177584695164114e+01 8.080000000000000000e+02
1.090000000000000000e+02 -5.000000000000000000e+01 -8.000000000000000000e+00 4.316400000000000000e+04 4.377400000000000000e+04 4.555100000000000000e+04 3.976400000000000000e+04 1.953159213892649859e+01 8.080000000000000000e+02
1.020000000000000000e+02 -7.300000000000000000e+01 -1.000000000000000000e+01 4.276900000000000000e+04 4.302000000000000000e+04 4.574200000000000000e+04 4.045700000000000000e+04 1.954244511493016034e+01 8.080000000000000000e+02
1.270000000000000000e+02 -9.700000000000000000e+01 -3.000000000000000000e+00 4.292700000000000000e+04 4.312000000000000000e+04 4.570000000000000000e+04 4.036500000000000000e+04 1.955213800992351025e+01 8.080000000000000000e+02
1.480000000000000000e+02 -1.220000000000000000e+02 -1.200000000000000000e+01 4.316700000000000000e+04 4.376200000000000000e+04 4.554800000000000000e+04 3.961300000000000000e+04 1.956203445198480040e+01 8.080000000000000000e+02
1.460000000000000000e+02 -1.230000000000000000e+02 -1.000000000000000000e+00 4.323700000000000000e+04 4.384000000000000000e+04 4.567000000000000000e+04 3.967100000000000000e+04 1.957234187494032085e+01 8.080000000000000000e+02
1.420000000000000000e+02 -1.210000000000000000e+02 -3.000000000000000000e+00 4.321200000000000000e+04 4.361600000000000000e+04 4.568900000000000000e+04 4.009000000000000000e+04 1.958217869792133570e+01 8.080000000000000000e+02
1.420000000000000000e+02 -1.320000000000000000e+02 -2.000000000000000000e+00 4.317800000000000000e+04 4.386400000000000000e+04 4.569300000000000000e+04 3.976500000000000000e+04 1.959236732998397201e+01 8.090000000000000000e+02
1.280000000000000000e+02 -1.280000000000000000e+02 1.000000000000000000e+00 4.324200000000000000e+04 4.359900000000000000e+04 4.565700000000000000e+04 3.995800000000000000e+04 1.960241810488514602e+01 8.090000000000000000e+02
1.130000000000000000e+02 -1.380000000000000000e+02 -1.000000000000000000e+00 4.331200000000000000e+04 4.345800000000000000e+04 4.560700000000000000e+04 4.010200000000000000e+04 1.961265678692143410e+01 8.090000000000000000e+02
7.400000000000000000e+01 -1.240000000000000000e+02 -8.000000000000000000e+00 4.290500000000000000e+04 4.308100000000000000e+04 4.589200000000000000e+04 4.054000000000000000e+04 1.962242068792693317e+01 8.090000000000000000e+02
5.500000000000000000e+01 -1.200000000000000000e+02 3.000000000000000000e+00 4.289700000000000000e+04 4.301500000000000000e+04 4.585100000000000000e+04 4.061600000000000000e+04 1.963220396696124226e+01 8.090000000000000000e+02
4.200000000000000000e+01 -1.210000000000000000e+02 1.000000000000000000e+00 4.276400000000000000e+04 4.314000000000000000e+04 4.600200000000000000e+04 4.036600000000000000e+04 1.964180235192179680e+01 8.090000000000000000e+02
4.500000000000000000e+01 -1.250000000000000000e+02 -6.000000000000000000e+00 4.305500000000000000e+04 4.298100000000000000e+04 4.575600000000000000e+04 4.047800000000000000e+04 1.965180322597734630e+01 8.090000000000000000e+02
3.100000000000000000e+01 -1.230000000000000000e+02 -1.400000000000000000e+01 4.283600000000000000e+04 4.301300000000000000e+04 4.582700000000000000e+04 4.052200000000000000e+04 1.966252855595666915e+01 8.090000000000000000e+02
4.000000000000000000e+01 -1.200000000000000000e+02 -1.400000000000000000e+01 4.293400000000000000e+04 4.327500000000000000e+04 4.558600000000000000e+04 4.032100000000000000e+04 1.967225201998371631e+01 8.070000000000000000e+02
5.300000000000000000e+01 -1.230000000000000000e+02 -7.000000000000000000e+00 4.295300000000000000e+04 4.318800000000000000e+04 4.579500000000000000e+04 4.063600000000000000e+04 1.968218884489033371e+01 8.070000000000000000e+02
5.200000000000000000e+01 -1.330000000000000000e+02 3.000000000000000000e+00 4.294500000000000000e+04 4.315100000000000000e+04 4.576400000000000000e+04 4.080000000000000000e+04 1.969214997894596308e+01 8.070000000000000000e+02
8.200000000000000000e+01 -1.740000000000000000e+02 3.000000000000000000e+00 4.290900000000000000e+04 4.369900000000000000e+04 4.590100000000000000e+04 4.010500000000000000e+04 1.970196870190557092e+01 8.070000000000000000e+02
7.700000000000000000e+01 -1.870000000000000000e+02 -2.000000000000000000e+00 4.298400000000000000e+04 4.374400000000000000e+04 4.589300000000000000e+04 4.002200000000000000e+04 1.971232065989170223e+01 8.070000000000000000e+02
7.500000000000000000e+01 -1.950000000000000000e+02 -1.300000000000000000e+01 4.274100000000000000e+04 4.426400000000000000e+04 4.612700000000000000e+04 3.971700000000000000e+04 1.972172214195597917e+01 8.070000000000000000e+02
7.400000000000000000e+01 -1.790000000000000000e+02 -1.200000000000000000e+01 4.339700000000000000e+04 4.397100000000000000e+04 4.535700000000000000e+04 4.019700000000000000e+04 1.973240767093375325e+01 8.070000000000000000e+02
5.500000000000000000e+01 -1.980000000000000000e+02 -3.000000000000000000e+00 4.313200000000000000e+04 4.395900000000000000e+04 4.578500000000000000e+04 3.996100000000000000e+04 1.974235511291772127e+01 8.070000000000000000e+02
3.000000000000000000e+01 -2.120000000000000000e+02 6.000000000000000000e+00 4.301800000000000000e+04 4.397300000000000000e+04 4.607300000000000000e+04 3.968700000000000000e+04 1.975182737899012864e+01 8.070000000000000000e+02
3.000000000000000000e+00 -1.960000000000000000e+02 3.000000000000000000e+00 4.288400000000000000e+04 4.350400000000000000e+04 4.640400000000000000e+04 4.025100000000000000e+04 1.976194597489666194e+01 8.070000000000000000e+02
-3.400000000000000000e+01 -1.510000000000000000e+02 7.000000000000000000e+00 4.289900000000000000e+04 4.314600000000000000e+04 4.640500000000000000e+04 4.072600000000000000e+04 1.977168143796734512e+01 8.070000000000000000e+02
-4.600000000000000000e+01 -1.460000000000000000e+02 2.000000000000000000e+01 4.320900000000000000e+04 4.274500000000000000e+04 4.629800000000000000e+04 4.108000000000000000e+04 1.978249832196161151e+01 8.070000000000000000e+02
-4.100000000000000000e+01 -1.320000000000000000e+02 1.500000000000000000e+01 4.364400000000000000e+04 4.295100000000000000e+04 4.627600000000000000e+04 4.077700000000000000e+04 1.979234253196045756e+01 8.070000000000000000e+02
-5.400000000000000000e+01 -1.070000000000000000e+02 2.300000000000000000e+01 4.384600000000000000e+04 4.261200000000000000e+04 4.622100000000000000e+04 4.109700000000000000e+04 1.980194959288928658e+01 8.090000000000000000e+02
-6.800000000000000000e+01 -9.400000000000000000e+01 2.100000000000000000e+01 4.340700000000000000e+04 4.265900000000000000e+04 4.654300000000000000e+04 4.089400000000000000e+04 1.981308171991258860e+01 8.090000000000000000e+02
-7.700000000000000000e+01 -8.700000000000000000e+01 1.200000000000000000e+01 4.317600000000000000e+04 4.294100000000000000e+04 4.662400000000000000e+04 4.062800000000000000e+04 1.982193818397354335e+01 8.090000000000000000e+02
-5.600000000000000000e+01 -1.040000000000000000e+02 1.800000000000000000e+01 4.377500000000000000e+04 4.259400000000000000e+04 4.608900000000000000e+04 4.083100000000000000e+04 1.983192744990810752e+01 8.090000000000000000e+02
-5.700000000000000000e+01 -1.190000000000000000e+02 2.800000000000000000e+01 4.395900000000000000e+04 4.279400000000000000e+04 4.566800000000000000e+04 4.084100000000000000e+04 1.984212346398271620e+01 8.090000000000000000e+02
-8.100000000000000000e+01 -1.260000000000000000e+02 2.400000000000000000e+01 4.355500000000000000e+04 4.257200000000000000e+04 4.594000000000000000e+04 4.096500000000000000e+04 1.985127708991058171e+01 8.090000000000000000e+02
-1.100000000000000000e+02 -1.340000000000000000e+02 2.100000000000000000e+01 4.328300000000000000e+04 4.283700000000000000e+04 4.615500000000000000e+04 4.074500000000000000e+04 1.986119235400110483e+01 8.090000000000000000e+02
-1.290000000000000000e+02 -1.390000000000000000e+02 2.400000000000000000e+01 4.334800000000000000e+04 4.274900000000000000e+04 4.604000000000000000e+04 4.087200000000000000e+04 1.987170400295872241e+01 8.090000000000000000e+02
-1.360000000000000000e+02 -1.480000000000000000e+02 2.500000000000000000e+01 4.336700000000000000e+04 4.269300000000000000e+04 4.602600000000000000e+04 4.088500000000000000e+04 1.988179177592974156e+01 8.090000000000000000e+02
-1.480000000000000000e+02 -1.560000000000000000e+02 2.500000000000000000e+01 4.304100000000000000e+04 4.214600000000000000e+04 4.635100000000000000e+04 4.126900000000000000e+04 1.989188223192468286e+01 8.090000000000000000e+02
-1.330000000000000000e+02 -1.680000000000000000e+02 2.300000000000000000e+01 4.323200000000000000e+04 4.284700000000000000e+04 4.602100000000000000e+04 4.043100000000000000e+04 1.990163724590092897e+01 8.090000000000000000e+02
-1.150000000000000000e+02 -1.580000000000000000e+02 2.900000000000000000e+01 4.336400000000000000e+04 4.269400000000000000e+04 4.591200000000000000e+04 4.061900000000000000e+04 1.991145568992942572e+01 8.090000000000000000e+02
-1.030000000000000000e+02 -1.440000000000000000e+02 3.600000000000000000e+01 4.339800000000000000e+04 4.259700000000000000e+04 4.595500000000000000e+04 4.069500000000000000e+04 1.992170158389490098e+01 8.090000000000000000e+02
-1.000000000000000000e+02 -1.280000000000000000e+02 2.400000000000000000e+01 4.323300000000000000e+04 4.245400000000000000e+04 4.614400000000000000e+04 4.072400000000000000e+04 1.993159132392611355e+01 8.090000000000000000e+02
-7.200000000000000000e+01 -1.160000000000000000e+02 2.800000000000000000e+01 4.331300000000000000e+04 4.266200000000000000e+04 4.603700000000000000e+04 4.051200000000000000e+04 1.994183173088822514e+01 8.090000000000000000e+02
-4.400000000000000000e+01 -1.200000000000000000e+02 1.800000000000000000e+01 4.329800000000000000e+04 4.289500000000000000e+04 4.598700000000000000e+04 4.025000000000000000e+04 1.995150973496492952e+01 8.090000000000000000e+02
-3.300000000000000000e+01 -9.300000000000000000e+01 2.100000000000000000e+01 4.350300000000000000e+04 4.289800000000000000e+04 4.573200000000000000e+04 4.021000000000000000e+04 1.996123124298173934e+01 8.090000000000000000e+02
-2.800000000000000000e+01 -7.700000000000000000e+01 1.800000000000000000e+01 4.379400000000000000e+04 4.255800000000000000e+04 4.544700000000000000e+04 4.050800000000000000e+04 1.997200349997729063e+01 8.070000000000000000e+02
-3.800000000000000000e+01 -5.300000000000000000e+01 2.200000000000000000e+01 4.398900000000000000e+04 4.245000000000000000e+04 4.540700000000000000e+04 4.080900000000000000e+04 1.998142242897301912e+01 8.070000000000000000e+02
-3.300000000000000000e+01 -5.500000000000000000e+01 2.100000000000000000e+01 4.386900000000000000e+04 4.276900000000000000e+04 4.550100000000000000e+04 4.045900000000000000e+04 1.999134897196199745e+01 8.070000000000000000e+02
-3.100000000000000000e+01 -7.600000000000000000e+01 1.600000000000000000e+01 4.362400000000000000e+04 4.274300000000000000e+04 4.575100000000000000e+04 4.045400000000000000e+04 2.000106715096626431e+01 8.070000000000000000e+02
-4.900000000000000000e+01 -8.700000000000000000e+01 1.300000000000000000e+01 4.352500000000000000e+04 4.268000000000000000e+04 4.585200000000000000e+04 4.057900000000000000e+04 2.001218095095828176e+01 8.070000000000000000e+02
-5.200000000000000000e+01 -8.100000000000000000e+01 2.200000000000000000e+01 4.340000000000000000e+04 4.248700000000000000e+04 4.579400000000000000e+04 4.059400000000000000e+04 2.002112455794122070e+01 8.110000000000000000e+02
-8.000000000000000000e+01 -6.200000000000000000e+01 2.000000000000000000e+01 4.312800000000000000e+04 4.205300000000000000e+04 4.610800000000000000e+04 4.097600000000000000e+04 2.003113177896011621e+01 8.110000000000000000e+02
-6.900000000000000000e+01 -7.300000000000000000e+01 1.900000000000000000e+01 4.335600000000000000e+04 4.253000000000000000e+04 4.579400000000000000e+04 4.055600000000000000e+04 2.004120520688593388e+01 8.110000000000000000e+02
-8.200000000000000000e+01 -8.300000000000000000e+01 2.700000000000000000e+01 4.330800000000000000e+04 4.215600000000000000e+04 4.588600000000000000e+04 4.080900000000000000e+04 2.005130370589904487e+01 8.110000000000000000e+02
-8.600000000000000000e+01 -6.800000000000000000e+01 1.900000000000000000e+01 4.327400000000000000e+04 4.251600000000000000e+04 4.597900000000000000e+04 4.040200000000000000e+04 2.006134846596978605e+01 8.090000000000000000e+02
-7.400000000000000000e+01 -5.500000000000000000e+01 2.800000000000000000e+01 4.371000000000000000e+04 4.247400000000000000e+04 4.557000000000000000e+04 4.040700000000000000e+04 2.007120902498718351e+01 8.090000000000000000e+02
-6.800000000000000000e+01 -4.300000000000000000e+01 2.400000000000000000e+01 4.359000000000000000e+04 4.254500000000000000e+04 4.567800000000000000e+04 4.027900000000000000e+04 2.008121379092335701e+01 8.090000000000000000e+02
-5.600000000000000000e+01 -2.500000000000000000e+01 3.200000000000000000e+01 4.336800000000000000e+04 4.224700000000000000e+04 4.590400000000000000e+04 4.047900000000000000e+04 2.009203279693610966e+01 8.090000000000000000e+02
-6.600000000000000000e+01 -2.300000000000000000e+01 2.800000000000000000e+01 4.324900000000000000e+04 4.214900000000000000e+04 4.593900000000000000e+04 4.065400000000000000e+04 2.010209648089949042e+01 8.110000000000000000e+02
-5.100000000000000000e+01 -1.600000000000000000e+01 2.300000000000000000e+01 4.363700000000000000e+04 4.196000000000000000e+04 4.556100000000000000e+04 4.069100000000000000e+04 2.011113896791357547e+01 8.110000000000000000e+02
-5.500000000000000000e+01 -2.300000000000000000e+01 2.100000000000000000e+01 4.347700000000000000e+04 4.214600000000000000e+04 4.571800000000000000e+04 4.050500000000000000e+04 2.012112178490497172e+01 8.110000000000000000e+02
-5.000000000000000000e+01 -2.300000000000000000e+01 1.900000000000000000e+01 4.352300000000000000e+04 4.193400000000000000e+04 4.574500000000000000e+04 4.067700000000000000e+04 2.013234191294759512e+01 8.110000000000000000e+02
-4.700000000000000000e+01 -1.500000000000000000e+01 1.700000000000000000e+01 4.322900000000000000e+04 4.224400000000000000e+04 4.593300000000000000e+04 4.041800000000000000e+04 2.014222089096438140e+01 8.100000000000000000e+02
-2.800000000000000000e+01 -7.000000000000000000e+00 1.300000000000000000e+01 4.352200000000000000e+04 4.259400000000000000e+04 4.568000000000000000e+04 4.016900000000000000e+04 2.015133135288488120e+01 8.100000000000000000e+02
-9.000000000000000000e+00 -1.100000000000000000e+01 2.500000000000000000e+01 4.371000000000000000e+04 4.243000000000000000e+04 4.549600000000000000e+04 4.036300000000000000e+04 2.016226266091689467e+01 8.100000000000000000e+02
2.000000000000000000e+00 -1.600000000000000000e+01 1.000000000000000000e+01 4.378600000000000000e+04 4.244900000000000000e+04 4.553300000000000000e+04 4.032300000000000000e+04 2.017112501990050077e+01 8.100000000000000000e+02
-6.000000000000000000e+00 -3.200000000000000000e+01 6.000000000000000000e+00 4.348900000000000000e+04 4.259000000000000000e+04 4.585400000000000000e+04 4.026400000000000000e+04 2.018238053098320961e+01 8.100000000000000000e+02
-8.000000000000000000e+00 -2.900000000000000000e+01 2.000000000000000000e+00 4.327500000000000000e+04 4.277600000000000000e+04 4.604100000000000000e+04 4.015800000000000000e+04 2.019161840388551354e+01 8.110000000000000000e+02
-1.300000000000000000e+01 -2.300000000000000000e+01 2.200000000000000000e+01 4.348900000000000000e+04 4.261400000000000000e+04 4.592100000000000000e+04 4.029300000000000000e+04 2.020180291391443461e+01 8.110000000000000000e+02
-2.700000000000000000e+01 -9.000000000000000000e+00 1.400000000000000000e+01 4.365200000000000000e+04 4.240100000000000000e+04 4.574100000000000000e+04 4.054900000000000000e+04 2.021159702597651631e+01 8.110000000000000000e+02
-1.800000000000000000e+01 -4.000000000000000000e+00 1.500000000000000000e+01 4.336400000000000000e+04 4.257300000000000000e+04 4.605800000000000000e+04 4.031000000000000000e+04 2.022097956296056509e+01 8.110000000000000000e+02
-2.300000000000000000e+01 8.000000000000000000e+00 6.000000000000000000e+00 4.340900000000000000e+04 4.270900000000000000e+04 4.657900000000000000e+04 4.078400000000000000e+04 2.023189327691216022e+01 8.060000000000000000e+02
-1.800000000000000000e+01 7.000000000000000000e+00 1.800000000000000000e+01 4.369000000000000000e+04 4.229100000000000000e+04 4.624800000000000000e+04 4.116200000000000000e+04 2.024126430088654160e+01 8.060000000000000000e+02
-9.000000000000000000e+00 2.600000000000000000e+01 3.500000000000000000e+01 4.414200000000000000e+04 4.276100000000000000e+04 4.605800000000000000e+04 4.085300000000000000e+04 2.025143273593857884e+01 8.060000000000000000e+02
-3.600000000000000000e+01 4.700000000000000000e+01 3.600000000000000000e+01 4.412200000000000000e+04 4.254900000000000000e+04 4.628500000000000000e+04 4.097500000000000000e+04 2.026229212188627571e+01 8.060000000000000000e+02
-3.900000000000000000e+01 5.400000000000000000e+01 3.500000000000000000e+01 4.406200000000000000e+04 4.205300000000000000e+04 4.638100000000000000e+04 4.148900000000000000e+04 2.027108808199409395e+01 8.110000000000000000e+02
-4.600000000000000000e+01 4.700000000000000000e+01 3.400000000000000000e+01 4.380900000000000000e+04 4.182900000000000000e+04 4.646100000000000000e+04 4.137300000000000000e+04 2.028142252797260880e+01 8.110000000000000000e+02
-3.200000000000000000e+01 8.000000000000000000e+00 2.300000000000000000e+01 4.357000000000000000e+04 4.225200000000000000e+04 4.659000000000000000e+04 4.108300000000000000e+04 2.029232621297705919e+01 8.110000000000000000e+02
-1.000000000000000000e+00 5.000000000000000000e+00 2.600000000000000000e+01 4.383900000000000000e+04 4.261200000000000000e+04 4.637000000000000000e+04 4.070400000000000000e+04 2.030111254297662526e+01 8.110000000000000000e+02
9.000000000000000000e+00 3.000000000000000000e+00 1.600000000000000000e+01 4.374700000000000000e+04 4.259900000000000000e+04 4.641700000000000000e+04 4.075100000000000000e+04 2.031166084494907409e+01 8.110000000000000000e+02
2.800000000000000000e+01 -7.000000000000000000e+00 2.800000000000000000e+01 4.378200000000000000e+04 4.273300000000000000e+04 4.628400000000000000e+04 4.029700000000000000e+04 2.032128625188488513e+01 8.110000000000000000e+02
3.400000000000000000e+01 3.000000000000000000e+00 2.100000000000000000e+01 4.402100000000000000e+04 4.296400000000000000e+04 4.602100000000000000e+04 4.005500000000000000e+04 2.033103429689072073e+01 8.110000000000000000e+02
2.800000000000000000e+01 3.100000000000000000e+01 1.100000000000000000e+01 4.387800000000000000e+04 4.227300000000000000e+04 4.612500000000000000e+04 4.079200000000000000e+04 2.034118792996741831e+01 8.110000000000000000e+02
2.300000000000000000e+01 2.100000000000000000e+01 1.500000000000000000e+01 4.375000000000000000e+04 4.218000000000000000e+04 4.620400000000000000e+04 4.093200000000000000e+04 2.035132037196308374e+01 8.110000000000000000e+02
5.100000000000000000e+01 2.000000000000000000e+01 8.000000000000000000e+00 4.487700000000000000e+04 4.360600000000000000e+04 4.678000000000000000e+04 4.144400000000000000e+04 2.036103109689429402e+01 7.900000000000000000e+02
3.800000000000000000e+01 1.500000000000000000e+01 2.200000000000000000e+01 4.481000000000000000e+04 4.362300000000000000e+04 4.694500000000000000e+04 4.141800000000000000e+04 2.037282835796941072e+01 7.900000000000000000e+02
3.700000000000000000e+01 2.100000000000000000e+01 1.900000000000000000e+01 4.502800000000000000e+04 4.409000000000000000e+04 4.689700000000000000e+04 4.115500000000000000e+04 2.038129964598920196e+01 7.900000000000000000e+02
1.500000000000000000e+01 5.700000000000000000e+01 1.500000000000000000e+01 4.493300000000000000e+04 4.365000000000000000e+04 4.715000000000000000e+04 4.179600000000000000e+04 2.039065411395858973e+01 7.900000000000000000e+02
-1.300000000000000000e+01 6.000000000000000000e+01 9.000000000000000000e+00 4.454900000000000000e+04 4.319600000000000000e+04 4.744100000000000000e+04 4.229500000000000000e+04 2.040105583891272545e+01 3.700000000000000000e+01
0.000000000000000000e+00 6.600000000000000000e+01 6.000000000000000000e+00 4.582300000000000000e+04 4.381600000000000000e+04 4.742200000000000000e+04 4.305800000000000000e+04 2.041098216292448342e+01 3.700000000000000000e+01
-4.000000000000000000e+00 8.100000000000000000e+01 4.000000000000000000e+00 4.575500000000000000e+04 4.351700000000000000e+04 4.751100000000000000e+04 4.326800000000000000e+04 2.042211429495364428e+01 3.700000000000000000e+01
-2.000000000000000000e+00 6.700000000000000000e+01 1.400000000000000000e+01 4.548300000000000000e+04 4.373600000000000000e+04 4.770200000000000000e+04 4.299200000000000000e+04 2.043188404897227883e+01 3.700000000000000000e+01
4.000000000000000000e+00 8.800000000000000000e+01 1.000000000000000000e+00 4.577000000000000000e+04 4.401600000000000000e+04 4.746200000000000000e+04 4.282200000000000000e+04 2.044116024090908468e+01 3.700000000000000000e+01
4.000000000000000000e+01 4.600000000000000000e+01 1.100000000000000000e+01 4.570200000000000000e+04 4.460300000000000000e+04 4.772800000000000000e+04 4.242100000000000000e+04 2.045135148998815566e+01 3.900000000000000000e+01
5.500000000000000000e+01 5.300000000000000000e+01 2.100000000000000000e+01 4.622600000000000000e+04 4.409400000000000000e+04 4.725600000000000000e+04 4.282500000000000000e+04 2.046101807593367994e+01 3.900000000000000000e+01
5.900000000000000000e+01 7.300000000000000000e+01 1.500000000000000000e+01 4.589500000000000000e+04 4.369500000000000000e+04 4.753900000000000000e+04 4.306800000000000000e+04 2.047103697294369340e+01 3.900000000000000000e+01
5.400000000000000000e+01 9.400000000000000000e+01 1.000000000000000000e+01 4.600300000000000000e+04 4.354200000000000000e+04 4.722700000000000000e+04 4.323100000000000000e+04 2.048108438390772790e+01 3.900000000000000000e+01
6.900000000000000000e+01 1.230000000000000000e+02 -4.000000000000000000e+00 4.475400000000000000e+04 4.267100000000000000e+04 4.613200000000000000e+04 4.144100000000000000e+04 2.049164638295769691e+01 6.500000000000000000e+01
6.500000000000000000e+01 1.360000000000000000e+02 -1.500000000000000000e+01 4.424100000000000000e+04 4.197000000000000000e+04 4.632100000000000000e+04 4.221800000000000000e+04 2.050183644390199333e+01 6.500000000000000000e+01
1.050000000000000000e+02 1.590000000000000000e+02 -2.000000000000000000e+01 4.478500000000000000e+04 4.154400000000000000e+04 4.544700000000000000e+04 4.209300000000000000e+04 2.051236664992757142e+01 6.500000000000000000e+01
1.280000000000000000e+02 1.480000000000000000e+02 -1.100000000000000000e+01 4.453600000000000000e+04 4.164200000000000000e+04 4.550800000000000000e+04 4.186500000000000000e+04 2.052180852997116745e+01 6.500000000000000000e+01
1.310000000000000000e+02 1.420000000000000000e+02 -2.100000000000000000e+01 4.436800000000000000e+04 4.142400000000000000e+04 4.528900000000000000e+04 4.171200000000000000e+04 2.053116385999601334e+01 6.500000000000000000e+01
1.410000000000000000e+02 9.700000000000000000e+01 -2.100000000000000000e+01 4.295100000000000000e+04 4.148300000000000000e+04 4.493100000000000000e+04 4.000700000000000000e+04 2.054186153097543865e+01 6.500000000000000000e+01
1.800000000000000000e+02 2.400000000000000000e+01 -1.400000000000000000e+01 4.348000000000000000e+04 4.284600000000000000e+04 4.413400000000000000e+04 3.805400000000000000e+04 2.055181608488783240e+01 6.500000000000000000e+01
2.070000000000000000e+02 -3.000000000000000000e+00 -2.600000000000000000e+01 4.297200000000000000e+04 4.255800000000000000e+04 4.429700000000000000e+04 3.816500000000000000e+04 2.056125655397772789e+01 6.500000000000000000e+01
2.070000000000000000e+02 6.000000000000000000e+00 -1.800000000000000000e+01 4.272100000000000000e+04 4.233900000000000000e+04 4.435800000000000000e+04 3.804600000000000000e+04 2.057096285198349506e+01 6.500000000000000000e+01
1.840000000000000000e+02 4.200000000000000000e+01 -3.100000000000000000e+01 4.156500000000000000e+04 4.060500000000000000e+04 4.432200000000000000e+04 3.884200000000000000e+04 2.058111367595847696e+01 6.800000000000000000e+01
1.470000000000000000e+02 8.100000000000000000e+01 -4.800000000000000000e+01 4.323900000000000000e+04 4.285400000000000000e+04 4.250700000000000000e+04 3.626100000000000000e+04 2.059106598293874413e+01 6.800000000000000000e+01
1.170000000000000000e+02 6.300000000000000000e+01 -3.400000000000000000e+01 4.251800000000000000e+04 4.089100000000000000e+04 4.307000000000000000e+04 3.851000000000000000e+04 2.060105317190755159e+01 6.800000000000000000e+01
8.100000000000000000e+01 9.000000000000000000e+01 -4.000000000000000000e+01 4.038700000000000000e+04 3.982500000000000000e+04 4.470200000000000000e+04 3.928300000000000000e+04 2.061303117591887712e+01 6.800000000000000000e+01
4.500000000000000000e+01 9.500000000000000000e+01 -3.300000000000000000e+01 4.157800000000000000e+04 4.039400000000000000e+04 4.315500000000000000e+04 3.819600000000000000e+04 2.062084225192666054e+01 7.100000000000000000e+01
4.000000000000000000e+00 1.470000000000000000e+02 -3.700000000000000000e+01 4.272100000000000000e+04 4.175700000000000000e+04 4.206200000000000000e+04 3.659000000000000000e+04 2.063065369089599699e+01 7.100000000000000000e+01
-4.000000000000000000e+01 1.490000000000000000e+02 -4.000000000000000000e+01 4.134700000000000000e+04 3.814500000000000000e+04 4.338400000000000000e+04 4.047200000000000000e+04 2.064056436088867486e+01 7.100000000000000000e+01
-5.400000000000000000e+01 1.390000000000000000e+02 -3.900000000000000000e+01 4.002400000000000000e+04 3.922800000000000000e+04 4.454500000000000000e+04 3.957100000000000000e+04 2.065092989197000861e+01 7.100000000000000000e+01
-7.700000000000000000e+01 1.190000000000000000e+02 -2.400000000000000000e+01 4.237600000000000000e+04 4.099700000000000000e+04 4.255600000000000000e+04 3.767600000000000000e+04 2.066174299793783575e+01 7.400000000000000000e+01
-1.030000000000000000e+02 8.900000000000000000e+01 -2.100000000000000000e+01 3.985000000000000000e+04 3.844700000000000000e+04 4.477000000000000000e+04 4.015700000000000000e+04 2.067081686190795153e+01 7.400000000000000000e+01
-1.260000000000000000e+02 8.500000000000000000e+01 -2.700000000000000000e+01 4.246800000000000000e+04 3.955800000000000000e+04 4.249200000000000000e+04 3.921600000000000000e+04 2.068092118191998452e+01 7.400000000000000000e+01
-1.240000000000000000e+02 8.500000000000000000e+01 -2.700000000000000000e+01 4.160700000000000000e+04 3.815000000000000000e+04 4.337100000000000000e+04 4.084800000000000000e+04 2.069132213294506073e+01 7.400000000000000000e+01
-9.000000000000000000e+01 1.070000000000000000e+02 -2.200000000000000000e+01 4.090900000000000000e+04 3.792300000000000000e+04 4.411100000000000000e+04 4.118100000000000000e+04 2.070047297596465796e+01 7.400000000000000000e+01
-5.200000000000000000e+01 8.100000000000000000e+01 -2.900000000000000000e+01 4.063300000000000000e+04 4.177300000000000000e+04 4.508500000000000000e+04 3.834800000000000000e+04 2.071049790096003562e+01 6.900000000000000000e+01
3.000000000000000000e+00 4.800000000000000000e+01 -3.800000000000000000e+01 4.195100000000000000e+04 4.121500000000000000e+04 4.410000000000000000e+04 3.915200000000000000e+04 2.072122515994124115e+01 6.900000000000000000e+01
6.100000000000000000e+01 1.700000000000000000e+01 -2.900000000000000000e+01 4.220100000000000000e+04 4.064200000000000000e+04 4.412300000000000000e+04 4.009400000000000000e+04 2.073068746598437428e+01 6.900000000000000000e+01
1.250000000000000000e+02 9.000000000000000000e+00 -2.200000000000000000e+01 4.373700000000000000e+04 4.238800000000000000e+04 4.281800000000000000e+04 3.840300000000000000e+04 2.074060717690736055e+01 6.900000000000000000e+01
1.610000000000000000e+02 -1.200000000000000000e+01 -3.900000000000000000e+01 4.253600000000000000e+04 4.483000000000000000e+04 4.434800000000000000e+04 3.576900000000000000e+04 2.075080805097240955e+01 7.400000000000000000e+01
1.500000000000000000e+02 -5.000000000000000000e+00 -3.300000000000000000e+01 4.279300000000000000e+04 4.316900000000000000e+04 4.422300000000000000e+04 3.817700000000000000e+04 2.076058362692128867e+01 7.400000000000000000e+01
1.210000000000000000e+02 1.000000000000000000e+01 -4.000000000000000000e+01 4.309700000000000000e+04 4.293600000000000000e+04 4.411800000000000000e+04 3.878300000000000000e+04 2.077068566996604204e+01 7.400000000000000000e+01
4.200000000000000000e+01 1.400000000000000000e+01 -3.000000000000000000e+01 4.227900000000000000e+04 4.221200000000000000e+04 4.500300000000000000e+04 3.973900000000000000e+04 2.078056509792804718e+01 7.400000000000000000e+01
-2.500000000000000000e+01 8.300000000000000000e+01 -3.400000000000000000e+01 4.452200000000000000e+04 4.072600000000000000e+04 4.321700000000000000e+04 4.173200000000000000e+04 2.079105395695660263e+01 7.200000000000000000e+01
-7.900000000000000000e+01 1.350000000000000000e+02 -4.100000000000000000e+01 4.111700000000000000e+04 4.149500000000000000e+04 4.644400000000000000e+04 4.141200000000000000e+04 2.080094455892685801e+01 7.200000000000000000e+01
-1.130000000000000000e+02 1.340000000000000000e+02 -4.300000000000000000e+01 4.342500000000000000e+04 4.192700000000000000e+04 4.458800000000000000e+04 4.120600000000000000e+04 2.081051861494779587e+01 7.200000000000000000e+01
-1.670000000000000000e+02 1.160000000000000000e+02 -3.800000000000000000e+01 4.206300000000000000e+04 4.073800000000000000e+04 4.593400000000000000e+04 4.247300000000000000e+04 2.082075227494351566e+01 7.200000000000000000e+01
-1.970000000000000000e+02 5.400000000000000000e+01 -4.000000000000000000e+01 4.269400000000000000e+04 4.177100000000000000e+04 4.547100000000000000e+04 4.166600000000000000e+04 2.083033866190817207e+01 6.800000000000000000e+01
-1.440000000000000000e+02 5.000000000000000000e+00 -4.500000000000000000e+01 4.099100000000000000e+04 4.046000000000000000e+04 4.736000000000000000e+04 4.359800000000000000e+04 2.084109846292994916e+01 6.800000000000000000e+01
-2.500000000000000000e+01 -6.500000000000000000e+01 -3.400000000000000000e+01 4.390100000000000000e+04 4.579800000000000000e+04 4.503800000000000000e+04 3.787800000000000000e+04 2.085152790788561106e+01 6.800000000000000000e+01
6.800000000000000000e+01 -3.800000000000000000e+01 -2.900000000000000000e+01 4.432500000000000000e+04 4.193700000000000000e+04 4.484000000000000000e+04 4.251200000000000000e+04 2.086106187396217138e+01 6.800000000000000000e+01
1.370000000000000000e+02 2.900000000000000000e+01 -4.000000000000000000e+01 4.467400000000000000e+04 4.377700000000000000e+04 4.453600000000000000e+04 4.085400000000000000e+04 2.087111693096812814e+01 6.800000000000000000e+01
1.390000000000000000e+02 6.400000000000000000e+01 -3.100000000000000000e+01 4.127700000000000000e+04 4.247900000000000000e+04 4.784200000000000000e+04 4.256300000000000000e+04 2.088075379992369562e+01 6.600000000000000000e+01
1.170000000000000000e+02 9.600000000000000000e+01 -4.500000000000000000e+01 4.800800000000000000e+04 4.407800000000000000e+04 4.088800000000000000e+04 4.116700000000000000e+04 2.089066950196865946e+01 6.600000000000000000e+01
9.500000000000000000e+01 1.600000000000000000e+02 -5.000000000000000000e+01 4.391200000000000000e+04 4.087100000000000000e+04 4.564100000000000000e+04 4.446400000000000000e+04 2.090057259099557996e+01 6.600000000000000000e+01
2.800000000000000000e+01 1.480000000000000000e+02 -3.900000000000000000e+01 4.464600000000000000e+04 4.615300000000000000e+04 4.507200000000000000e+04 3.886900000000000000e+04 2.091053569898940623e+01 6.600000000000000000e+01
-5.100000000000000000e+01 1.430000000000000000e+02 -3.200000000000000000e+01 4.468100000000000000e+04 3.980200000000000000e+04 4.582200000000000000e+04 4.596700000000000000e+04 2.092082373495213687e+01 6.000000000000000000e+01
-1.090000000000000000e+02 1.000000000000000000e+02 -4.500000000000000000e+01 4.270100000000000000e+04 4.377500000000000000e+04 4.740600000000000000e+04 4.250800000000000000e+04 2.093064403394237161e+01 6.000000000000000000e+01
-1.570000000000000000e+02 3.600000000000000000e+01 -4.400000000000000000e+01 4.466200000000000000e+04 4.419300000000000000e+04 4.571400000000000000e+04 4.213600000000000000e+04 2.094046027597505599e+01 6.000000000000000000e+01
-1.890000000000000000e+02 3.300000000000000000e+01 -4.400000000000000000e+01 4.333700000000000000e+04 3.948300000000000000e+04 4.686300000000000000e+04 4.644100000000000000e+04 2.095101854589302093e+01 6.000000000000000000e+01
-1.810000000000000000e+02 1.800000000000000000e+01 -3.100000000000000000e+01 4.248400000000000000e+04 4.456300000000000000e+04 4.754200000000000000e+04 4.170200000000000000e+04 2.096047100890427828e+01 6.000000000000000000e+01
-1.400000000000000000e+02 1.500000000000000000e+01 -3.200000000000000000e+01 4.458500000000000000e+04 4.423800000000000000e+04 4.618600000000000000e+04 4.252800000000000000e+04 2.097052060696296394e+01 5.500000000000000000e+01
-6.700000000000000000e+01 1.100000000000000000e+01 -2.800000000000000000e+01 4.392600000000000000e+04 4.366700000000000000e+04 4.672100000000000000e+04 4.306800000000000000e+04 2.098119123198557645e+01 5.500000000000000000e+01
-5.000000000000000000e+00 5.100000000000000000e+01 -2.200000000000000000e+01 4.419200000000000000e+04 4.303100000000000000e+04 4.660000000000000000e+04 4.372500000000000000e+04 2.099085126491263509e+01 5.500000000000000000e+01
6.000000000000000000e+01 5.000000000000000000e+01 -3.000000000000000000e+01 4.405900000000000000e+04 4.289800000000000000e+04 4.665300000000000000e+04 4.376500000000000000e+04 2.100048883398994803e+01 5.500000000000000000e+01
1.160000000000000000e+02 1.500000000000000000e+01 -2.300000000000000000e+01 4.542800000000000000e+04 4.540800000000000000e+04 4.557000000000000000e+04 4.144300000000000000e+04 2.101104563788976520e+01 5.200000000000000000e+01
1.730000000000000000e+02 -2.300000000000000000e+01 -3.600000000000000000e+01 4.551200000000000000e+04 4.579200000000000000e+04 4.524500000000000000e+04 4.080100000000000000e+04 2.102069179795216769e+01 5.200000000000000000e+01
2.040000000000000000e+02 -6.600000000000000000e+01 -1.300000000000000000e+01 4.430900000000000000e+04 4.414800000000000000e+04 4.635100000000000000e+04 4.253300000000000000e+04 2.103036619396880269e+01 5.200000000000000000e+01
1.560000000000000000e+02 -7.400000000000000000e+01 -3.200000000000000000e+01 4.406900000000000000e+04 4.555100000000000000e+04 4.654500000000000000e+04 4.098600000000000000e+04 2.104094665893353522e+01 5.200000000000000000e+01
1.030000000000000000e+02 -3.700000000000000000e+01 -3.400000000000000000e+01 4.716700000000000000e+04 4.457100000000000000e+04 4.347400000000000000e+04 4.252100000000000000e+04 2.105081932793837041e+01 4.700000000000000000e+01
5.100000000000000000e+01 -2.000000000000000000e+00 -2.200000000000000000e+01 4.308400000000000000e+04 4.230000000000000000e+04 4.748500000000000000e+04 4.460600000000000000e+04 2.106128823792096227e+01 4.700000000000000000e+01
-2.400000000000000000e+01 2.200000000000000000e+01 -7.000000000000000000e+00 4.466900000000000000e+04 4.564800000000000000e+04 4.605200000000000000e+04 4.090200000000000000e+04 2.107020438998006284e+01 4.700000000000000000e+01
-1.020000000000000000e+02 5.400000000000000000e+01 -1.000000000000000000e+00 4.241800000000000000e+04 4.280200000000000000e+04 4.787400000000000000e+04 4.374500000000000000e+04 2.108126649493351579e+01 4.700000000000000000e+01
-1.410000000000000000e+02 6.200000000000000000e+01 8.000000000000000000e+00 4.339700000000000000e+04 3.681900000000000000e+04 4.699800000000000000e+04 4.821100000000000000e+04 2.109103263099677861e+01 4.700000000000000000e+01
-9.100000000000000000e+01 1.010000000000000000e+02 3.000000000000000000e+00 4.286800000000000000e+04 4.348400000000000000e+04 4.754800000000000000e+04 4.291500000000000000e+04 2.110166965599637479e+01 4.500000000000000000e+01
-1.000000000000000000e+00 1.530000000000000000e+02 1.800000000000000000e+01 4.584500000000000000e+04 4.346200000000000000e+04 4.463900000000000000e+04 4.267000000000000000e+04 2.111137995391618460e+01 4.500000000000000000e+01
3.500000000000000000e+01 1.810000000000000000e+02 1.400000000000000000e+01 4.476300000000000000e+04 3.796800000000000000e+04 4.565000000000000000e+04 4.702600000000000000e+04 2.112045445491094142e+01 4.500000000000000000e+01
8.700000000000000000e+01 1.890000000000000000e+02 1.500000000000000000e+01 4.379000000000000000e+04 4.296500000000000000e+04 4.634400000000000000e+04 4.274500000000000000e+04 2.113028810394462198e+01 4.500000000000000000e+01
1.610000000000000000e+02 1.820000000000000000e+02 2.200000000000000000e+01 4.589600000000000000e+04 4.248800000000000000e+04 4.400800000000000000e+04 4.279500000000000000e+04 2.114079634996596724e+01 4.800000000000000000e+01
2.250000000000000000e+02 1.330000000000000000e+02 2.000000000000000000e+01 4.586200000000000000e+04 4.027800000000000000e+04 4.373700000000000000e+04 4.446900000000000000e+04 2.115102777490392327e+01 4.800000000000000000e+01
3.220000000000000000e+02 -7.000000000000000000e+00 2.000000000000000000e+01 4.219700000000000000e+04 4.325800000000000000e+04 4.700600000000000000e+04 4.134000000000000000e+04 2.116059549700003117e+01 4.800000000000000000e+01
4.110000000000000000e+02 -1.710000000000000000e+02 2.900000000000000000e+01 4.562300000000000000e+04 4.519100000000000000e+04 4.356100000000000000e+04 3.883600000000000000e+04 2.117023546691052616e+01 4.800000000000000000e+01
4.220000000000000000e+02 -2.620000000000000000e+02 3.400000000000000000e+01 4.425300000000000000e+04 4.474200000000000000e+04 4.462600000000000000e+04 3.887800000000000000e+04 2.118045256694313139e+01 4.800000000000000000e+01
3.660000000000000000e+02 -3.260000000000000000e+02 4.400000000000000000e+01 4.094800000000000000e+04 4.619000000000000000e+04 4.737800000000000000e+04 3.660400000000000000e+04 2.119039955595508218e+01 4.800000000000000000e+01
3.250000000000000000e+02 -3.230000000000000000e+02 4.900000000000000000e+01 4.414800000000000000e+04 4.685800000000000000e+04 4.459000000000000000e+04 3.530200000000000000e+04 2.120011621294543147e+01 4.800000000000000000e+01
2.380000000000000000e+02 -2.570000000000000000e+02 4.400000000000000000e+01 4.146500000000000000e+04 4.332000000000000000e+04 4.683100000000000000e+04 3.975500000000000000e+04 2.121020955592393875e+01 4.800000000000000000e+01
1.240000000000000000e+02 -1.480000000000000000e+02 5.200000000000000000e+01 4.522300000000000000e+04 4.214700000000000000e+04 4.325200000000000000e+04 4.074500000000000000e+04 2.122009104397147894e+01 4.800000000000000000e+01
-1.700000000000000000e+01 1.600000000000000000e+01 4.400000000000000000e+01 4.273200000000000000e+04 4.296800000000000000e+04 4.523400000000000000e+04 3.929900000000000000e+04 2.123064124200027436e+01 5.100000000000000000e+01
-1.900000000000000000e+02 1.150000000000000000e+02 2.800000000000000000e+01 4.264000000000000000e+04 3.898500000000000000e+04 4.499400000000000000e+04 4.323600000000000000e+04 2.124047308089211583e+01 5.100000000000000000e+01
-2.940000000000000000e+02 2.070000000000000000e+02 2.200000000000000000e+01 4.271600000000000000e+04 3.782700000000000000e+04 4.477500000000000000e+04 4.400200000000000000e+04 2.125037191598676145e+01 5.100000000000000000e+01
-3.460000000000000000e+02 2.470000000000000000e+02 7.000000000000000000e+00 4.149900000000000000e+04 4.081600000000000000e+04 4.553200000000000000e+04 4.126700000000000000e+04 2.126179311191663146e+01 5.100000000000000000e+01
-3.410000000000000000e+02 2.670000000000000000e+02 3.000000000000000000e+00 4.210800000000000000e+04 3.377000000000000000e+04 4.479900000000000000e+04 4.664600000000000000e+04 2.127017838694155216e+01 5.500000000000000000e+01
-2.910000000000000000e+02 2.600000000000000000e+02 -1.000000000000000000e+00 4.370700000000000000e+04 3.911400000000000000e+04 4.300300000000000000e+04 4.255600000000000000e+04 2.128047084796708077e+01 5.500000000000000000e+01
-1.940000000000000000e+02 2.190000000000000000e+02 -4.000000000000000000e+00 4.121400000000000000e+04 3.686900000000000000e+04 4.530900000000000000e+04 4.434700000000000000e+04 2.129046841489616781e+01 5.500000000000000000e+01
-3.900000000000000000e+01 1.290000000000000000e+02 5.000000000000000000e+00 4.264200000000000000e+04 3.961600000000000000e+04 4.402500000000000000e+04 4.205300000000000000e+04 2.130064761196263134e+01 5.500000000000000000e+01
1.330000000000000000e+02 3.800000000000000000e+01 -1.000000000000000000e+00 4.232300000000000000e+04 4.134100000000000000e+04 4.418800000000000000e+04 4.045400000000000000e+04 2.131045068299863487e+01 6.000000000000000000e+01
3.130000000000000000e+02 -9.000000000000000000e+01 2.200000000000000000e+01 4.255300000000000000e+04 4.246000000000000000e+04 4.363700000000000000e+04 3.857300000000000000e+04 2.132023330288939178e+01 6.000000000000000000e+01
4.490000000000000000e+02 -1.850000000000000000e+02 2.100000000000000000e+01 4.243200000000000000e+04 4.335400000000000000e+04 4.379000000000000000e+04 3.705700000000000000e+04 2.133003921597264707e+01 6.000000000000000000e+01
5.480000000000000000e+02 -2.530000000000000000e+02 3.000000000000000000e+01 4.307400000000000000e+04 4.473100000000000000e+04 4.312600000000000000e+04 3.526800000000000000e+04 2.134000689198728651e+01 6.000000000000000000e+01
5.790000000000000000e+02 -2.920000000000000000e+02 3.700000000000000000e+01 4.317900000000000000e+04 4.512600000000000000e+04 4.317800000000000000e+04 3.465000000000000000e+04 2.135172467399388552e+01 6.000000000000000000e+01
5.540000000000000000e+02 -3.050000000000000000e+02 6.000000000000000000e+01 4.314200000000000000e+04 4.488100000000000000e+04 4.334900000000000000e+04 3.464200000000000000e+04 2.136008827295154333e+01 6.200000000000000000e+01
4.320000000000000000e+02 -2.350000000000000000e+02 7.900000000000000000e+01 4.273900000000000000e+04 4.369800000000000000e+04 4.381200000000000000e+04 3.584400000000000000e+04 2.137017186998855323e+01 6.200000000000000000e+01
2.320000000000000000e+02 -1.200000000000000000e+02 5.400000000000000000e+01 4.247300000000000000e+04 4.205700000000000000e+04 4.402700000000000000e+04 3.779900000000000000e+04 2.138030088390223682e+01 6.200000000000000000e+01
2.300000000000000000e+01 -9.000000000000000000e+00 4.400000000000000000e+01 4.175900000000000000e+04 4.095300000000000000e+04 4.458000000000000000e+04 3.920600000000000000e+04 2.139308387099299580e+01 6.200000000000000000e+01
