-4.100000000000000000e+01 -1.000000000000000000e+01 4.600000000000000000e+01 4.307100000000000000e+04 4.593800000000000000e+04 4.877000000000000000e+04 4.553900000000000000e+04 2.699665752600412816e+01 8.030000000000000000e+02
-1.000000000000000000e+01 -1.600000000000000000e+01 5.000000000000000000e+01 4.439600000000000000e+04 4.742300000000000000e+04 4.767600000000000000e+04 4.386400000000000000e+04 2.700713225500658154e+01 8.030000000000000000e+02
1.400000000000000000e+01 -1.800000000000000000e+01 4.400000000000000000e+01 4.356500000000000000e+04 4.686300000000000000e+04 4.848400000000000000e+04 4.462800000000000000e+04 2.701781110605224967e+01 8.030000000000000000e+02
3.100000000000000000e+01 -2.100000000000000000e+01 3.400000000000000000e+01 4.416300000000000000e+04 4.715000000000000000e+04 4.813000000000000000e+04 4.452700000000000000e+04 2.702629103604704142e+01 8.040000000000000000e+02
4.100000000000000000e+01 -2.300000000000000000e+01 3.100000000000000000e+01 4.345500000000000000e+04 4.701500000000000000e+04 4.871000000000000000e+04 4.474800000000000000e+04 2.703670931898523122e+01 8.040000000000000000e+02
5.900000000000000000e+01 -2.300000000000000000e+01 1.200000000000000000e+01 4.372200000000000000e+04 4.716400000000000000e+04 4.841400000000000000e+04 4.469400000000000000e+04 2.704719607403967530e+01 8.040000000000000000e+02
8.100000000000000000e+01 0.000000000000000000e+00 2.300000000000000000e+01 4.472500000000000000e+04 4.804200000000000000e+04 4.761100000000000000e+04 4.364200000000000000e+04 2.705658505705650896e+01 8.040000000000000000e+02
7.300000000000000000e+01 2.000000000000000000e+00 2.000000000000000000e+01 4.424600000000000000e+04 4.723400000000000000e+04 4.810500000000000000e+04 4.492600000000000000e+04 2.706645918497815728e+01 8.040000000000000000e+02
9.800000000000000000e+01 -2.000000000000000000e+00 9.000000000000000000e+00 4.461800000000000000e+04 4.783400000000000000e+04 4.782000000000000000e+04 4.430000000000000000e+04 2.707771689398214221e+01 8.040000000000000000e+02
9.400000000000000000e+01 5.000000000000000000e+00 8.000000000000000000e+00 4.513600000000000000e+04 4.764100000000000000e+04 4.746000000000000000e+04 4.453500000000000000e+04 2.708681641600560397e+01 8.040000000000000000e+02
7.200000000000000000e+01 4.000000000000000000e+00 1.400000000000000000e+01 4.463800000000000000e+04 4.760800000000000000e+04 4.786900000000000000e+04 4.459200000000000000e+04 2.709756568796001375e+01 8.040000000000000000e+02
7.200000000000000000e+01 6.000000000000000000e+00 1.600000000000000000e+01 4.585000000000000000e+04 4.814700000000000000e+04 4.723600000000000000e+04 4.385000000000000000e+04 2.710658321797382087e+01 8.050000000000000000e+02
5.400000000000000000e+01 9.000000000000000000e+00 1.600000000000000000e+01 4.554200000000000000e+04 4.832300000000000000e+04 4.727900000000000000e+04 4.392200000000000000e+04 2.711702809704001993e+01 8.050000000000000000e+02
4.000000000000000000e+01 5.000000000000000000e+00 2.600000000000000000e+01 4.519200000000000000e+04 4.740600000000000000e+04 4.783000000000000000e+04 4.468600000000000000e+04 2.712707591801881790e+01 8.050000000000000000e+02
1.100000000000000000e+01 -1.000000000000000000e+00 1.700000000000000000e+01 4.456900000000000000e+04 4.755600000000000000e+04 4.820600000000000000e+04 4.471600000000000000e+04 2.713689646602142602e+01 8.050000000000000000e+02
-7.000000000000000000e+00 0.000000000000000000e+00 6.000000000000000000e+00 4.563600000000000000e+04 4.814800000000000000e+04 4.752000000000000000e+04 4.359200000000000000e+04 2.714646061498206109e+01 8.050000000000000000e+02
-2.600000000000000000e+01 -1.200000000000000000e+01 1.000000000000000000e+01 4.461100000000000000e+04 4.736900000000000000e+04 4.814000000000000000e+04 4.492900000000000000e+04 2.715705117397010326e+01 8.050000000000000000e+02
-5.000000000000000000e+01 -7.000000000000000000e+00 1.600000000000000000e+01 4.453400000000000000e+04 4.700400000000000000e+04 4.838900000000000000e+04 4.515400000000000000e+04 2.716678508499171585e+01 8.050000000000000000e+02
-5.800000000000000000e+01 -1.300000000000000000e+01 1.200000000000000000e+01 4.571700000000000000e+04 4.873700000000000000e+04 4.715600000000000000e+04 4.336000000000000000e+04 2.717747620400041342e+01 8.050000000000000000e+02
-5.600000000000000000e+01 -4.000000000000000000e+00 2.600000000000000000e+01 4.339800000000000000e+04 4.594500000000000000e+04 4.944100000000000000e+04 4.620000000000000000e+04 2.718731296306941658e+01 8.050000000000000000e+02
-6.500000000000000000e+01 1.000000000000000000e+00 1.000000000000000000e+01 4.567400000000000000e+04 4.819900000000000000e+04 4.778800000000000000e+04 4.402500000000000000e+04 2.719735261297319084e+01 8.030000000000000000e+02
-6.800000000000000000e+01 4.000000000000000000e+00 1.000000000000000000e+01 4.512600000000000000e+04 4.757800000000000000e+04 4.826100000000000000e+04 4.475700000000000000e+04 2.720673161395825446e+01 8.030000000000000000e+02
-4.700000000000000000e+01 6.000000000000000000e+00 1.600000000000000000e+01 4.435600000000000000e+04 4.719000000000000000e+04 4.893800000000000000e+04 4.522400000000000000e+04 2.721643583895638585e+01 8.030000000000000000e+02
-6.000000000000000000e+00 -3.000000000000000000e+00 2.300000000000000000e+01 4.330600000000000000e+04 4.629900000000000000e+04 4.982400000000000000e+04 4.617500000000000000e+04 2.722635195404291153e+01 8.030000000000000000e+02
1.100000000000000000e+01 -2.600000000000000000e+01 6.000000000000000000e+00 4.961300000000000000e+04 5.208300000000000000e+04 4.393300000000000000e+04 3.895500000000000000e+04 2.723675532999914140e+01 8.020000000000000000e+02
2.500000000000000000e+01 -2.900000000000000000e+01 2.500000000000000000e+01 4.678700000000000000e+04 4.784200000000000000e+04 4.706700000000000000e+04 4.469600000000000000e+04 2.724668678396847099e+01 8.020000000000000000e+02
3.500000000000000000e+01 -3.200000000000000000e+01 1.800000000000000000e+01 4.628600000000000000e+04 4.918100000000000000e+04 4.781300000000000000e+04 4.305800000000000000e+04 2.725747126503847539e+01 8.020000000000000000e+02
3.000000000000000000e+00 -7.500000000000000000e+01 1.200000000000000000e+01 4.570100000000000000e+04 4.807000000000000000e+04 4.825300000000000000e+04 4.444500000000000000e+04 2.726634597103111446e+01 8.020000000000000000e+02
-1.400000000000000000e+01 -7.900000000000000000e+01 9.000000000000000000e+00 4.539600000000000000e+04 4.862300000000000000e+04 4.838100000000000000e+04 4.395800000000000000e+04 2.727719760895706713e+01 8.020000000000000000e+02
-8.400000000000000000e+01 -9.600000000000000000e+01 1.900000000000000000e+01 4.387600000000000000e+04 4.684400000000000000e+04 4.914400000000000000e+04 4.544400000000000000e+04 2.728705787705257535e+01 8.080000000000000000e+02
-1.010000000000000000e+02 -8.600000000000000000e+01 3.000000000000000000e+01 4.414600000000000000e+04 4.773400000000000000e+04 4.885000000000000000e+04 4.455800000000000000e+04 2.729587549204006791e+01 8.080000000000000000e+02
-1.180000000000000000e+02 -8.500000000000000000e+01 1.900000000000000000e+01 4.406200000000000000e+04 4.606900000000000000e+04 4.920800000000000000e+04 4.588300000000000000e+04 2.730728181602898985e+01 8.080000000000000000e+02
-1.150000000000000000e+02 -1.220000000000000000e+02 1.500000000000000000e+01 4.550300000000000000e+04 4.727800000000000000e+04 4.776900000000000000e+04 4.453400000000000000e+04 2.731729131797328591e+01 8.080000000000000000e+02
-1.120000000000000000e+02 -1.130000000000000000e+02 3.000000000000000000e+01 4.457100000000000000e+04 4.757900000000000000e+04 4.830000000000000000e+04 4.454000000000000000e+04 2.732693157601170242e+01 8.060000000000000000e+02
-6.600000000000000000e+01 -1.450000000000000000e+02 1.600000000000000000e+01 4.465200000000000000e+04 4.817300000000000000e+04 4.821500000000000000e+04 4.368200000000000000e+04 2.733695920801255852e+01 8.060000000000000000e+02
-5.800000000000000000e+01 -1.190000000000000000e+02 4.100000000000000000e+01 4.489800000000000000e+04 4.746800000000000000e+04 4.792700000000000000e+04 4.420700000000000000e+04 2.734760831703897566e+01 8.060000000000000000e+02
-1.400000000000000000e+01 -1.660000000000000000e+02 2.600000000000000000e+01 4.490600000000000000e+04 4.805100000000000000e+04 4.792900000000000000e+04 4.338900000000000000e+04 2.735606098698917776e+01 8.060000000000000000e+02
8.000000000000000000e+00 -1.570000000000000000e+02 4.600000000000000000e+01 4.495500000000000000e+04 4.773900000000000000e+04 4.796100000000000000e+04 4.356800000000000000e+04 2.736605094303376973e+01 8.090000000000000000e+02
-4.000000000000000000e+00 -1.820000000000000000e+02 4.800000000000000000e+01 4.444700000000000000e+04 4.782800000000000000e+04 4.805300000000000000e+04 4.304400000000000000e+04 2.737720600306056440e+01 8.090000000000000000e+02
-8.000000000000000000e+00 -1.880000000000000000e+02 5.400000000000000000e+01 4.441400000000000000e+04 4.740500000000000000e+04 4.805300000000000000e+04 4.336400000000000000e+04 2.738612603198271245e+01 8.090000000000000000e+02
-2.400000000000000000e+01 -2.080000000000000000e+02 5.400000000000000000e+01 4.409200000000000000e+04 4.752900000000000000e+04 4.840900000000000000e+04 4.303800000000000000e+04 2.739598376897629350e+01 8.090000000000000000e+02
-3.600000000000000000e+01 -2.010000000000000000e+02 5.900000000000000000e+01 4.542700000000000000e+04 4.681100000000000000e+04 4.726500000000000000e+04 4.378900000000000000e+04 2.740668858506251127e+01 8.080000000000000000e+02
-5.500000000000000000e+01 -2.200000000000000000e+02 6.900000000000000000e+01 4.435500000000000000e+04 4.736000000000000000e+04 4.821600000000000000e+04 4.317900000000000000e+04 2.741623922297731042e+01 8.080000000000000000e+02
-7.600000000000000000e+01 -1.930000000000000000e+02 6.500000000000000000e+01 4.373500000000000000e+04 4.703600000000000000e+04 4.881800000000000000e+04 4.335100000000000000e+04 2.742709051701240242e+01 8.080000000000000000e+02
-1.070000000000000000e+02 -2.090000000000000000e+02 7.400000000000000000e+01 4.357400000000000000e+04 4.693700000000000000e+04 4.902300000000000000e+04 4.337300000000000000e+04 2.743611046706791967e+01 8.080000000000000000e+02
-1.090000000000000000e+02 -1.810000000000000000e+02 7.100000000000000000e+01 4.427700000000000000e+04 4.604400000000000000e+04 4.833900000000000000e+04 4.412500000000000000e+04 2.744812607404310256e+01 8.080000000000000000e+02
-1.220000000000000000e+02 -1.660000000000000000e+02 7.600000000000000000e+01 4.419500000000000000e+04 4.619400000000000000e+04 4.849100000000000000e+04 4.386600000000000000e+04 2.745648601697757840e+01 8.080000000000000000e+02
-7.500000000000000000e+01 -2.030000000000000000e+02 7.100000000000000000e+01 4.336600000000000000e+04 4.675600000000000000e+04 4.921800000000000000e+04 4.340900000000000000e+04 2.746806885802652687e+01 8.080000000000000000e+02
-6.100000000000000000e+01 -1.650000000000000000e+02 7.000000000000000000e+01 4.467100000000000000e+04 4.677200000000000000e+04 4.812600000000000000e+04 4.339300000000000000e+04 2.747616710804868490e+01 8.080000000000000000e+02
-2.100000000000000000e+01 -1.380000000000000000e+02 6.400000000000000000e+01 4.597600000000000000e+04 4.641300000000000000e+04 4.712000000000000000e+04 4.387300000000000000e+04 2.748939518001861870e+01 8.080000000000000000e+02
3.000000000000000000e+00 -1.390000000000000000e+02 6.600000000000000000e+01 4.522200000000000000e+04 4.682700000000000000e+04 4.789000000000000000e+04 4.333400000000000000e+04 2.749630199605599046e+01 8.080000000000000000e+02
-2.000000000000000000e+00 -1.140000000000000000e+02 5.500000000000000000e+01 4.495200000000000000e+04 4.714000000000000000e+04 4.805000000000000000e+04 4.301900000000000000e+04 2.750760526105295867e+01 8.080000000000000000e+02
-8.000000000000000000e+00 -1.020000000000000000e+02 5.800000000000000000e+01 4.478500000000000000e+04 4.679000000000000000e+04 4.815600000000000000e+04 4.346800000000000000e+04 2.751651066902559251e+01 8.080000000000000000e+02
-7.000000000000000000e+00 -1.240000000000000000e+02 4.700000000000000000e+01 4.395100000000000000e+04 4.589400000000000000e+04 4.911400000000000000e+04 4.457300000000000000e+04 2.752741482597775757e+01 8.080000000000000000e+02
-1.200000000000000000e+01 -1.050000000000000000e+02 4.200000000000000000e+01 4.440900000000000000e+04 4.638800000000000000e+04 4.874000000000000000e+04 4.403900000000000000e+04 2.753586508298758417e+01 8.090000000000000000e+02
-1.500000000000000000e+01 -1.230000000000000000e+02 5.400000000000000000e+01 4.531100000000000000e+04 4.609200000000000000e+04 4.812100000000000000e+04 4.442800000000000000e+04 2.754702327400445938e+01 8.090000000000000000e+02
-6.000000000000000000e+00 -1.100000000000000000e+02 4.400000000000000000e+01 4.467500000000000000e+04 4.664600000000000000e+04 4.863600000000000000e+04 4.398000000000000000e+04 2.755770430900156498e+01 8.090000000000000000e+02
-3.000000000000000000e+00 -1.470000000000000000e+02 3.700000000000000000e+01 4.468300000000000000e+04 4.722200000000000000e+04 4.867600000000000000e+04 4.327600000000000000e+04 2.756605865305755287e+01 8.090000000000000000e+02
1.000000000000000000e+01 -1.220000000000000000e+02 4.000000000000000000e+01 4.423800000000000000e+04 4.794300000000000000e+04 4.906100000000000000e+04 4.249800000000000000e+04 2.757817943696863949e+01 8.090000000000000000e+02
1.600000000000000000e+01 -1.090000000000000000e+02 3.100000000000000000e+01 4.471400000000000000e+04 4.690500000000000000e+04 4.860500000000000000e+04 4.377300000000000000e+04 2.758577616303227842e+01 8.080000000000000000e+02
-2.000000000000000000e+00 -1.040000000000000000e+02 4.100000000000000000e+01 4.578200000000000000e+04 4.605100000000000000e+04 4.791400000000000000e+04 4.469800000000000000e+04 2.759703071205876768e+01 8.080000000000000000e+02
7.000000000000000000e+00 -6.400000000000000000e+01 3.200000000000000000e+01 4.517000000000000000e+04 4.655800000000000000e+04 4.847600000000000000e+04 4.414200000000000000e+04 2.760616112500429153e+01 8.080000000000000000e+02
2.000000000000000000e+01 -1.150000000000000000e+02 3.200000000000000000e+01 4.473500000000000000e+04 4.779900000000000000e+04 4.889500000000000000e+04 4.314700000000000000e+04 2.761676567699760199e+01 8.080000000000000000e+02
2.500000000000000000e+01 -9.700000000000000000e+01 2.700000000000000000e+01 4.501700000000000000e+04 4.724200000000000000e+04 4.862500000000000000e+04 4.382400000000000000e+04 2.762577748904004693e+01 8.100000000000000000e+02
5.500000000000000000e+01 -5.000000000000000000e+01 2.800000000000000000e+01 4.470600000000000000e+04 4.745900000000000000e+04 4.888800000000000000e+04 4.331300000000000000e+04 2.763669655902776867e+01 8.100000000000000000e+02
7.100000000000000000e+01 -6.500000000000000000e+01 1.300000000000000000e+01 4.497600000000000000e+04 4.736900000000000000e+04 4.854100000000000000e+04 4.355700000000000000e+04 2.764583878603298217e+01 8.100000000000000000e+02
6.700000000000000000e+01 -5.200000000000000000e+01 1.900000000000000000e+01 4.499700000000000000e+04 4.734300000000000000e+04 4.844000000000000000e+04 4.368900000000000000e+04 2.765575530799105763e+01 8.100000000000000000e+02
7.100000000000000000e+01 -5.300000000000000000e+01 3.000000000000000000e+00 4.558700000000000000e+04 4.725800000000000000e+04 4.798100000000000000e+04 4.373800000000000000e+04 2.766552817006595433e+01 8.100000000000000000e+02
5.700000000000000000e+01 -3.700000000000000000e+01 6.000000000000000000e+00 4.557100000000000000e+04 4.713300000000000000e+04 4.800900000000000000e+04 4.369400000000000000e+04 2.767583414399996400e+01 8.100000000000000000e+02
4.600000000000000000e+01 -3.400000000000000000e+01 2.600000000000000000e+01 4.512300000000000000e+04 4.722400000000000000e+04 4.848300000000000000e+04 4.361400000000000000e+04 2.768617368803825229e+01 8.100000000000000000e+02
4.500000000000000000e+01 -2.900000000000000000e+01 3.300000000000000000e+01 4.505800000000000000e+04 4.725800000000000000e+04 4.862700000000000000e+04 4.346200000000000000e+04 2.769644664006773382e+01 8.100000000000000000e+02
3.100000000000000000e+01 -2.700000000000000000e+01 2.500000000000000000e+01 4.493100000000000000e+04 4.663300000000000000e+04 4.888900000000000000e+04 4.421800000000000000e+04 2.770597311202436686e+01 8.100000000000000000e+02
3.800000000000000000e+01 -1.000000000000000000e+01 3.900000000000000000e+01 4.529500000000000000e+04 4.681600000000000000e+04 4.857300000000000000e+04 4.401100000000000000e+04 2.771580330899450928e+01 8.100000000000000000e+02
3.100000000000000000e+01 4.000000000000000000e+00 4.100000000000000000e+01 4.536300000000000000e+04 4.651000000000000000e+04 4.864800000000000000e+04 4.416500000000000000e+04 2.772740566800348461e+01 8.100000000000000000e+02
3.700000000000000000e+01 -3.500000000000000000e+01 4.300000000000000000e+01 4.521900000000000000e+04 4.672100000000000000e+04 4.884900000000000000e+04 4.389400000000000000e+04 2.773591828602366149e+01 8.100000000000000000e+02
3.100000000000000000e+01 5.000000000000000000e+00 4.700000000000000000e+01 4.537100000000000000e+04 4.698800000000000000e+04 4.858100000000000000e+04 4.349100000000000000e+04 2.774626304197590798e+01 8.100000000000000000e+02
3.500000000000000000e+01 -1.500000000000000000e+01 4.500000000000000000e+01 4.533400000000000000e+04 4.678400000000000000e+04 4.863300000000000000e+04 4.369100000000000000e+04 2.775664148200303316e+01 8.080000000000000000e+02
3.100000000000000000e+01 -3.000000000000000000e+00 4.800000000000000000e+01 4.559900000000000000e+04 4.681700000000000000e+04 4.881200000000000000e+04 4.395200000000000000e+04 2.776610475697088987e+01 8.080000000000000000e+02
3.800000000000000000e+01 5.000000000000000000e+00 6.700000000000000000e+01 4.601200000000000000e+04 4.664800000000000000e+04 4.858200000000000000e+04 4.397200000000000000e+04 2.777716987102758139e+01 8.080000000000000000e+02
5.300000000000000000e+01 -8.000000000000000000e+00 6.200000000000000000e+01 4.580300000000000000e+04 4.714100000000000000e+04 4.883400000000000000e+04 4.339700000000000000e+04 2.778643544996157289e+01 8.080000000000000000e+02
3.800000000000000000e+01 -1.300000000000000000e+01 7.700000000000000000e+01 4.562900000000000000e+04 4.685900000000000000e+04 4.911900000000000000e+04 4.355200000000000000e+04 2.779571251198649406e+01 8.070000000000000000e+02
2.000000000000000000e+01 -1.000000000000000000e+01 8.200000000000000000e+01 4.545800000000000000e+04 4.678000000000000000e+04 4.946600000000000000e+04 4.366400000000000000e+04 2.780597991903778166e+01 8.070000000000000000e+02
1.300000000000000000e+01 7.000000000000000000e+00 8.100000000000000000e+01 4.544500000000000000e+04 4.645700000000000000e+04 4.959100000000000000e+04 4.387700000000000000e+04 2.781590130005497485e+01 8.070000000000000000e+02
1.200000000000000000e+01 1.500000000000000000e+01 7.800000000000000000e+01 4.565800000000000000e+04 4.639600000000000000e+04 4.936000000000000000e+04 4.391800000000000000e+04 2.782657298701815307e+01 8.070000000000000000e+02
2.100000000000000000e+01 -9.000000000000000000e+00 7.500000000000000000e+01 4.550600000000000000e+04 4.697000000000000000e+04 4.955200000000000000e+04 4.320300000000000000e+04 2.783576630300376564e+01 8.080000000000000000e+02
-1.400000000000000000e+01 -1.600000000000000000e+01 7.200000000000000000e+01 4.506000000000000000e+04 4.672400000000000000e+04 4.985800000000000000e+04 4.354300000000000000e+04 2.784612061805091798e+01 8.080000000000000000e+02
-4.300000000000000000e+01 1.400000000000000000e+01 7.700000000000000000e+01 4.544500000000000000e+04 4.588100000000000000e+04 4.974100000000000000e+04 4.420600000000000000e+04 2.785577771498356014e+01 8.080000000000000000e+02
-3.700000000000000000e+01 -3.000000000000000000e+00 6.200000000000000000e+01 4.480200000000000000e+04 4.660000000000000000e+04 5.015700000000000000e+04 4.360400000000000000e+04 2.786563477700110525e+01 8.080000000000000000e+02
-3.300000000000000000e+01 -2.900000000000000000e+01 7.100000000000000000e+01 4.523700000000000000e+04 4.636100000000000000e+04 4.986200000000000000e+04 4.384000000000000000e+04 2.787567599501926452e+01 8.080000000000000000e+02
-2.400000000000000000e+01 8.000000000000000000e+00 7.300000000000000000e+01 4.576000000000000000e+04 4.585000000000000000e+04 4.952100000000000000e+04 4.424200000000000000e+04 2.788621709798462689e+01 8.060000000000000000e+02
-3.700000000000000000e+01 5.100000000000000000e+01 7.900000000000000000e+01 4.559000000000000000e+04 4.580400000000000000e+04 4.989300000000000000e+04 4.424700000000000000e+04 2.789538764802273363e+01 8.060000000000000000e+02
-3.100000000000000000e+01 4.000000000000000000e+01 7.100000000000000000e+01 4.555600000000000000e+04 4.624900000000000000e+04 4.986700000000000000e+04 4.384300000000000000e+04 2.790606914006639272e+01 8.060000000000000000e+02
7.000000000000000000e+00 6.300000000000000000e+01 6.200000000000000000e+01 4.601000000000000000e+04 4.599100000000000000e+04 4.948100000000000000e+04 4.402400000000000000e+04 2.791573935002088547e+01 8.060000000000000000e+02
4.100000000000000000e+01 1.200000000000000000e+01 4.400000000000000000e+01 4.537200000000000000e+04 4.677300000000000000e+04 4.977000000000000000e+04 4.340000000000000000e+04 2.792594958806876093e+01 8.050000000000000000e+02
3.700000000000000000e+01 1.800000000000000000e+01 5.600000000000000000e+01 4.573500000000000000e+04 4.631700000000000000e+04 4.970300000000000000e+04 4.387900000000000000e+04 2.793610386096406728e+01 8.050000000000000000e+02
6.800000000000000000e+01 -4.000000000000000000e+00 2.000000000000000000e+01 4.579400000000000000e+04 4.654500000000000000e+04 4.951700000000000000e+04 4.375200000000000000e+04 2.794593455700669438e+01 8.050000000000000000e+02
7.100000000000000000e+01 -9.000000000000000000e+00 2.900000000000000000e+01 4.531700000000000000e+04 4.692700000000000000e+04 4.978000000000000000e+04 4.348500000000000000e+04 2.795616056199651212e+01 8.050000000000000000e+02
8.800000000000000000e+01 1.700000000000000000e+01 3.200000000000000000e+01 4.567600000000000000e+04 4.669400000000000000e+04 4.962000000000000000e+04 4.360600000000000000e+04 2.796601536695379764e+01 8.060000000000000000e+02
7.200000000000000000e+01 3.000000000000000000e+01 1.300000000000000000e+01 4.551800000000000000e+04 4.646100000000000000e+04 4.965900000000000000e+04 4.383900000000000000e+04 2.797730759205296636e+01 8.060000000000000000e+02
7.900000000000000000e+01 6.200000000000000000e+01 2.100000000000000000e+01 4.598600000000000000e+04 4.635800000000000000e+04 4.926800000000000000e+04 4.390000000000000000e+04 2.798573509103152901e+01 8.060000000000000000e+02
8.500000000000000000e+01 5.000000000000000000e+01 1.800000000000000000e+01 4.563000000000000000e+04 4.643000000000000000e+04 4.947200000000000000e+04 4.395300000000000000e+04 2.799609099805820733e+01 8.060000000000000000e+02
8.500000000000000000e+01 5.600000000000000000e+01 1.700000000000000000e+01 4.578200000000000000e+04 4.656400000000000000e+04 4.928100000000000000e+04 4.374400000000000000e+04 2.800574483501259238e+01 8.060000000000000000e+02
6.200000000000000000e+01 5.700000000000000000e+01 1.300000000000000000e+01 4.585100000000000000e+04 4.634200000000000000e+04 4.919400000000000000e+04 4.402200000000000000e+04 2.801676060201134533e+01 8.030000000000000000e+02
7.600000000000000000e+01 4.800000000000000000e+01 1.000000000000000000e+01 4.623600000000000000e+04 4.633900000000000000e+04 4.904800000000000000e+04 4.433800000000000000e+04 2.802623966301325709e+01 8.030000000000000000e+02
6.600000000000000000e+01 6.700000000000000000e+01 -3.000000000000000000e+00 4.554800000000000000e+04 4.608900000000000000e+04 4.963100000000000000e+04 4.471600000000000000e+04 2.803535409306641668e+01 8.030000000000000000e+02
1.800000000000000000e+01 6.000000000000000000e+01 -5.000000000000000000e+00 4.556000000000000000e+04 4.633100000000000000e+04 4.975600000000000000e+04 4.464600000000000000e+04 2.804579486302100122e+01 8.030000000000000000e+02
1.400000000000000000e+01 3.700000000000000000e+01 3.000000000000000000e+00 4.535400000000000000e+04 4.675700000000000000e+04 4.991900000000000000e+04 4.421200000000000000e+04 2.805662736902013421e+01 8.050000000000000000e+02
1.400000000000000000e+01 2.000000000000000000e+01 3.000000000000000000e+00 4.516600000000000000e+04 4.679000000000000000e+04 4.988500000000000000e+04 4.406100000000000000e+04 2.806543644703924656e+01 8.050000000000000000e+02
1.100000000000000000e+01 9.000000000000000000e+00 2.000000000000000000e+00 4.468200000000000000e+04 4.668600000000000000e+04 5.019100000000000000e+04 4.420400000000000000e+04 2.807566998095717281e+01 8.050000000000000000e+02
1.800000000000000000e+01 -3.000000000000000000e+00 -1.300000000000000000e+01 4.534400000000000000e+04 4.654000000000000000e+04 4.956700000000000000e+04 4.402200000000000000e+04 2.808544126106426120e+01 8.050000000000000000e+02
5.000000000000000000e+00 5.000000000000000000e+00 -2.300000000000000000e+01 4.505000000000000000e+04 4.638100000000000000e+04 4.965700000000000000e+04 4.427900000000000000e+04 2.809532640001270920e+01 8.090000000000000000e+02
4.000000000000000000e+00 -3.000000000000000000e+00 -1.800000000000000000e+01 4.495900000000000000e+04 4.587800000000000000e+04 4.925200000000000000e+04 4.425600000000000000e+04 2.810601063701324165e+01 8.090000000000000000e+02
-1.100000000000000000e+01 7.500000000000000000e+01 -4.000000000000000000e+00 4.504700000000000000e+04 4.507600000000000000e+04 4.924400000000000000e+04 4.490400000000000000e+04 2.811576776101719588e+01 8.090000000000000000e+02
1.800000000000000000e+01 8.500000000000000000e+01 -1.000000000000000000e+00 4.533100000000000000e+04 4.549000000000000000e+04 4.892000000000000000e+04 4.450400000000000000e+04 2.812609892396721989e+01 8.090000000000000000e+02
1.700000000000000000e+01 8.100000000000000000e+01 -1.900000000000000000e+01 4.495200000000000000e+04 4.541700000000000000e+04 4.905300000000000000e+04 4.445800000000000000e+04 2.813592690497171134e+01 8.090000000000000000e+02
2.900000000000000000e+01 9.000000000000000000e+01 -3.300000000000000000e+01 4.542000000000000000e+04 4.582000000000000000e+04 4.875300000000000000e+04 4.421400000000000000e+04 2.814577023405581713e+01 8.050000000000000000e+02
4.400000000000000000e+01 7.600000000000000000e+01 -1.800000000000000000e+01 4.530100000000000000e+04 4.628600000000000000e+04 4.876000000000000000e+04 4.381700000000000000e+04 2.815555039397440851e+01 8.050000000000000000e+02
7.000000000000000000e+01 6.000000000000000000e+01 -2.400000000000000000e+01 4.551400000000000000e+04 4.656200000000000000e+04 4.853900000000000000e+04 4.352700000000000000e+04 2.816535204695537686e+01 8.050000000000000000e+02
8.100000000000000000e+01 5.600000000000000000e+01 -2.500000000000000000e+01 4.540200000000000000e+04 4.608000000000000000e+04 4.867400000000000000e+04 4.399600000000000000e+04 2.817543796601239592e+01 8.050000000000000000e+02
7.200000000000000000e+01 2.200000000000000000e+01 -3.800000000000000000e+01 4.493300000000000000e+04 4.649000000000000000e+04 4.902400000000000000e+04 4.362000000000000000e+04 2.818579075206071138e+01 4.300000000000000000e+02
5.100000000000000000e+01 6.000000000000000000e+00 -2.800000000000000000e+01 4.509800000000000000e+04 4.603400000000000000e+04 4.897800000000000000e+04 4.432000000000000000e+04 2.819586709304712713e+01 4.300000000000000000e+02
6.000000000000000000e+01 -2.000000000000000000e+00 -2.200000000000000000e+01 4.512100000000000000e+04 4.618600000000000000e+04 4.898700000000000000e+04 4.414800000000000000e+04 2.820631961897015572e+01 4.300000000000000000e+02
4.000000000000000000e+01 -2.200000000000000000e+01 -2.500000000000000000e+01 4.545800000000000000e+04 4.600800000000000000e+04 4.883200000000000000e+04 4.450000000000000000e+04 2.821522615104913712e+01 4.300000000000000000e+02
2.000000000000000000e+01 -3.200000000000000000e+01 -2.800000000000000000e+01 4.550200000000000000e+04 4.578700000000000000e+04 4.879100000000000000e+04 4.474100000000000000e+04 2.822614600905217230e+01 4.700000000000000000e+01
2.900000000000000000e+01 -7.500000000000000000e+01 -1.900000000000000000e+01 4.563000000000000000e+04 4.685500000000000000e+04 4.947800000000000000e+04 4.478800000000000000e+04 2.823505841800943017e+01 4.700000000000000000e+01
3.500000000000000000e+01 -1.250000000000000000e+02 -1.900000000000000000e+01 4.538400000000000000e+04 4.700400000000000000e+04 4.968800000000000000e+04 4.463000000000000000e+04 2.824599914706777781e+01 4.700000000000000000e+01
2.800000000000000000e+01 -1.380000000000000000e+02 -2.600000000000000000e+01 4.468900000000000000e+04 4.724500000000000000e+04 5.031100000000000000e+04 4.436700000000000000e+04 2.825508491997607052e+01 4.700000000000000000e+01
3.000000000000000000e+01 -1.260000000000000000e+02 -2.000000000000000000e+01 4.514900000000000000e+04 4.714300000000000000e+04 5.014000000000000000e+04 4.456400000000000000e+04 2.826587453100364655e+01 4.700000000000000000e+01
4.800000000000000000e+01 -8.000000000000000000e+01 -8.000000000000000000e+00 4.554400000000000000e+04 4.704400000000000000e+04 4.982000000000000000e+04 4.463500000000000000e+04 2.827504988305736333e+01 5.200000000000000000e+01
4.100000000000000000e+01 -4.900000000000000000e+01 -1.600000000000000000e+01 4.557700000000000000e+04 4.696100000000000000e+04 4.975800000000000000e+04 4.486000000000000000e+04 2.828531911596655846e+01 5.200000000000000000e+01
3.700000000000000000e+01 -6.000000000000000000e+00 -6.000000000000000000e+00 4.620300000000000000e+04 4.711900000000000000e+04 4.925100000000000000e+04 4.472500000000000000e+04 2.829620066797360778e+01 5.200000000000000000e+01
4.700000000000000000e+01 1.000000000000000000e+00 -7.000000000000000000e+00 4.627200000000000000e+04 4.672300000000000000e+04 4.919400000000000000e+04 4.526300000000000000e+04 2.830569892597850412e+01 5.200000000000000000e+01
6.000000000000000000e+01 7.000000000000000000e+00 -2.900000000000000000e+01 4.634900000000000000e+04 4.685800000000000000e+04 4.908200000000000000e+04 4.514300000000000000e+04 2.831535243906546384e+01 5.900000000000000000e+01
6.600000000000000000e+01 1.600000000000000000e+01 -2.700000000000000000e+01 4.717300000000000000e+04 4.507900000000000000e+04 4.751400000000000000e+04 4.600300000000000000e+04 2.832530269701965153e+01 5.900000000000000000e+01
7.300000000000000000e+01 -4.600000000000000000e+01 -1.600000000000000000e+01 4.764000000000000000e+04 4.610900000000000000e+04 4.701000000000000000e+04 4.493800000000000000e+04 2.833533524500671774e+01 5.900000000000000000e+01
6.100000000000000000e+01 -1.570000000000000000e+02 -1.800000000000000000e+01 4.667200000000000000e+04 4.553100000000000000e+04 4.779000000000000000e+04 4.534700000000000000e+04 2.834571513696573675e+01 5.900000000000000000e+01
2.200000000000000000e+01 -3.350000000000000000e+02 -4.100000000000000000e+01 4.469700000000000000e+04 4.671900000000000000e+04 4.932100000000000000e+04 4.422100000000000000e+04 2.835640860500279814e+01 6.100000000000000000e+01
1.800000000000000000e+01 -4.390000000000000000e+02 -3.900000000000000000e+01 4.216800000000000000e+04 4.611100000000000000e+04 5.060500000000000000e+04 4.406100000000000000e+04 2.836586802406236529e+01 6.100000000000000000e+01
3.400000000000000000e+01 -5.200000000000000000e+02 -3.600000000000000000e+01 4.158200000000000000e+04 4.643600000000000000e+04 5.078100000000000000e+04 4.361000000000000000e+04 2.837554687901865691e+01 6.100000000000000000e+01
1.510000000000000000e+02 -5.390000000000000000e+02 -4.700000000000000000e+01 4.261900000000000000e+04 4.753500000000000000e+04 4.995700000000000000e+04 4.225400000000000000e+04 2.838612568995449692e+01 6.100000000000000000e+01
2.600000000000000000e+02 -4.720000000000000000e+02 -5.700000000000000000e+01 4.424900000000000000e+04 4.675500000000000000e+04 4.852800000000000000e+04 4.324100000000000000e+04 2.839631326403468847e+01 6.100000000000000000e+01
3.500000000000000000e+02 -4.110000000000000000e+02 -5.900000000000000000e+01 4.478500000000000000e+04 4.718800000000000000e+04 4.781600000000000000e+04 4.263600000000000000e+04 2.840518516604788601e+01 5.900000000000000000e+01
4.100000000000000000e+02 -3.100000000000000000e+02 -3.900000000000000000e+01 4.533100000000000000e+04 4.556300000000000000e+04 4.730300000000000000e+04 4.408100000000000000e+04 2.841490128997247666e+01 5.900000000000000000e+01
4.600000000000000000e+02 -2.230000000000000000e+02 -2.700000000000000000e+01 4.580500000000000000e+04 4.573700000000000000e+04 4.689200000000000000e+04 4.374800000000000000e+04 2.842520165897440165e+01 5.900000000000000000e+01
5.190000000000000000e+02 -1.560000000000000000e+02 -3.900000000000000000e+01 4.657100000000000000e+04 4.586800000000000000e+04 4.616400000000000000e+04 4.349200000000000000e+04 2.843633795005735010e+01 5.900000000000000000e+01
4.870000000000000000e+02 -1.120000000000000000e+02 -6.800000000000000000e+01 4.508900000000000000e+04 4.454400000000000000e+04 4.734900000000000000e+04 4.504500000000000000e+04 2.844624379905872047e+01 6.000000000000000000e+01
4.830000000000000000e+02 -9.300000000000000000e+01 -5.500000000000000000e+01 4.530900000000000000e+04 4.512000000000000000e+04 4.694800000000000000e+04 4.452900000000000000e+04 2.845512891001999378e+01 6.000000000000000000e+01
4.820000000000000000e+02 -7.200000000000000000e+01 -4.500000000000000000e+01 4.560100000000000000e+04 4.577200000000000000e+04 4.671300000000000000e+04 4.389300000000000000e+04 2.846556292497552931e+01 6.000000000000000000e+01
4.830000000000000000e+02 -9.000000000000000000e+01 -5.100000000000000000e+01 4.551700000000000000e+04 4.691200000000000000e+04 4.682200000000000000e+04 4.261900000000000000e+04 2.847488534299191087e+01 6.000000000000000000e+01
4.440000000000000000e+02 -9.200000000000000000e+01 -6.900000000000000000e+01 4.524400000000000000e+04 4.670600000000000000e+04 4.692800000000000000e+04 4.310400000000000000e+04 2.848562630801461637e+01 6.000000000000000000e+01
3.770000000000000000e+02 -1.090000000000000000e+02 -7.400000000000000000e+01 4.396200000000000000e+04 4.622300000000000000e+04 4.746600000000000000e+04 4.324300000000000000e+04 2.849580612801946700e+01 6.500000000000000000e+01
3.030000000000000000e+02 -1.010000000000000000e+02 -6.900000000000000000e+01 4.422700000000000000e+04 4.625800000000000000e+04 4.702900000000000000e+04 4.345100000000000000e+04 2.850557906005997211e+01 6.500000000000000000e+01
2.380000000000000000e+02 -8.000000000000000000e+01 -7.900000000000000000e+01 4.389400000000000000e+04 4.573300000000000000e+04 4.722600000000000000e+04 4.393800000000000000e+04 2.851518703496549278e+01 6.500000000000000000e+01
1.360000000000000000e+02 -3.000000000000000000e+00 -6.900000000000000000e+01 4.348500000000000000e+04 4.520900000000000000e+04 4.781400000000000000e+04 4.470700000000000000e+04 2.852511561801657081e+01 6.500000000000000000e+01
4.900000000000000000e+01 6.400000000000000000e+01 -7.500000000000000000e+01 4.402500000000000000e+04 4.480300000000000000e+04 4.738000000000000000e+04 4.524400000000000000e+04 2.853591316705569625e+01 6.400000000000000000e+01
-3.500000000000000000e+01 1.660000000000000000e+02 -7.100000000000000000e+01 4.404400000000000000e+04 4.409800000000000000e+04 4.726700000000000000e+04 4.586900000000000000e+04 2.854497899801936001e+01 6.400000000000000000e+01
-6.100000000000000000e+01 2.250000000000000000e+02 -5.000000000000000000e+01 4.403900000000000000e+04 4.399500000000000000e+04 4.742200000000000000e+04 4.586500000000000000e+04 2.855559052305761725e+01 6.400000000000000000e+01
-8.000000000000000000e+00 2.150000000000000000e+02 -4.000000000000000000e+01 4.513200000000000000e+04 4.509900000000000000e+04 4.663000000000000000e+04 4.485800000000000000e+04 2.856482748605776578e+01 6.400000000000000000e+01
5.300000000000000000e+01 1.860000000000000000e+02 -1.700000000000000000e+01 4.561900000000000000e+04 4.585300000000000000e+04 4.636900000000000000e+04 4.393400000000000000e+04 2.857523348205722868e+01 6.500000000000000000e+01
9.500000000000000000e+01 1.850000000000000000e+02 -7.000000000000000000e+00 4.575700000000000000e+04 4.626800000000000000e+04 4.623900000000000000e+04 4.337100000000000000e+04 2.858490343706216663e+01 6.500000000000000000e+01
8.000000000000000000e+01 1.900000000000000000e+02 -2.000000000000000000e+00 4.621000000000000000e+04 4.627900000000000000e+04 4.599100000000000000e+04 4.356200000000000000e+04 2.859485691704321653e+01 6.500000000000000000e+01
4.500000000000000000e+01 2.160000000000000000e+02 5.000000000000000000e+00 4.596100000000000000e+04 4.559100000000000000e+04 4.629200000000000000e+04 4.422100000000000000e+04 2.860477874695789069e+01 6.500000000000000000e+01
9.000000000000000000e+00 1.510000000000000000e+02 0.000000000000000000e+00 4.563600000000000000e+04 4.599500000000000000e+04 4.673800000000000000e+04 4.379100000000000000e+04 2.861519287596456707e+01 6.500000000000000000e+01
-4.900000000000000000e+01 1.370000000000000000e+02 -9.000000000000000000e+00 4.535000000000000000e+04 4.540700000000000000e+04 4.699700000000000000e+04 4.440700000000000000e+04 2.862601731100585312e+01 6.200000000000000000e+01
-1.130000000000000000e+02 1.100000000000000000e+02 -1.600000000000000000e+01 4.435300000000000000e+04 4.625100000000000000e+04 4.831600000000000000e+04 4.439200000000000000e+04 2.863519207702483982e+01 6.200000000000000000e+01
-1.220000000000000000e+02 1.020000000000000000e+02 -8.000000000000000000e+00 4.582300000000000000e+04 4.725500000000000000e+04 4.717900000000000000e+04 4.322900000000000000e+04 2.864498168206773698e+01 6.200000000000000000e+01
-2.050000000000000000e+02 1.370000000000000000e+02 1.900000000000000000e+01 4.594900000000000000e+04 4.618600000000000000e+04 4.728700000000000000e+04 4.437900000000000000e+04 2.865497622301336378e+01 6.200000000000000000e+01
-2.930000000000000000e+02 1.750000000000000000e+02 1.400000000000000000e+01 4.539800000000000000e+04 4.557000000000000000e+04 4.804600000000000000e+04 4.524300000000000000e+04 2.866553597000893205e+01 5.900000000000000000e+01
-3.820000000000000000e+02 1.810000000000000000e+02 3.000000000000000000e+00 4.538300000000000000e+04 4.501200000000000000e+04 4.865900000000000000e+04 4.628500000000000000e+04 2.867555734806228429e+01 5.900000000000000000e+01
-4.140000000000000000e+02 2.190000000000000000e+02 -3.000000000000000000e+00 4.614200000000000000e+04 4.472800000000000000e+04 4.792900000000000000e+04 4.680300000000000000e+04 2.868533619400113821e+01 5.900000000000000000e+01
-3.950000000000000000e+02 2.030000000000000000e+02 -1.500000000000000000e+01 4.510500000000000000e+04 4.536500000000000000e+04 4.896400000000000000e+04 4.644600000000000000e+04 2.869563425506930798e+01 5.900000000000000000e+01
-3.430000000000000000e+02 1.090000000000000000e+02 -1.000000000000000000e+01 4.450800000000000000e+04 4.633700000000000000e+04 4.946900000000000000e+04 4.560500000000000000e+04 2.870619117305614054e+01 5.900000000000000000e+01
-2.760000000000000000e+02 3.600000000000000000e+01 7.000000000000000000e+00 4.510800000000000000e+04 4.740000000000000000e+04 4.965000000000000000e+04 4.508800000000000000e+04 2.871538538997992873e+01 5.500000000000000000e+01
-1.430000000000000000e+02 -3.500000000000000000e+01 -6.000000000000000000e+00 4.579900000000000000e+04 4.863100000000000000e+04 4.909400000000000000e+04 4.367800000000000000e+04 2.872518738405779004e+01 5.500000000000000000e+01
-6.300000000000000000e+01 -3.300000000000000000e+01 1.000000000000000000e+01 4.622600000000000000e+04 4.844200000000000000e+04 4.884800000000000000e+04 4.371500000000000000e+04 2.873607389605604112e+01 5.500000000000000000e+01
-2.900000000000000000e+01 -1.900000000000000000e+01 1.500000000000000000e+01 4.633600000000000000e+04 4.870200000000000000e+04 4.875800000000000000e+04 4.363400000000000000e+04 2.874599040602333844e+01 5.500000000000000000e+01
9.000000000000000000e+00 1.600000000000000000e+01 1.700000000000000000e+01 4.668300000000000000e+04 4.870800000000000000e+04 4.844400000000000000e+04 4.348000000000000000e+04 2.875678637495730072e+01 5.200000000000000000e+01
-3.700000000000000000e+01 5.500000000000000000e+01 2.700000000000000000e+01 4.764600000000000000e+04 4.895600000000000000e+04 4.803000000000000000e+04 4.370900000000000000e+04 2.876495951204560697e+01 5.200000000000000000e+01
-8.300000000000000000e+01 1.940000000000000000e+02 3.100000000000000000e+01 4.852700000000000000e+04 4.866900000000000000e+04 4.717200000000000000e+04 4.398900000000000000e+04 2.877485018200241029e+01 5.200000000000000000e+01
-1.980000000000000000e+02 3.590000000000000000e+02 1.700000000000000000e+01 4.881600000000000000e+04 4.710100000000000000e+04 4.696400000000000000e+04 4.566700000000000000e+04 2.878479279705788940e+01 5.200000000000000000e+01
-3.250000000000000000e+02 4.780000000000000000e+02 2.000000000000000000e+01 4.896700000000000000e+04 4.586800000000000000e+04 4.673600000000000000e+04 4.704400000000000000e+04 2.879494193696882576e+01 5.100000000000000000e+01
-4.630000000000000000e+02 4.760000000000000000e+02 2.100000000000000000e+01 4.860900000000000000e+04 4.605300000000000000e+04 4.746800000000000000e+04 4.702800000000000000e+04 2.880576616001781076e+01 5.100000000000000000e+01
-6.460000000000000000e+02 4.440000000000000000e+02 3.800000000000000000e+01 4.836100000000000000e+04 4.662500000000000000e+04 4.804500000000000000e+04 4.657300000000000000e+04 2.881636039097793400e+01 5.100000000000000000e+01
-8.140000000000000000e+02 3.870000000000000000e+02 3.200000000000000000e+01 4.702000000000000000e+04 4.598300000000000000e+04 4.936100000000000000e+04 4.715800000000000000e+04 2.882512926100753248e+01 5.100000000000000000e+01
-9.700000000000000000e+02 3.190000000000000000e+02 4.400000000000000000e+01 4.581700000000000000e+04 4.578800000000000000e+04 5.041300000000000000e+04 4.738800000000000000e+04 2.883499978901818395e+01 5.100000000000000000e+01
-1.045000000000000000e+03 2.290000000000000000e+02 5.100000000000000000e+01 4.455700000000000000e+04 4.578500000000000000e+04 5.179000000000000000e+04 4.762300000000000000e+04 2.884466164500918239e+01 4.700000000000000000e+01
-1.057000000000000000e+03 1.760000000000000000e+02 6.500000000000000000e+01 4.449900000000000000e+04 4.619300000000000000e+04 5.196700000000000000e+04 4.710800000000000000e+04 2.885482134204357862e+01 4.700000000000000000e+01
-1.018000000000000000e+03 1.470000000000000000e+02 6.600000000000000000e+01 4.469500000000000000e+04 4.707100000000000000e+04 5.185500000000000000e+04 4.605800000000000000e+04 2.886464739602524787e+01 4.700000000000000000e+01
-8.910000000000000000e+02 1.440000000000000000e+02 6.100000000000000000e+01 4.511200000000000000e+04 4.695900000000000000e+04 5.159700000000000000e+04 4.600400000000000000e+04 2.887522672605700791e+01 4.700000000000000000e+01
-7.660000000000000000e+02 1.720000000000000000e+02 6.100000000000000000e+01 4.655900000000000000e+04 4.743000000000000000e+04 5.038300000000000000e+04 4.555900000000000000e+04 2.888544420502148569e+01 5.300000000000000000e+01
-6.380000000000000000e+02 2.540000000000000000e+02 5.700000000000000000e+01 4.696900000000000000e+04 4.762400000000000000e+04 4.938300000000000000e+04 4.457700000000000000e+04 2.889521969202905893e+01 5.300000000000000000e+01
-4.970000000000000000e+02 3.260000000000000000e+02 4.100000000000000000e+01 4.757600000000000000e+04 4.814600000000000000e+04 4.875400000000000000e+04 4.376000000000000000e+04 2.890508552303072065e+01 5.300000000000000000e+01
-4.240000000000000000e+02 3.960000000000000000e+02 4.400000000000000000e+01 4.777400000000000000e+04 4.753100000000000000e+04 4.813000000000000000e+04 4.432800000000000000e+04 2.891535127197857946e+01 5.300000000000000000e+01
-3.580000000000000000e+02 4.730000000000000000e+02 3.500000000000000000e+01 4.844300000000000000e+04 4.689500000000000000e+04 4.729900000000000000e+04 4.493800000000000000e+04 2.892501931800507009e+01 5.300000000000000000e+01
-3.250000000000000000e+02 5.160000000000000000e+02 3.400000000000000000e+01 4.812000000000000000e+04 4.631700000000000000e+04 4.687400000000000000e+04 4.484100000000000000e+04 2.893612845195457339e+01 3.590000000000000000e+02
-3.220000000000000000e+02 5.240000000000000000e+02 3.900000000000000000e+01 4.843100000000000000e+04 4.608900000000000000e+04 4.660400000000000000e+04 4.503500000000000000e+04 2.894507573905866593e+01 3.590000000000000000e+02
-3.680000000000000000e+02 4.600000000000000000e+02 3.100000000000000000e+01 4.752500000000000000e+04 4.597700000000000000e+04 4.740000000000000000e+04 4.495400000000000000e+04 2.895520773204043508e+01 3.590000000000000000e+02
-4.100000000000000000e+02 3.920000000000000000e+02 3.400000000000000000e+01 4.661400000000000000e+04 4.555100000000000000e+04 4.811100000000000000e+04 4.527600000000000000e+04 2.896573885704856366e+01 3.590000000000000000e+02
-4.450000000000000000e+02 3.010000000000000000e+02 2.700000000000000000e+01 4.586400000000000000e+04 4.513900000000000000e+04 4.873000000000000000e+04 4.551200000000000000e+04 2.897584000101778656e+01 7.820000000000000000e+02
-4.520000000000000000e+02 2.140000000000000000e+02 3.500000000000000000e+01 4.630400000000000000e+04 4.691700000000000000e+04 4.995300000000000000e+04 4.589100000000000000e+04 2.898506101896055043e+01 7.820000000000000000e+02
