-4.100000000000000000e+01 -2.600000000000000000e+01 4.000000000000000000e+00 4.628800000000000000e+04 4.755100000000000000e+04 5.086800000000000000e+04 4.614400000000000000e+04 2.230278857995290309e+01 8.050000000000000000e+02
-3.400000000000000000e+01 1.000000000000000000e+00 -7.000000000000000000e+00 4.764000000000000000e+04 4.853400000000000000e+04 4.989900000000000000e+04 4.522300000000000000e+04 2.231181020301301032e+01 8.050000000000000000e+02
-3.100000000000000000e+01 -7.000000000000000000e+00 -3.000000000000000000e+00 4.609400000000000000e+04 4.722700000000000000e+04 5.113800000000000000e+04 4.672100000000000000e+04 2.232206872699316591e+01 8.070000000000000000e+02
9.000000000000000000e+00 1.300000000000000000e+01 -6.000000000000000000e+00 4.763400000000000000e+04 4.862300000000000000e+04 4.988300000000000000e+04 4.506800000000000000e+04 2.233216409501619637e+01 8.070000000000000000e+02
1.800000000000000000e+01 -1.400000000000000000e+01 5.000000000000000000e+00 4.681300000000000000e+04 4.889900000000000000e+04 5.054500000000000000e+04 4.481600000000000000e+04 2.234189626597799361e+01 8.070000000000000000e+02
2.600000000000000000e+01 7.000000000000000000e+00 -1.000000000000000000e+00 4.774800000000000000e+04 4.791500000000000000e+04 4.977400000000000000e+04 4.589000000000000000e+04 2.235235780500806868e+01 8.070000000000000000e+02
1.800000000000000000e+01 4.300000000000000000e+01 -4.000000000000000000e+00 4.813300000000000000e+04 4.790200000000000000e+04 4.943600000000000000e+04 4.584900000000000000e+04 2.236216480704024434e+01 8.020000000000000000e+02
3.900000000000000000e+01 2.300000000000000000e+01 -4.000000000000000000e+00 4.719200000000000000e+04 4.861700000000000000e+04 5.066800000000000000e+04 4.566700000000000000e+04 2.237189153395593166e+01 8.020000000000000000e+02
2.400000000000000000e+01 9.000000000000000000e+00 4.000000000000000000e+00 4.814900000000000000e+04 4.906600000000000000e+04 4.980000000000000000e+04 4.523100000000000000e+04 2.238193073798902333e+01 8.020000000000000000e+02
1.000000000000000000e+00 1.900000000000000000e+01 -8.000000000000000000e+00 4.821100000000000000e+04 4.851100000000000000e+04 4.988300000000000000e+04 4.571000000000000000e+04 2.239219626202248037e+01 8.020000000000000000e+02
6.000000000000000000e+00 9.000000000000000000e+00 5.000000000000000000e+00 4.646400000000000000e+04 4.829800000000000000e+04 5.144800000000000000e+04 4.614800000000000000e+04 2.240193626796826720e+01 8.020000000000000000e+02
-9.000000000000000000e+00 5.000000000000000000e+00 -3.000000000000000000e+00 4.725400000000000000e+04 4.924700000000000000e+04 5.024700000000000000e+04 4.454700000000000000e+04 2.241225197794847190e+01 8.090000000000000000e+02
-2.500000000000000000e+01 9.000000000000000000e+00 -5.000000000000000000e+00 4.784400000000000000e+04 4.904000000000000000e+04 4.963400000000000000e+04 4.452500000000000000e+04 2.242321875796187669e+01 8.090000000000000000e+02
-3.900000000000000000e+01 -1.500000000000000000e+01 -6.000000000000000000e+00 4.621100000000000000e+04 4.733100000000000000e+04 5.100100000000000000e+04 4.646300000000000000e+04 2.243176716298330575e+01 8.090000000000000000e+02
-4.800000000000000000e+01 1.500000000000000000e+01 -1.200000000000000000e+01 4.592300000000000000e+04 4.758100000000000000e+04 5.118100000000000000e+04 4.615200000000000000e+04 2.244177325896453112e+01 8.090000000000000000e+02
-4.100000000000000000e+01 -1.200000000000000000e+01 -1.000000000000000000e+00 4.676100000000000000e+04 4.838300000000000000e+04 5.047400000000000000e+04 4.530400000000000000e+04 2.245160543697420508e+01 8.050000000000000000e+02
-1.800000000000000000e+01 9.000000000000000000e+00 -7.000000000000000000e+00 4.848000000000000000e+04 4.960500000000000000e+04 4.881700000000000000e+04 4.359700000000000000e+04 2.246225066005717963e+01 8.050000000000000000e+02
0.000000000000000000e+00 2.700000000000000000e+01 -1.000000000000000000e+01 4.736200000000000000e+04 4.831500000000000000e+04 4.977500000000000000e+04 4.518500000000000000e+04 2.247286966198589653e+01 8.050000000000000000e+02
1.600000000000000000e+01 3.100000000000000000e+01 -6.000000000000000000e+00 4.532700000000000000e+04 4.655000000000000000e+04 5.159000000000000000e+04 4.706000000000000000e+04 2.248173544905148447e+01 8.050000000000000000e+02
6.000000000000000000e+00 2.500000000000000000e+01 -4.000000000000000000e+00 4.857500000000000000e+04 4.952600000000000000e+04 4.855600000000000000e+04 4.378800000000000000e+04 2.249238396005239338e+01 8.050000000000000000e+02
7.000000000000000000e+00 2.400000000000000000e+01 -2.700000000000000000e+01 4.723300000000000000e+04 4.815600000000000000e+04 4.963100000000000000e+04 4.530400000000000000e+04 2.250212601199746132e+01 8.050000000000000000e+02
1.900000000000000000e+01 2.000000000000000000e+01 -1.000000000000000000e+01 4.727800000000000000e+04 4.800100000000000000e+04 4.955100000000000000e+04 4.540000000000000000e+04 2.251191271503921598e+01 8.050000000000000000e+02
-4.000000000000000000e+00 4.500000000000000000e+01 -6.000000000000000000e+00 4.592800000000000000e+04 4.728500000000000000e+04 5.054600000000000000e+04 4.594100000000000000e+04 2.252233157004229724e+01 8.050000000000000000e+02
4.000000000000000000e+00 5.100000000000000000e+01 -1.200000000000000000e+01 4.661000000000000000e+04 4.745200000000000000e+04 4.994000000000000000e+04 4.560000000000000000e+04 2.253140467102639377e+01 8.050000000000000000e+02
1.400000000000000000e+01 2.500000000000000000e+01 -1.200000000000000000e+01 4.697400000000000000e+04 4.784400000000000000e+04 4.948500000000000000e+04 4.506600000000000000e+04 2.254278384300414473e+01 8.060000000000000000e+02
3.000000000000000000e+01 1.300000000000000000e+01 -1.200000000000000000e+01 4.696300000000000000e+04 4.805300000000000000e+04 4.952800000000000000e+04 4.475600000000000000e+04 2.255222221801523119e+01 8.060000000000000000e+02
3.900000000000000000e+01 -2.000000000000000000e+01 -1.400000000000000000e+01 4.654300000000000000e+04 4.871700000000000000e+04 4.979700000000000000e+04 4.409400000000000000e+04 2.256258898100350052e+01 8.060000000000000000e+02
3.600000000000000000e+01 8.000000000000000000e+00 -2.600000000000000000e+01 4.632900000000000000e+04 4.774400000000000000e+04 4.988300000000000000e+04 4.528900000000000000e+04 2.257168389495927840e+01 8.060000000000000000e+02
5.000000000000000000e+01 4.000000000000000000e+00 -1.400000000000000000e+01 4.635700000000000000e+04 4.818200000000000000e+04 4.996400000000000000e+04 4.484800000000000000e+04 2.258157241099979728e+01 8.050000000000000000e+02
4.800000000000000000e+01 2.000000000000000000e+00 -1.800000000000000000e+01 4.769100000000000000e+04 4.875900000000000000e+04 4.874400000000000000e+04 4.422900000000000000e+04 2.259264082903973758e+01 8.050000000000000000e+02
5.500000000000000000e+01 -1.800000000000000000e+01 -2.800000000000000000e+01 4.627600000000000000e+04 4.814000000000000000e+04 4.988500000000000000e+04 4.509700000000000000e+04 2.260173928795848042e+01 8.050000000000000000e+02
5.500000000000000000e+01 -1.000000000000000000e+00 -7.000000000000000000e+00 4.675600000000000000e+04 4.801000000000000000e+04 4.960100000000000000e+04 4.509300000000000000e+04 2.261219622904900461e+01 8.050000000000000000e+02
4.300000000000000000e+01 3.000000000000000000e+00 -1.900000000000000000e+01 4.666300000000000000e+04 4.812500000000000000e+04 4.947200000000000000e+04 4.482300000000000000e+04 2.262270357902161777e+01 8.080000000000000000e+02
7.000000000000000000e+00 3.500000000000000000e+01 -3.500000000000000000e+01 4.656100000000000000e+04 4.750100000000000000e+04 4.942900000000000000e+04 4.573000000000000000e+04 2.263195974705740809e+01 8.080000000000000000e+02
2.300000000000000000e+01 3.500000000000000000e+01 -8.000000000000000000e+00 4.614300000000000000e+04 4.717900000000000000e+04 4.990800000000000000e+04 4.604100000000000000e+04 2.264181535900570452e+01 8.080000000000000000e+02
1.100000000000000000e+01 5.300000000000000000e+01 -2.700000000000000000e+01 4.795100000000000000e+04 4.854800000000000000e+04 4.817700000000000000e+04 4.467200000000000000e+04 2.265182809601537883e+01 8.080000000000000000e+02
8.000000000000000000e+00 3.800000000000000000e+01 -2.400000000000000000e+01 4.639600000000000000e+04 4.764400000000000000e+04 4.973000000000000000e+04 4.559400000000000000e+04 2.266237172298133373e+01 8.070000000000000000e+02
1.000000000000000000e+01 3.000000000000000000e+01 -1.600000000000000000e+01 4.683100000000000000e+04 4.823200000000000000e+04 4.934400000000000000e+04 4.498100000000000000e+04 2.267226128396578133e+01 8.070000000000000000e+02
1.300000000000000000e+01 7.000000000000000000e+00 -9.000000000000000000e+00 4.652800000000000000e+04 4.787900000000000000e+04 4.966700000000000000e+04 4.534000000000000000e+04 2.268166568502783775e+01 8.070000000000000000e+02
-3.000000000000000000e+00 -1.500000000000000000e+01 -1.400000000000000000e+01 4.656600000000000000e+04 4.821300000000000000e+04 4.967200000000000000e+04 4.499200000000000000e+04 2.269219597603660077e+01 8.070000000000000000e+02
-1.100000000000000000e+01 5.000000000000000000e+00 -1.600000000000000000e+01 4.706300000000000000e+04 4.884000000000000000e+04 4.926800000000000000e+04 4.431100000000000000e+04 2.270173498999793082e+01 8.070000000000000000e+02
-1.000000000000000000e+00 1.000000000000000000e+00 -2.000000000000000000e+01 4.634600000000000000e+04 4.820600000000000000e+04 4.974800000000000000e+04 4.523000000000000000e+04 2.271355744998436421e+01 8.050000000000000000e+02
1.000000000000000000e+00 6.000000000000000000e+00 0.000000000000000000e+00 4.652000000000000000e+04 4.778000000000000000e+04 4.979900000000000000e+04 4.599600000000000000e+04 2.272284703305922449e+01 8.050000000000000000e+02
0.000000000000000000e+00 2.100000000000000000e+01 -1.000000000000000000e+00 4.697600000000000000e+04 4.799300000000000000e+04 4.942600000000000000e+04 4.572800000000000000e+04 2.273261013894807547e+01 8.050000000000000000e+02
-2.000000000000000000e+01 2.000000000000000000e+01 -1.200000000000000000e+01 4.687000000000000000e+04 4.784400000000000000e+04 4.941300000000000000e+04 4.591700000000000000e+04 2.274159863905515522e+01 8.050000000000000000e+02
-3.000000000000000000e+01 3.400000000000000000e+01 -2.100000000000000000e+01 4.665600000000000000e+04 4.803000000000000000e+04 4.948800000000000000e+04 4.573200000000000000e+04 2.275183208705857396e+01 8.090000000000000000e+02
-4.200000000000000000e+01 4.500000000000000000e+01 -1.800000000000000000e+01 4.638100000000000000e+04 4.730100000000000000e+04 4.942000000000000000e+04 4.630400000000000000e+04 2.276197698898613453e+01 8.090000000000000000e+02
-1.600000000000000000e+01 4.200000000000000000e+01 -1.600000000000000000e+01 4.619900000000000000e+04 4.777500000000000000e+04 4.952500000000000000e+04 4.579600000000000000e+04 2.277198685705661774e+01 8.090000000000000000e+02
-1.900000000000000000e+01 2.500000000000000000e+01 -1.600000000000000000e+01 4.614600000000000000e+04 4.809400000000000000e+04 4.952700000000000000e+04 4.542500000000000000e+04 2.278186734404880553e+01 8.090000000000000000e+02
-1.400000000000000000e+01 4.300000000000000000e+01 -2.800000000000000000e+01 4.640400000000000000e+04 4.849500000000000000e+04 4.932000000000000000e+04 4.493200000000000000e+04 2.279193252499680966e+01 8.040000000000000000e+02
1.300000000000000000e+01 1.200000000000000000e+01 -1.200000000000000000e+01 4.660200000000000000e+04 4.853000000000000000e+04 4.898600000000000000e+04 4.496500000000000000e+04 2.280305033200420439e+01 8.040000000000000000e+02
0.000000000000000000e+00 0.000000000000000000e+00 -1.300000000000000000e+01 4.687600000000000000e+04 4.851300000000000000e+04 4.898900000000000000e+04 4.543600000000000000e+04 2.281141359801404178e+01 8.040000000000000000e+02
-1.500000000000000000e+01 -7.000000000000000000e+00 -1.900000000000000000e+01 4.663800000000000000e+04 4.860800000000000000e+04 4.937400000000000000e+04 4.519200000000000000e+04 2.282160122296772897e+01 8.040000000000000000e+02
-3.900000000000000000e+01 -1.500000000000000000e+01 -1.200000000000000000e+01 4.640000000000000000e+04 4.829500000000000000e+04 4.957400000000000000e+04 4.561800000000000000e+04 2.283252739696763456e+01 8.040000000000000000e+02
-5.300000000000000000e+01 -1.100000000000000000e+01 -1.400000000000000000e+01 4.629700000000000000e+04 4.872300000000000000e+04 4.967000000000000000e+04 4.523100000000000000e+04 2.284168050403241068e+01 8.090000000000000000e+02
-8.000000000000000000e+01 -1.700000000000000000e+01 -1.800000000000000000e+01 4.599500000000000000e+04 4.794600000000000000e+04 4.981200000000000000e+04 4.571000000000000000e+04 2.285167493100743741e+01 8.090000000000000000e+02
-9.500000000000000000e+01 5.000000000000000000e+00 -2.000000000000000000e+01 4.586500000000000000e+04 4.794200000000000000e+04 4.992000000000000000e+04 4.571200000000000000e+04 2.286138714302796870e+01 8.090000000000000000e+02
-7.800000000000000000e+01 2.300000000000000000e+01 -1.300000000000000000e+01 4.553800000000000000e+04 4.773700000000000000e+04 5.012800000000000000e+04 4.597200000000000000e+04 2.287150491704232991e+01 8.090000000000000000e+02
-6.000000000000000000e+01 7.000000000000000000e+00 -2.500000000000000000e+01 4.547000000000000000e+04 4.781300000000000000e+04 5.020900000000000000e+04 4.590300000000000000e+04 2.288395839696750045e+01 8.040000000000000000e+02
-9.000000000000000000e+00 -6.000000000000000000e+00 2.000000000000000000e+00 4.638800000000000000e+04 4.853700000000000000e+04 4.976400000000000000e+04 4.558800000000000000e+04 2.289160056505352259e+01 8.040000000000000000e+02
3.000000000000000000e+00 1.500000000000000000e+01 -2.600000000000000000e+01 4.649400000000000000e+04 4.802100000000000000e+04 4.979700000000000000e+04 4.603300000000000000e+04 2.290187268902081996e+01 8.040000000000000000e+02
4.200000000000000000e+01 -9.000000000000000000e+00 3.000000000000000000e+00 4.672700000000000000e+04 4.919900000000000000e+04 4.941700000000000000e+04 4.492700000000000000e+04 2.291174121899530292e+01 8.040000000000000000e+02
7.800000000000000000e+01 3.100000000000000000e+01 -2.000000000000000000e+01 4.736300000000000000e+04 4.824000000000000000e+04 4.894900000000000000e+04 4.595900000000000000e+04 2.292209054902195930e+01 8.030000000000000000e+02
8.000000000000000000e+01 1.600000000000000000e+01 -1.500000000000000000e+01 4.682900000000000000e+04 4.912900000000000000e+04 4.975700000000000000e+04 4.532900000000000000e+04 2.293225013499613851e+01 8.030000000000000000e+02
8.700000000000000000e+01 -7.000000000000000000e+00 -1.500000000000000000e+01 4.729900000000000000e+04 4.932300000000000000e+04 4.940000000000000000e+04 4.523500000000000000e+04 2.294126135704573244e+01 8.030000000000000000e+02
6.800000000000000000e+01 -3.000000000000000000e+00 -1.400000000000000000e+01 4.726500000000000000e+04 4.940000000000000000e+04 4.934300000000000000e+04 4.512100000000000000e+04 2.295184928795788437e+01 8.030000000000000000e+02
5.600000000000000000e+01 -3.000000000000000000e+00 -2.300000000000000000e+01 4.688500000000000000e+04 4.937400000000000000e+04 4.977200000000000000e+04 4.502300000000000000e+04 2.296167766000144184e+01 8.030000000000000000e+02
4.000000000000000000e+01 7.000000000000000000e+00 -1.900000000000000000e+01 4.663000000000000000e+04 4.865800000000000000e+04 4.983200000000000000e+04 4.598100000000000000e+04 2.297166972502600402e+01 8.020000000000000000e+02
4.000000000000000000e+00 -1.200000000000000000e+01 -2.100000000000000000e+01 4.627400000000000000e+04 4.888700000000000000e+04 5.029500000000000000e+04 4.603500000000000000e+04 2.298159429104998708e+01 8.020000000000000000e+02
-2.000000000000000000e+00 -4.800000000000000000e+01 -2.200000000000000000e+01 4.643500000000000000e+04 4.921200000000000000e+04 5.021100000000000000e+04 4.567600000000000000e+04 2.299185477802529931e+01 8.020000000000000000e+02
0.000000000000000000e+00 -1.700000000000000000e+01 -6.000000000000000000e+00 4.721800000000000000e+04 4.907000000000000000e+04 4.950900000000000000e+04 4.615000000000000000e+04 2.300203419197350740e+01 8.020000000000000000e+02
-2.600000000000000000e+01 -1.200000000000000000e+01 -2.600000000000000000e+01 4.633500000000000000e+04 4.876400000000000000e+04 5.035700000000000000e+04 4.628300000000000000e+04 2.301111402199603617e+01 8.030000000000000000e+02
-1.000000000000000000e+01 -5.000000000000000000e+00 -1.800000000000000000e+01 4.676200000000000000e+04 4.873000000000000000e+04 4.965300000000000000e+04 4.628500000000000000e+04 2.302155432896688581e+01 8.030000000000000000e+02
-1.100000000000000000e+01 -2.100000000000000000e+01 -3.000000000000000000e+00 4.651900000000000000e+04 4.846600000000000000e+04 4.999000000000000000e+04 4.633200000000000000e+04 2.303158997395075858e+01 8.030000000000000000e+02
-2.400000000000000000e+01 -5.200000000000000000e+01 -6.000000000000000000e+00 4.625000000000000000e+04 4.921400000000000000e+04 5.036300000000000000e+04 4.517100000000000000e+04 2.304223315196577460e+01 8.030000000000000000e+02
-1.300000000000000000e+01 -2.700000000000000000e+01 -8.000000000000000000e+00 4.605600000000000000e+04 4.880600000000000000e+04 5.039900000000000000e+04 4.571500000000000000e+04 2.305210491199977696e+01 7.990000000000000000e+02
-2.500000000000000000e+01 1.000000000000000000e+01 -3.000000000000000000e+01 4.680600000000000000e+04 4.883900000000000000e+04 4.992800000000000000e+04 4.625000000000000000e+04 2.306125450402032584e+01 7.990000000000000000e+02
-6.000000000000000000e+00 -1.000000000000000000e+00 -1.500000000000000000e+01 4.632400000000000000e+04 4.936200000000000000e+04 5.010900000000000000e+04 4.592100000000000000e+04 2.307208799803629518e+01 7.990000000000000000e+02
-1.300000000000000000e+01 2.900000000000000000e+01 -2.800000000000000000e+01 4.695500000000000000e+04 4.858100000000000000e+04 4.959700000000000000e+04 4.665300000000000000e+04 2.308174756704829633e+01 7.990000000000000000e+02
2.200000000000000000e+01 1.800000000000000000e+01 -1.000000000000000000e+01 4.692900000000000000e+04 4.928200000000000000e+04 4.954400000000000000e+04 4.587100000000000000e+04 2.309156999399419874e+01 7.990000000000000000e+02
2.700000000000000000e+01 6.900000000000000000e+01 -2.000000000000000000e+01 4.749000000000000000e+04 4.848700000000000000e+04 4.911100000000000000e+04 4.655500000000000000e+04 2.310163943504448980e+01 7.930000000000000000e+02
3.100000000000000000e+01 5.500000000000000000e+01 -1.900000000000000000e+01 4.782000000000000000e+04 4.922300000000000000e+04 4.933400000000000000e+04 4.684100000000000000e+04 2.311111898499075323e+01 7.930000000000000000e+02
-8.000000000000000000e+00 -4.000000000000000000e+00 -2.000000000000000000e+01 4.898900000000000000e+04 4.934000000000000000e+04 4.845500000000000000e+04 4.666600000000000000e+04 2.312190616095904261e+01 7.930000000000000000e+02
-4.500000000000000000e+01 -7.500000000000000000e+01 -4.000000000000000000e+00 4.829500000000000000e+04 4.915100000000000000e+04 4.913900000000000000e+04 4.670000000000000000e+04 2.313114334305282682e+01 7.930000000000000000e+02
-1.350000000000000000e+02 -1.600000000000000000e+02 -2.400000000000000000e+01 4.679400000000000000e+04 4.903700000000000000e+04 5.050400000000000000e+04 4.698700000000000000e+04 2.314117295003961772e+01 7.880000000000000000e+02
-2.090000000000000000e+02 -2.430000000000000000e+02 -1.200000000000000000e+01 4.640100000000000000e+04 4.942500000000000000e+04 5.151300000000000000e+04 4.742800000000000000e+04 2.315125315904151648e+01 7.880000000000000000e+02
-2.480000000000000000e+02 -3.140000000000000000e+02 -1.600000000000000000e+01 4.527800000000000000e+04 5.022600000000000000e+04 5.267300000000000000e+04 4.655700000000000000e+04 2.316262450395151973e+01 7.880000000000000000e+02
-2.450000000000000000e+02 -3.630000000000000000e+02 -5.000000000000000000e+00 4.492700000000000000e+04 5.055800000000000000e+04 5.290500000000000000e+04 4.627300000000000000e+04 2.317192783299833536e+01 7.880000000000000000e+02
-2.340000000000000000e+02 -3.510000000000000000e+02 2.000000000000000000e+00 4.525700000000000000e+04 5.037700000000000000e+04 5.295200000000000000e+04 4.637600000000000000e+04 2.318096423603128642e+01 7.830000000000000000e+02
-1.950000000000000000e+02 -3.560000000000000000e+02 0.000000000000000000e+00 4.613700000000000000e+04 5.082900000000000000e+04 5.322400000000000000e+04 4.667200000000000000e+04 2.319140179397072643e+01 7.830000000000000000e+02
-1.460000000000000000e+02 -3.240000000000000000e+02 -2.000000000000000000e+00 4.669800000000000000e+04 5.065000000000000000e+04 5.272300000000000000e+04 4.688200000000000000e+04 2.320167077600490302e+01 7.830000000000000000e+02
-8.000000000000000000e+01 -2.460000000000000000e+02 7.000000000000000000e+00 4.750600000000000000e+04 5.088400000000000000e+04 5.226000000000000000e+04 4.658900000000000000e+04 2.321150088403373957e+01 7.830000000000000000e+02
-2.000000000000000000e+01 -1.870000000000000000e+02 1.100000000000000000e+01 4.864500000000000000e+04 5.106400000000000000e+04 5.138500000000000000e+04 4.605700000000000000e+04 2.322176910005509853e+01 7.770000000000000000e+02
4.000000000000000000e+00 -1.190000000000000000e+02 7.000000000000000000e+00 4.938600000000000000e+04 5.090900000000000000e+04 5.154300000000000000e+04 4.722300000000000000e+04 2.323193778702989221e+01 7.770000000000000000e+02
2.500000000000000000e+01 -7.300000000000000000e+01 1.100000000000000000e+01 4.979000000000000000e+04 5.049400000000000000e+04 5.120000000000000000e+04 4.779200000000000000e+04 2.324144669296219945e+01 7.770000000000000000e+02
1.300000000000000000e+01 -5.800000000000000000e+01 0.000000000000000000e+00 4.982300000000000000e+04 5.051600000000000000e+04 5.109200000000000000e+04 4.758600000000000000e+04 2.325111561198718846e+01 7.770000000000000000e+02
-1.000000000000000000e+00 -5.500000000000000000e+01 5.000000000000000000e+00 4.958500000000000000e+04 5.039400000000000000e+04 5.117000000000000000e+04 4.758600000000000000e+04 2.326136979402508587e+01 7.770000000000000000e+02
-2.500000000000000000e+01 -7.200000000000000000e+01 6.000000000000000000e+00 4.909400000000000000e+04 5.052200000000000000e+04 5.132700000000000000e+04 4.744000000000000000e+04 2.327131849701981992e+01 7.710000000000000000e+02
-4.300000000000000000e+01 -1.030000000000000000e+02 1.000000000000000000e+01 4.935000000000000000e+04 5.075300000000000000e+04 5.197200000000000000e+04 4.802300000000000000e+04 2.328171219595242292e+01 7.710000000000000000e+02
-5.900000000000000000e+01 -1.320000000000000000e+02 7.000000000000000000e+00 4.900700000000000000e+04 5.064500000000000000e+04 5.218000000000000000e+04 4.803100000000000000e+04 2.329176252905745059e+01 7.710000000000000000e+02
-8.900000000000000000e+01 -1.600000000000000000e+02 5.000000000000000000e+00 4.824100000000000000e+04 5.037900000000000000e+04 5.279700000000000000e+04 4.815100000000000000e+04 2.330116905900649726e+01 7.710000000000000000e+02
-8.700000000000000000e+01 -1.950000000000000000e+02 9.000000000000000000e+00 4.775900000000000000e+04 5.069100000000000000e+04 5.302100000000000000e+04 4.766400000000000000e+04 2.331156545702833682e+01 7.640000000000000000e+02
-5.000000000000000000e+01 -2.120000000000000000e+02 1.300000000000000000e+01 4.852500000000000000e+04 5.163800000000000000e+04 5.323400000000000000e+04 4.749100000000000000e+04 2.332148045895155519e+01 7.640000000000000000e+02
-7.000000000000000000e+00 -2.110000000000000000e+02 6.000000000000000000e+00 4.872600000000000000e+04 5.167700000000000000e+04 5.304400000000000000e+04 4.697000000000000000e+04 2.333165156701579690e+01 7.640000000000000000e+02
2.900000000000000000e+01 -1.960000000000000000e+02 6.000000000000000000e+00 4.902100000000000000e+04 5.151300000000000000e+04 5.275400000000000000e+04 4.711100000000000000e+04 2.334154459403362125e+01 7.640000000000000000e+02
8.200000000000000000e+01 -1.740000000000000000e+02 2.800000000000000000e+01 4.914500000000000000e+04 5.143500000000000000e+04 5.241000000000000000e+04 4.698000000000000000e+04 2.335080666001886129e+01 4.010000000000000000e+02
1.180000000000000000e+02 -1.590000000000000000e+02 2.400000000000000000e+01 4.999800000000000000e+04 5.182900000000000000e+04 5.193400000000000000e+04 4.643400000000000000e+04 2.336137387901544571e+01 4.010000000000000000e+02
1.490000000000000000e+02 -1.260000000000000000e+02 2.800000000000000000e+01 4.989400000000000000e+04 5.174400000000000000e+04 5.173300000000000000e+04 4.631000000000000000e+04 2.337152096396312118e+01 4.010000000000000000e+02
1.180000000000000000e+02 -8.200000000000000000e+01 2.100000000000000000e+01 5.024000000000000000e+04 5.129600000000000000e+04 5.133100000000000000e+04 4.673100000000000000e+04 2.338125317299272865e+01 4.010000000000000000e+02
8.600000000000000000e+01 -6.300000000000000000e+01 2.300000000000000000e+01 4.966200000000000000e+04 5.029100000000000000e+04 5.156400000000000000e+04 4.733800000000000000e+04 2.339178783097304404e+01 4.010000000000000000e+02
5.100000000000000000e+01 -3.900000000000000000e+01 2.900000000000000000e+01 4.973800000000000000e+04 4.997300000000000000e+04 5.132300000000000000e+04 4.742100000000000000e+04 2.340141586901154369e+01 4.800000000000000000e+01
3.300000000000000000e+01 -5.700000000000000000e+01 2.600000000000000000e+01 4.751700000000000000e+04 4.826700000000000000e+04 5.009400000000000000e+04 4.506200000000000000e+04 2.341099659202154726e+01 4.800000000000000000e+01
6.000000000000000000e+00 -3.700000000000000000e+01 2.500000000000000000e+01 4.695400000000000000e+04 4.755700000000000000e+04 4.999600000000000000e+04 4.510500000000000000e+04 2.342145507095847279e+01 4.800000000000000000e+01
-1.200000000000000000e+01 -3.300000000000000000e+01 2.300000000000000000e+01 4.640300000000000000e+04 4.730900000000000000e+04 4.984900000000000000e+04 4.501200000000000000e+04 2.343194392404984683e+01 4.800000000000000000e+01
-1.200000000000000000e+01 -2.300000000000000000e+01 2.900000000000000000e+01 4.598900000000000000e+04 4.769900000000000000e+04 4.920800000000000000e+04 4.455700000000000000e+04 2.344160973303951323e+01 8.600000000000000000e+01
0.000000000000000000e+00 1.000000000000000000e+00 1.700000000000000000e+01 4.275700000000000000e+04 4.376200000000000000e+04 4.598500000000000000e+04 4.154300000000000000e+04 2.345085841603577137e+01 8.600000000000000000e+01
3.800000000000000000e+01 1.400000000000000000e+01 1.900000000000000000e+01 4.194500000000000000e+04 4.392200000000000000e+04 4.625600000000000000e+04 4.069500000000000000e+04 2.346144004503730685e+01 8.600000000000000000e+01
6.500000000000000000e+01 3.000000000000000000e+01 1.300000000000000000e+01 4.065000000000000000e+04 4.274700000000000000e+04 4.624400000000000000e+04 4.085300000000000000e+04 2.347121186496224254e+01 8.600000000000000000e+01
1.440000000000000000e+02 7.000000000000000000e+01 5.000000000000000000e+00 4.149900000000000000e+04 4.297100000000000000e+04 4.511800000000000000e+04 4.017900000000000000e+04 2.348138798505533487e+01 9.500000000000000000e+01
2.210000000000000000e+02 8.900000000000000000e+01 1.400000000000000000e+01 3.863900000000000000e+04 3.994900000000000000e+04 4.369600000000000000e+04 3.878500000000000000e+04 2.349215944402385503e+01 9.500000000000000000e+01
3.460000000000000000e+02 1.140000000000000000e+02 2.800000000000000000e+01 3.952500000000000000e+04 4.006600000000000000e+04 4.255800000000000000e+04 3.831500000000000000e+04 2.350121493497863412e+01 9.500000000000000000e+01
4.340000000000000000e+02 1.170000000000000000e+02 8.000000000000000000e+00 4.020500000000000000e+04 4.069300000000000000e+04 4.147600000000000000e+04 3.698500000000000000e+04 2.351102133200038224e+01 9.500000000000000000e+01
5.360000000000000000e+02 1.200000000000000000e+02 7.000000000000000000e+00 4.084800000000000000e+04 4.201200000000000000e+04 4.054800000000000000e+04 3.522700000000000000e+04 2.352169275796040893e+01 9.500000000000000000e+01
5.850000000000000000e+02 8.800000000000000000e+01 1.000000000000000000e+00 4.134600000000000000e+04 4.231400000000000000e+04 3.994900000000000000e+04 3.493400000000000000e+04 2.353146497800480574e+01 1.050000000000000000e+02
5.890000000000000000e+02 7.700000000000000000e+01 2.300000000000000000e+01 4.023900000000000000e+04 4.144900000000000000e+04 3.870400000000000000e+04 3.339900000000000000e+04 2.354140628897584975e+01 1.050000000000000000e+02
5.280000000000000000e+02 7.500000000000000000e+01 1.300000000000000000e+01 4.032200000000000000e+04 4.129900000000000000e+04 3.883000000000000000e+04 3.361700000000000000e+04 2.355144867405761033e+01 1.050000000000000000e+02
4.190000000000000000e+02 7.400000000000000000e+01 -1.000000000000000000e+00 3.970800000000000000e+04 4.078700000000000000e+04 3.973100000000000000e+04 3.442500000000000000e+04 2.356146818597335368e+01 1.050000000000000000e+02
2.910000000000000000e+02 9.200000000000000000e+01 6.000000000000000000e+00 3.935500000000000000e+04 4.083500000000000000e+04 4.018800000000000000e+04 3.470900000000000000e+04 2.357144945894833654e+01 1.080000000000000000e+02
1.330000000000000000e+02 1.260000000000000000e+02 3.000000000000000000e+00 3.859900000000000000e+04 3.927000000000000000e+04 4.097200000000000000e+04 3.667200000000000000e+04 2.358112823904957622e+01 1.080000000000000000e+02
-1.600000000000000000e+01 1.620000000000000000e+02 4.000000000000000000e+00 3.819600000000000000e+04 3.946800000000000000e+04 4.177200000000000000e+04 3.687100000000000000e+04 2.359107964194845408e+01 1.080000000000000000e+02
-1.380000000000000000e+02 1.850000000000000000e+02 -1.500000000000000000e+01 3.787600000000000000e+04 3.852900000000000000e+04 4.240100000000000000e+04 3.878800000000000000e+04 2.360137913003563881e+01 1.080000000000000000e+02
-2.280000000000000000e+02 1.780000000000000000e+02 -2.800000000000000000e+01 3.834400000000000000e+04 3.789200000000000000e+04 4.264900000000000000e+04 3.992100000000000000e+04 2.361101764801423997e+01 1.080000000000000000e+02
-2.720000000000000000e+02 1.670000000000000000e+02 -2.000000000000000000e+01 3.904100000000000000e+04 3.821400000000000000e+04 4.304700000000000000e+04 4.104000000000000000e+04 2.362084184703417122e+01 1.130000000000000000e+02
-2.920000000000000000e+02 1.470000000000000000e+02 -2.000000000000000000e+01 3.910800000000000000e+04 3.921800000000000000e+04 4.369500000000000000e+04 4.091700000000000000e+04 2.363132512802258134e+01 1.130000000000000000e+02
-2.600000000000000000e+02 1.430000000000000000e+02 -1.800000000000000000e+01 3.990900000000000000e+04 3.988600000000000000e+04 4.398800000000000000e+04 4.110500000000000000e+04 2.364119632798247039e+01 1.130000000000000000e+02
-2.090000000000000000e+02 1.510000000000000000e+02 -2.000000000000000000e+00 4.000200000000000000e+04 4.075400000000000000e+04 4.465800000000000000e+04 4.117800000000000000e+04 2.365106360905338079e+01 1.130000000000000000e+02
-1.000000000000000000e+02 1.460000000000000000e+02 -4.000000000000000000e+00 4.157900000000000000e+04 4.167000000000000000e+04 4.412800000000000000e+04 4.118400000000000000e+04 2.366095058596692979e+01 1.110000000000000000e+02
2.200000000000000000e+01 9.200000000000000000e+01 -3.000000000000000000e+00 4.328400000000000000e+04 4.380300000000000000e+04 4.449700000000000000e+04 4.075600000000000000e+04 2.367062293598428369e+01 1.110000000000000000e+02
1.240000000000000000e+02 4.200000000000000000e+01 -5.000000000000000000e+00 4.380000000000000000e+04 4.508600000000000000e+04 4.481600000000000000e+04 4.019400000000000000e+04 2.368075695296283811e+01 1.110000000000000000e+02
2.010000000000000000e+02 -4.000000000000000000e+00 1.000000000000000000e+01 4.453600000000000000e+04 4.575300000000000000e+04 4.506800000000000000e+04 4.045500000000000000e+04 2.369120181095786393e+01 1.110000000000000000e+02
2.260000000000000000e+02 -1.900000000000000000e+01 1.600000000000000000e+01 4.470800000000000000e+04 4.635500000000000000e+04 4.569900000000000000e+04 4.070000000000000000e+04 2.370141228102147579e+01 1.010000000000000000e+02
2.180000000000000000e+02 -3.100000000000000000e+01 3.000000000000000000e+00 4.644600000000000000e+04 4.742800000000000000e+04 4.668000000000000000e+04 4.247200000000000000e+04 2.371083597000688314e+01 1.010000000000000000e+02
1.690000000000000000e+02 1.000000000000000000e+00 1.000000000000000000e+01 4.685400000000000000e+04 4.735800000000000000e+04 4.718300000000000000e+04 4.360300000000000000e+04 2.372199313901364803e+01 1.010000000000000000e+02
8.400000000000000000e+01 4.200000000000000000e+01 1.600000000000000000e+01 4.695500000000000000e+04 4.710400000000000000e+04 4.770000000000000000e+04 4.462300000000000000e+04 2.373193569097202271e+01 1.010000000000000000e+02
-2.800000000000000000e+01 5.600000000000000000e+01 1.200000000000000000e+01 4.718400000000000000e+04 4.707500000000000000e+04 4.868200000000000000e+04 4.561200000000000000e+04 2.374098342598881572e+01 1.010000000000000000e+02
-8.000000000000000000e+01 6.900000000000000000e+01 3.000000000000000000e+01 4.719400000000000000e+04 4.724000000000000000e+04 4.937700000000000000e+04 4.620000000000000000e+04 2.375077577796764672e+01 1.000000000000000000e+02
-1.170000000000000000e+02 7.800000000000000000e+01 3.700000000000000000e+01 4.792900000000000000e+04 4.794700000000000000e+04 5.012200000000000000e+04 4.689300000000000000e+04 2.376138031505979598e+01 1.000000000000000000e+02
-1.120000000000000000e+02 4.600000000000000000e+01 4.200000000000000000e+01 4.836900000000000000e+04 4.916800000000000000e+04 5.052100000000000000e+04 4.610400000000000000e+04 2.377089300705119967e+01 1.000000000000000000e+02
-1.050000000000000000e+02 3.900000000000000000e+01 3.900000000000000000e+01 4.883900000000000000e+04 4.850100000000000000e+04 5.086100000000000000e+04 4.759900000000000000e+04 2.378205229504965246e+01 1.000000000000000000e+02
-5.300000000000000000e+01 2.900000000000000000e+01 6.600000000000000000e+01 4.933700000000000000e+04 4.948300000000000000e+04 5.095800000000000000e+04 4.681600000000000000e+04 2.379088782495819032e+01 8.700000000000000000e+01
1.300000000000000000e+01 7.000000000000000000e+00 7.300000000000000000e+01 5.071800000000000000e+04 5.060600000000000000e+04 5.137000000000000000e+04 4.707100000000000000e+04 2.380094469396863133e+01 8.700000000000000000e+01
-2.000000000000000000e+00 -1.900000000000000000e+01 6.400000000000000000e+01 5.046800000000000000e+04 5.060600000000000000e+04 5.197900000000000000e+04 4.735500000000000000e+04 2.381061900104396045e+01 8.700000000000000000e+01
-3.100000000000000000e+01 -5.600000000000000000e+01 7.300000000000000000e+01 5.001900000000000000e+04 5.094800000000000000e+04 5.294700000000000000e+04 4.767600000000000000e+04 2.382133804599288851e+01 8.700000000000000000e+01
-5.700000000000000000e+01 -9.300000000000000000e+01 5.600000000000000000e+01 4.971000000000000000e+04 5.090600000000000000e+04 5.353900000000000000e+04 4.808300000000000000e+04 2.383154323801863939e+01 8.700000000000000000e+01
-4.900000000000000000e+01 -1.230000000000000000e+02 6.900000000000000000e+01 5.056400000000000000e+04 5.276100000000000000e+04 5.361000000000000000e+04 4.677700000000000000e+04 2.384087927103973925e+01 7.500000000000000000e+01
-1.000000000000000000e+02 -1.440000000000000000e+02 6.400000000000000000e+01 4.968300000000000000e+04 5.165000000000000000e+04 5.437900000000000000e+04 4.814900000000000000e+04 2.385085472196806222e+01 7.500000000000000000e+01
-1.450000000000000000e+02 -1.570000000000000000e+02 7.300000000000000000e+01 4.917500000000000000e+04 5.204300000000000000e+04 5.487800000000000000e+04 4.787900000000000000e+04 2.386219102004542947e+01 7.500000000000000000e+01
-2.150000000000000000e+02 -1.170000000000000000e+02 6.400000000000000000e+01 4.949000000000000000e+04 5.072000000000000000e+04 5.474200000000000000e+04 4.912100000000000000e+04 2.387062820605933666e+01 7.500000000000000000e+01
-1.930000000000000000e+02 -4.800000000000000000e+01 6.700000000000000000e+01 5.037300000000000000e+04 5.098200000000000000e+04 5.397000000000000000e+04 4.870900000000000000e+04 2.388233737100381404e+01 6.600000000000000000e+01
-1.280000000000000000e+02 5.800000000000000000e+01 5.800000000000000000e+01 5.093300000000000000e+04 5.050700000000000000e+04 5.379400000000000000e+04 4.953400000000000000e+04 2.389074110600631684e+01 6.600000000000000000e+01
-3.000000000000000000e+00 1.640000000000000000e+02 7.200000000000000000e+01 5.239500000000000000e+04 5.113100000000000000e+04 5.238500000000000000e+04 4.862500000000000000e+04 2.390082019101828337e+01 6.600000000000000000e+01
7.700000000000000000e+01 2.860000000000000000e+02 5.900000000000000000e+01 5.292500000000000000e+04 5.055400000000000000e+04 5.155800000000000000e+04 4.914200000000000000e+04 2.391097043105401099e+01 6.600000000000000000e+01
1.430000000000000000e+02 2.880000000000000000e+02 5.400000000000000000e+01 5.283900000000000000e+04 5.105200000000000000e+04 5.129800000000000000e+04 4.832700000000000000e+04 2.392089798802044243e+01 5.200000000000000000e+01
1.240000000000000000e+02 2.910000000000000000e+02 6.300000000000000000e+01 5.275900000000000000e+04 5.050400000000000000e+04 5.168100000000000000e+04 4.905600000000000000e+04 2.393091243295930326e+01 5.200000000000000000e+01
7.800000000000000000e+01 3.170000000000000000e+02 6.900000000000000000e+01 5.282300000000000000e+04 4.979500000000000000e+04 5.134800000000000000e+04 4.942800000000000000e+04 2.394162222405429929e+01 5.200000000000000000e+01
-1.700000000000000000e+01 2.800000000000000000e+02 7.200000000000000000e+01 5.163200000000000000e+04 4.922000000000000000e+04 5.244300000000000000e+04 4.943800000000000000e+04 2.395119958498980850e+01 5.200000000000000000e+01
-8.500000000000000000e+01 2.010000000000000000e+02 7.000000000000000000e+01 5.131700000000000000e+04 4.936400000000000000e+04 5.220500000000000000e+04 4.877900000000000000e+04 2.396097875805571675e+01 5.200000000000000000e+01
-1.650000000000000000e+02 1.470000000000000000e+02 5.800000000000000000e+01 5.045700000000000000e+04 4.925800000000000000e+04 5.331200000000000000e+04 4.917600000000000000e+04 2.397096139797940850e+01 4.300000000000000000e+01
-2.370000000000000000e+02 6.500000000000000000e+01 4.900000000000000000e+01 4.979400000000000000e+04 4.842800000000000000e+04 5.344000000000000000e+04 4.945500000000000000e+04 2.398138634604401886e+01 4.300000000000000000e+01
-2.340000000000000000e+02 2.000000000000000000e+01 7.200000000000000000e+01 5.033100000000000000e+04 4.938800000000000000e+04 5.278300000000000000e+04 4.792700000000000000e+04 2.399089209898374975e+01 4.300000000000000000e+01
-2.220000000000000000e+02 -4.000000000000000000e+01 6.400000000000000000e+01 4.801500000000000000e+04 4.728200000000000000e+04 5.432800000000000000e+04 4.947600000000000000e+04 2.400106580101419240e+01 4.300000000000000000e+01
-1.100000000000000000e+02 -6.400000000000000000e+01 6.500000000000000000e+01 4.850600000000000000e+04 4.859900000000000000e+04 5.361400000000000000e+04 4.767100000000000000e+04 2.401159299805294722e+01 3.500000000000000000e+01
7.500000000000000000e+01 -1.100000000000000000e+01 5.700000000000000000e+01 5.032800000000000000e+04 4.931900000000000000e+04 5.200800000000000000e+04 4.697800000000000000e+04 2.402152065199334174e+01 3.500000000000000000e+01
2.420000000000000000e+02 6.000000000000000000e+01 3.600000000000000000e+01 5.116500000000000000e+04 4.940100000000000000e+04 5.063700000000000000e+04 4.655400000000000000e+04 2.403065216797403991e+01 3.500000000000000000e+01
3.300000000000000000e+02 6.300000000000000000e+01 2.700000000000000000e+01 5.117500000000000000e+04 4.950800000000000000e+04 5.007500000000000000e+04 4.589800000000000000e+04 2.404056340095121413e+01 3.500000000000000000e+01
3.710000000000000000e+02 2.800000000000000000e+01 2.900000000000000000e+01 5.044700000000000000e+04 4.988500000000000000e+04 5.016900000000000000e+04 4.478400000000000000e+04 2.405087371601257473e+01 3.500000000000000000e+01
3.420000000000000000e+02 -3.300000000000000000e+01 1.400000000000000000e+01 4.994700000000000000e+04 4.996600000000000000e+04 5.059800000000000000e+04 4.471100000000000000e+04 2.406081514502875507e+01 3.300000000000000000e+01
2.960000000000000000e+02 -7.400000000000000000e+01 3.000000000000000000e+00 4.943000000000000000e+04 4.963400000000000000e+04 5.044700000000000000e+04 4.449900000000000000e+04 2.407180252298712730e+01 3.300000000000000000e+01
2.030000000000000000e+02 -1.020000000000000000e+02 1.200000000000000000e+01 4.848200000000000000e+04 4.851800000000000000e+04 5.094400000000000000e+04 4.525200000000000000e+04 2.408117684395983815e+01 3.300000000000000000e+01
8.900000000000000000e+01 -9.600000000000000000e+01 1.400000000000000000e+01 4.754300000000000000e+04 4.802600000000000000e+04 5.145400000000000000e+04 4.520800000000000000e+04 2.409076237701810896e+01 3.300000000000000000e+01
-3.200000000000000000e+01 -7.900000000000000000e+01 1.900000000000000000e+01 4.697700000000000000e+04 4.735900000000000000e+04 5.144700000000000000e+04 4.535000000000000000e+04 2.410083741694688797e+01 3.300000000000000000e+01
-1.310000000000000000e+02 -9.300000000000000000e+01 1.000000000000000000e+01 4.609300000000000000e+04 4.697700000000000000e+04 5.189300000000000000e+04 4.554500000000000000e+04 2.411067386099603027e+01 3.300000000000000000e+01
-2.040000000000000000e+02 -5.700000000000000000e+01 2.500000000000000000e+01 4.666700000000000000e+04 4.571600000000000000e+04 5.119900000000000000e+04 4.639600000000000000e+04 2.412133244599681348e+01 3.300000000000000000e+01
-2.060000000000000000e+02 -3.900000000000000000e+01 1.400000000000000000e+01 4.621300000000000000e+04 4.518600000000000000e+04 5.111400000000000000e+04 4.631000000000000000e+04 2.413112434605136514e+01 3.300000000000000000e+01
-1.440000000000000000e+02 -1.800000000000000000e+01 1.100000000000000000e+01 4.685700000000000000e+04 4.565300000000000000e+04 5.017500000000000000e+04 4.542400000000000000e+04 2.414096385904122144e+01 3.600000000000000000e+01
-9.400000000000000000e+01 4.000000000000000000e+00 1.700000000000000000e+01 4.648700000000000000e+04 4.643400000000000000e+04 5.010800000000000000e+04 4.429400000000000000e+04 2.415019842504989356e+01 3.600000000000000000e+01
-6.000000000000000000e+01 1.500000000000000000e+01 3.200000000000000000e+01 4.673200000000000000e+04 4.566200000000000000e+04 4.969000000000000000e+04 4.430400000000000000e+04 2.416156679496634752e+01 3.600000000000000000e+01
2.200000000000000000e+01 1.600000000000000000e+01 4.200000000000000000e+01 4.713600000000000000e+04 4.602800000000000000e+04 4.909600000000000000e+04 4.343800000000000000e+04 2.417062705196440220e+01 3.600000000000000000e+01
1.080000000000000000e+02 6.100000000000000000e+01 4.500000000000000000e+01 4.747100000000000000e+04 4.559300000000000000e+04 4.843200000000000000e+04 4.328100000000000000e+04 2.418133068201132119e+01 3.600000000000000000e+01
1.460000000000000000e+02 4.200000000000000000e+01 3.100000000000000000e+01 4.716500000000000000e+04 4.629900000000000000e+04 4.800000000000000000e+04 4.183200000000000000e+04 2.419042737095151097e+01 4.300000000000000000e+01
1.240000000000000000e+02 1.200000000000000000e+01 3.000000000000000000e+01 4.671400000000000000e+04 4.567600000000000000e+04 4.802200000000000000e+04 4.212800000000000000e+04 2.420085393800400198e+01 4.300000000000000000e+01
7.400000000000000000e+01 -4.300000000000000000e+01 3.200000000000000000e+01 4.561700000000000000e+04 4.560600000000000000e+04 4.880300000000000000e+04 4.199300000000000000e+04 2.421033064206130803e+01 4.300000000000000000e+01
-9.000000000000000000e+00 -1.040000000000000000e+02 5.100000000000000000e+01 4.492500000000000000e+04 4.522100000000000000e+04 4.930400000000000000e+04 4.182700000000000000e+04 2.422103620797861367e+01 4.300000000000000000e+01
-7.400000000000000000e+01 -1.110000000000000000e+02 4.600000000000000000e+01 4.404300000000000000e+04 4.468400000000000000e+04 4.999100000000000000e+04 4.219900000000000000e+04 2.423078867199365050e+01 4.900000000000000000e+01
-9.900000000000000000e+01 -6.900000000000000000e+01 1.700000000000000000e+01 4.470300000000000000e+04 4.382500000000000000e+04 4.891700000000000000e+04 4.255900000000000000e+04 2.424073258705902845e+01 4.900000000000000000e+01
-8.900000000000000000e+01 1.000000000000000000e+00 1.300000000000000000e+01 4.514100000000000000e+04 4.377800000000000000e+04 4.835600000000000000e+04 4.273100000000000000e+04 2.425065903295762837e+01 4.900000000000000000e+01
-8.200000000000000000e+01 4.400000000000000000e+01 1.000000000000000000e+01 4.542200000000000000e+04 4.371400000000000000e+04 4.791500000000000000e+04 4.266500000000000000e+04 2.426092908799182624e+01 4.900000000000000000e+01
-3.900000000000000000e+01 1.340000000000000000e+02 1.300000000000000000e+01 4.623100000000000000e+04 4.288200000000000000e+04 4.712700000000000000e+04 4.353900000000000000e+04 2.427134902297984809e+01 4.900000000000000000e+01
-1.000000000000000000e+00 1.680000000000000000e+02 -2.000000000000000000e+00 4.625700000000000000e+04 4.331700000000000000e+04 4.648500000000000000e+04 4.240800000000000000e+04 2.427984259102959186e+01 5.800000000000000000e+01
8.700000000000000000e+01 1.910000000000000000e+02 2.000000000000000000e+00 4.781900000000000000e+04 4.362000000000000000e+04 4.476900000000000000e+04 4.226100000000000000e+04 2.429041076602879912e+01 5.800000000000000000e+01
