-1.700000000000000000e+01 3.000000000000000000e+01 1.000000000000000000e+00 4.397200000000000000e+04 4.736200000000000000e+04 4.687000000000000000e+04 4.399000000000000000e+04 1.950443752296268940e+01 8.050000000000000000e+02
4.000000000000000000e+00 2.600000000000000000e+01 1.300000000000000000e+01 4.497900000000000000e+04 4.737800000000000000e+04 4.611500000000000000e+04 4.388000000000000000e+04 1.951745825097896159e+01 8.080000000000000000e+02
-1.000000000000000000e+01 3.500000000000000000e+01 1.500000000000000000e+01 4.467700000000000000e+04 4.716100000000000000e+04 4.627200000000000000e+04 4.397600000000000000e+04 1.952419545094016939e+01 8.080000000000000000e+02
-3.500000000000000000e+01 4.900000000000000000e+01 2.500000000000000000e+01 4.445600000000000000e+04 4.712200000000000000e+04 4.650700000000000000e+04 4.397000000000000000e+04 1.953376759495586157e+01 8.080000000000000000e+02
-2.000000000000000000e+01 5.600000000000000000e+01 2.700000000000000000e+01 4.467500000000000000e+04 4.666700000000000000e+04 4.628100000000000000e+04 4.449500000000000000e+04 1.954494980594608933e+01 8.080000000000000000e+02
-4.900000000000000000e+01 6.200000000000000000e+01 2.900000000000000000e+01 4.470900000000000000e+04 4.691000000000000000e+04 4.629500000000000000e+04 4.417300000000000000e+04 1.955480608996003866e+01 8.080000000000000000e+02
-3.600000000000000000e+01 5.500000000000000000e+01 2.800000000000000000e+01 4.452200000000000000e+04 4.636900000000000000e+04 4.644600000000000000e+04 4.467800000000000000e+04 1.956389934301842004e+01 8.070000000000000000e+02
-5.200000000000000000e+01 4.500000000000000000e+01 2.200000000000000000e+01 4.447300000000000000e+04 4.673500000000000000e+04 4.656400000000000000e+04 4.422400000000000000e+04 1.957505502400454134e+01 8.070000000000000000e+02
-4.800000000000000000e+01 6.100000000000000000e+01 3.900000000000000000e+01 4.486000000000000000e+04 4.650600000000000000e+04 4.628800000000000000e+04 4.451500000000000000e+04 1.958410259196534753e+01 8.070000000000000000e+02
-5.200000000000000000e+01 6.600000000000000000e+01 3.900000000000000000e+01 4.506400000000000000e+04 4.665700000000000000e+04 4.619900000000000000e+04 4.425000000000000000e+04 1.959377603593748063e+01 8.070000000000000000e+02
-4.600000000000000000e+01 3.600000000000000000e+01 3.200000000000000000e+01 4.460200000000000000e+04 4.663900000000000000e+04 4.663000000000000000e+04 4.428200000000000000e+04 1.960396731703076512e+01 8.090000000000000000e+02
-3.700000000000000000e+01 3.500000000000000000e+01 3.500000000000000000e+01 4.492700000000000000e+04 4.651700000000000000e+04 4.611000000000000000e+04 4.419500000000000000e+04 1.961503624194301665e+01 8.090000000000000000e+02
-2.100000000000000000e+01 2.600000000000000000e+01 3.800000000000000000e+01 4.491600000000000000e+04 4.666100000000000000e+04 4.609800000000000000e+04 4.407300000000000000e+04 1.962665201397612691e+01 8.090000000000000000e+02
-2.400000000000000000e+01 1.400000000000000000e+01 3.700000000000000000e+01 4.488900000000000000e+04 4.645400000000000000e+04 4.620000000000000000e+04 4.422100000000000000e+04 1.963572866003960371e+01 8.090000000000000000e+02
-2.500000000000000000e+01 4.000000000000000000e+00 3.300000000000000000e+01 4.489400000000000000e+04 4.681400000000000000e+04 4.622900000000000000e+04 4.384600000000000000e+04 1.964479843992739916e+01 8.080000000000000000e+02
-3.300000000000000000e+01 -2.900000000000000000e+01 4.000000000000000000e+01 4.459400000000000000e+04 4.690100000000000000e+04 4.649600000000000000e+04 4.380400000000000000e+04 1.965422424999997020e+01 8.080000000000000000e+02
-2.300000000000000000e+01 -3.600000000000000000e+01 4.000000000000000000e+01 4.473900000000000000e+04 4.674900000000000000e+04 4.651000000000000000e+04 4.387600000000000000e+04 1.966576027299743146e+01 8.080000000000000000e+02
-3.500000000000000000e+01 -4.000000000000000000e+01 3.000000000000000000e+01 4.474400000000000000e+04 4.682000000000000000e+04 4.653400000000000000e+04 4.381900000000000000e+04 1.967405995493754745e+01 8.080000000000000000e+02
-3.700000000000000000e+01 -4.100000000000000000e+01 3.800000000000000000e+01 4.465700000000000000e+04 4.670000000000000000e+04 4.666100000000000000e+04 4.399200000000000000e+04 1.968393429298885167e+01 8.060000000000000000e+02
-3.000000000000000000e+01 -5.400000000000000000e+01 3.400000000000000000e+01 4.471300000000000000e+04 4.687900000000000000e+04 4.681900000000000000e+04 4.391800000000000000e+04 1.969493402203079313e+01 8.060000000000000000e+02
-3.900000000000000000e+01 -2.600000000000000000e+01 2.900000000000000000e+01 4.477800000000000000e+04 4.669400000000000000e+04 4.682800000000000000e+04 4.409500000000000000e+04 1.970394874003250152e+01 8.060000000000000000e+02
-2.200000000000000000e+01 -2.600000000000000000e+01 4.000000000000000000e+01 4.473200000000000000e+04 4.694700000000000000e+04 4.692600000000000000e+04 4.388700000000000000e+04 1.971404343796893954e+01 8.060000000000000000e+02
-2.500000000000000000e+01 -2.800000000000000000e+01 3.000000000000000000e+01 4.466600000000000000e+04 4.717000000000000000e+04 4.714500000000000000e+04 4.387200000000000000e+04 1.972450716793537140e+01 8.060000000000000000e+02
-2.800000000000000000e+01 -2.200000000000000000e+01 2.600000000000000000e+01 4.465800000000000000e+04 4.689400000000000000e+04 4.714500000000000000e+04 4.424700000000000000e+04 1.973396133293863386e+01 8.010000000000000000e+02
-3.100000000000000000e+01 6.000000000000000000e+00 3.000000000000000000e+01 4.532100000000000000e+04 4.693400000000000000e+04 4.698900000000000000e+04 4.480200000000000000e+04 1.974412173999007791e+01 8.010000000000000000e+02
-3.600000000000000000e+01 3.100000000000000000e+01 3.200000000000000000e+01 4.545800000000000000e+04 4.685300000000000000e+04 4.695700000000000000e+04 4.481300000000000000e+04 1.975406048097647727e+01 8.010000000000000000e+02
-4.400000000000000000e+01 7.500000000000000000e+01 2.900000000000000000e+01 4.554800000000000000e+04 4.666400000000000000e+04 4.700900000000000000e+04 4.530100000000000000e+04 1.976379595696926117e+01 8.010000000000000000e+02
-3.200000000000000000e+01 5.200000000000000000e+01 2.100000000000000000e+01 4.575900000000000000e+04 4.721800000000000000e+04 4.698400000000000000e+04 4.466500000000000000e+04 1.977438274398446083e+01 8.030000000000000000e+02
-3.200000000000000000e+01 5.000000000000000000e+01 2.800000000000000000e+01 4.536300000000000000e+04 4.695700000000000000e+04 4.738400000000000000e+04 4.506300000000000000e+04 1.978360116202384233e+01 8.030000000000000000e+02
-3.900000000000000000e+01 4.600000000000000000e+01 2.300000000000000000e+01 4.582100000000000000e+04 4.698700000000000000e+04 4.698900000000000000e+04 4.497700000000000000e+04 1.979402430600021034e+01 8.030000000000000000e+02
-2.000000000000000000e+01 2.000000000000000000e+01 1.600000000000000000e+01 4.606500000000000000e+04 4.679900000000000000e+04 4.664500000000000000e+04 4.510200000000000000e+04 1.980465862201526761e+01 8.030000000000000000e+02
-1.000000000000000000e+01 -1.900000000000000000e+01 2.700000000000000000e+01 4.587400000000000000e+04 4.723300000000000000e+04 4.673600000000000000e+04 4.459300000000000000e+04 1.981394137698225677e+01 8.040000000000000000e+02
4.000000000000000000e+00 -3.800000000000000000e+01 2.000000000000000000e+01 4.527500000000000000e+04 4.750200000000000000e+04 4.714600000000000000e+04 4.420100000000000000e+04 1.982383059395942837e+01 8.040000000000000000e+02
9.000000000000000000e+00 -6.400000000000000000e+01 5.000000000000000000e+00 4.530900000000000000e+04 4.776700000000000000e+04 4.710100000000000000e+04 4.408600000000000000e+04 1.983430364599917084e+01 8.040000000000000000e+02
1.200000000000000000e+01 -5.300000000000000000e+01 1.200000000000000000e+01 4.494800000000000000e+04 4.747200000000000000e+04 4.742700000000000000e+04 4.454000000000000000e+04 1.984413397195748985e+01 8.040000000000000000e+02
1.600000000000000000e+01 -7.600000000000000000e+01 -5.000000000000000000e+00 4.466400000000000000e+04 4.811500000000000000e+04 4.760200000000000000e+04 4.372600000000000000e+04 1.985347127995919436e+01 8.040000000000000000e+02
1.000000000000000000e+00 -6.800000000000000000e+01 -7.000000000000000000e+00 4.522400000000000000e+04 4.767000000000000000e+04 4.683500000000000000e+04 4.401300000000000000e+04 1.986482062493450940e+01 8.040000000000000000e+02
-1.100000000000000000e+01 -5.000000000000000000e+01 -6.000000000000000000e+00 4.557800000000000000e+04 4.753800000000000000e+04 4.658600000000000000e+04 4.405100000000000000e+04 1.987368132302071899e+01 8.040000000000000000e+02
-2.200000000000000000e+01 -9.000000000000000000e+00 1.400000000000000000e+01 4.504100000000000000e+04 4.736100000000000000e+04 4.694200000000000000e+04 4.415400000000000000e+04 1.988379813695792109e+01 8.040000000000000000e+02
-3.300000000000000000e+01 -5.000000000000000000e+00 -2.000000000000000000e+00 4.502300000000000000e+04 4.687700000000000000e+04 4.692800000000000000e+04 4.466600000000000000e+04 1.989388409501407295e+01 8.040000000000000000e+02
-4.700000000000000000e+01 1.800000000000000000e+01 1.500000000000000000e+01 4.513700000000000000e+04 4.670300000000000000e+04 4.692500000000000000e+04 4.490100000000000000e+04 1.990447790396865457e+01 8.040000000000000000e+02
-5.200000000000000000e+01 3.300000000000000000e+01 1.300000000000000000e+01 4.507000000000000000e+04 4.654200000000000000e+04 4.673500000000000000e+04 4.473200000000000000e+04 1.991371895803604275e+01 8.040000000000000000e+02
-6.700000000000000000e+01 3.500000000000000000e+01 1.100000000000000000e+01 4.498200000000000000e+04 4.621400000000000000e+04 4.686000000000000000e+04 4.502100000000000000e+04 1.992348350002430379e+01 8.040000000000000000e+02
-7.000000000000000000e+01 3.800000000000000000e+01 7.000000000000000000e+00 4.522700000000000000e+04 4.651900000000000000e+04 4.655400000000000000e+04 4.462300000000000000e+04 1.993392766802571714e+01 8.040000000000000000e+02
-6.500000000000000000e+01 1.500000000000000000e+01 -6.000000000000000000e+00 4.453700000000000000e+04 4.665300000000000000e+04 4.709200000000000000e+04 4.437800000000000000e+04 1.994394801894668490e+01 8.020000000000000000e+02
-5.900000000000000000e+01 4.700000000000000000e+01 1.000000000000000000e+01 4.502300000000000000e+04 4.614300000000000000e+04 4.683200000000000000e+04 4.495600000000000000e+04 1.995385797694325447e+01 8.020000000000000000e+02
-4.800000000000000000e+01 2.000000000000000000e+01 3.000000000000000000e+00 4.488200000000000000e+04 4.699300000000000000e+04 4.688300000000000000e+04 4.433000000000000000e+04 1.996374889998696744e+01 8.020000000000000000e+02
-3.000000000000000000e+01 1.600000000000000000e+01 6.000000000000000000e+00 4.524000000000000000e+04 4.687700000000000000e+04 4.652300000000000000e+04 4.444900000000000000e+04 1.997367034899070859e+01 8.020000000000000000e+02
-4.300000000000000000e+01 3.000000000000000000e+00 -3.000000000000000000e+00 4.476800000000000000e+04 4.684400000000000000e+04 4.684200000000000000e+04 4.446800000000000000e+04 1.998384848400019109e+01 8.000000000000000000e+02
-1.700000000000000000e+01 2.000000000000000000e+00 -5.000000000000000000e+00 4.510900000000000000e+04 4.724000000000000000e+04 4.672600000000000000e+04 4.420300000000000000e+04 1.999359830201137811e+01 8.000000000000000000e+02
-3.000000000000000000e+01 8.000000000000000000e+00 -4.000000000000000000e+00 4.498300000000000000e+04 4.666300000000000000e+04 4.669700000000000000e+04 4.480900000000000000e+04 2.000361433194484562e+01 8.000000000000000000e+02
1.700000000000000000e+01 1.000000000000000000e+01 -5.000000000000000000e+00 4.561500000000000000e+04 4.694400000000000000e+04 4.610000000000000000e+04 4.437300000000000000e+04 2.001342034095432609e+01 8.000000000000000000e+02
2.300000000000000000e+01 -2.200000000000000000e+01 -1.100000000000000000e+01 4.510700000000000000e+04 4.715500000000000000e+04 4.654200000000000000e+04 4.425100000000000000e+04 2.002409945696126670e+01 8.000000000000000000e+02
4.300000000000000000e+01 -1.100000000000000000e+01 -2.000000000000000000e+01 4.532000000000000000e+04 4.711400000000000000e+04 4.631800000000000000e+04 4.440000000000000000e+04 2.003363911993801594e+01 8.010000000000000000e+02
3.600000000000000000e+01 -2.600000000000000000e+01 -1.200000000000000000e+01 4.512800000000000000e+04 4.712900000000000000e+04 4.642000000000000000e+04 4.424800000000000000e+04 2.004350905795581639e+01 8.010000000000000000e+02
3.500000000000000000e+01 -5.000000000000000000e+01 -1.400000000000000000e+01 4.462500000000000000e+04 4.761500000000000000e+04 4.688000000000000000e+04 4.358600000000000000e+04 2.005379335896577686e+01 8.010000000000000000e+02
2.600000000000000000e+01 -3.200000000000000000e+01 -1.800000000000000000e+01 4.490600000000000000e+04 4.749400000000000000e+04 4.653200000000000000e+04 4.389700000000000000e+04 2.006374928797595203e+01 8.010000000000000000e+02
8.000000000000000000e+00 -2.100000000000000000e+01 -1.100000000000000000e+01 4.466900000000000000e+04 4.689200000000000000e+04 4.673200000000000000e+04 4.449500000000000000e+04 2.007369695801753551e+01 8.050000000000000000e+02
-1.300000000000000000e+01 1.400000000000000000e+01 1.100000000000000000e+01 4.440000000000000000e+04 4.643300000000000000e+04 4.671600000000000000e+04 4.436500000000000000e+04 2.008366524393204600e+01 8.050000000000000000e+02
-2.200000000000000000e+01 5.000000000000000000e+01 8.000000000000000000e+00 4.537800000000000000e+04 4.591200000000000000e+04 4.583100000000000000e+04 4.481800000000000000e+04 2.009397770301438868e+01 8.050000000000000000e+02
-3.600000000000000000e+01 3.900000000000000000e+01 8.000000000000000000e+00 4.477000000000000000e+04 4.613600000000000000e+04 4.634800000000000000e+04 4.463300000000000000e+04 2.010376987396739423e+01 8.050000000000000000e+02
-4.900000000000000000e+01 2.000000000000000000e+01 1.100000000000000000e+01 4.433100000000000000e+04 4.614900000000000000e+04 4.671600000000000000e+04 4.449800000000000000e+04 2.011453098303172737e+01 8.020000000000000000e+02
-3.400000000000000000e+01 3.500000000000000000e+01 1.700000000000000000e+01 4.482500000000000000e+04 4.602400000000000000e+04 4.629700000000000000e+04 4.458300000000000000e+04 2.012354939593933523e+01 8.020000000000000000e+02
-4.600000000000000000e+01 6.000000000000000000e+00 9.000000000000000000e+00 4.439800000000000000e+04 4.642600000000000000e+04 4.681000000000000000e+04 4.425900000000000000e+04 2.013367123296484351e+01 8.020000000000000000e+02
-3.000000000000000000e+01 3.300000000000000000e+01 1.600000000000000000e+01 4.486200000000000000e+04 4.630500000000000000e+04 4.636400000000000000e+04 4.437000000000000000e+04 2.014361491904128343e+01 8.020000000000000000e+02
2.000000000000000000e+00 8.000000000000000000e+00 1.100000000000000000e+01 4.493500000000000000e+04 4.619100000000000000e+04 4.614000000000000000e+04 4.439900000000000000e+04 2.015357225399930030e+01 8.020000000000000000e+02
-6.000000000000000000e+00 -1.100000000000000000e+01 1.500000000000000000e+01 4.461200000000000000e+04 4.588100000000000000e+04 4.669100000000000000e+04 4.469400000000000000e+04 2.016402349004056305e+01 8.030000000000000000e+02
1.600000000000000000e+01 -3.300000000000000000e+01 2.000000000000000000e+01 4.478100000000000000e+04 4.659500000000000000e+04 4.635100000000000000e+04 4.390400000000000000e+04 2.017389381001703441e+01 8.030000000000000000e+02
5.000000000000000000e+00 -3.600000000000000000e+01 1.500000000000000000e+01 4.439100000000000000e+04 4.643800000000000000e+04 4.690400000000000000e+04 4.415500000000000000e+04 2.018384551594499499e+01 8.030000000000000000e+02
-4.000000000000000000e+00 -3.700000000000000000e+01 1.200000000000000000e+01 4.485400000000000000e+04 4.641200000000000000e+04 4.643100000000000000e+04 4.419300000000000000e+04 2.019366600003559142e+01 8.030000000000000000e+02
1.300000000000000000e+01 -7.900000000000000000e+01 1.500000000000000000e+01 4.460500000000000000e+04 4.682300000000000000e+04 4.645600000000000000e+04 4.363500000000000000e+04 2.020396417099982500e+01 8.040000000000000000e+02
3.000000000000000000e+00 -5.700000000000000000e+01 1.300000000000000000e+01 4.435600000000000000e+04 4.670100000000000000e+04 4.675800000000000000e+04 4.400800000000000000e+04 2.021378902194555849e+01 8.040000000000000000e+02
3.100000000000000000e+01 -5.000000000000000000e+00 9.000000000000000000e+00 4.484900000000000000e+04 4.653000000000000000e+04 4.625100000000000000e+04 4.406100000000000000e+04 2.022367043304257095e+01 8.040000000000000000e+02
3.100000000000000000e+01 1.700000000000000000e+01 1.100000000000000000e+01 4.528900000000000000e+04 4.653000000000000000e+04 4.597600000000000000e+04 4.408400000000000000e+04 2.023344309395179152e+01 8.040000000000000000e+02
4.400000000000000000e+01 -6.000000000000000000e+00 1.400000000000000000e+01 4.562200000000000000e+04 4.664000000000000000e+04 4.570500000000000000e+04 4.389500000000000000e+04 2.024364125099964440e+01 8.030000000000000000e+02
3.200000000000000000e+01 6.000000000000000000e+00 2.500000000000000000e+01 4.528800000000000000e+04 4.621100000000000000e+04 4.623300000000000000e+04 4.464900000000000000e+04 2.025349954294506460e+01 8.030000000000000000e+02
2.300000000000000000e+01 4.100000000000000000e+01 2.800000000000000000e+01 4.533400000000000000e+04 4.608400000000000000e+04 4.627000000000000000e+04 4.463800000000000000e+04 2.026396310096606612e+01 8.030000000000000000e+02
3.100000000000000000e+01 2.100000000000000000e+01 2.000000000000000000e+01 4.505300000000000000e+04 4.664000000000000000e+04 4.649100000000000000e+04 4.398400000000000000e+04 2.027304567396640778e+01 8.030000000000000000e+02
1.000000000000000000e+00 2.900000000000000000e+01 4.000000000000000000e+01 4.547900000000000000e+04 4.604800000000000000e+04 4.629800000000000000e+04 4.450300000000000000e+04 2.028424036002252251e+01 8.050000000000000000e+02
-3.600000000000000000e+01 3.800000000000000000e+01 3.800000000000000000e+01 4.490300000000000000e+04 4.561700000000000000e+04 4.679700000000000000e+04 4.477300000000000000e+04 2.029338770697358996e+01 8.050000000000000000e+02
-2.800000000000000000e+01 3.000000000000000000e+01 4.400000000000000000e+01 4.537300000000000000e+04 4.568800000000000000e+04 4.642800000000000000e+04 4.465500000000000000e+04 2.030383659899234772e+01 8.050000000000000000e+02
-2.300000000000000000e+01 1.200000000000000000e+01 4.100000000000000000e+01 4.484600000000000000e+04 4.625900000000000000e+04 4.689900000000000000e+04 4.411800000000000000e+04 2.031393088202457875e+01 8.050000000000000000e+02
-5.300000000000000000e+01 -1.900000000000000000e+01 3.000000000000000000e+01 4.441000000000000000e+04 4.605300000000000000e+04 4.720800000000000000e+04 4.435900000000000000e+04 2.032337911601644009e+01 8.050000000000000000e+02
-5.500000000000000000e+01 -1.400000000000000000e+01 4.400000000000000000e+01 4.460500000000000000e+04 4.606600000000000000e+04 4.714300000000000000e+04 4.434700000000000000e+04 2.033383241295814514e+01 7.990000000000000000e+02
-5.400000000000000000e+01 -4.000000000000000000e+01 4.200000000000000000e+01 4.491200000000000000e+04 4.620600000000000000e+04 4.756300000000000000e+04 4.488400000000000000e+04 2.034396228299010545e+01 7.990000000000000000e+02
-5.500000000000000000e+01 -6.000000000000000000e+01 2.900000000000000000e+01 4.514400000000000000e+04 4.540500000000000000e+04 4.799000000000000000e+04 4.468700000000000000e+04 2.035408122302033007e+01 7.990000000000000000e+02
5.000000000000000000e+00 -3.700000000000000000e+01 2.800000000000000000e+01 4.532300000000000000e+04 4.620900000000000000e+04 4.770600000000000000e+04 4.423400000000000000e+04 2.036323945899493992e+01 7.990000000000000000e+02
6.000000000000000000e+00 -3.900000000000000000e+01 3.200000000000000000e+01 4.564200000000000000e+04 4.597900000000000000e+04 4.735600000000000000e+04 4.444800000000000000e+04 2.037336999003309757e+01 8.000000000000000000e+02
1.100000000000000000e+01 -2.800000000000000000e+01 3.400000000000000000e+01 4.593900000000000000e+04 4.654100000000000000e+04 4.749400000000000000e+04 4.406500000000000000e+04 2.038334705203305930e+01 8.000000000000000000e+02
5.700000000000000000e+01 -2.900000000000000000e+01 3.300000000000000000e+01 4.643300000000000000e+04 4.727800000000000000e+04 4.711700000000000000e+04 4.340100000000000000e+04 2.039386708498932421e+01 8.000000000000000000e+02
4.200000000000000000e+01 -3.200000000000000000e+01 3.000000000000000000e+01 4.607200000000000000e+04 4.704900000000000000e+04 4.740200000000000000e+04 4.373200000000000000e+04 2.040294483595062047e+01 8.000000000000000000e+02
5.300000000000000000e+01 7.000000000000000000e+00 3.000000000000000000e+01 4.672100000000000000e+04 4.722500000000000000e+04 4.690500000000000000e+04 4.362300000000000000e+04 2.041352110099978745e+01 7.990000000000000000e+02
4.100000000000000000e+01 2.000000000000000000e+00 2.700000000000000000e+01 4.624200000000000000e+04 4.694500000000000000e+04 4.743400000000000000e+04 4.390900000000000000e+04 2.042338241101242602e+01 7.990000000000000000e+02
6.000000000000000000e+00 1.100000000000000000e+01 2.800000000000000000e+01 4.625000000000000000e+04 4.658700000000000000e+04 4.741500000000000000e+04 4.439400000000000000e+04 2.043328782403841615e+01 7.990000000000000000e+02
-7.000000000000000000e+00 1.000000000000000000e+01 3.000000000000000000e+01 4.603200000000000000e+04 4.620700000000000000e+04 4.763100000000000000e+04 4.479500000000000000e+04 2.044472473603673279e+01 7.990000000000000000e+02
-2.700000000000000000e+01 3.500000000000000000e+01 4.000000000000000000e+01 4.576000000000000000e+04 4.606900000000000000e+04 4.810200000000000000e+04 4.492500000000000000e+04 2.045344725798349828e+01 7.990000000000000000e+02
-3.300000000000000000e+01 2.200000000000000000e+01 4.000000000000000000e+01 4.654300000000000000e+04 4.637400000000000000e+04 4.848300000000000000e+04 4.563300000000000000e+04 2.046308327396400273e+01 7.880000000000000000e+02
-1.600000000000000000e+01 2.500000000000000000e+01 3.800000000000000000e+01 4.670400000000000000e+04 4.638200000000000000e+04 4.839700000000000000e+04 4.538400000000000000e+04 2.047352454194333404e+01 7.880000000000000000e+02
2.600000000000000000e+01 4.300000000000000000e+01 4.300000000000000000e+01 4.755700000000000000e+04 4.657500000000000000e+04 4.763700000000000000e+04 4.510400000000000000e+04 2.048344786593224853e+01 7.880000000000000000e+02
5.600000000000000000e+01 2.000000000000000000e+01 3.500000000000000000e+01 4.703500000000000000e+04 4.696100000000000000e+04 4.803700000000000000e+04 4.478500000000000000e+04 2.049330984603147954e+01 7.880000000000000000e+02
7.200000000000000000e+01 4.000000000000000000e+00 2.900000000000000000e+01 4.713900000000000000e+04 4.746800000000000000e+04 4.792900000000000000e+04 4.443800000000000000e+04 2.050296202895697206e+01 2.980000000000000000e+02
1.050000000000000000e+02 -2.000000000000000000e+00 3.000000000000000000e+01 4.749000000000000000e+04 4.794800000000000000e+04 4.812700000000000000e+04 4.469500000000000000e+04 2.051372058095876127e+01 2.980000000000000000e+02
1.050000000000000000e+02 -3.700000000000000000e+01 2.500000000000000000e+01 4.750400000000000000e+04 4.840600000000000000e+04 4.810600000000000000e+04 4.422000000000000000e+04 2.052311095793265849e+01 2.980000000000000000e+02
6.200000000000000000e+01 -4.700000000000000000e+01 1.500000000000000000e+01 4.730100000000000000e+04 4.853800000000000000e+04 4.842400000000000000e+04 4.422600000000000000e+04 2.053356093901675195e+01 2.980000000000000000e+02
2.800000000000000000e+01 0.000000000000000000e+00 3.300000000000000000e+01 4.739400000000000000e+04 4.809000000000000000e+04 4.835200000000000000e+04 4.491000000000000000e+04 2.054334087297320366e+01 6.500000000000000000e+01
-2.000000000000000000e+01 3.900000000000000000e+01 3.500000000000000000e+01 4.685000000000000000e+04 4.710100000000000000e+04 4.908200000000000000e+04 4.589200000000000000e+04 2.055345786095131189e+01 6.500000000000000000e+01
-8.500000000000000000e+01 5.300000000000000000e+01 2.800000000000000000e+01 4.636900000000000000e+04 4.665400000000000000e+04 4.933000000000000000e+04 4.595500000000000000e+04 2.056319746095687151e+01 6.500000000000000000e+01
-8.600000000000000000e+01 7.400000000000000000e+01 3.400000000000000000e+01 4.676600000000000000e+04 4.642700000000000000e+04 4.892100000000000000e+04 4.618100000000000000e+04 2.057311282795853913e+01 6.500000000000000000e+01
-7.500000000000000000e+01 8.400000000000000000e+01 4.000000000000000000e+01 4.707000000000000000e+04 4.600100000000000000e+04 4.844500000000000000e+04 4.614500000000000000e+04 2.058345845795702189e+01 6.600000000000000000e+01
-3.800000000000000000e+01 1.020000000000000000e+02 4.600000000000000000e+01 4.727400000000000000e+04 4.568500000000000000e+04 4.831300000000000000e+04 4.601800000000000000e+04 2.059294408303685486e+01 6.600000000000000000e+01
-9.000000000000000000e+00 8.000000000000000000e+01 4.400000000000000000e+01 4.713400000000000000e+04 4.589700000000000000e+04 4.815800000000000000e+04 4.534500000000000000e+04 2.060345048701856285e+01 6.600000000000000000e+01
1.900000000000000000e+01 4.500000000000000000e+01 4.700000000000000000e+01 4.694300000000000000e+04 4.642100000000000000e+04 4.814000000000000000e+04 4.453900000000000000e+04 2.061343413800932467e+01 6.600000000000000000e+01
7.500000000000000000e+01 3.100000000000000000e+01 4.500000000000000000e+01 4.728500000000000000e+04 4.701200000000000000e+04 4.778500000000000000e+04 4.354000000000000000e+04 2.062303441495168954e+01 6.600000000000000000e+01
8.800000000000000000e+01 4.200000000000000000e+01 4.600000000000000000e+01 4.708200000000000000e+04 4.661400000000000000e+04 4.766300000000000000e+04 4.378600000000000000e+04 2.063356585195288062e+01 5.500000000000000000e+01
9.100000000000000000e+01 4.200000000000000000e+01 3.800000000000000000e+01 4.733300000000000000e+04 4.680500000000000000e+04 4.732200000000000000e+04 4.339400000000000000e+04 2.064340014103800058e+01 5.500000000000000000e+01
6.800000000000000000e+01 5.500000000000000000e+01 4.700000000000000000e+01 4.684200000000000000e+04 4.652200000000000000e+04 4.759800000000000000e+04 4.350100000000000000e+04 2.065321995504200459e+01 5.500000000000000000e+01
3.300000000000000000e+01 5.800000000000000000e+01 2.900000000000000000e+01 4.675500000000000000e+04 4.609500000000000000e+04 4.733700000000000000e+04 4.364100000000000000e+04 2.066286011703778058e+01 5.500000000000000000e+01
-1.000000000000000000e+00 5.700000000000000000e+01 2.100000000000000000e+01 4.613600000000000000e+04 4.584200000000000000e+04 4.757500000000000000e+04 4.397600000000000000e+04 2.067351460293866694e+01 5.700000000000000000e+01
-2.800000000000000000e+01 7.300000000000000000e+01 3.300000000000000000e+01 4.631000000000000000e+04 4.503300000000000000e+04 4.744300000000000000e+04 4.475000000000000000e+04 2.068345649098046124e+01 5.700000000000000000e+01
-2.800000000000000000e+01 2.700000000000000000e+01 3.900000000000000000e+01 4.636100000000000000e+04 4.453900000000000000e+04 4.726300000000000000e+04 4.479000000000000000e+04 2.069308554893359542e+01 5.700000000000000000e+01
-4.100000000000000000e+01 -2.300000000000000000e+01 4.000000000000000000e+01 4.546500000000000000e+04 4.463500000000000000e+04 4.805800000000000000e+04 4.448700000000000000e+04 2.070343603903893381e+01 5.700000000000000000e+01
-7.000000000000000000e+00 -2.700000000000000000e+01 3.100000000000000000e+01 4.511300000000000000e+04 4.457400000000000000e+04 4.835600000000000000e+04 4.435600000000000000e+04 2.071355149499140680e+01 5.900000000000000000e+01
4.500000000000000000e+01 -5.900000000000000000e+01 3.500000000000000000e+01 4.585700000000000000e+04 4.508200000000000000e+04 4.777000000000000000e+04 4.404200000000000000e+04 2.072296284302137792e+01 5.900000000000000000e+01
1.140000000000000000e+02 -6.700000000000000000e+01 4.600000000000000000e+01 4.570100000000000000e+04 4.566600000000000000e+04 4.780100000000000000e+04 4.341700000000000000e+04 2.073358537396416068e+01 5.900000000000000000e+01
1.920000000000000000e+02 -1.440000000000000000e+02 4.500000000000000000e+01 4.618900000000000000e+04 4.625300000000000000e+04 4.734300000000000000e+04 4.235500000000000000e+04 2.074435721198096871e+01 5.900000000000000000e+01
2.490000000000000000e+02 -1.610000000000000000e+02 4.000000000000000000e+01 4.603300000000000000e+04 4.675400000000000000e+04 4.734600000000000000e+04 4.149400000000000000e+04 2.075283583998680115e+01 5.900000000000000000e+01
2.840000000000000000e+02 -1.600000000000000000e+02 3.100000000000000000e+01 4.623400000000000000e+04 4.762200000000000000e+04 4.716200000000000000e+04 4.069900000000000000e+04 2.076320189994294196e+01 6.100000000000000000e+01
3.100000000000000000e+02 -9.500000000000000000e+01 2.700000000000000000e+01 4.608500000000000000e+04 4.536300000000000000e+04 4.708600000000000000e+04 4.324400000000000000e+04 2.077294975402764976e+01 6.100000000000000000e+01
3.430000000000000000e+02 -4.900000000000000000e+01 3.900000000000000000e+01 4.725600000000000000e+04 4.545300000000000000e+04 4.602000000000000000e+04 4.329400000000000000e+04 2.078371872799471021e+01 6.100000000000000000e+01
3.620000000000000000e+02 -5.400000000000000000e+01 3.400000000000000000e+01 4.727500000000000000e+04 4.565200000000000000e+04 4.607400000000000000e+04 4.291400000000000000e+04 2.079279387998394668e+01 6.100000000000000000e+01
3.980000000000000000e+02 -3.700000000000000000e+01 4.000000000000000000e+01 4.748500000000000000e+04 4.597800000000000000e+04 4.589600000000000000e+04 4.238600000000000000e+04 2.080347120703663677e+01 6.800000000000000000e+01
3.940000000000000000e+02 -5.800000000000000000e+01 2.600000000000000000e+01 4.770700000000000000e+04 4.619800000000000000e+04 4.597100000000000000e+04 4.249500000000000000e+04 2.081305178895127028e+01 6.800000000000000000e+01
3.870000000000000000e+02 -8.400000000000000000e+01 3.200000000000000000e+01 4.719800000000000000e+04 4.665100000000000000e+04 4.619700000000000000e+04 4.184800000000000000e+04 2.082270491693634540e+01 6.800000000000000000e+01
3.300000000000000000e+02 -8.100000000000000000e+01 3.500000000000000000e+01 4.729900000000000000e+04 4.548500000000000000e+04 4.631400000000000000e+04 4.332400000000000000e+04 2.083444456593133509e+01 6.800000000000000000e+01
3.050000000000000000e+02 -1.460000000000000000e+02 2.900000000000000000e+01 4.686000000000000000e+04 4.603000000000000000e+04 4.681100000000000000e+04 4.273200000000000000e+04 2.084371788997668773e+01 6.800000000000000000e+01
3.050000000000000000e+02 -1.790000000000000000e+02 4.100000000000000000e+01 4.664400000000000000e+04 4.640400000000000000e+04 4.739800000000000000e+04 4.269900000000000000e+04 2.085345521499402821e+01 7.200000000000000000e+01
2.870000000000000000e+02 -2.340000000000000000e+02 2.900000000000000000e+01 4.623800000000000000e+04 4.717800000000000000e+04 4.781300000000000000e+04 4.184100000000000000e+04 2.086313535703811795e+01 7.200000000000000000e+01
2.860000000000000000e+02 -2.630000000000000000e+02 3.800000000000000000e+01 4.644200000000000000e+04 4.782400000000000000e+04 4.776900000000000000e+04 4.122900000000000000e+04 2.087313459301367402e+01 7.200000000000000000e+01
2.350000000000000000e+02 -2.880000000000000000e+02 3.500000000000000000e+01 4.474500000000000000e+04 4.658200000000000000e+04 4.940500000000000000e+04 4.258100000000000000e+04 2.088310503098182380e+01 7.200000000000000000e+01
2.270000000000000000e+02 -2.460000000000000000e+02 4.600000000000000000e+01 4.563200000000000000e+04 4.677100000000000000e+04 4.898500000000000000e+04 4.268400000000000000e+04 2.089279637602157891e+01 7.700000000000000000e+01
2.660000000000000000e+02 -1.920000000000000000e+02 4.300000000000000000e+01 4.631700000000000000e+04 4.702700000000000000e+04 4.849700000000000000e+04 4.231000000000000000e+04 2.090352861303836107e+01 7.700000000000000000e+01
2.890000000000000000e+02 -1.260000000000000000e+02 4.100000000000000000e+01 4.669400000000000000e+04 4.698700000000000000e+04 4.816200000000000000e+04 4.241200000000000000e+04 2.091297441197093576e+01 7.700000000000000000e+01
2.960000000000000000e+02 -6.000000000000000000e+01 3.800000000000000000e+01 4.645600000000000000e+04 4.565500000000000000e+04 4.849100000000000000e+04 4.399800000000000000e+04 2.092283650499302894e+01 7.700000000000000000e+01
3.190000000000000000e+02 -2.400000000000000000e+01 3.200000000000000000e+01 4.694100000000000000e+04 4.646800000000000000e+04 4.821600000000000000e+04 4.325600000000000000e+04 2.093423849798273295e+01 7.900000000000000000e+01
3.960000000000000000e+02 8.700000000000000000e+01 3.800000000000000000e+01 4.891200000000000000e+04 4.593800000000000000e+04 4.646200000000000000e+04 4.406700000000000000e+04 2.094355850992724299e+01 7.900000000000000000e+01
4.350000000000000000e+02 1.310000000000000000e+02 4.000000000000000000e+01 4.959400000000000000e+04 4.615900000000000000e+04 4.584200000000000000e+04 4.348400000000000000e+04 2.095350918499752879e+01 7.900000000000000000e+01
4.710000000000000000e+02 1.280000000000000000e+02 5.500000000000000000e+01 5.021300000000000000e+04 4.684500000000000000e+04 4.525000000000000000e+04 4.239000000000000000e+04 2.096307296503800899e+01 7.900000000000000000e+01
4.160000000000000000e+02 1.190000000000000000e+02 6.200000000000000000e+01 4.999400000000000000e+04 4.637900000000000000e+04 4.572400000000000000e+04 4.256000000000000000e+04 2.097291853104252368e+01 8.100000000000000000e+01
3.340000000000000000e+02 1.000000000000000000e+01 4.500000000000000000e+01 4.876700000000000000e+04 4.743100000000000000e+04 4.748100000000000000e+04 4.124900000000000000e+04 2.098294508701656014e+01 8.100000000000000000e+01
2.180000000000000000e+02 -1.000000000000000000e+01 5.000000000000000000e+01 4.840900000000000000e+04 4.673200000000000000e+04 4.774800000000000000e+04 4.224600000000000000e+04 2.099346895900089294e+01 8.100000000000000000e+01
1.010000000000000000e+02 -4.300000000000000000e+01 5.000000000000000000e+01 4.747400000000000000e+04 4.597400000000000000e+04 4.869100000000000000e+04 4.301300000000000000e+04 2.100253225699998438e+01 8.100000000000000000e+01
-2.600000000000000000e+01 -2.000000000000000000e+01 6.300000000000000000e+01 4.700700000000000000e+04 4.561000000000000000e+04 4.911900000000000000e+04 4.345200000000000000e+04 2.101275751995854080e+01 8.100000000000000000e+01
-1.240000000000000000e+02 -6.200000000000000000e+01 5.300000000000000000e+01 4.580600000000000000e+04 4.535800000000000000e+04 5.020700000000000000e+04 4.385600000000000000e+04 2.102265137701760978e+01 8.300000000000000000e+01
-2.180000000000000000e+02 -7.500000000000000000e+01 5.100000000000000000e+01 4.513700000000000000e+04 4.515200000000000000e+04 5.051000000000000000e+04 4.429300000000000000e+04 2.103332334395963699e+01 8.300000000000000000e+01
-2.540000000000000000e+02 -7.400000000000000000e+01 4.200000000000000000e+01 4.445800000000000000e+04 4.445000000000000000e+04 5.108900000000000000e+04 4.490600000000000000e+04 2.104427022894378752e+01 8.300000000000000000e+01
-2.020000000000000000e+02 -5.500000000000000000e+01 3.700000000000000000e+01 4.556900000000000000e+04 4.514000000000000000e+04 5.010800000000000000e+04 4.445900000000000000e+04 2.105376780498772860e+01 8.300000000000000000e+01
-1.510000000000000000e+02 1.700000000000000000e+01 3.600000000000000000e+01 4.658500000000000000e+04 4.561300000000000000e+04 4.928700000000000000e+04 4.400500000000000000e+04 2.106273134204093367e+01 8.500000000000000000e+01
-9.900000000000000000e+01 6.300000000000000000e+01 2.600000000000000000e+01 4.714000000000000000e+04 4.621000000000000000e+04 4.880600000000000000e+04 4.362700000000000000e+04 2.107342751801479608e+01 8.500000000000000000e+01
-4.600000000000000000e+01 1.510000000000000000e+02 3.900000000000000000e+01 4.809300000000000000e+04 4.591900000000000000e+04 4.798300000000000000e+04 4.377800000000000000e+04 2.108290688996203244e+01 8.500000000000000000e+01
-2.000000000000000000e+01 1.900000000000000000e+02 3.200000000000000000e+01 4.838300000000000000e+04 4.568300000000000000e+04 4.775500000000000000e+04 4.373100000000000000e+04 2.109334960603155196e+01 8.500000000000000000e+01
-2.800000000000000000e+01 2.070000000000000000e+02 3.200000000000000000e+01 4.875700000000000000e+04 4.578000000000000000e+04 4.740300000000000000e+04 4.382500000000000000e+04 2.110331700800452381e+01 8.800000000000000000e+01
-7.000000000000000000e+01 2.460000000000000000e+02 2.500000000000000000e+01 4.875200000000000000e+04 4.482300000000000000e+04 4.735700000000000000e+04 4.481900000000000000e+04 2.111321199801750481e+01 8.800000000000000000e+01
-1.340000000000000000e+02 2.000000000000000000e+02 8.000000000000000000e+00 4.773000000000000000e+04 4.549000000000000000e+04 4.820200000000000000e+04 4.436100000000000000e+04 2.112324051395989954e+01 8.800000000000000000e+01
-2.100000000000000000e+02 1.710000000000000000e+02 4.000000000000000000e+00 4.711200000000000000e+04 4.589300000000000000e+04 4.815600000000000000e+04 4.465500000000000000e+04 2.113291368493810296e+01 8.800000000000000000e+01
-2.620000000000000000e+02 8.600000000000000000e+01 -1.400000000000000000e+01 4.663000000000000000e+04 4.723900000000000000e+04 4.854000000000000000e+04 4.313000000000000000e+04 2.114302494900766760e+01 8.800000000000000000e+01
-3.520000000000000000e+02 3.000000000000000000e+01 -3.000000000000000000e+01 4.524700000000000000e+04 4.758500000000000000e+04 4.973100000000000000e+04 4.287000000000000000e+04 2.115311660699080676e+01 9.200000000000000000e+01
-4.280000000000000000e+02 2.200000000000000000e+01 -2.500000000000000000e+01 4.570400000000000000e+04 4.781500000000000000e+04 4.928000000000000000e+04 4.296300000000000000e+04 2.116267208498902619e+01 9.200000000000000000e+01
-4.900000000000000000e+02 7.500000000000000000e+01 -2.500000000000000000e+01 4.542500000000000000e+04 4.725500000000000000e+04 4.926700000000000000e+04 4.346600000000000000e+04 2.117282800097018480e+01 9.200000000000000000e+01
-5.700000000000000000e+02 1.180000000000000000e+02 -3.200000000000000000e+01 4.500300000000000000e+04 4.665600000000000000e+04 4.959100000000000000e+04 4.399200000000000000e+04 2.118315963703207672e+01 9.200000000000000000e+01
-6.190000000000000000e+02 1.790000000000000000e+02 -2.600000000000000000e+01 4.631000000000000000e+04 4.681900000000000000e+04 4.865700000000000000e+04 4.411900000000000000e+04 2.119337943999562413e+01 9.200000000000000000e+01
-6.720000000000000000e+02 2.250000000000000000e+02 -2.700000000000000000e+01 4.619100000000000000e+04 4.617500000000000000e+04 4.880000000000000000e+04 4.448800000000000000e+04 2.120316384395118803e+01 9.200000000000000000e+01
-7.310000000000000000e+02 2.700000000000000000e+02 -2.500000000000000000e+01 4.644400000000000000e+04 4.591500000000000000e+04 4.856200000000000000e+04 4.488500000000000000e+04 2.121330422803293914e+01 9.200000000000000000e+01
-8.000000000000000000e+02 3.240000000000000000e+02 -1.300000000000000000e+01 4.656300000000000000e+04 4.499700000000000000e+04 4.839100000000000000e+04 4.571400000000000000e+04 2.122260277403984219e+01 9.200000000000000000e+01
-8.250000000000000000e+02 3.280000000000000000e+02 -1.500000000000000000e+01 4.667400000000000000e+04 4.557400000000000000e+04 4.826000000000000000e+04 4.509000000000000000e+04 2.123302395397331566e+01 9.500000000000000000e+01
-8.300000000000000000e+02 3.040000000000000000e+02 -1.100000000000000000e+01 4.651200000000000000e+04 4.553500000000000000e+04 4.859000000000000000e+04 4.538400000000000000e+04 2.124296544399112463e+01 9.500000000000000000e+01
-8.260000000000000000e+02 2.420000000000000000e+02 -1.700000000000000000e+01 4.586000000000000000e+04 4.568300000000000000e+04 4.898600000000000000e+04 4.507800000000000000e+04 2.125392033497337252e+01 9.500000000000000000e+01
-8.070000000000000000e+02 1.870000000000000000e+02 -1.800000000000000000e+01 4.506400000000000000e+04 4.602600000000000000e+04 4.958500000000000000e+04 4.466700000000000000e+04 2.126306037302128971e+01 9.500000000000000000e+01
-7.690000000000000000e+02 1.750000000000000000e+02 -1.600000000000000000e+01 4.610400000000000000e+04 4.649500000000000000e+04 4.861400000000000000e+04 4.415700000000000000e+04 2.127302847697865218e+01 9.500000000000000000e+01
-7.270000000000000000e+02 1.880000000000000000e+02 -2.100000000000000000e+01 4.626700000000000000e+04 4.686200000000000000e+04 4.854200000000000000e+04 4.371700000000000000e+04 2.128304621099960059e+01 1.040000000000000000e+02
-6.940000000000000000e+02 1.850000000000000000e+02 -2.300000000000000000e+01 4.602300000000000000e+04 4.654300000000000000e+04 4.857000000000000000e+04 4.412500000000000000e+04 2.129360771295614541e+01 1.040000000000000000e+02
-6.670000000000000000e+02 1.680000000000000000e+02 -4.100000000000000000e+01 4.578800000000000000e+04 4.603500000000000000e+04 4.874300000000000000e+04 4.461100000000000000e+04 2.130260842503048480e+01 1.040000000000000000e+02
-6.280000000000000000e+02 1.530000000000000000e+02 -4.100000000000000000e+01 4.572800000000000000e+04 4.599100000000000000e+04 4.869500000000000000e+04 4.471300000000000000e+04 2.131248574401251972e+01 1.040000000000000000e+02
-5.950000000000000000e+02 2.200000000000000000e+02 -3.100000000000000000e+01 4.653600000000000000e+04 4.559300000000000000e+04 4.798800000000000000e+04 4.518100000000000000e+04 2.132269079901743680e+01 1.050000000000000000e+02
-5.150000000000000000e+02 2.010000000000000000e+02 -2.800000000000000000e+01 4.571400000000000000e+04 4.605200000000000000e+04 4.854700000000000000e+04 4.473600000000000000e+04 2.133244112797547132e+01 1.050000000000000000e+02
-4.550000000000000000e+02 1.880000000000000000e+02 -3.700000000000000000e+01 4.632300000000000000e+04 4.612100000000000000e+04 4.800400000000000000e+04 4.462300000000000000e+04 2.134398782695643604e+01 1.050000000000000000e+02
-4.040000000000000000e+02 1.830000000000000000e+02 -4.800000000000000000e+01 4.643800000000000000e+04 4.627200000000000000e+04 4.769700000000000000e+04 4.444300000000000000e+04 2.135265253297984600e+01 1.050000000000000000e+02
-3.620000000000000000e+02 1.690000000000000000e+02 -3.800000000000000000e+01 4.630300000000000000e+04 4.615600000000000000e+04 4.770100000000000000e+04 4.441200000000000000e+04 2.136281167494598776e+01 1.190000000000000000e+02
-2.870000000000000000e+02 1.500000000000000000e+02 -5.200000000000000000e+01 4.596500000000000000e+04 4.629800000000000000e+04 4.790100000000000000e+04 4.442800000000000000e+04 2.137292697199154645e+01 1.190000000000000000e+02
-2.510000000000000000e+02 1.340000000000000000e+02 -5.500000000000000000e+01 4.614100000000000000e+04 4.614200000000000000e+04 4.770400000000000000e+04 4.444800000000000000e+04 2.138306504697538912e+01 1.190000000000000000e+02
-2.110000000000000000e+02 1.040000000000000000e+02 -4.500000000000000000e+01 4.598800000000000000e+04 4.663600000000000000e+04 4.770000000000000000e+04 4.390800000000000000e+04 2.139270065096206963e+01 1.190000000000000000e+02
-1.760000000000000000e+02 8.800000000000000000e+01 -4.400000000000000000e+01 4.606700000000000000e+04 4.662200000000000000e+04 4.751800000000000000e+04 4.382500000000000000e+04 2.140337412792723626e+01 1.230000000000000000e+02
-1.600000000000000000e+02 5.500000000000000000e+01 -4.600000000000000000e+01 4.538400000000000000e+04 4.683400000000000000e+04 4.826400000000000000e+04 4.378400000000000000e+04 2.141238024400081486e+01 1.230000000000000000e+02
-1.120000000000000000e+02 3.700000000000000000e+01 -4.400000000000000000e+01 4.576200000000000000e+04 4.635900000000000000e+04 4.774700000000000000e+04 4.405600000000000000e+04 2.142308912100270391e+01 1.230000000000000000e+02
-1.030000000000000000e+02 4.200000000000000000e+01 -4.100000000000000000e+01 4.568000000000000000e+04 4.593600000000000000e+04 4.776600000000000000e+04 4.445800000000000000e+04 2.143276906001847237e+01 1.230000000000000000e+02
-9.900000000000000000e+01 4.500000000000000000e+01 -5.300000000000000000e+01 4.542100000000000000e+04 4.591300000000000000e+04 4.788400000000000000e+04 4.450300000000000000e+04 2.144246210600249469e+01 1.230000000000000000e+02
-9.000000000000000000e+01 5.500000000000000000e+01 -3.700000000000000000e+01 4.523800000000000000e+04 4.589400000000000000e+04 4.831900000000000000e+04 4.488100000000000000e+04 2.145373351103626192e+01 1.330000000000000000e+02
-3.300000000000000000e+01 4.200000000000000000e+01 -4.300000000000000000e+01 4.598800000000000000e+04 4.625300000000000000e+04 4.766200000000000000e+04 4.464500000000000000e+04 2.146276652300730348e+01 1.330000000000000000e+02
-2.100000000000000000e+01 1.300000000000000000e+01 -3.100000000000000000e+01 4.625700000000000000e+04 4.536200000000000000e+04 4.755900000000000000e+04 4.547300000000000000e+04 2.147257677000015974e+01 1.330000000000000000e+02
2.700000000000000000e+01 -1.800000000000000000e+01 -3.900000000000000000e+01 4.559700000000000000e+04 4.597600000000000000e+04 4.813200000000000000e+04 4.508200000000000000e+04 2.148314426001161337e+01 1.330000000000000000e+02
6.500000000000000000e+01 7.000000000000000000e+00 -3.400000000000000000e+01 4.574100000000000000e+04 4.612000000000000000e+04 4.803400000000000000e+04 4.489800000000000000e+04 2.149288198596332222e+01 1.340000000000000000e+02
