2.500000000000000000e+01 1.800000000000000000e+01 2.500000000000000000e+01 4.476300000000000000e+04 4.225200000000000000e+04 4.508200000000000000e+04 3.861600000000000000e+04 2.160151579894591123e+01 8.090000000000000000e+02
-1.000000000000000000e+01 -2.300000000000000000e+01 1.900000000000000000e+01 4.344700000000000000e+04 4.177400000000000000e+04 4.588300000000000000e+04 3.969600000000000000e+04 2.161133491003420204e+01 8.090000000000000000e+02
-2.400000000000000000e+01 -3.800000000000000000e+01 3.000000000000000000e+01 4.331600000000000000e+04 4.083000000000000000e+04 4.622100000000000000e+04 4.039400000000000000e+04 2.162136941903736442e+01 8.090000000000000000e+02
-3.900000000000000000e+01 -2.900000000000000000e+01 3.500000000000000000e+01 4.445500000000000000e+04 4.296800000000000000e+04 4.520300000000000000e+04 3.750300000000000000e+04 2.163120834098663181e+01 8.120000000000000000e+02
-7.300000000000000000e+01 -2.000000000000000000e+01 3.000000000000000000e+01 4.366300000000000000e+04 4.065600000000000000e+04 4.584700000000000000e+04 4.031300000000000000e+04 2.164081691496539861e+01 8.120000000000000000e+02
-9.800000000000000000e+01 -6.000000000000000000e+00 1.700000000000000000e+01 4.286500000000000000e+04 4.120600000000000000e+04 4.650200000000000000e+04 3.991800000000000000e+04 2.165128760994412005e+01 8.120000000000000000e+02
-1.000000000000000000e+02 -7.000000000000000000e+00 5.000000000000000000e+00 4.188100000000000000e+04 4.050900000000000000e+04 4.711600000000000000e+04 4.089400000000000000e+04 2.166106812597718090e+01 8.120000000000000000e+02
-8.700000000000000000e+01 -2.000000000000000000e+00 4.000000000000000000e+00 4.370200000000000000e+04 4.247200000000000000e+04 4.567100000000000000e+04 3.870800000000000000e+04 2.167128438001964241e+01 8.120000000000000000e+02
-7.400000000000000000e+01 -6.000000000000000000e+00 -5.000000000000000000e+00 4.129000000000000000e+04 3.975800000000000000e+04 4.719900000000000000e+04 4.161700000000000000e+04 2.168103375495411456e+01 8.120000000000000000e+02
-5.200000000000000000e+01 1.600000000000000000e+01 9.000000000000000000e+00 4.179500000000000000e+04 3.990700000000000000e+04 4.685700000000000000e+04 4.145500000000000000e+04 2.169086951401550323e+01 8.120000000000000000e+02
-1.400000000000000000e+01 3.900000000000000000e+01 5.000000000000000000e+00 4.543700000000000000e+04 4.312900000000000000e+04 4.383100000000000000e+04 3.760100000000000000e+04 2.170085306500550359e+01 8.120000000000000000e+02
1.800000000000000000e+01 6.400000000000000000e+01 6.000000000000000000e+00 4.189100000000000000e+04 3.968800000000000000e+04 4.665400000000000000e+04 4.188300000000000000e+04 2.171123280096799135e+01 8.120000000000000000e+02
4.700000000000000000e+01 5.800000000000000000e+01 -1.000000000000000000e+00 4.436400000000000000e+04 4.235300000000000000e+04 4.477200000000000000e+04 3.916600000000000000e+04 2.172106798598542809e+01 8.090000000000000000e+02
8.200000000000000000e+01 3.800000000000000000e+01 6.000000000000000000e+00 4.307800000000000000e+04 4.068700000000000000e+04 4.581400000000000000e+04 4.077600000000000000e+04 2.173104079498443753e+01 8.090000000000000000e+02
9.600000000000000000e+01 3.900000000000000000e+01 -2.000000000000000000e+00 4.411100000000000000e+04 4.159400000000000000e+04 4.488400000000000000e+04 3.975900000000000000e+04 2.174082650302443653e+01 8.090000000000000000e+02
1.090000000000000000e+02 1.700000000000000000e+01 3.000000000000000000e+00 4.417400000000000000e+04 4.190600000000000000e+04 4.498700000000000000e+04 3.948500000000000000e+04 2.175093639898113906e+01 8.090000000000000000e+02
1.170000000000000000e+02 1.700000000000000000e+01 -8.000000000000000000e+00 4.601800000000000000e+04 4.433800000000000000e+04 4.318500000000000000e+04 3.704600000000000000e+04 2.176099746301770210e+01 8.070000000000000000e+02
1.060000000000000000e+02 -8.000000000000000000e+00 -2.000000000000000000e+00 4.278700000000000000e+04 4.237800000000000000e+04 4.638600000000000000e+04 3.952400000000000000e+04 2.177077645296230912e+01 8.070000000000000000e+02
5.600000000000000000e+01 -3.000000000000000000e+01 -9.000000000000000000e+00 4.402100000000000000e+04 4.344400000000000000e+04 4.560800000000000000e+04 3.833900000000000000e+04 2.178061325894668698e+01 8.070000000000000000e+02
0.000000000000000000e+00 -4.700000000000000000e+01 -2.000000000000000000e+00 4.353800000000000000e+04 4.251500000000000000e+04 4.605300000000000000e+04 3.950300000000000000e+04 2.179124075197614729e+01 8.070000000000000000e+02
-5.100000000000000000e+01 -4.100000000000000000e+01 -1.000000000000000000e+01 4.379100000000000000e+04 4.297900000000000000e+04 4.602800000000000000e+04 3.943400000000000000e+04 2.180142721894662827e+01 8.050000000000000000e+02
-1.030000000000000000e+02 -4.300000000000000000e+01 -1.300000000000000000e+01 4.130900000000000000e+04 4.036300000000000000e+04 4.779400000000000000e+04 4.242300000000000000e+04 2.181111602997407317e+01 8.050000000000000000e+02
-1.080000000000000000e+02 -4.600000000000000000e+01 -1.400000000000000000e+01 4.298600000000000000e+04 4.240700000000000000e+04 4.639100000000000000e+04 4.028500000000000000e+04 2.182065627002157271e+01 8.050000000000000000e+02
-9.800000000000000000e+01 -3.500000000000000000e+01 -4.000000000000000000e+00 4.359500000000000000e+04 4.271500000000000000e+04 4.612100000000000000e+04 3.990300000000000000e+04 2.183068944397382438e+01 8.050000000000000000e+02
-9.400000000000000000e+01 -1.400000000000000000e+01 -1.300000000000000000e+01 4.328100000000000000e+04 4.202000000000000000e+04 4.635700000000000000e+04 4.062300000000000000e+04 2.184067637100815773e+01 8.050000000000000000e+02
-7.100000000000000000e+01 1.600000000000000000e+01 -4.000000000000000000e+00 4.260800000000000000e+04 4.143000000000000000e+04 4.683400000000000000e+04 4.125100000000000000e+04 2.185260142199695110e+01 8.060000000000000000e+02
-3.700000000000000000e+01 1.700000000000000000e+01 -7.000000000000000000e+00 4.240300000000000000e+04 4.084900000000000000e+04 4.697400000000000000e+04 4.184200000000000000e+04 2.186110931797884405e+01 8.060000000000000000e+02
1.000000000000000000e+01 3.300000000000000000e+01 -1.000000000000000000e+00 4.482800000000000000e+04 4.307100000000000000e+04 4.487800000000000000e+04 3.942000000000000000e+04 2.187186263001058251e+01 8.060000000000000000e+02
5.700000000000000000e+01 4.500000000000000000e+01 -1.000000000000000000e+00 4.507400000000000000e+04 4.319900000000000000e+04 4.474800000000000000e+04 3.912200000000000000e+04 2.188122110895346850e+01 8.060000000000000000e+02
7.500000000000000000e+01 4.600000000000000000e+01 0.000000000000000000e+00 4.232400000000000000e+04 4.135900000000000000e+04 4.705600000000000000e+04 4.095700000000000000e+04 2.189127509400714189e+01 8.070000000000000000e+02
9.000000000000000000e+01 4.500000000000000000e+01 1.400000000000000000e+01 4.472100000000000000e+04 4.236100000000000000e+04 4.494600000000000000e+04 3.981800000000000000e+04 2.190111082000657916e+01 8.070000000000000000e+02
1.130000000000000000e+02 3.700000000000000000e+01 5.000000000000000000e+00 4.547800000000000000e+04 4.388100000000000000e+04 4.418500000000000000e+04 3.802000000000000000e+04 2.191081909101922065e+01 8.070000000000000000e+02
1.170000000000000000e+02 2.700000000000000000e+01 1.200000000000000000e+01 4.423200000000000000e+04 4.230100000000000000e+04 4.537500000000000000e+04 3.960000000000000000e+04 2.192096857097931206e+01 8.070000000000000000e+02
7.400000000000000000e+01 4.700000000000000000e+01 5.000000000000000000e+00 4.299100000000000000e+04 4.111400000000000000e+04 4.650200000000000000e+04 4.093200000000000000e+04 2.193074326496571302e+01 8.050000000000000000e+02
4.600000000000000000e+01 3.800000000000000000e+01 1.000000000000000000e+01 4.426500000000000000e+04 4.174300000000000000e+04 4.543800000000000000e+04 3.995100000000000000e+04 2.194052571896463633e+01 8.050000000000000000e+02
1.900000000000000000e+01 4.400000000000000000e+01 1.200000000000000000e+01 4.395600000000000000e+04 4.177800000000000000e+04 4.545100000000000000e+04 3.998300000000000000e+04 2.195130687800701708e+01 8.050000000000000000e+02
-7.000000000000000000e+00 2.400000000000000000e+01 -3.000000000000000000e+00 4.447700000000000000e+04 4.095200000000000000e+04 4.506800000000000000e+04 4.090300000000000000e+04 2.196098760399036109e+01 8.050000000000000000e+02
-3.400000000000000000e+01 4.000000000000000000e+00 1.100000000000000000e+01 4.364800000000000000e+04 4.430600000000000000e+04 4.564400000000000000e+04 3.703800000000000000e+04 2.197113122895825654e+01 8.080000000000000000e+02
-4.600000000000000000e+01 -9.000000000000000000e+00 1.900000000000000000e+01 4.240300000000000000e+04 3.914900000000000000e+04 4.665400000000000000e+04 4.207500000000000000e+04 2.198121665103826672e+01 8.080000000000000000e+02
-7.800000000000000000e+01 -2.000000000000000000e+01 3.900000000000000000e+01 4.326300000000000000e+04 4.160400000000000000e+04 4.617800000000000000e+04 3.932400000000000000e+04 2.199086723697837442e+01 8.080000000000000000e+02
-9.700000000000000000e+01 -3.000000000000000000e+01 2.800000000000000000e+01 4.133700000000000000e+04 4.292500000000000000e+04 4.781300000000000000e+04 3.761500000000000000e+04 2.200078130699694157e+01 8.080000000000000000e+02
-7.500000000000000000e+01 -3.000000000000000000e+01 2.300000000000000000e+01 4.455700000000000000e+04 3.983100000000000000e+04 4.517200000000000000e+04 4.094900000000000000e+04 2.201084937201812863e+01 8.080000000000000000e+02
-6.300000000000000000e+01 -1.700000000000000000e+01 3.400000000000000000e+01 4.356400000000000000e+04 4.094500000000000000e+04 4.622400000000000000e+04 3.980000000000000000e+04 2.202122688200324774e+01 8.060000000000000000e+02
-4.400000000000000000e+01 6.000000000000000000e+00 2.500000000000000000e+01 4.301200000000000000e+04 4.125300000000000000e+04 4.677200000000000000e+04 3.940200000000000000e+04 2.203050024702679366e+01 8.060000000000000000e+02
-3.500000000000000000e+01 8.000000000000000000e+00 3.200000000000000000e+01 4.494100000000000000e+04 4.155100000000000000e+04 4.509600000000000000e+04 3.902100000000000000e+04 2.204096714803017676e+01 8.060000000000000000e+02
-2.600000000000000000e+01 2.100000000000000000e+01 3.200000000000000000e+01 4.365800000000000000e+04 4.160600000000000000e+04 4.574700000000000000e+04 3.968500000000000000e+04 2.205112526193261147e+01 8.060000000000000000e+02
0.000000000000000000e+00 -1.000000000000000000e+01 2.300000000000000000e+01 4.336800000000000000e+04 4.165500000000000000e+04 4.597800000000000000e+04 3.973400000000000000e+04 2.206044023600406945e+01 8.030000000000000000e+02
1.400000000000000000e+01 -1.000000000000000000e+01 2.300000000000000000e+01 4.381900000000000000e+04 4.183800000000000000e+04 4.599300000000000000e+04 3.977700000000000000e+04 2.207101337204221636e+01 8.030000000000000000e+02
2.000000000000000000e+01 -1.800000000000000000e+01 3.100000000000000000e+01 4.358800000000000000e+04 4.237200000000000000e+04 4.609500000000000000e+04 3.944300000000000000e+04 2.208145360997878015e+01 8.030000000000000000e+02
2.300000000000000000e+01 -3.400000000000000000e+01 1.600000000000000000e+01 4.348800000000000000e+04 4.196300000000000000e+04 4.646400000000000000e+04 3.991400000000000000e+04 2.209054984594695270e+01 8.030000000000000000e+02
3.200000000000000000e+01 -2.100000000000000000e+01 1.700000000000000000e+01 4.374700000000000000e+04 4.258700000000000000e+04 4.623600000000000000e+04 3.929500000000000000e+04 2.210084372700657696e+01 8.050000000000000000e+02
3.000000000000000000e+01 -4.300000000000000000e+01 1.900000000000000000e+01 4.480200000000000000e+04 4.215900000000000000e+04 4.535000000000000000e+04 3.957100000000000000e+04 2.211113751295488328e+01 8.050000000000000000e+02
3.500000000000000000e+01 -7.500000000000000000e+01 2.100000000000000000e+01 4.482100000000000000e+04 4.192400000000000000e+04 4.506500000000000000e+04 4.012800000000000000e+04 2.212124462402425706e+01 8.050000000000000000e+02
1.100000000000000000e+01 -1.120000000000000000e+02 4.000000000000000000e+00 4.426200000000000000e+04 4.171600000000000000e+04 4.565300000000000000e+04 4.023900000000000000e+04 2.213064720993861556e+01 8.050000000000000000e+02
-2.600000000000000000e+01 -1.960000000000000000e+02 2.000000000000000000e+00 4.350200000000000000e+04 4.202100000000000000e+04 4.626500000000000000e+04 3.995700000000000000e+04 2.214036805904470384e+01 8.050000000000000000e+02
-5.600000000000000000e+01 -2.830000000000000000e+02 1.600000000000000000e+01 4.275100000000000000e+04 4.228600000000000000e+04 4.692900000000000000e+04 3.964200000000000000e+04 2.215022540499921888e+01 8.100000000000000000e+02
-8.700000000000000000e+01 -3.220000000000000000e+02 2.500000000000000000e+01 4.295000000000000000e+04 4.170000000000000000e+04 4.639300000000000000e+04 3.955900000000000000e+04 2.216035889904014766e+01 8.100000000000000000e+02
-9.800000000000000000e+01 -3.310000000000000000e+02 1.100000000000000000e+01 4.241700000000000000e+04 4.218100000000000000e+04 4.678500000000000000e+04 3.904900000000000000e+04 2.217090059095062315e+01 8.100000000000000000e+02
-1.020000000000000000e+02 -3.390000000000000000e+02 2.100000000000000000e+01 4.218800000000000000e+04 4.192600000000000000e+04 4.686400000000000000e+04 3.908700000000000000e+04 2.218114179500844330e+01 8.100000000000000000e+02
-1.010000000000000000e+02 -3.120000000000000000e+02 3.200000000000000000e+01 4.206600000000000000e+04 4.173100000000000000e+04 4.692500000000000000e+04 3.922600000000000000e+04 2.219060805498156697e+01 8.050000000000000000e+02
-7.400000000000000000e+01 -2.830000000000000000e+02 2.500000000000000000e+01 4.273800000000000000e+04 4.143900000000000000e+04 4.651100000000000000e+04 3.962700000000000000e+04 2.220031824498437345e+01 8.050000000000000000e+02
-1.800000000000000000e+01 -2.490000000000000000e+02 2.000000000000000000e+01 4.322200000000000000e+04 4.184100000000000000e+04 4.607100000000000000e+04 3.923100000000000000e+04 2.221062236395664513e+01 8.050000000000000000e+02
-8.000000000000000000e+00 -1.870000000000000000e+02 2.600000000000000000e+01 4.338200000000000000e+04 4.140300000000000000e+04 4.598800000000000000e+04 3.962700000000000000e+04 2.222112989402376115e+01 8.050000000000000000e+02
4.000000000000000000e+01 -1.270000000000000000e+02 1.600000000000000000e+01 4.373900000000000000e+04 4.163100000000000000e+04 4.563400000000000000e+04 3.945200000000000000e+04 2.223114613094367087e+01 8.080000000000000000e+02
5.800000000000000000e+01 -1.110000000000000000e+02 1.000000000000000000e+00 4.361300000000000000e+04 4.141100000000000000e+04 4.557900000000000000e+04 3.953500000000000000e+04 2.224081090802792460e+01 8.080000000000000000e+02
9.000000000000000000e+01 -1.010000000000000000e+02 1.100000000000000000e+01 4.390600000000000000e+04 4.136000000000000000e+04 4.528800000000000000e+04 3.956700000000000000e+04 2.225074906693771482e+01 8.080000000000000000e+02
7.400000000000000000e+01 -1.020000000000000000e+02 3.000000000000000000e+00 4.383700000000000000e+04 4.093900000000000000e+04 4.535600000000000000e+04 4.001900000000000000e+04 2.226071973494254053e+01 8.080000000000000000e+02
7.300000000000000000e+01 -1.390000000000000000e+02 3.000000000000000000e+00 4.335500000000000000e+04 4.122600000000000000e+04 4.575800000000000000e+04 3.973700000000000000e+04 2.227046470693312585e+01 8.080000000000000000e+02
4.600000000000000000e+01 -1.580000000000000000e+02 3.000000000000000000e+00 4.305000000000000000e+04 4.121700000000000000e+04 4.596400000000000000e+04 3.979300000000000000e+04 2.228188707598019391e+01 8.080000000000000000e+02
1.700000000000000000e+01 -1.730000000000000000e+02 -6.000000000000000000e+00 4.289000000000000000e+04 4.117700000000000000e+04 4.600300000000000000e+04 3.974500000000000000e+04 2.229030426393728703e+01 8.080000000000000000e+02
1.200000000000000000e+01 -2.150000000000000000e+02 -3.000000000000000000e+00 4.259600000000000000e+04 4.132500000000000000e+04 4.624100000000000000e+04 3.959200000000000000e+04 2.230074790795333683e+01 8.080000000000000000e+02
3.000000000000000000e+00 -2.180000000000000000e+02 -9.000000000000000000e+00 4.249400000000000000e+04 4.160100000000000000e+04 4.625900000000000000e+04 3.936200000000000000e+04 2.231026779499370605e+01 8.080000000000000000e+02
9.000000000000000000e+00 -2.330000000000000000e+02 -1.100000000000000000e+01 4.267700000000000000e+04 4.136600000000000000e+04 4.611700000000000000e+04 3.958600000000000000e+04 2.232088337896857411e+01 8.080000000000000000e+02
6.000000000000000000e+00 -2.130000000000000000e+02 -7.000000000000000000e+00 4.251800000000000000e+04 4.150000000000000000e+04 4.626500000000000000e+04 3.949500000000000000e+04 2.233033535897266120e+01 8.080000000000000000e+02
2.700000000000000000e+01 -2.140000000000000000e+02 -4.000000000000000000e+00 4.268200000000000000e+04 4.163200000000000000e+04 4.608800000000000000e+04 3.939700000000000000e+04 2.234088940196670592e+01 8.080000000000000000e+02
3.200000000000000000e+01 -1.910000000000000000e+02 -1.100000000000000000e+01 4.290800000000000000e+04 4.148500000000000000e+04 4.603500000000000000e+04 3.957100000000000000e+04 2.235099835903383791e+01 8.080000000000000000e+02
5.500000000000000000e+01 -1.470000000000000000e+02 -1.500000000000000000e+01 4.280200000000000000e+04 4.135500000000000000e+04 4.604500000000000000e+04 3.980800000000000000e+04 2.236016912595368922e+01 8.060000000000000000e+02
6.100000000000000000e+01 -1.080000000000000000e+02 -1.500000000000000000e+01 4.338700000000000000e+04 4.154100000000000000e+04 4.564300000000000000e+04 3.993200000000000000e+04 2.237092544604092836e+01 8.060000000000000000e+02
8.400000000000000000e+01 -8.900000000000000000e+01 -1.200000000000000000e+01 4.338700000000000000e+04 4.169300000000000000e+04 4.568000000000000000e+04 3.969400000000000000e+04 2.238120883703231812e+01 8.060000000000000000e+02
1.090000000000000000e+02 -7.700000000000000000e+01 -1.800000000000000000e+01 4.378400000000000000e+04 4.137700000000000000e+04 4.522200000000000000e+04 4.009200000000000000e+04 2.239126513001974672e+01 8.060000000000000000e+02
1.170000000000000000e+02 -6.300000000000000000e+01 -2.600000000000000000e+01 4.374300000000000000e+04 4.146600000000000000e+04 4.522200000000000000e+04 4.000300000000000000e+04 2.240031722502317280e+01 8.050000000000000000e+02
9.600000000000000000e+01 -3.000000000000000000e+01 -4.000000000000000000e+01 4.385400000000000000e+04 4.167400000000000000e+04 4.524200000000000000e+04 4.018000000000000000e+04 2.241022390394937247e+01 8.050000000000000000e+02
9.200000000000000000e+01 -2.700000000000000000e+01 -3.000000000000000000e+01 4.368200000000000000e+04 4.194500000000000000e+04 4.543900000000000000e+04 3.995500000000000000e+04 2.242032723897136748e+01 8.050000000000000000e+02
7.100000000000000000e+01 -3.400000000000000000e+01 -2.500000000000000000e+01 4.359700000000000000e+04 4.181000000000000000e+04 4.568100000000000000e+04 4.031200000000000000e+04 2.243068672099616379e+01 8.050000000000000000e+02
7.400000000000000000e+01 -7.200000000000000000e+01 -4.200000000000000000e+01 4.357900000000000000e+04 4.215800000000000000e+04 4.566600000000000000e+04 4.007600000000000000e+04 2.244050117500592023e+01 8.050000000000000000e+02
4.800000000000000000e+01 -1.080000000000000000e+02 -2.400000000000000000e+01 4.319400000000000000e+04 4.199200000000000000e+04 4.603500000000000000e+04 4.030100000000000000e+04 2.245040085795335472e+01 8.030000000000000000e+02
4.200000000000000000e+01 -1.010000000000000000e+02 -2.600000000000000000e+01 4.365900000000000000e+04 4.210600000000000000e+04 4.592100000000000000e+04 4.053700000000000000e+04 2.245996851695235819e+01 8.030000000000000000e+02
8.000000000000000000e+00 -8.200000000000000000e+01 -2.200000000000000000e+01 4.335700000000000000e+04 4.200300000000000000e+04 4.618900000000000000e+04 4.068800000000000000e+04 2.247018293803557754e+01 8.030000000000000000e+02
3.000000000000000000e+00 -8.700000000000000000e+01 -3.500000000000000000e+01 4.338000000000000000e+04 4.195000000000000000e+04 4.614300000000000000e+04 4.076600000000000000e+04 2.248117543396074325e+01 8.030000000000000000e+02
-1.300000000000000000e+01 -9.200000000000000000e+01 -2.500000000000000000e+01 4.320200000000000000e+04 4.208200000000000000e+04 4.628700000000000000e+04 4.061800000000000000e+04 2.249047121300827712e+01 8.050000000000000000e+02
0.000000000000000000e+00 -7.100000000000000000e+01 -3.200000000000000000e+01 4.314500000000000000e+04 4.212000000000000000e+04 4.628300000000000000e+04 4.050300000000000000e+04 2.250040861999150366e+01 8.050000000000000000e+02
1.400000000000000000e+01 -8.700000000000000000e+01 -2.900000000000000000e+01 4.334800000000000000e+04 4.249900000000000000e+04 4.605500000000000000e+04 4.019400000000000000e+04 2.251037882594391704e+01 8.050000000000000000e+02
2.200000000000000000e+01 -7.500000000000000000e+01 -3.300000000000000000e+01 4.326100000000000000e+04 4.209900000000000000e+04 4.619300000000000000e+04 4.062000000000000000e+04 2.252056177298072726e+01 8.050000000000000000e+02
3.900000000000000000e+01 -6.100000000000000000e+01 -3.300000000000000000e+01 4.348800000000000000e+04 4.241000000000000000e+04 4.600100000000000000e+04 4.029500000000000000e+04 2.253043828997761011e+01 8.060000000000000000e+02
6.200000000000000000e+01 -6.500000000000000000e+01 -2.600000000000000000e+01 4.371600000000000000e+04 4.233200000000000000e+04 4.555600000000000000e+04 4.020200000000000000e+04 2.254028771398589015e+01 8.060000000000000000e+02
6.800000000000000000e+01 -5.000000000000000000e+01 -2.400000000000000000e+01 4.345600000000000000e+04 4.222300000000000000e+04 4.568900000000000000e+04 4.031900000000000000e+04 2.255012590601108968e+01 8.060000000000000000e+02
9.700000000000000000e+01 -4.500000000000000000e+01 -3.900000000000000000e+01 4.383100000000000000e+04 4.219600000000000000e+04 4.529100000000000000e+04 4.024600000000000000e+04 2.256073857704177499e+01 8.060000000000000000e+02
1.000000000000000000e+02 -6.300000000000000000e+01 -2.800000000000000000e+01 4.330600000000000000e+04 4.236700000000000000e+04 4.570300000000000000e+04 3.999300000000000000e+04 2.257053451996762305e+01 8.060000000000000000e+02
1.050000000000000000e+02 -5.800000000000000000e+01 -3.000000000000000000e+01 4.356600000000000000e+04 4.248300000000000000e+04 4.542100000000000000e+04 3.980400000000000000e+04 2.258080063504166901e+01 7.430000000000000000e+02
1.050000000000000000e+02 -6.700000000000000000e+01 -2.200000000000000000e+01 4.355600000000000000e+04 4.220800000000000000e+04 4.523100000000000000e+04 3.985700000000000000e+04 2.259069453098345548e+01 7.430000000000000000e+02
8.200000000000000000e+01 -6.000000000000000000e+01 -2.700000000000000000e+01 4.355900000000000000e+04 4.235800000000000000e+04 4.516700000000000000e+04 3.958000000000000000e+04 2.260040060395840555e+01 7.430000000000000000e+02
8.500000000000000000e+01 -7.900000000000000000e+01 -2.700000000000000000e+01 4.325600000000000000e+04 4.242000000000000000e+04 4.519100000000000000e+04 3.937600000000000000e+04 2.261035417602397501e+01 7.430000000000000000e+02
6.800000000000000000e+01 -1.010000000000000000e+02 -2.700000000000000000e+01 4.264100000000000000e+04 4.246100000000000000e+04 4.570400000000000000e+04 3.929900000000000000e+04 2.262046565802302212e+01 0.000000000000000000e+00
4.300000000000000000e+01 -4.700000000000000000e+01 -1.400000000000000000e+01 4.572700000000000000e+04 4.415200000000000000e+04 4.735000000000000000e+04 4.298100000000000000e+04 2.263009880296885967e+01 0.000000000000000000e+00
1.400000000000000000e+01 -2.500000000000000000e+01 1.000000000000000000e+00 4.547300000000000000e+04 4.396800000000000000e+04 4.775100000000000000e+04 4.320300000000000000e+04 2.264001187193207443e+01 0.000000000000000000e+00
7.000000000000000000e+00 -1.800000000000000000e+01 -1.000000000000000000e+00 4.572000000000000000e+04 4.287900000000000000e+04 4.815400000000000000e+04 4.484300000000000000e+04 2.265024047601036727e+01 0.000000000000000000e+00
4.200000000000000000e+01 -5.500000000000000000e+01 6.000000000000000000e+00 4.622400000000000000e+04 4.427800000000000000e+04 4.824100000000000000e+04 4.370800000000000000e+04 2.266015442297793925e+01 4.400000000000000000e+01
7.500000000000000000e+01 -1.040000000000000000e+02 1.200000000000000000e+01 4.527700000000000000e+04 4.382000000000000000e+04 4.796600000000000000e+04 4.285900000000000000e+04 2.266998197603970766e+01 4.400000000000000000e+01
1.150000000000000000e+02 -1.360000000000000000e+02 1.100000000000000000e+01 4.509200000000000000e+04 4.376600000000000000e+04 4.813500000000000000e+04 4.295400000000000000e+04 2.268030216498300433e+01 4.400000000000000000e+01
1.730000000000000000e+02 -1.430000000000000000e+02 1.500000000000000000e+01 4.499500000000000000e+04 4.451600000000000000e+04 4.795900000000000000e+04 4.170900000000000000e+04 2.269052065501455218e+01 4.400000000000000000e+01
2.080000000000000000e+02 -9.000000000000000000e+01 3.000000000000000000e+00 4.573100000000000000e+04 4.422400000000000000e+04 4.735300000000000000e+04 4.204200000000000000e+04 2.270023406494874507e+01 4.400000000000000000e+01
2.180000000000000000e+02 -5.000000000000000000e+01 2.400000000000000000e+01 4.560200000000000000e+04 4.426400000000000000e+04 4.720700000000000000e+04 4.157100000000000000e+04 2.271027925296220928e+01 5.800000000000000000e+01
2.360000000000000000e+02 3.900000000000000000e+01 2.400000000000000000e+01 4.491400000000000000e+04 4.324200000000000000e+04 4.564300000000000000e+04 3.973300000000000000e+04 2.271987147198524326e+01 5.800000000000000000e+01
2.490000000000000000e+02 1.020000000000000000e+02 2.000000000000000000e+01 4.541500000000000000e+04 4.292800000000000000e+04 4.499500000000000000e+04 3.980100000000000000e+04 2.273061163793317974e+01 5.800000000000000000e+01
2.080000000000000000e+02 1.800000000000000000e+02 9.000000000000000000e+00 4.479700000000000000e+04 4.195600000000000000e+04 4.485600000000000000e+04 4.041200000000000000e+04 2.274049293703865260e+01 5.800000000000000000e+01
1.420000000000000000e+02 2.290000000000000000e+02 4.000000000000000000e+00 4.480600000000000000e+04 4.144000000000000000e+04 4.442000000000000000e+04 4.068600000000000000e+04 2.275062201393302530e+01 6.300000000000000000e+01
2.300000000000000000e+01 1.850000000000000000e+02 1.000000000000000000e+01 4.281400000000000000e+04 4.011200000000000000e+04 4.444300000000000000e+04 3.966700000000000000e+04 2.276065337902400643e+01 6.300000000000000000e+01
-1.100000000000000000e+02 1.330000000000000000e+02 7.000000000000000000e+00 4.133700000000000000e+04 3.952600000000000000e+04 4.535500000000000000e+04 3.983700000000000000e+04 2.277121803793124855e+01 6.300000000000000000e+01
-1.600000000000000000e+02 7.300000000000000000e+01 1.200000000000000000e+01 4.102900000000000000e+04 3.999300000000000000e+04 4.531400000000000000e+04 3.889600000000000000e+04 2.278003357502166182e+01 6.300000000000000000e+01
-2.270000000000000000e+02 5.800000000000000000e+01 7.000000000000000000e+00 4.000600000000000000e+04 3.944600000000000000e+04 4.592600000000000000e+04 3.905100000000000000e+04 2.279087872500531375e+01 6.200000000000000000e+01
-2.840000000000000000e+02 9.100000000000000000e+01 -1.000000000000000000e+01 3.931500000000000000e+04 3.899800000000000000e+04 4.468100000000000000e+04 3.965300000000000000e+04 2.280014214897528291e+01 6.200000000000000000e+01
-2.690000000000000000e+02 1.220000000000000000e+02 -1.200000000000000000e+01 4.030400000000000000e+04 3.804000000000000000e+04 4.457700000000000000e+04 3.910000000000000000e+04 2.281022427696734667e+01 6.200000000000000000e+01
-2.270000000000000000e+02 1.210000000000000000e+02 -1.900000000000000000e+01 4.064500000000000000e+04 3.849200000000000000e+04 4.391900000000000000e+04 3.877400000000000000e+04 2.282052978593856096e+01 6.200000000000000000e+01
-1.730000000000000000e+02 1.180000000000000000e+02 -2.200000000000000000e+01 4.051000000000000000e+04 3.837300000000000000e+04 4.407900000000000000e+04 3.854000000000000000e+04 2.282976590702310205e+01 6.200000000000000000e+01
-7.700000000000000000e+01 9.200000000000000000e+01 -7.000000000000000000e+00 4.045400000000000000e+04 3.947200000000000000e+04 4.380000000000000000e+04 3.733100000000000000e+04 2.284045475197490305e+01 6.800000000000000000e+01
3.900000000000000000e+01 8.600000000000000000e+01 -4.000000000000000000e+00 4.059900000000000000e+04 3.987400000000000000e+04 4.318400000000000000e+04 3.607700000000000000e+04 2.284992589894682169e+01 6.800000000000000000e+01
1.030000000000000000e+02 8.100000000000000000e+01 -1.400000000000000000e+01 4.104400000000000000e+04 4.026700000000000000e+04 4.235800000000000000e+04 3.602300000000000000e+04 2.285996710998006165e+01 6.800000000000000000e+01
1.370000000000000000e+02 9.700000000000000000e+01 -2.000000000000000000e+01 4.106600000000000000e+04 4.040100000000000000e+04 4.291800000000000000e+04 3.518800000000000000e+04 2.287038600596133620e+01 6.800000000000000000e+01
1.620000000000000000e+02 1.080000000000000000e+02 -2.000000000000000000e+01 4.117900000000000000e+04 4.072700000000000000e+04 4.190700000000000000e+04 3.604800000000000000e+04 2.288013111904729158e+01 7.200000000000000000e+01
1.440000000000000000e+02 1.580000000000000000e+02 -1.600000000000000000e+01 4.182300000000000000e+04 3.968200000000000000e+04 4.149000000000000000e+04 3.649900000000000000e+04 2.289388250804040581e+01 7.200000000000000000e+01
7.800000000000000000e+01 1.980000000000000000e+02 -1.500000000000000000e+01 4.159300000000000000e+04 3.846400000000000000e+04 4.235000000000000000e+04 3.714600000000000000e+04 2.289978948293719441e+01 7.200000000000000000e+01
-1.000000000000000000e+01 1.900000000000000000e+02 -2.500000000000000000e+01 4.039200000000000000e+04 3.952600000000000000e+04 4.257700000000000000e+04 3.734200000000000000e+04 2.291069041995797306e+01 7.200000000000000000e+01
-9.300000000000000000e+01 1.420000000000000000e+02 -9.000000000000000000e+00 3.999800000000000000e+04 3.879100000000000000e+04 4.418200000000000000e+04 3.689000000000000000e+04 2.291974883899092674e+01 7.400000000000000000e+01
-1.550000000000000000e+02 1.080000000000000000e+02 3.000000000000000000e+00 3.940200000000000000e+04 3.949800000000000000e+04 4.377800000000000000e+04 3.782300000000000000e+04 2.293038140598218888e+01 7.400000000000000000e+01
-1.790000000000000000e+02 5.800000000000000000e+01 -1.000000000000000000e+01 3.931700000000000000e+04 3.946800000000000000e+04 4.465200000000000000e+04 3.737600000000000000e+04 2.294020615704357624e+01 7.400000000000000000e+01
-1.860000000000000000e+02 9.100000000000000000e+01 -2.200000000000000000e+01 4.017900000000000000e+04 3.912200000000000000e+04 4.411500000000000000e+04 3.826100000000000000e+04 2.295026844693347812e+01 7.400000000000000000e+01
-1.500000000000000000e+02 1.340000000000000000e+02 -2.600000000000000000e+01 4.090100000000000000e+04 3.909300000000000000e+04 4.351000000000000000e+04 3.863400000000000000e+04 2.296023516601417214e+01 7.400000000000000000e+01
-1.020000000000000000e+02 1.990000000000000000e+02 -3.300000000000000000e+01 4.163500000000000000e+04 3.784400000000000000e+04 4.440000000000000000e+04 3.837300000000000000e+04 2.297012925299350172e+01 7.200000000000000000e+01
-4.600000000000000000e+01 2.350000000000000000e+02 -3.000000000000000000e+01 4.154100000000000000e+04 3.888000000000000000e+04 4.406900000000000000e+04 3.950300000000000000e+04 2.297979195998050272e+01 7.200000000000000000e+01
3.500000000000000000e+01 2.450000000000000000e+02 -4.700000000000000000e+01 4.206500000000000000e+04 3.951600000000000000e+04 4.343600000000000000e+04 3.979500000000000000e+04 2.298979011503979564e+01 7.200000000000000000e+01
6.500000000000000000e+01 2.130000000000000000e+02 -5.000000000000000000e+01 4.181500000000000000e+04 4.047800000000000000e+04 4.373400000000000000e+04 3.927500000000000000e+04 2.300005940697155893e+01 7.200000000000000000e+01
1.030000000000000000e+02 1.750000000000000000e+02 -3.900000000000000000e+01 4.183900000000000000e+04 4.114400000000000000e+04 4.375200000000000000e+04 3.929800000000000000e+04 2.300978120893705636e+01 7.500000000000000000e+01
1.390000000000000000e+02 1.390000000000000000e+02 -5.000000000000000000e+01 4.267600000000000000e+04 4.143600000000000000e+04 4.376400000000000000e+04 3.889100000000000000e+04 2.301991074602119625e+01 7.500000000000000000e+01
1.660000000000000000e+02 1.110000000000000000e+02 -4.600000000000000000e+01 4.284500000000000000e+04 4.189300000000000000e+04 4.412500000000000000e+04 3.914300000000000000e+04 2.302951736701652408e+01 7.500000000000000000e+01
1.910000000000000000e+02 3.200000000000000000e+01 -4.200000000000000000e+01 4.244400000000000000e+04 4.298300000000000000e+04 4.406400000000000000e+04 3.841000000000000000e+04 2.304007346101570874e+01 7.500000000000000000e+01
1.820000000000000000e+02 -4.400000000000000000e+01 -3.000000000000000000e+01 4.269900000000000000e+04 4.374600000000000000e+04 4.480900000000000000e+04 3.754800000000000000e+04 2.305060952703934163e+01 7.200000000000000000e+01
1.470000000000000000e+02 -3.000000000000000000e+01 -2.700000000000000000e+01 4.273900000000000000e+04 4.344100000000000000e+04 4.517700000000000000e+04 3.807600000000000000e+04 2.306010448804590851e+01 7.200000000000000000e+01
2.000000000000000000e+01 5.900000000000000000e+01 -2.200000000000000000e+01 4.258500000000000000e+04 4.130000000000000000e+04 4.599600000000000000e+04 4.032500000000000000e+04 2.306993183295708150e+01 7.200000000000000000e+01
-5.400000000000000000e+01 1.850000000000000000e+02 -1.800000000000000000e+01 4.321900000000000000e+04 4.086200000000000000e+04 4.508500000000000000e+04 4.145400000000000000e+04 2.308006236597429961e+01 7.200000000000000000e+01
-8.500000000000000000e+01 3.180000000000000000e+02 -9.000000000000000000e+00 4.416100000000000000e+04 4.037000000000000000e+04 4.427200000000000000e+04 4.257800000000000000e+04 2.308998983202036470e+01 7.200000000000000000e+01
-1.100000000000000000e+02 3.610000000000000000e+02 -1.300000000000000000e+01 4.418400000000000000e+04 3.996800000000000000e+04 4.446400000000000000e+04 4.270700000000000000e+04 2.309994868200737983e+01 6.500000000000000000e+01
-1.540000000000000000e+02 3.810000000000000000e+02 -9.000000000000000000e+00 4.478800000000000000e+04 4.032800000000000000e+04 4.496000000000000000e+04 4.319500000000000000e+04 2.310970720800105482e+01 6.500000000000000000e+01
-1.370000000000000000e+02 2.790000000000000000e+02 -1.200000000000000000e+01 4.432600000000000000e+04 4.106600000000000000e+04 4.520600000000000000e+04 4.292500000000000000e+04 2.312005173100624233e+01 6.500000000000000000e+01
-8.600000000000000000e+01 1.900000000000000000e+02 -1.300000000000000000e+01 4.448300000000000000e+04 4.157100000000000000e+04 4.542200000000000000e+04 4.223900000000000000e+04 2.312979226198513061e+01 6.500000000000000000e+01
-4.400000000000000000e+01 1.040000000000000000e+02 -7.000000000000000000e+00 4.438000000000000000e+04 4.272500000000000000e+04 4.568800000000000000e+04 4.133300000000000000e+04 2.314044639794155955e+01 6.300000000000000000e+01
-4.400000000000000000e+01 5.600000000000000000e+01 1.000000000000000000e+00 4.429200000000000000e+04 4.263800000000000000e+04 4.594600000000000000e+04 4.195200000000000000e+04 2.314999415096826851e+01 6.300000000000000000e+01
-1.200000000000000000e+01 -1.400000000000000000e+01 2.400000000000000000e+01 4.440000000000000000e+04 4.278000000000000000e+04 4.631200000000000000e+04 4.136200000000000000e+04 2.315996581304352731e+01 6.300000000000000000e+01
-1.400000000000000000e+01 -1.170000000000000000e+02 2.800000000000000000e+01 4.371100000000000000e+04 4.349700000000000000e+04 4.718100000000000000e+04 4.041600000000000000e+04 2.316997214104048908e+01 6.300000000000000000e+01
-1.600000000000000000e+01 -2.120000000000000000e+02 1.600000000000000000e+01 4.300900000000000000e+04 4.380800000000000000e+04 4.769800000000000000e+04 4.020300000000000000e+04 2.317989146301988512e+01 5.600000000000000000e+01
-6.600000000000000000e+01 -2.030000000000000000e+02 2.600000000000000000e+01 4.319500000000000000e+04 4.393800000000000000e+04 4.755200000000000000e+04 4.129100000000000000e+04 2.318963427294511348e+01 5.600000000000000000e+01
-4.800000000000000000e+01 -1.160000000000000000e+02 3.100000000000000000e+01 4.445600000000000000e+04 4.345500000000000000e+04 4.682100000000000000e+04 4.139700000000000000e+04 2.320021914504468441e+01 5.600000000000000000e+01
-1.100000000000000000e+01 -6.000000000000000000e+00 3.800000000000000000e+01 4.517100000000000000e+04 4.325400000000000000e+04 4.635800000000000000e+04 4.157200000000000000e+04 2.320973467803560197e+01 5.600000000000000000e+01
-1.200000000000000000e+01 9.200000000000000000e+01 5.600000000000000000e+01 4.557800000000000000e+04 4.251200000000000000e+04 4.597300000000000000e+04 4.216500000000000000e+04 2.322001212893519551e+01 5.600000000000000000e+01
-1.600000000000000000e+01 1.620000000000000000e+02 4.700000000000000000e+01 4.595600000000000000e+04 4.186400000000000000e+04 4.558700000000000000e+04 4.255700000000000000e+04 2.322984754003118724e+01 4.800000000000000000e+01
-5.000000000000000000e+01 1.500000000000000000e+02 4.100000000000000000e+01 4.554600000000000000e+04 4.192000000000000000e+04 4.643800000000000000e+04 4.319700000000000000e+04 2.323978394898585975e+01 4.800000000000000000e+01
-5.800000000000000000e+01 1.220000000000000000e+02 5.200000000000000000e+01 4.569600000000000000e+04 4.262800000000000000e+04 4.621600000000000000e+04 4.233600000000000000e+04 2.325085553096141666e+01 4.800000000000000000e+01
-2.000000000000000000e+01 9.000000000000000000e+01 6.300000000000000000e+01 4.644200000000000000e+04 4.274700000000000000e+04 4.550100000000000000e+04 4.190800000000000000e+04 2.325946043396834284e+01 4.800000000000000000e+01
5.000000000000000000e+00 5.600000000000000000e+01 6.000000000000000000e+01 4.608200000000000000e+04 4.289400000000000000e+04 4.579800000000000000e+04 4.154200000000000000e+04 2.327031434897799045e+01 4.600000000000000000e+01
-7.400000000000000000e+01 3.000000000000000000e+01 6.700000000000000000e+01 4.554300000000000000e+04 4.194500000000000000e+04 4.643400000000000000e+04 4.264300000000000000e+04 2.328013184503652155e+01 4.600000000000000000e+01
-1.520000000000000000e+02 -1.800000000000000000e+01 6.500000000000000000e+01 4.476400000000000000e+04 4.219400000000000000e+04 4.700000000000000000e+04 4.227300000000000000e+04 2.328951278293970972e+01 4.600000000000000000e+01
-2.160000000000000000e+02 -1.120000000000000000e+02 6.500000000000000000e+01 4.383300000000000000e+04 4.229000000000000000e+04 4.782600000000000000e+04 4.185700000000000000e+04 2.330005028098821640e+01 4.600000000000000000e+01
-2.560000000000000000e+02 -1.560000000000000000e+02 6.500000000000000000e+01 4.320400000000000000e+04 4.169200000000000000e+04 4.819500000000000000e+04 4.221400000000000000e+04 2.330953230801969767e+01 4.500000000000000000e+01
-2.480000000000000000e+02 -1.980000000000000000e+02 5.400000000000000000e+01 4.301800000000000000e+04 4.216700000000000000e+04 4.809900000000000000e+04 4.142000000000000000e+04 2.331968123198021203e+01 4.500000000000000000e+01
-1.770000000000000000e+02 -1.760000000000000000e+02 6.500000000000000000e+01 4.373500000000000000e+04 4.245500000000000000e+04 4.740600000000000000e+04 4.088000000000000000e+04 2.332987414393573999e+01 4.500000000000000000e+01
-1.250000000000000000e+02 -1.400000000000000000e+02 4.800000000000000000e+01 4.396400000000000000e+04 4.278100000000000000e+04 4.701200000000000000e+04 4.028100000000000000e+04 2.333953564695548266e+01 4.500000000000000000e+01
-7.600000000000000000e+01 -8.600000000000000000e+01 4.900000000000000000e+01 4.423400000000000000e+04 4.207500000000000000e+04 4.645500000000000000e+04 4.061800000000000000e+04 2.334942328103352338e+01 4.500000000000000000e+01
-3.000000000000000000e+00 -1.100000000000000000e+01 4.100000000000000000e+01 4.436400000000000000e+04 4.193000000000000000e+04 4.615000000000000000e+04 4.055600000000000000e+04 2.335930617700796574e+01 4.200000000000000000e+01
2.300000000000000000e+01 8.200000000000000000e+01 5.000000000000000000e+01 4.517300000000000000e+04 4.171900000000000000e+04 4.536600000000000000e+04 4.080300000000000000e+04 2.336975771898869425e+01 4.200000000000000000e+01
3.800000000000000000e+01 1.860000000000000000e+02 4.300000000000000000e+01 4.562300000000000000e+04 4.038500000000000000e+04 4.461900000000000000e+04 4.170700000000000000e+04 2.337929624901153147e+01 4.200000000000000000e+01
3.700000000000000000e+01 2.450000000000000000e+02 4.900000000000000000e+01 4.527600000000000000e+04 4.022800000000000000e+04 4.478800000000000000e+04 4.160200000000000000e+04 2.338982585200574249e+01 4.200000000000000000e+01
-2.000000000000000000e+00 3.090000000000000000e+02 6.200000000000000000e+01 4.548600000000000000e+04 3.923500000000000000e+04 4.468000000000000000e+04 4.239900000000000000e+04 2.339949156297370791e+01 4.200000000000000000e+01
6.000000000000000000e+00 2.540000000000000000e+02 5.600000000000000000e+01 4.506300000000000000e+04 3.994400000000000000e+04 4.482300000000000000e+04 4.136000000000000000e+04 2.340968627994880080e+01 4.200000000000000000e+01
2.400000000000000000e+01 1.580000000000000000e+02 6.400000000000000000e+01 4.501200000000000000e+04 4.028700000000000000e+04 4.496000000000000000e+04 4.093200000000000000e+04 2.341975344496313483e+01 4.200000000000000000e+01
5.300000000000000000e+01 3.100000000000000000e+01 6.200000000000000000e+01 4.422400000000000000e+04 4.119600000000000000e+04 4.532500000000000000e+04 3.947500000000000000e+04 2.342980085697490722e+01 4.200000000000000000e+01
1.230000000000000000e+02 -9.600000000000000000e+01 5.500000000000000000e+01 4.402300000000000000e+04 4.216300000000000000e+04 4.549800000000000000e+04 3.842700000000000000e+04 2.343964040197897702e+01 4.900000000000000000e+01
1.420000000000000000e+02 -1.610000000000000000e+02 5.400000000000000000e+01 4.299700000000000000e+04 4.206200000000000000e+04 4.558100000000000000e+04 3.725200000000000000e+04 2.345166772196535021e+01 4.900000000000000000e+01
1.530000000000000000e+02 -2.430000000000000000e+02 7.700000000000000000e+01 4.140500000000000000e+04 4.279800000000000000e+04 4.708000000000000000e+04 3.606800000000000000e+04 2.346012112393509597e+01 4.900000000000000000e+01
1.390000000000000000e+02 -2.410000000000000000e+02 8.200000000000000000e+01 4.154300000000000000e+04 4.200000000000000000e+04 4.668900000000000000e+04 3.641600000000000000e+04 2.347099784598685801e+01 4.900000000000000000e+01
1.410000000000000000e+02 -2.130000000000000000e+02 9.900000000000000000e+01 4.166700000000000000e+04 4.184400000000000000e+04 4.659300000000000000e+04 3.627800000000000000e+04 2.348006859701126814e+01 4.900000000000000000e+01
1.470000000000000000e+02 -1.660000000000000000e+02 9.000000000000000000e+01 4.219600000000000000e+04 4.101500000000000000e+04 4.589600000000000000e+04 3.669200000000000000e+04 2.349406693596392870e+01 5.100000000000000000e+01
1.130000000000000000e+02 -6.800000000000000000e+01 9.000000000000000000e+01 4.234700000000000000e+04 4.079000000000000000e+04 4.565200000000000000e+04 3.676600000000000000e+04 2.350078298698645085e+01 5.100000000000000000e+01
6.300000000000000000e+01 8.300000000000000000e+01 9.200000000000000000e+01 4.356500000000000000e+04 4.055900000000000000e+04 4.438600000000000000e+04 3.664600000000000000e+04 2.350941515993326902e+01 5.100000000000000000e+01
-3.800000000000000000e+01 1.860000000000000000e+02 8.400000000000000000e+01 4.326400000000000000e+04 3.923400000000000000e+04 4.466000000000000000e+04 3.781100000000000000e+04 2.352081627794541419e+01 5.100000000000000000e+01
-1.810000000000000000e+02 3.000000000000000000e+02 7.600000000000000000e+01 4.321200000000000000e+04 3.778900000000000000e+04 4.448700000000000000e+04 3.932600000000000000e+04 2.353054298902861774e+01 5.600000000000000000e+01
-2.320000000000000000e+02 4.070000000000000000e+02 7.100000000000000000e+01 4.303500000000000000e+04 3.635000000000000000e+04 4.424300000000000000e+04 4.015800000000000000e+04 2.353944236901588738e+01 5.600000000000000000e+01
-2.450000000000000000e+02 4.650000000000000000e+02 5.500000000000000000e+01 4.321500000000000000e+04 3.567500000000000000e+04 4.389800000000000000e+04 4.060500000000000000e+04 2.355015856598038226e+01 5.600000000000000000e+01
-2.260000000000000000e+02 4.870000000000000000e+02 3.600000000000000000e+01 4.371900000000000000e+04 3.568000000000000000e+04 4.322800000000000000e+04 4.082600000000000000e+04 2.355964415904600173e+01 5.600000000000000000e+01
-2.040000000000000000e+02 4.490000000000000000e+02 3.400000000000000000e+01 4.381000000000000000e+04 3.623000000000000000e+04 4.314300000000000000e+04 4.040400000000000000e+04 2.356986800499726087e+01 5.700000000000000000e+01
-1.960000000000000000e+02 3.490000000000000000e+02 1.100000000000000000e+01 4.342300000000000000e+04 3.802300000000000000e+04 4.349600000000000000e+04 3.878200000000000000e+04 2.358005015598610044e+01 5.700000000000000000e+01
-2.040000000000000000e+02 2.180000000000000000e+02 9.000000000000000000e+00 4.257500000000000000e+04 3.894400000000000000e+04 4.397700000000000000e+04 3.831000000000000000e+04 2.358971573796588928e+01 5.700000000000000000e+01
