1.700000000000000000e+01 4.000000000000000000e+00 -5.500000000000000000e+01 4.779900000000000000e+04 4.869600000000000000e+04 5.148000000000000000e+04 4.535400000000000000e+04 1.600614154792856425e+01 8.250000000000000000e+02
4.500000000000000000e+01 -3.400000000000000000e+01 -5.800000000000000000e+01 4.813800000000000000e+04 4.941700000000000000e+04 5.121300000000000000e+04 4.449300000000000000e+04 1.601601056393701583e+01 8.250000000000000000e+02
6.200000000000000000e+01 -5.600000000000000000e+01 -4.200000000000000000e+01 4.830500000000000000e+04 4.873500000000000000e+04 5.126400000000000000e+04 4.499100000000000000e+04 1.602640941692516208e+01 8.250000000000000000e+02
1.060000000000000000e+02 -8.500000000000000000e+01 -5.200000000000000000e+01 4.849200000000000000e+04 4.984200000000000000e+04 5.108100000000000000e+04 4.361100000000000000e+04 1.603599388198927045e+01 8.250000000000000000e+02
9.900000000000000000e+01 -1.060000000000000000e+02 -5.200000000000000000e+01 4.879800000000000000e+04 4.938700000000000000e+04 5.076400000000000000e+04 4.467400000000000000e+04 1.604625481495168060e+01 8.220000000000000000e+02
9.900000000000000000e+01 -1.090000000000000000e+02 -4.600000000000000000e+01 4.843000000000000000e+04 4.985200000000000000e+04 5.090700000000000000e+04 4.425500000000000000e+04 1.605617223994340748e+01 8.220000000000000000e+02
8.400000000000000000e+01 -9.300000000000000000e+01 -3.900000000000000000e+01 4.997600000000000000e+04 5.083200000000000000e+04 5.073300000000000000e+04 4.132400000000000000e+04 1.606590718694496900e+01 8.220000000000000000e+02
4.300000000000000000e+01 -6.600000000000000000e+01 -4.900000000000000000e+01 4.642900000000000000e+04 4.823200000000000000e+04 5.267700000000000000e+04 4.570700000000000000e+04 1.607665784296113998e+01 8.220000000000000000e+02
-1.000000000000000000e+01 -2.200000000000000000e+01 -4.500000000000000000e+01 5.019600000000000000e+04 5.011100000000000000e+04 5.047300000000000000e+04 4.241000000000000000e+04 1.608643669192679226e+01 8.220000000000000000e+02
-3.700000000000000000e+01 3.000000000000000000e+00 -4.600000000000000000e+01 4.882400000000000000e+04 4.924200000000000000e+04 5.044200000000000000e+04 4.407100000000000000e+04 1.609630520991049707e+01 8.280000000000000000e+02
-6.600000000000000000e+01 1.600000000000000000e+01 -3.000000000000000000e+01 4.529600000000000000e+04 4.664700000000000000e+04 5.382800000000000000e+04 4.586900000000000000e+04 1.610633234691340476e+01 8.280000000000000000e+02
-7.300000000000000000e+01 4.600000000000000000e+01 -3.400000000000000000e+01 5.067200000000000000e+04 4.894900000000000000e+04 4.867700000000000000e+04 4.398000000000000000e+04 1.611668909492436796e+01 8.280000000000000000e+02
-9.100000000000000000e+01 4.500000000000000000e+01 -3.100000000000000000e+01 4.327700000000000000e+04 4.778900000000000000e+04 5.483000000000000000e+04 4.514800000000000000e+04 1.612657731992658228e+01 8.280000000000000000e+02
-7.200000000000000000e+01 6.400000000000000000e+01 -2.400000000000000000e+01 4.860600000000000000e+04 4.861300000000000000e+04 5.080800000000000000e+04 4.401500000000000000e+04 1.613684350391849875e+01 8.250000000000000000e+02
-5.200000000000000000e+01 7.300000000000000000e+01 -2.100000000000000000e+01 4.747100000000000000e+04 4.747000000000000000e+04 5.157900000000000000e+04 4.541800000000000000e+04 1.614637563796713948e+01 8.250000000000000000e+02
-5.000000000000000000e+00 5.900000000000000000e+01 -2.300000000000000000e+01 4.971200000000000000e+04 4.535200000000000000e+04 4.950900000000000000e+04 4.752400000000000000e+04 1.615631932998076081e+01 8.250000000000000000e+02
4.400000000000000000e+01 4.800000000000000000e+01 -2.300000000000000000e+01 5.093000000000000000e+04 5.011400000000000000e+04 4.845100000000000000e+04 4.204600000000000000e+04 1.616626693191938102e+01 8.250000000000000000e+02
7.800000000000000000e+01 2.000000000000000000e+01 -1.900000000000000000e+01 4.697400000000000000e+04 4.653600000000000000e+04 5.182400000000000000e+04 4.585400000000000000e+04 1.617682817997410893e+01 8.300000000000000000e+02
7.900000000000000000e+01 -5.000000000000000000e+00 -2.100000000000000000e+01 4.926400000000000000e+04 4.958800000000000000e+04 4.985000000000000000e+04 4.242500000000000000e+04 1.618653893889859319e+01 8.300000000000000000e+02
7.800000000000000000e+01 -3.400000000000000000e+01 -2.000000000000000000e+01 4.867400000000000000e+04 4.891400000000000000e+04 5.087600000000000000e+04 4.265300000000000000e+04 1.619604875193908811e+01 8.300000000000000000e+02
5.300000000000000000e+01 -4.000000000000000000e+01 -1.300000000000000000e+01 4.829200000000000000e+04 4.912500000000000000e+04 5.127400000000000000e+04 4.235100000000000000e+04 1.620612013200297952e+01 8.300000000000000000e+02
3.100000000000000000e+01 -6.100000000000000000e+01 -2.200000000000000000e+01 4.810700000000000000e+04 4.931600000000000000e+04 5.140300000000000000e+04 4.214100000000000000e+04 1.621578054991550744e+01 8.250000000000000000e+02
-1.100000000000000000e+01 -9.900000000000000000e+01 -2.400000000000000000e+01 4.752900000000000000e+04 4.865900000000000000e+04 5.174500000000000000e+04 4.299700000000000000e+04 1.622763496392872185e+01 8.250000000000000000e+02
-5.100000000000000000e+01 -7.700000000000000000e+01 -1.900000000000000000e+01 4.773700000000000000e+04 4.838100000000000000e+04 5.181100000000000000e+04 4.349300000000000000e+04 1.623585923190694302e+01 8.250000000000000000e+02
-7.900000000000000000e+01 -4.000000000000000000e+01 -2.200000000000000000e+01 4.790000000000000000e+04 4.878100000000000000e+04 5.183000000000000000e+04 4.325000000000000000e+04 1.624651370593346655e+01 8.250000000000000000e+02
-9.800000000000000000e+01 1.200000000000000000e+01 -1.400000000000000000e+01 4.796100000000000000e+04 4.791800000000000000e+04 5.194300000000000000e+04 4.456700000000000000e+04 1.625614747591316700e+01 8.250000000000000000e+02
-1.200000000000000000e+02 5.000000000000000000e+01 -4.000000000000000000e+00 4.821100000000000000e+04 4.712300000000000000e+04 5.175000000000000000e+04 4.517200000000000000e+04 1.626618601090740412e+01 8.260000000000000000e+02
-1.070000000000000000e+02 8.700000000000000000e+01 -1.000000000000000000e+01 4.833500000000000000e+04 4.757400000000000000e+04 5.177200000000000000e+04 4.492000000000000000e+04 1.627647550695110112e+01 8.260000000000000000e+02
-8.200000000000000000e+01 1.020000000000000000e+02 2.000000000000000000e+00 4.866900000000000000e+04 4.725700000000000000e+04 5.160900000000000000e+04 4.545700000000000000e+04 1.628667539393063635e+01 8.260000000000000000e+02
-3.200000000000000000e+01 8.800000000000000000e+01 5.000000000000000000e+00 4.901400000000000000e+04 4.765800000000000000e+04 5.148100000000000000e+04 4.487200000000000000e+04 1.629636760894209146e+01 8.260000000000000000e+02
1.100000000000000000e+01 5.400000000000000000e+01 6.000000000000000000e+00 4.926000000000000000e+04 4.872600000000000000e+04 5.151100000000000000e+04 4.391900000000000000e+04 1.630678757699206471e+01 8.230000000000000000e+02
2.900000000000000000e+01 1.100000000000000000e+01 -7.000000000000000000e+00 4.912400000000000000e+04 4.860700000000000000e+04 5.182700000000000000e+04 4.451400000000000000e+04 1.631637527293059975e+01 8.230000000000000000e+02
7.400000000000000000e+01 -2.200000000000000000e+01 -6.000000000000000000e+00 4.906100000000000000e+04 4.945500000000000000e+04 5.200000000000000000e+04 4.375700000000000000e+04 1.632595236797351390e+01 8.230000000000000000e+02
9.200000000000000000e+01 -4.300000000000000000e+01 -2.000000000000000000e+00 4.954500000000000000e+04 4.867400000000000000e+04 5.144000000000000000e+04 4.475200000000000000e+04 1.633752472291234881e+01 8.230000000000000000e+02
1.050000000000000000e+02 -5.300000000000000000e+01 -1.000000000000000000e+00 4.980500000000000000e+04 4.833900000000000000e+04 5.140500000000000000e+04 4.521100000000000000e+04 1.634592348593287170e+01 8.250000000000000000e+02
1.140000000000000000e+02 -1.540000000000000000e+02 -1.000000000000000000e+01 4.943300000000000000e+04 4.917400000000000000e+04 5.167300000000000000e+04 4.416100000000000000e+04 1.635575858596712351e+01 8.250000000000000000e+02
1.110000000000000000e+02 -2.180000000000000000e+02 -8.000000000000000000e+00 4.934100000000000000e+04 4.941800000000000000e+04 5.177400000000000000e+04 4.377900000000000000e+04 1.636622724495828152e+01 8.250000000000000000e+02
9.400000000000000000e+01 -3.140000000000000000e+02 -6.000000000000000000e+00 4.790900000000000000e+04 4.962800000000000000e+04 5.291300000000000000e+04 4.358800000000000000e+04 1.637710554793011397e+01 8.250000000000000000e+02
8.600000000000000000e+01 -3.370000000000000000e+02 -1.200000000000000000e+01 4.853700000000000000e+04 4.916700000000000000e+04 5.237600000000000000e+04 4.419000000000000000e+04 1.638612475898116827e+01 8.250000000000000000e+02
6.700000000000000000e+01 -3.420000000000000000e+02 -1.500000000000000000e+01 4.844700000000000000e+04 4.897300000000000000e+04 5.242900000000000000e+04 4.450700000000000000e+04 1.639640149194747210e+01 8.210000000000000000e+02
3.500000000000000000e+01 -3.430000000000000000e+02 -1.200000000000000000e+01 4.831000000000000000e+04 4.900700000000000000e+04 5.277100000000000000e+04 4.471700000000000000e+04 1.640606612700503320e+01 8.210000000000000000e+02
3.700000000000000000e+01 -2.940000000000000000e+02 -7.000000000000000000e+00 4.866300000000000000e+04 4.902600000000000000e+04 5.246300000000000000e+04 4.480600000000000000e+04 1.641637502296362072e+01 8.210000000000000000e+02
2.600000000000000000e+01 -2.760000000000000000e+02 4.000000000000000000e+00 4.865100000000000000e+04 4.902600000000000000e+04 5.265800000000000000e+04 4.492100000000000000e+04 1.642633397597819567e+01 8.210000000000000000e+02
3.000000000000000000e+01 -2.730000000000000000e+02 -1.100000000000000000e+01 4.882400000000000000e+04 4.875600000000000000e+04 5.254800000000000000e+04 4.517700000000000000e+04 1.643649981799535453e+01 8.260000000000000000e+02
5.800000000000000000e+01 -2.450000000000000000e+02 -4.000000000000000000e+00 4.914100000000000000e+04 4.894400000000000000e+04 5.189000000000000000e+04 4.443900000000000000e+04 1.644594671996310353e+01 8.260000000000000000e+02
7.500000000000000000e+01 -2.140000000000000000e+02 2.000000000000000000e+00 4.888000000000000000e+04 4.860700000000000000e+04 5.215100000000000000e+04 4.477800000000000000e+04 1.645579217700287700e+01 8.260000000000000000e+02
7.100000000000000000e+01 -1.770000000000000000e+02 4.000000000000000000e+00 4.913000000000000000e+04 4.844100000000000000e+04 5.189200000000000000e+04 4.479900000000000000e+04 1.646591915294993669e+01 8.260000000000000000e+02
1.060000000000000000e+02 -1.700000000000000000e+02 -5.000000000000000000e+00 4.935500000000000000e+04 4.869800000000000000e+04 5.146300000000000000e+04 4.444700000000000000e+04 1.647611278994008899e+01 8.230000000000000000e+02
9.300000000000000000e+01 -1.660000000000000000e+02 -4.000000000000000000e+00 4.906400000000000000e+04 4.839500000000000000e+04 5.166000000000000000e+04 4.474000000000000000e+04 1.648609572194982320e+01 8.230000000000000000e+02
1.010000000000000000e+02 -1.990000000000000000e+02 -7.000000000000000000e+00 4.896400000000000000e+04 4.900400000000000000e+04 5.172900000000000000e+04 4.400000000000000000e+04 1.649582749500405043e+01 8.230000000000000000e+02
1.060000000000000000e+02 -2.240000000000000000e+02 -1.400000000000000000e+01 4.858500000000000000e+04 4.900500000000000000e+04 5.194700000000000000e+04 4.408800000000000000e+04 1.650600851699709892e+01 8.230000000000000000e+02
8.800000000000000000e+01 -2.150000000000000000e+02 -8.000000000000000000e+00 4.837100000000000000e+04 4.921500000000000000e+04 5.214500000000000000e+04 4.376000000000000000e+04 1.651588120392989367e+01 8.230000000000000000e+02
7.300000000000000000e+01 -2.120000000000000000e+02 -8.000000000000000000e+00 4.820900000000000000e+04 4.940000000000000000e+04 5.222000000000000000e+04 4.350200000000000000e+04 1.652636987389996648e+01 8.250000000000000000e+02
6.900000000000000000e+01 -1.700000000000000000e+02 -4.000000000000000000e+00 4.829300000000000000e+04 4.849600000000000000e+04 5.184000000000000000e+04 4.408600000000000000e+04 1.653569890290964395e+01 8.250000000000000000e+02
7.300000000000000000e+01 -1.520000000000000000e+02 -1.000000000000000000e+01 4.859100000000000000e+04 4.850100000000000000e+04 5.153100000000000000e+04 4.412300000000000000e+04 1.654570680495817214e+01 8.250000000000000000e+02
7.300000000000000000e+01 -1.420000000000000000e+02 -2.300000000000000000e+01 4.855000000000000000e+04 4.866500000000000000e+04 5.155900000000000000e+04 4.389100000000000000e+04 1.655563304794486612e+01 8.250000000000000000e+02
5.900000000000000000e+01 -1.270000000000000000e+02 3.000000000000000000e+00 4.855300000000000000e+04 4.840400000000000000e+04 5.156300000000000000e+04 4.407000000000000000e+04 1.656555870396550745e+01 8.250000000000000000e+02
4.300000000000000000e+01 -8.800000000000000000e+01 1.300000000000000000e+01 4.861100000000000000e+04 4.826100000000000000e+04 5.139100000000000000e+04 4.405700000000000000e+04 1.657585318898782134e+01 8.250000000000000000e+02
5.700000000000000000e+01 -7.100000000000000000e+01 1.000000000000000000e+01 4.871800000000000000e+04 4.777900000000000000e+04 5.139000000000000000e+04 4.433800000000000000e+04 1.658575319894589484e+01 8.250000000000000000e+02
6.500000000000000000e+01 -5.900000000000000000e+01 1.500000000000000000e+01 4.867700000000000000e+04 4.793900000000000000e+04 5.119500000000000000e+04 4.396000000000000000e+04 1.659542965993750840e+01 8.250000000000000000e+02
6.600000000000000000e+01 -8.200000000000000000e+01 1.500000000000000000e+01 4.843800000000000000e+04 4.786800000000000000e+04 5.146700000000000000e+04 4.423500000000000000e+04 1.660590961400885135e+01 8.270000000000000000e+02
6.400000000000000000e+01 -5.900000000000000000e+01 6.000000000000000000e+00 4.835100000000000000e+04 4.835900000000000000e+04 5.110900000000000000e+04 4.321300000000000000e+04 1.661601796490140259e+01 8.270000000000000000e+02
5.700000000000000000e+01 -9.600000000000000000e+01 1.400000000000000000e+01 4.783300000000000000e+04 4.823800000000000000e+04 5.158800000000000000e+04 4.336300000000000000e+04 1.662695830292068422e+01 8.270000000000000000e+02
6.600000000000000000e+01 -9.900000000000000000e+01 1.100000000000000000e+01 4.834500000000000000e+04 4.805300000000000000e+04 5.123200000000000000e+04 4.354200000000000000e+04 1.663599442690610886e+01 8.270000000000000000e+02
4.400000000000000000e+01 -9.000000000000000000e+01 8.000000000000000000e+00 4.883900000000000000e+04 4.799300000000000000e+04 5.083100000000000000e+04 4.368500000000000000e+04 1.664590422296896577e+01 8.220000000000000000e+02
3.000000000000000000e+00 -8.500000000000000000e+01 1.300000000000000000e+01 4.820300000000000000e+04 4.820400000000000000e+04 5.190500000000000000e+04 4.406900000000000000e+04 1.665645304694771767e+01 8.220000000000000000e+02
-1.000000000000000000e+01 -7.100000000000000000e+01 1.100000000000000000e+01 4.822200000000000000e+04 4.801100000000000000e+04 5.198300000000000000e+04 4.425700000000000000e+04 1.666555993992369622e+01 8.220000000000000000e+02
-4.400000000000000000e+01 -5.700000000000000000e+01 1.600000000000000000e+01 4.799000000000000000e+04 4.802600000000000000e+04 5.221400000000000000e+04 4.455400000000000000e+04 1.667551023000851274e+01 8.220000000000000000e+02
-7.300000000000000000e+01 -4.900000000000000000e+01 1.400000000000000000e+01 4.815500000000000000e+04 4.733600000000000000e+04 5.228100000000000000e+04 4.539200000000000000e+04 1.668602426594588906e+01 8.220000000000000000e+02
-8.000000000000000000e+01 -5.200000000000000000e+01 3.000000000000000000e+00 4.812200000000000000e+04 4.760400000000000000e+04 5.231300000000000000e+04 4.517200000000000000e+04 1.669561095500830561e+01 8.220000000000000000e+02
-6.300000000000000000e+01 -7.200000000000000000e+01 -6.000000000000000000e+00 4.849100000000000000e+04 4.786100000000000000e+04 5.215000000000000000e+04 4.509100000000000000e+04 1.670550509390886873e+01 8.220000000000000000e+02
-5.800000000000000000e+01 -5.300000000000000000e+01 -1.100000000000000000e+01 4.851400000000000000e+04 4.809400000000000000e+04 5.230900000000000000e+04 4.502600000000000000e+04 1.671587638999335468e+01 8.220000000000000000e+02
-4.800000000000000000e+01 -2.000000000000000000e+01 -2.000000000000000000e+01 4.879400000000000000e+04 4.811700000000000000e+04 5.197300000000000000e+04 4.506300000000000000e+04 1.672562167595606297e+01 8.220000000000000000e+02
-1.600000000000000000e+01 1.800000000000000000e+01 -1.600000000000000000e+01 4.868000000000000000e+04 4.862700000000000000e+04 5.168100000000000000e+04 4.483700000000000000e+04 1.673604227800387889e+01 8.190000000000000000e+02
1.500000000000000000e+01 3.100000000000000000e+01 -5.000000000000000000e+00 4.926900000000000000e+04 4.866400000000000000e+04 5.181900000000000000e+04 4.477000000000000000e+04 1.674598941893782467e+01 8.190000000000000000e+02
4.800000000000000000e+01 1.800000000000000000e+01 -5.000000000000000000e+00 4.935200000000000000e+04 4.863600000000000000e+04 5.151000000000000000e+04 4.491400000000000000e+04 1.675589130294974893e+01 8.190000000000000000e+02
4.700000000000000000e+01 -5.000000000000000000e+00 -2.400000000000000000e+01 4.921400000000000000e+04 4.840300000000000000e+04 5.169600000000000000e+04 4.525900000000000000e+04 1.676550479501020163e+01 8.190000000000000000e+02
4.500000000000000000e+01 3.000000000000000000e+00 -1.900000000000000000e+01 4.924400000000000000e+04 4.871700000000000000e+04 5.153600000000000000e+04 4.492300000000000000e+04 1.677501956291962415e+01 8.170000000000000000e+02
3.600000000000000000e+01 2.000000000000000000e+00 -2.900000000000000000e+01 4.919900000000000000e+04 4.884300000000000000e+04 5.190400000000000000e+04 4.521200000000000000e+04 1.678585882799234241e+01 8.170000000000000000e+02
1.200000000000000000e+01 9.000000000000000000e+00 -3.900000000000000000e+01 4.928200000000000000e+04 4.884900000000000000e+04 5.172200000000000000e+04 4.534300000000000000e+04 1.679599746398162097e+01 8.170000000000000000e+02
-2.100000000000000000e+01 2.800000000000000000e+01 -5.200000000000000000e+01 4.892900000000000000e+04 4.868800000000000000e+04 5.184500000000000000e+04 4.567300000000000000e+04 1.680547137500252575e+01 8.170000000000000000e+02
-1.800000000000000000e+01 -1.200000000000000000e+01 -5.100000000000000000e+01 4.852900000000000000e+04 4.900800000000000000e+04 5.207000000000000000e+04 4.547100000000000000e+04 1.681575026700738817e+01 8.170000000000000000e+02
-1.300000000000000000e+01 -1.200000000000000000e+01 -4.800000000000000000e+01 4.897400000000000000e+04 4.918300000000000000e+04 5.167400000000000000e+04 4.524900000000000000e+04 1.682533555000554770e+01 8.130000000000000000e+02
-2.800000000000000000e+01 -3.900000000000000000e+01 -5.900000000000000000e+01 4.876000000000000000e+04 4.943100000000000000e+04 5.238800000000000000e+04 4.575100000000000000e+04 1.683595005189999938e+01 8.130000000000000000e+02
-1.900000000000000000e+01 -4.600000000000000000e+01 -6.200000000000000000e+01 4.885100000000000000e+04 4.968500000000000000e+04 5.239800000000000000e+04 4.568800000000000000e+04 1.684515710896812379e+01 8.130000000000000000e+02
-4.000000000000000000e+00 -3.600000000000000000e+01 -6.300000000000000000e+01 4.883700000000000000e+04 4.967300000000000000e+04 5.236400000000000000e+04 4.613300000000000000e+04 1.685534876794554293e+01 8.130000000000000000e+02
4.000000000000000000e+00 4.000000000000000000e+00 -5.700000000000000000e+01 4.947400000000000000e+04 4.978800000000000000e+04 5.217800000000000000e+04 4.609100000000000000e+04 1.686582594295032322e+01 8.050000000000000000e+02
1.100000000000000000e+01 1.800000000000000000e+01 -4.900000000000000000e+01 4.991300000000000000e+04 5.019300000000000000e+04 5.269300000000000000e+04 4.693000000000000000e+04 1.687576321989763528e+01 8.050000000000000000e+02
2.000000000000000000e+01 1.500000000000000000e+01 -6.500000000000000000e+01 5.013400000000000000e+04 5.033300000000000000e+04 5.236500000000000000e+04 4.678800000000000000e+04 1.688564281794242561e+01 8.050000000000000000e+02
3.300000000000000000e+01 -1.100000000000000000e+01 -6.300000000000000000e+01 4.987300000000000000e+04 5.089200000000000000e+04 5.284000000000000000e+04 4.642300000000000000e+04 1.689544192596804351e+01 8.050000000000000000e+02
1.400000000000000000e+01 4.000000000000000000e+00 -6.200000000000000000e+01 4.997700000000000000e+04 5.027400000000000000e+04 5.264100000000000000e+04 4.708600000000000000e+04 1.690570085390936583e+01 7.930000000000000000e+02
-5.000000000000000000e+00 2.500000000000000000e+01 -5.300000000000000000e+01 5.060200000000000000e+04 5.131500000000000000e+04 5.358600000000000000e+04 4.779200000000000000e+04 1.691567590995691717e+01 7.930000000000000000e+02
-3.800000000000000000e+01 1.000000000000000000e+01 -4.800000000000000000e+01 5.053400000000000000e+04 5.165300000000000000e+04 5.386900000000000000e+04 4.777300000000000000e+04 1.692558791697956622e+01 7.930000000000000000e+02
-6.600000000000000000e+01 0.000000000000000000e+00 -5.700000000000000000e+01 5.044400000000000000e+04 5.077800000000000000e+04 5.385100000000000000e+04 4.877000000000000000e+04 1.693554039089940488e+01 7.930000000000000000e+02
-6.700000000000000000e+01 -5.000000000000000000e+00 -4.800000000000000000e+01 5.056900000000000000e+04 5.116600000000000000e+04 5.379300000000000000e+04 4.856100000000000000e+04 1.694570226990617812e+01 7.930000000000000000e+02
-5.800000000000000000e+01 -1.000000000000000000e+01 -4.500000000000000000e+01 5.117600000000000000e+04 5.213000000000000000e+04 5.433100000000000000e+04 4.898900000000000000e+04 1.695533640997018665e+01 7.870000000000000000e+02
-3.100000000000000000e+01 -1.200000000000000000e+01 -2.900000000000000000e+01 5.159800000000000000e+04 5.148700000000000000e+04 5.420100000000000000e+04 4.923500000000000000e+04 1.696552123595029116e+01 7.870000000000000000e+02
-2.800000000000000000e+01 -1.800000000000000000e+01 -3.500000000000000000e+01 5.140300000000000000e+04 5.169000000000000000e+04 5.451000000000000000e+04 4.941700000000000000e+04 1.697522921999916434e+01 7.870000000000000000e+02
-8.000000000000000000e+00 -2.300000000000000000e+01 -2.300000000000000000e+01 5.121700000000000000e+04 5.248300000000000000e+04 5.451900000000000000e+04 4.830200000000000000e+04 1.698549754091072828e+01 7.870000000000000000e+02
1.000000000000000000e+00 -2.700000000000000000e+01 -1.800000000000000000e+01 5.149800000000000000e+04 5.216000000000000000e+04 5.420900000000000000e+04 4.825100000000000000e+04 1.699578103690873832e+01 7.780000000000000000e+02
2.200000000000000000e+01 1.600000000000000000e+01 -1.100000000000000000e+01 5.224100000000000000e+04 5.259400000000000000e+04 5.463300000000000000e+04 4.909300000000000000e+04 1.700553881190717220e+01 7.780000000000000000e+02
3.000000000000000000e+00 7.000000000000000000e+00 -1.000000000000000000e+00 5.171500000000000000e+04 5.275400000000000000e+04 5.468200000000000000e+04 4.862000000000000000e+04 1.701530774997081608e+01 7.780000000000000000e+02
-2.000000000000000000e+00 5.900000000000000000e+01 -4.000000000000000000e+00 5.237400000000000000e+04 5.221300000000000000e+04 5.464300000000000000e+04 4.896600000000000000e+04 1.702653769496828318e+01 7.780000000000000000e+02
-3.900000000000000000e+01 7.500000000000000000e+01 8.000000000000000000e+00 5.234700000000000000e+04 5.123200000000000000e+04 5.434700000000000000e+04 4.994600000000000000e+04 1.703559282689820975e+01 7.620000000000000000e+02
-5.300000000000000000e+01 8.100000000000000000e+01 6.000000000000000000e+00 5.347100000000000000e+04 5.072500000000000000e+04 5.531500000000000000e+04 5.200400000000000000e+04 1.704563758592121303e+01 7.620000000000000000e+02
-3.300000000000000000e+01 3.800000000000000000e+01 1.100000000000000000e+01 5.362200000000000000e+04 5.042900000000000000e+04 5.485000000000000000e+04 5.223400000000000000e+04 1.705601436598226428e+01 7.620000000000000000e+02
1.200000000000000000e+01 -6.700000000000000000e+01 1.200000000000000000e+01 5.303500000000000000e+04 5.120600000000000000e+04 5.560300000000000000e+04 5.143000000000000000e+04 1.706583399791270494e+01 7.620000000000000000e+02
8.500000000000000000e+01 -1.820000000000000000e+02 2.700000000000000000e+01 5.344600000000000000e+04 5.115800000000000000e+04 5.531600000000000000e+04 5.116100000000000000e+04 1.707821765996050090e+01 6.400000000000000000e+01
1.670000000000000000e+02 -3.010000000000000000e+02 2.600000000000000000e+01 5.096900000000000000e+04 4.815400000000000000e+04 5.418100000000000000e+04 4.853600000000000000e+04 1.708553554397076368e+01 6.400000000000000000e+01
2.660000000000000000e+02 -4.340000000000000000e+02 1.300000000000000000e+01 4.961800000000000000e+04 4.839900000000000000e+04 5.400000000000000000e+04 4.801400000000000000e+04 1.709574347001034766e+01 6.400000000000000000e+01
4.260000000000000000e+02 -5.700000000000000000e+02 7.000000000000000000e+00 4.916600000000000000e+04 4.992100000000000000e+04 5.277200000000000000e+04 4.538300000000000000e+04 1.710547390196006745e+01 6.400000000000000000e+01
5.780000000000000000e+02 -6.410000000000000000e+02 2.600000000000000000e+01 4.966200000000000000e+04 4.905000000000000000e+04 5.302800000000000000e+04 4.442500000000000000e+04 1.711542315001133829e+01 6.400000000000000000e+01
7.220000000000000000e+02 -7.180000000000000000e+02 2.900000000000000000e+01 4.845300000000000000e+04 5.063100000000000000e+04 5.234800000000000000e+04 4.297100000000000000e+04 1.712537799694109708e+01 7.900000000000000000e+01
8.480000000000000000e+02 -7.380000000000000000e+02 3.900000000000000000e+01 4.709000000000000000e+04 4.750600000000000000e+04 4.962800000000000000e+04 3.929000000000000000e+04 1.713549503893591464e+01 7.900000000000000000e+01
9.140000000000000000e+02 -6.960000000000000000e+02 4.700000000000000000e+01 4.692200000000000000e+04 4.765600000000000000e+04 4.830400000000000000e+04 3.974800000000000000e+04 1.714501228090375662e+01 7.900000000000000000e+01
9.320000000000000000e+02 -6.200000000000000000e+02 5.700000000000000000e+01 4.724100000000000000e+04 4.667000000000000000e+04 4.749100000000000000e+04 3.902700000000000000e+04 1.715501056297216564e+01 7.900000000000000000e+01
8.790000000000000000e+02 -5.690000000000000000e+02 3.500000000000000000e+01 4.599300000000000000e+04 4.598200000000000000e+04 4.851200000000000000e+04 3.803200000000000000e+04 1.716541766689624637e+01 1.070000000000000000e+02
7.850000000000000000e+02 -4.960000000000000000e+02 5.100000000000000000e+01 4.238600000000000000e+04 4.300900000000000000e+04 4.602400000000000000e+04 3.622800000000000000e+04 1.717530331900343299e+01 1.070000000000000000e+02
7.050000000000000000e+02 -4.010000000000000000e+02 6.100000000000000000e+01 4.201900000000000000e+04 4.178100000000000000e+04 4.547300000000000000e+04 3.657600000000000000e+04 1.718536848993971944e+01 1.070000000000000000e+02
6.160000000000000000e+02 -3.160000000000000000e+02 5.300000000000000000e+01 4.197500000000000000e+04 4.061800000000000000e+04 4.483900000000000000e+04 3.702600000000000000e+04 1.719510443392209709e+01 1.070000000000000000e+02
5.250000000000000000e+02 -2.700000000000000000e+02 4.800000000000000000e+01 4.141400000000000000e+04 4.114700000000000000e+04 4.405200000000000000e+04 3.661500000000000000e+04 1.720536334090866148e+01 1.070000000000000000e+02
4.430000000000000000e+02 -1.960000000000000000e+02 5.700000000000000000e+01 4.000400000000000000e+04 3.913800000000000000e+04 4.237300000000000000e+04 3.420500000000000000e+04 1.721521500300150365e+01 1.160000000000000000e+02
3.440000000000000000e+02 -1.210000000000000000e+02 6.100000000000000000e+01 3.943400000000000000e+04 3.955700000000000000e+04 4.271200000000000000e+04 3.347700000000000000e+04 1.722570155293215066e+01 1.160000000000000000e+02
2.280000000000000000e+02 -6.700000000000000000e+01 5.100000000000000000e+01 3.913700000000000000e+04 3.890900000000000000e+04 4.288600000000000000e+04 3.439700000000000000e+04 1.723816298390738666e+01 1.160000000000000000e+02
1.150000000000000000e+02 -3.000000000000000000e+00 4.900000000000000000e+01 3.906100000000000000e+04 3.783400000000000000e+04 4.330900000000000000e+04 3.502300000000000000e+04 1.724563469993881881e+01 1.160000000000000000e+02
7.000000000000000000e+00 6.200000000000000000e+01 4.500000000000000000e+01 3.946300000000000000e+04 3.647400000000000000e+04 4.319100000000000000e+04 3.681000000000000000e+04 1.725548450194764882e+01 1.280000000000000000e+02
-8.800000000000000000e+01 1.430000000000000000e+02 4.900000000000000000e+01 3.848800000000000000e+04 3.554100000000000000e+04 4.311500000000000000e+04 3.587200000000000000e+04 1.726525329600553960e+01 1.280000000000000000e+02
-1.310000000000000000e+02 1.970000000000000000e+02 5.300000000000000000e+01 3.876000000000000000e+04 3.598600000000000000e+04 4.293200000000000000e+04 3.627900000000000000e+04 1.727513298392295837e+01 1.280000000000000000e+02
-1.690000000000000000e+02 2.730000000000000000e+02 4.300000000000000000e+01 3.938900000000000000e+04 3.617700000000000000e+04 4.235600000000000000e+04 3.719700000000000000e+04 1.728537506493739784e+01 1.280000000000000000e+02
-1.600000000000000000e+02 2.920000000000000000e+02 2.300000000000000000e+01 3.962200000000000000e+04 3.606700000000000000e+04 4.378700000000000000e+04 3.656400000000000000e+04 1.729519865394104272e+01 1.350000000000000000e+02
-1.620000000000000000e+02 3.110000000000000000e+02 1.200000000000000000e+01 4.003800000000000000e+04 3.669100000000000000e+04 4.254400000000000000e+04 3.732900000000000000e+04 1.730526871199253947e+01 1.350000000000000000e+02
-1.590000000000000000e+02 2.920000000000000000e+02 2.100000000000000000e+01 4.028400000000000000e+04 3.684700000000000000e+04 4.323000000000000000e+04 3.759000000000000000e+04 1.731550814199727029e+01 1.350000000000000000e+02
-1.450000000000000000e+02 3.250000000000000000e+02 2.500000000000000000e+01 4.102600000000000000e+04 3.727100000000000000e+04 4.368900000000000000e+04 3.757100000000000000e+04 1.732540786394383758e+01 1.350000000000000000e+02
-1.280000000000000000e+02 3.490000000000000000e+02 9.000000000000000000e+00 4.132600000000000000e+04 3.830300000000000000e+04 4.370700000000000000e+04 3.807200000000000000e+04 1.733545494894497097e+01 1.350000000000000000e+02
-9.700000000000000000e+01 2.750000000000000000e+02 -3.000000000000000000e+00 4.153500000000000000e+04 3.884800000000000000e+04 4.468500000000000000e+04 3.807700000000000000e+04 1.734567568695638329e+01 1.320000000000000000e+02
-8.000000000000000000e+01 2.210000000000000000e+02 5.000000000000000000e+00 4.264100000000000000e+04 4.095400000000000000e+04 4.541600000000000000e+04 3.839900000000000000e+04 1.735556949197780341e+01 1.320000000000000000e+02
-9.600000000000000000e+01 2.410000000000000000e+02 6.000000000000000000e+00 4.323600000000000000e+04 4.117100000000000000e+04 4.573600000000000000e+04 3.951500000000000000e+04 1.736596387589816004e+01 1.320000000000000000e+02
-6.100000000000000000e+01 1.530000000000000000e+02 0.000000000000000000e+00 4.395700000000000000e+04 4.188000000000000000e+04 4.625900000000000000e+04 3.978500000000000000e+04 1.737547400093171746e+01 1.320000000000000000e+02
-6.600000000000000000e+01 1.160000000000000000e+02 -4.000000000000000000e+00 4.450600000000000000e+04 4.343400000000000000e+04 4.648200000000000000e+04 3.980800000000000000e+04 1.738568711490370333e+01 1.280000000000000000e+02
-1.020000000000000000e+02 1.470000000000000000e+02 0.000000000000000000e+00 4.537800000000000000e+04 4.425500000000000000e+04 4.823500000000000000e+04 4.174800000000000000e+04 1.739542182290460914e+01 1.280000000000000000e+02
-1.220000000000000000e+02 2.100000000000000000e+02 -1.200000000000000000e+01 4.650600000000000000e+04 4.506900000000000000e+04 4.854200000000000000e+04 4.221800000000000000e+04 1.740568404900841415e+01 1.280000000000000000e+02
-1.560000000000000000e+02 2.070000000000000000e+02 -1.000000000000000000e+01 4.648800000000000000e+04 4.516300000000000000e+04 4.951000000000000000e+04 4.281100000000000000e+04 1.741569941199850291e+01 1.280000000000000000e+02
-1.560000000000000000e+02 1.550000000000000000e+02 -1.800000000000000000e+01 4.720500000000000000e+04 4.473300000000000000e+04 5.024600000000000000e+04 4.453000000000000000e+04 1.742502569500356913e+01 1.280000000000000000e+02
-1.580000000000000000e+02 1.780000000000000000e+02 0.000000000000000000e+00 4.919100000000000000e+04 4.582800000000000000e+04 5.059100000000000000e+04 4.613500000000000000e+04 1.743533436895813793e+01 1.190000000000000000e+02
-1.850000000000000000e+02 1.990000000000000000e+02 8.000000000000000000e+00 4.910400000000000000e+04 4.649600000000000000e+04 5.142900000000000000e+04 4.665700000000000000e+04 1.744541622197721153e+01 1.190000000000000000e+02
-1.790000000000000000e+02 1.780000000000000000e+02 3.000000000000000000e+00 4.982400000000000000e+04 4.772600000000000000e+04 5.232200000000000000e+04 4.632100000000000000e+04 1.745487533893901855e+01 1.190000000000000000e+02
-1.900000000000000000e+02 2.380000000000000000e+02 1.000000000000000000e+00 5.027000000000000000e+04 4.806700000000000000e+04 5.248000000000000000e+04 4.735100000000000000e+04 1.746540526999160647e+01 1.190000000000000000e+02
-1.750000000000000000e+02 2.680000000000000000e+02 -2.000000000000000000e+00 5.048200000000000000e+04 4.889000000000000000e+04 5.252300000000000000e+04 4.742400000000000000e+04 1.747543278196826577e+01 1.110000000000000000e+02
-1.620000000000000000e+02 2.630000000000000000e+02 5.000000000000000000e+00 5.182800000000000000e+04 4.969200000000000000e+04 5.324600000000000000e+04 4.806800000000000000e+04 1.748510246095247567e+01 1.110000000000000000e+02
-1.380000000000000000e+02 2.560000000000000000e+02 1.900000000000000000e+01 5.227600000000000000e+04 4.965500000000000000e+04 5.350300000000000000e+04 4.861600000000000000e+04 1.749491567397490144e+01 1.110000000000000000e+02
-1.120000000000000000e+02 2.410000000000000000e+02 2.100000000000000000e+01 5.316300000000000000e+04 5.017900000000000000e+04 5.370800000000000000e+04 4.885300000000000000e+04 1.750520765699911863e+01 1.110000000000000000e+02
-1.180000000000000000e+02 2.090000000000000000e+02 3.200000000000000000e+01 5.271900000000000000e+04 5.029300000000000000e+04 5.417100000000000000e+04 4.909700000000000000e+04 1.751527054200414568e+01 9.500000000000000000e+01
-1.150000000000000000e+02 1.340000000000000000e+02 2.400000000000000000e+01 5.328700000000000000e+04 5.152500000000000000e+04 5.561600000000000000e+04 4.943500000000000000e+04 1.752477260096929967e+01 9.500000000000000000e+01
-7.600000000000000000e+01 4.000000000000000000e+01 3.500000000000000000e+01 5.308000000000000000e+04 5.285000000000000000e+04 5.553800000000000000e+04 4.834800000000000000e+04 1.753549081599339843e+01 9.500000000000000000e+01
-9.200000000000000000e+01 -1.900000000000000000e+01 3.700000000000000000e+01 5.307500000000000000e+04 5.299300000000000000e+04 5.662700000000000000e+04 4.809600000000000000e+04 1.754541384894400835e+01 9.500000000000000000e+01
-1.190000000000000000e+02 -7.600000000000000000e+01 4.300000000000000000e+01 5.240300000000000000e+04 5.296500000000000000e+04 5.716900000000000000e+04 4.818600000000000000e+04 1.755592031893320382e+01 9.500000000000000000e+01
-1.160000000000000000e+02 -5.600000000000000000e+01 5.000000000000000000e+01 5.252000000000000000e+04 5.329400000000000000e+04 5.701300000000000000e+04 4.870200000000000000e+04 1.756491874298080802e+01 8.500000000000000000e+01
-1.520000000000000000e+02 1.500000000000000000e+01 5.700000000000000000e+01 5.368500000000000000e+04 5.290800000000000000e+04 5.676400000000000000e+04 4.930700000000000000e+04 1.757575888989958912e+01 8.500000000000000000e+01
-1.830000000000000000e+02 1.450000000000000000e+02 5.000000000000000000e+01 5.435400000000000000e+04 5.166900000000000000e+04 5.618700000000000000e+04 5.017200000000000000e+04 1.758522549795452505e+01 8.500000000000000000e+01
-2.320000000000000000e+02 2.610000000000000000e+02 4.000000000000000000e+01 5.431300000000000000e+04 5.042900000000000000e+04 5.622300000000000000e+04 5.099600000000000000e+04 1.759519939194433391e+01 8.500000000000000000e+01
-2.510000000000000000e+02 3.150000000000000000e+02 4.800000000000000000e+01 5.399400000000000000e+04 5.037600000000000000e+04 5.599300000000000000e+04 5.125400000000000000e+04 1.760582985100336373e+01 7.200000000000000000e+01
-2.250000000000000000e+02 2.740000000000000000e+02 4.500000000000000000e+01 5.413200000000000000e+04 5.128500000000000000e+04 5.613000000000000000e+04 5.053400000000000000e+04 1.761504671198781580e+01 7.200000000000000000e+01
-1.890000000000000000e+02 2.080000000000000000e+02 5.100000000000000000e+01 5.345700000000000000e+04 5.213000000000000000e+04 5.626800000000000000e+04 4.934700000000000000e+04 1.762562736298423260e+01 7.200000000000000000e+01
-1.630000000000000000e+02 1.330000000000000000e+02 2.000000000000000000e+01 5.327500000000000000e+04 5.192900000000000000e+04 5.620200000000000000e+04 4.917500000000000000e+04 1.763503050489816815e+01 7.200000000000000000e+01
-1.370000000000000000e+02 1.230000000000000000e+02 3.200000000000000000e+01 5.312300000000000000e+04 5.136000000000000000e+04 5.590200000000000000e+04 4.921000000000000000e+04 1.764464215491898358e+01 7.200000000000000000e+01
-1.040000000000000000e+02 3.200000000000000000e+01 2.500000000000000000e+01 5.303400000000000000e+04 5.241100000000000000e+04 5.657000000000000000e+04 4.873400000000000000e+04 1.765543029597029090e+01 5.700000000000000000e+01
-7.800000000000000000e+01 4.800000000000000000e+01 2.000000000000000000e+01 5.347300000000000000e+04 5.277100000000000000e+04 5.571000000000000000e+04 4.788200000000000000e+04 1.766526700695976615e+01 5.700000000000000000e+01
-3.600000000000000000e+01 7.200000000000000000e+01 2.300000000000000000e+01 5.319700000000000000e+04 5.231600000000000000e+04 5.566500000000000000e+04 4.798400000000000000e+04 1.767522091395221651e+01 5.700000000000000000e+01
-8.000000000000000000e+00 1.520000000000000000e+02 2.300000000000000000e+01 5.377600000000000000e+04 5.255700000000000000e+04 5.463300000000000000e+04 4.746800000000000000e+04 1.768513767491094768e+01 5.700000000000000000e+01
-5.800000000000000000e+01 2.420000000000000000e+02 4.000000000000000000e+01 5.396900000000000000e+04 5.018200000000000000e+04 5.408700000000000000e+04 4.921500000000000000e+04 1.769473103899508715e+01 5.100000000000000000e+01
-1.340000000000000000e+02 2.630000000000000000e+02 2.100000000000000000e+01 5.356600000000000000e+04 4.921800000000000000e+04 5.460700000000000000e+04 4.967300000000000000e+04 1.770521814096719027e+01 5.100000000000000000e+01
-2.320000000000000000e+02 2.560000000000000000e+02 1.300000000000000000e+01 5.203400000000000000e+04 4.888700000000000000e+04 5.552800000000000000e+04 4.962600000000000000e+04 1.771547323092818260e+01 5.100000000000000000e+01
-2.560000000000000000e+02 2.060000000000000000e+02 -6.000000000000000000e+00 5.148200000000000000e+04 4.917600000000000000e+04 5.500300000000000000e+04 4.934900000000000000e+04 1.772483847895637155e+01 5.100000000000000000e+01
-2.670000000000000000e+02 2.030000000000000000e+02 4.000000000000000000e+00 5.166800000000000000e+04 4.827100000000000000e+04 5.466000000000000000e+04 4.926500000000000000e+04 1.773483993893023580e+01 4.500000000000000000e+01
-2.500000000000000000e+02 1.240000000000000000e+02 -1.400000000000000000e+01 5.071200000000000000e+04 4.889800000000000000e+04 5.527400000000000000e+04 4.858600000000000000e+04 1.774524009390734136e+01 4.500000000000000000e+01
-1.640000000000000000e+02 4.900000000000000000e+01 -1.900000000000000000e+01 5.079700000000000000e+04 5.061100000000000000e+04 5.375700000000000000e+04 4.734300000000000000e+04 1.775486649794038385e+01 4.500000000000000000e+01
-2.800000000000000000e+01 1.200000000000000000e+01 -1.900000000000000000e+01 5.209700000000000000e+04 5.007600000000000000e+04 5.352400000000000000e+04 4.524600000000000000e+04 1.776536929898429662e+01 4.500000000000000000e+01
1.130000000000000000e+02 3.000000000000000000e+00 -2.000000000000000000e+01 5.166900000000000000e+04 5.080700000000000000e+04 5.368400000000000000e+04 4.352300000000000000e+04 1.777467296994291246e+01 4.500000000000000000e+01
1.690000000000000000e+02 -6.200000000000000000e+01 -2.000000000000000000e+01 5.049800000000000000e+04 5.265300000000000000e+04 5.314100000000000000e+04 4.335100000000000000e+04 1.778520662698429078e+01 3.900000000000000000e+01
2.140000000000000000e+02 -4.000000000000000000e+01 -7.000000000000000000e+00 5.134600000000000000e+04 5.243600000000000000e+04 5.199800000000000000e+04 4.277800000000000000e+04 1.779497302591335028e+01 3.900000000000000000e+01
1.070000000000000000e+02 -1.000000000000000000e+00 -8.000000000000000000e+00 5.092400000000000000e+04 5.088000000000000000e+04 5.305900000000000000e+04 4.337700000000000000e+04 1.780536255193874240e+01 3.900000000000000000e+01
-3.700000000000000000e+01 1.150000000000000000e+02 4.000000000000000000e+00 5.047700000000000000e+04 4.895500000000000000e+04 5.272900000000000000e+04 4.532400000000000000e+04 1.781465771200601012e+01 3.900000000000000000e+01
-1.910000000000000000e+02 1.810000000000000000e+02 -1.000000000000000000e+00 4.986600000000000000e+04 4.752500000000000000e+04 5.243800000000000000e+04 4.671100000000000000e+04 1.782537809899076819e+01 4.300000000000000000e+01
-3.430000000000000000e+02 2.460000000000000000e+02 -5.000000000000000000e+00 4.915900000000000000e+04 4.548000000000000000e+04 5.317500000000000000e+04 4.756000000000000000e+04 1.783543052792083472e+01 4.300000000000000000e+01
-3.900000000000000000e+02 2.460000000000000000e+02 4.000000000000000000e+00 4.872300000000000000e+04 4.571800000000000000e+04 5.302900000000000000e+04 4.688100000000000000e+04 1.784495663794223219e+01 4.300000000000000000e+01
-4.030000000000000000e+02 2.590000000000000000e+02 7.000000000000000000e+00 4.844200000000000000e+04 4.306600000000000000e+04 5.413800000000000000e+04 4.709600000000000000e+04 1.785498481290414929e+01 4.300000000000000000e+01
-3.630000000000000000e+02 2.420000000000000000e+02 5.000000000000000000e+00 4.730400000000000000e+04 4.369500000000000000e+04 5.362800000000000000e+04 4.781600000000000000e+04 1.786451363097876310e+01 4.300000000000000000e+01
-2.490000000000000000e+02 2.350000000000000000e+02 2.500000000000000000e+01 4.764500000000000000e+04 4.458100000000000000e+04 5.272700000000000000e+04 4.690300000000000000e+04 1.787525057699531317e+01 4.400000000000000000e+01
-6.000000000000000000e+01 1.890000000000000000e+02 1.400000000000000000e+01 4.899500000000000000e+04 4.587800000000000000e+04 5.174900000000000000e+04 4.471700000000000000e+04 1.788516498694662005e+01 4.400000000000000000e+01
1.290000000000000000e+02 1.390000000000000000e+02 3.200000000000000000e+01 4.975200000000000000e+04 4.687000000000000000e+04 5.096800000000000000e+04 4.376500000000000000e+04 1.789498689793981612e+01 4.400000000000000000e+01
2.940000000000000000e+02 1.000000000000000000e+02 2.800000000000000000e+01 5.004700000000000000e+04 4.768800000000000000e+04 4.988000000000000000e+04 4.220400000000000000e+04 1.790566075197421014e+01 4.400000000000000000e+01
4.060000000000000000e+02 2.800000000000000000e+01 1.900000000000000000e+01 5.080500000000000000e+04 4.816200000000000000e+04 4.932300000000000000e+04 4.131700000000000000e+04 1.791484955092892051e+01 5.000000000000000000e+01
4.670000000000000000e+02 5.400000000000000000e+01 1.400000000000000000e+01 5.042800000000000000e+04 4.851800000000000000e+04 4.805500000000000000e+04 4.074800000000000000e+04 1.792656018293928355e+01 5.000000000000000000e+01
4.570000000000000000e+02 4.300000000000000000e+01 -4.000000000000000000e+00 5.044200000000000000e+04 4.811700000000000000e+04 4.879900000000000000e+04 4.024900000000000000e+04 1.793505656195338815e+01 5.000000000000000000e+01
3.660000000000000000e+02 3.300000000000000000e+01 -3.000000000000000000e+01 4.959400000000000000e+04 4.780800000000000000e+04 4.844900000000000000e+04 4.166400000000000000e+04 1.794498309190385044e+01 5.000000000000000000e+01
2.390000000000000000e+02 -1.300000000000000000e+01 -2.800000000000000000e+01 4.879700000000000000e+04 4.792200000000000000e+04 4.955800000000000000e+04 4.112200000000000000e+04 1.795507971500046551e+01 5.900000000000000000e+01
7.400000000000000000e+01 -2.700000000000000000e+01 -2.900000000000000000e+01 4.716000000000000000e+04 4.673000000000000000e+04 5.010500000000000000e+04 4.140500000000000000e+04 1.796497373189777136e+01 5.900000000000000000e+01
-9.100000000000000000e+01 -5.700000000000000000e+01 -1.000000000000000000e+01 4.579900000000000000e+04 4.542100000000000000e+04 5.143600000000000000e+04 4.211700000000000000e+04 1.797540449595544487e+01 5.900000000000000000e+01
-2.550000000000000000e+02 -1.120000000000000000e+02 -2.200000000000000000e+01 4.483100000000000000e+04 4.416700000000000000e+04 5.202600000000000000e+04 4.346800000000000000e+04 1.798457704496104270e+01 5.900000000000000000e+01
-3.550000000000000000e+02 -1.060000000000000000e+02 -2.300000000000000000e+01 4.413000000000000000e+04 4.416400000000000000e+04 5.197400000000000000e+04 4.396600000000000000e+04 1.799473975191358477e+01 5.900000000000000000e+01
