-3.100000000000000000e+01 -4.000000000000000000e+00 4.000000000000000000e+00 5.859500000000000000e+04 6.058800000000000000e+04 6.086800000000000000e+04 5.848700000000000000e+04 1.530665839300490916e+01 8.310000000000000000e+02
-2.400000000000000000e+01 -1.400000000000000000e+01 3.000000000000000000e+00 5.869500000000000000e+04 6.001700000000000000e+04 6.090900000000000000e+04 5.914000000000000000e+04 1.531640221501584165e+01 8.310000000000000000e+02
-2.000000000000000000e+01 -6.000000000000000000e+00 1.400000000000000000e+01 5.885500000000000000e+04 6.065900000000000000e+04 6.065900000000000000e+04 5.845800000000000000e+04 1.532623525301460177e+01 8.310000000000000000e+02
-8.000000000000000000e+00 8.000000000000000000e+00 8.000000000000000000e+00 5.923800000000000000e+04 6.060100000000000000e+04 6.032000000000000000e+04 5.838000000000000000e+04 1.533637979402556084e+01 8.320000000000000000e+02
2.200000000000000000e+01 -2.000000000000000000e+00 1.000000000000000000e+00 5.954900000000000000e+04 6.061400000000000000e+04 5.996300000000000000e+04 5.844100000000000000e+04 1.534619547802140005e+01 8.320000000000000000e+02
3.300000000000000000e+01 -3.100000000000000000e+01 1.000000000000000000e+01 5.849500000000000000e+04 6.084900000000000000e+04 6.109700000000000000e+04 5.823000000000000000e+04 1.535616151100839488e+01 8.320000000000000000e+02
4.000000000000000000e+01 -3.500000000000000000e+01 7.000000000000000000e+00 5.902300000000000000e+04 6.082500000000000000e+04 6.056500000000000000e+04 5.826500000000000000e+04 1.536733089300105348e+01 8.320000000000000000e+02
5.200000000000000000e+01 -2.100000000000000000e+01 6.000000000000000000e+00 5.938700000000000000e+04 6.076000000000000000e+04 5.991600000000000000e+04 5.798100000000000000e+04 1.537675156802288257e+01 8.340000000000000000e+02
5.300000000000000000e+01 -1.900000000000000000e+01 8.000000000000000000e+00 5.962100000000000000e+04 6.081000000000000000e+04 5.943800000000000000e+04 5.753700000000000000e+04 1.538620359901688062e+01 8.340000000000000000e+02
2.400000000000000000e+01 -2.600000000000000000e+01 9.000000000000000000e+00 5.832900000000000000e+04 6.029900000000000000e+04 6.043100000000000000e+04 5.807800000000000000e+04 1.539747173001524061e+01 8.340000000000000000e+02
1.200000000000000000e+01 -3.600000000000000000e+01 5.000000000000000000e+00 5.815700000000000000e+04 6.022600000000000000e+04 6.043800000000000000e+04 5.778000000000000000e+04 1.540802388099837117e+01 8.340000000000000000e+02
1.400000000000000000e+01 -2.600000000000000000e+01 1.000000000000000000e+00 5.840800000000000000e+04 5.996900000000000000e+04 5.994600000000000000e+04 5.794000000000000000e+04 1.541660054001840763e+01 8.350000000000000000e+02
-1.000000000000000000e+01 -1.100000000000000000e+01 -6.000000000000000000e+00 5.851000000000000000e+04 6.019600000000000000e+04 5.931000000000000000e+04 5.721400000000000000e+04 1.542654001800110564e+01 8.350000000000000000e+02
-2.800000000000000000e+01 -1.000000000000000000e+00 -5.000000000000000000e+00 5.735900000000000000e+04 5.979600000000000000e+04 6.011700000000000000e+04 5.727600000000000000e+04 1.543655541501357220e+01 8.350000000000000000e+02
-1.300000000000000000e+01 1.100000000000000000e+01 0.000000000000000000e+00 5.811400000000000000e+04 5.974200000000000000e+04 5.932000000000000000e+04 5.744500000000000000e+04 1.544574482101597823e+01 8.350000000000000000e+02
-1.200000000000000000e+01 1.500000000000000000e+01 -1.000000000000000000e+01 5.817600000000000000e+04 5.983600000000000000e+04 5.903300000000000000e+04 5.748400000000000000e+04 1.545659649602021091e+01 8.350000000000000000e+02
0.000000000000000000e+00 2.300000000000000000e+01 1.000000000000000000e+00 5.784000000000000000e+04 6.010900000000000000e+04 5.972900000000000000e+04 5.719800000000000000e+04 1.546669848600868136e+01 8.330000000000000000e+02
9.000000000000000000e+00 3.300000000000000000e+01 2.000000000000000000e+00 5.831600000000000000e+04 5.912100000000000000e+04 5.910400000000000000e+04 5.800300000000000000e+04 1.547605518801719882e+01 8.330000000000000000e+02
2.000000000000000000e+01 1.200000000000000000e+01 3.000000000000000000e+00 5.839200000000000000e+04 5.949100000000000000e+04 5.915300000000000000e+04 5.753900000000000000e+04 1.548604622299899347e+01 8.330000000000000000e+02
2.500000000000000000e+01 -9.000000000000000000e+00 -9.000000000000000000e+00 5.849600000000000000e+04 5.984900000000000000e+04 5.903100000000000000e+04 5.743400000000000000e+04 1.549557969902525656e+01 8.330000000000000000e+02
1.700000000000000000e+01 -9.000000000000000000e+00 -4.000000000000000000e+00 5.775700000000000000e+04 5.967600000000000000e+04 5.969800000000000000e+04 5.772900000000000000e+04 1.550662494101561606e+01 8.360000000000000000e+02
1.600000000000000000e+01 -2.000000000000000000e+01 -9.000000000000000000e+00 5.768200000000000000e+04 5.994800000000000000e+04 5.951800000000000000e+04 5.704800000000000000e+04 1.551548539401846938e+01 8.360000000000000000e+02
5.000000000000000000e+00 -3.900000000000000000e+01 -2.300000000000000000e+01 5.775300000000000000e+04 6.101800000000000000e+04 5.921600000000000000e+04 5.641700000000000000e+04 1.552546027200878598e+01 8.360000000000000000e+02
-3.000000000000000000e+00 -6.200000000000000000e+01 -1.800000000000000000e+01 5.713800000000000000e+04 6.014400000000000000e+04 5.990700000000000000e+04 5.715400000000000000e+04 1.553548401000443846e+01 8.360000000000000000e+02
2.000000000000000000e+00 -3.400000000000000000e+01 -9.000000000000000000e+00 5.738200000000000000e+04 5.978900000000000000e+04 5.961000000000000000e+04 5.746100000000000000e+04 1.554564797901548445e+01 8.380000000000000000e+02
-2.100000000000000000e+01 -1.500000000000000000e+01 -1.100000000000000000e+01 5.706700000000000000e+04 5.977400000000000000e+04 5.978900000000000000e+04 5.707000000000000000e+04 1.555661211701226421e+01 8.380000000000000000e+02
-2.600000000000000000e+01 4.500000000000000000e+01 -4.000000000000000000e+00 5.774700000000000000e+04 5.900400000000000000e+04 5.930700000000000000e+04 5.783000000000000000e+04 1.556628189602633938e+01 8.380000000000000000e+02
-3.000000000000000000e+01 8.600000000000000000e+01 6.000000000000000000e+00 5.803500000000000000e+04 5.919300000000000000e+04 5.895600000000000000e+04 5.776100000000000000e+04 1.557721278001554310e+01 8.380000000000000000e+02
-2.000000000000000000e+01 1.110000000000000000e+02 1.000000000000000000e+00 5.787500000000000000e+04 5.878400000000000000e+04 5.905200000000000000e+04 5.815900000000000000e+04 1.558625904400832951e+01 8.380000000000000000e+02
9.000000000000000000e+00 1.000000000000000000e+02 -1.000000000000000000e+00 5.859300000000000000e+04 5.959900000000000000e+04 5.892000000000000000e+04 5.782900000000000000e+04 1.559672138400492258e+01 8.350000000000000000e+02
3.900000000000000000e+01 7.000000000000000000e+01 -4.000000000000000000e+00 5.866700000000000000e+04 6.033000000000000000e+04 5.901900000000000000e+04 5.707600000000000000e+04 1.560687648400198668e+01 8.350000000000000000e+02
2.700000000000000000e+01 5.800000000000000000e+01 7.000000000000000000e+00 5.846300000000000000e+04 5.963100000000000000e+04 5.950800000000000000e+04 5.807600000000000000e+04 1.561524094201740809e+01 8.350000000000000000e+02
4.400000000000000000e+01 2.500000000000000000e+01 8.000000000000000000e+00 5.825100000000000000e+04 5.975900000000000000e+04 5.981900000000000000e+04 5.802400000000000000e+04 1.562685864002560265e+01 8.350000000000000000e+02
6.400000000000000000e+01 7.000000000000000000e+00 5.000000000000000000e+00 5.861500000000000000e+04 6.058400000000000000e+04 5.982800000000000000e+04 5.738100000000000000e+04 1.563653469301061705e+01 8.370000000000000000e+02
4.000000000000000000e+01 -1.000000000000000000e+01 1.600000000000000000e+01 5.861400000000000000e+04 6.072600000000000000e+04 5.992100000000000000e+04 5.725800000000000000e+04 1.564606833201833069e+01 8.370000000000000000e+02
3.700000000000000000e+01 -3.200000000000000000e+01 8.000000000000000000e+00 5.853100000000000000e+04 6.078500000000000000e+04 6.028900000000000000e+04 5.736200000000000000e+04 1.565569660102482885e+01 8.370000000000000000e+02
7.000000000000000000e+00 -2.500000000000000000e+01 4.000000000000000000e+00 5.864500000000000000e+04 6.074100000000000000e+04 6.034000000000000000e+04 5.776200000000000000e+04 1.566586939300759695e+01 8.370000000000000000e+02
6.000000000000000000e+00 -3.000000000000000000e+01 1.400000000000000000e+01 5.871700000000000000e+04 6.084700000000000000e+04 6.050600000000000000e+04 5.788300000000000000e+04 1.567804368500947021e+01 8.340000000000000000e+02
-8.000000000000000000e+00 2.000000000000000000e+00 7.000000000000000000e+00 5.971800000000000000e+04 6.077600000000000000e+04 6.008500000000000000e+04 5.853600000000000000e+04 1.568652078500599600e+01 8.340000000000000000e+02
-4.200000000000000000e+01 -9.000000000000000000e+00 2.100000000000000000e+01 5.852600000000000000e+04 6.082000000000000000e+04 6.118800000000000000e+04 5.850600000000000000e+04 1.569574788102181628e+01 8.340000000000000000e+02
-5.600000000000000000e+01 1.000000000000000000e+01 1.700000000000000000e+01 5.917200000000000000e+04 6.046800000000000000e+04 6.095500000000000000e+04 5.914700000000000000e+04 1.570619190300931223e+01 8.340000000000000000e+02
-3.700000000000000000e+01 -3.100000000000000000e+01 3.000000000000000000e+00 5.891100000000000000e+04 6.121000000000000000e+04 6.110100000000000000e+04 5.838900000000000000e+04 1.571745568502228707e+01 8.330000000000000000e+02
-3.000000000000000000e+01 -2.800000000000000000e+01 -8.000000000000000000e+00 5.887400000000000000e+04 6.111100000000000000e+04 6.170600000000000000e+04 5.908700000000000000e+04 1.572567235102178529e+01 8.330000000000000000e+02
-2.500000000000000000e+01 -9.000000000000000000e+00 5.000000000000000000e+00 5.936800000000000000e+04 6.112700000000000000e+04 6.173500000000000000e+04 5.929600000000000000e+04 1.573652609600685537e+01 8.330000000000000000e+02
0.000000000000000000e+00 -8.000000000000000000e+00 1.700000000000000000e+01 5.964800000000000000e+04 6.226500000000000000e+04 6.147400000000000000e+04 5.819700000000000000e+04 1.574574103101622313e+01 8.330000000000000000e+02
1.700000000000000000e+01 -9.000000000000000000e+00 1.000000000000000000e+00 5.999800000000000000e+04 6.232500000000000000e+04 6.110400000000000000e+04 5.842000000000000000e+04 1.577153384100529365e+01 8.330000000000000000e+02
1.400000000000000000e+01 1.600000000000000000e+01 1.100000000000000000e+01 6.001000000000000000e+04 6.104400000000000000e+04 6.127300000000000000e+04 5.941800000000000000e+04 1.577526765101356432e+01 8.340000000000000000e+02
2.300000000000000000e+01 5.100000000000000000e+01 1.400000000000000000e+01 6.067400000000000000e+04 6.168300000000000000e+04 6.095100000000000000e+04 5.906300000000000000e+04 1.577720552901155315e+01 8.340000000000000000e+02
3.000000000000000000e+00 5.100000000000000000e+01 8.000000000000000000e+00 5.954100000000000000e+04 6.204400000000000000e+04 6.189200000000000000e+04 5.890300000000000000e+04 1.578634518600301817e+01 8.340000000000000000e+02
-4.000000000000000000e+00 3.400000000000000000e+01 -4.000000000000000000e+00 5.941800000000000000e+04 6.204300000000000000e+04 6.197500000000000000e+04 5.881600000000000000e+04 1.579700988699914888e+01 8.340000000000000000e+02
4.000000000000000000e+00 3.300000000000000000e+01 7.000000000000000000e+00 5.998600000000000000e+04 6.133600000000000000e+04 6.137100000000000000e+04 5.926100000000000000e+04 1.580602090401225723e+01 8.330000000000000000e+02
0.000000000000000000e+00 4.000000000000000000e+01 7.000000000000000000e+00 5.995100000000000000e+04 6.113200000000000000e+04 6.148900000000000000e+04 5.967700000000000000e+04 1.581560001501929946e+01 8.330000000000000000e+02
4.000000000000000000e+00 4.300000000000000000e+01 4.000000000000000000e+00 5.986800000000000000e+04 6.154500000000000000e+04 6.150300000000000000e+04 5.931600000000000000e+04 1.582612638702266850e+01 8.330000000000000000e+02
1.100000000000000000e+01 1.200000000000000000e+01 1.000000000000000000e+01 5.985200000000000000e+04 6.174900000000000000e+04 6.158300000000000000e+04 5.907900000000000000e+04 1.583629807500983588e+01 8.330000000000000000e+02
1.100000000000000000e+01 -1.000000000000000000e+01 7.000000000000000000e+00 5.952200000000000000e+04 6.217100000000000000e+04 6.184500000000000000e+04 5.860400000000000000e+04 1.584568050800589845e+01 8.330000000000000000e+02
4.500000000000000000e+01 -1.600000000000000000e+01 1.900000000000000000e+01 5.984400000000000000e+04 6.219400000000000000e+04 6.133500000000000000e+04 5.835700000000000000e+04 1.585661944202729501e+01 8.330000000000000000e+02
4.900000000000000000e+01 -1.300000000000000000e+01 1.400000000000000000e+01 6.005200000000000000e+04 6.187400000000000000e+04 6.104800000000000000e+04 5.840500000000000000e+04 1.586586665801587515e+01 8.330000000000000000e+02
3.000000000000000000e+01 -3.500000000000000000e+01 1.300000000000000000e+01 5.953000000000000000e+04 6.147900000000000000e+04 6.145800000000000000e+04 5.869300000000000000e+04 1.587695326001266949e+01 8.330000000000000000e+02
7.000000000000000000e+00 -2.500000000000000000e+01 1.000000000000000000e+01 5.955700000000000000e+04 6.139600000000000000e+04 6.152200000000000000e+04 5.868100000000000000e+04 1.588618120600585826e+01 8.330000000000000000e+02
-2.000000000000000000e+00 -2.600000000000000000e+01 1.500000000000000000e+01 5.910300000000000000e+04 6.122600000000000000e+04 6.150700000000000000e+04 5.850600000000000000e+04 1.589643035701010376e+01 8.350000000000000000e+02
-8.000000000000000000e+00 -1.900000000000000000e+01 1.300000000000000000e+01 5.889100000000000000e+04 6.132600000000000000e+04 6.158400000000000000e+04 5.838800000000000000e+04 1.590501515701180324e+01 8.350000000000000000e+02
-1.900000000000000000e+01 -7.000000000000000000e+00 1.200000000000000000e+01 5.890200000000000000e+04 6.046500000000000000e+04 6.159800000000000000e+04 5.900200000000000000e+04 1.591635039501124993e+01 8.350000000000000000e+02
-1.800000000000000000e+01 -1.000000000000000000e+00 3.000000000000000000e+00 5.934500000000000000e+04 6.122300000000000000e+04 6.098800000000000000e+04 5.820500000000000000e+04 1.592567463900195435e+01 8.350000000000000000e+02
-2.800000000000000000e+01 1.900000000000000000e+01 -9.000000000000000000e+00 5.921200000000000000e+04 6.085500000000000000e+04 6.086400000000000000e+04 5.878100000000000000e+04 1.593651974500971846e+01 8.340000000000000000e+02
-2.100000000000000000e+01 1.300000000000000000e+01 -6.000000000000000000e+00 5.877900000000000000e+04 6.104000000000000000e+04 6.131400000000000000e+04 5.843400000000000000e+04 1.594625743100186810e+01 8.340000000000000000e+02
-2.400000000000000000e+01 2.100000000000000000e+01 3.000000000000000000e+00 5.942900000000000000e+04 6.068400000000000000e+04 6.047800000000000000e+04 5.888900000000000000e+04 1.595619816301041283e+01 8.340000000000000000e+02
-5.000000000000000000e+00 1.200000000000000000e+01 -9.000000000000000000e+00 5.878400000000000000e+04 6.081000000000000000e+04 6.111500000000000000e+04 5.860600000000000000e+04 1.596590792702045292e+01 8.340000000000000000e+02
5.000000000000000000e+00 3.000000000000000000e+01 -1.600000000000000000e+01 5.871200000000000000e+04 6.044300000000000000e+04 6.080900000000000000e+04 5.876000000000000000e+04 1.597615946302539669e+01 8.300000000000000000e+02
-1.700000000000000000e+01 3.900000000000000000e+01 -7.000000000000000000e+00 5.915300000000000000e+04 6.139100000000000000e+04 6.128400000000000000e+04 5.863500000000000000e+04 1.598556228200322948e+01 8.300000000000000000e+02
-1.300000000000000000e+01 5.100000000000000000e+01 -1.000000000000000000e+00 5.944000000000000000e+04 6.138000000000000000e+04 6.112800000000000000e+04 5.856500000000000000e+04 1.599607596700661816e+01 8.300000000000000000e+02
-7.000000000000000000e+00 3.000000000000000000e+01 -5.000000000000000000e+00 5.928600000000000000e+04 6.100500000000000000e+04 6.126300000000000000e+04 5.908700000000000000e+04 1.600657271299860440e+01 8.300000000000000000e+02
-1.900000000000000000e+01 2.800000000000000000e+01 -3.000000000000000000e+00 5.939400000000000000e+04 6.106000000000000000e+04 6.138600000000000000e+04 5.919000000000000000e+04 1.601616149200708605e+01 8.300000000000000000e+02
-3.600000000000000000e+01 4.000000000000000000e+01 -9.000000000000000000e+00 5.992200000000000000e+04 6.178200000000000000e+04 6.158700000000000000e+04 5.951200000000000000e+04 1.602593998101656325e+01 8.260000000000000000e+02
-4.700000000000000000e+01 1.900000000000000000e+01 -3.000000000000000000e+00 5.976300000000000000e+04 6.188000000000000000e+04 6.175300000000000000e+04 5.943900000000000000e+04 1.603539741400163621e+01 8.260000000000000000e+02
-2.900000000000000000e+01 -8.000000000000000000e+00 -1.600000000000000000e+01 6.035900000000000000e+04 6.245200000000000000e+04 6.175800000000000000e+04 5.942900000000000000e+04 1.604477141902316362e+01 8.260000000000000000e+02
-8.000000000000000000e+00 -3.800000000000000000e+01 -1.300000000000000000e+01 5.988100000000000000e+04 6.309200000000000000e+04 6.210500000000000000e+04 5.898600000000000000e+04 1.605485152502660640e+01 8.260000000000000000e+02
-2.700000000000000000e+01 -2.700000000000000000e+01 -1.200000000000000000e+01 5.920000000000000000e+04 6.224500000000000000e+04 6.284500000000000000e+04 5.984900000000000000e+04 1.606528939399868250e+01 8.310000000000000000e+02
-3.900000000000000000e+01 -1.400000000000000000e+01 -1.700000000000000000e+01 5.942500000000000000e+04 6.221200000000000000e+04 6.240900000000000000e+04 5.975600000000000000e+04 1.607529843400698155e+01 8.310000000000000000e+02
2.000000000000000000e+01 -1.200000000000000000e+01 -2.700000000000000000e+01 6.029000000000000000e+04 6.255900000000000000e+04 6.173600000000000000e+04 5.985200000000000000e+04 1.608525819500209764e+01 8.310000000000000000e+02
1.200000000000000000e+01 -1.300000000000000000e+01 -2.100000000000000000e+01 6.062200000000000000e+04 6.248000000000000000e+04 6.157200000000000000e+04 6.008700000000000000e+04 1.609520694499951787e+01 8.310000000000000000e+02
3.600000000000000000e+01 -1.300000000000000000e+01 -2.300000000000000000e+01 6.034700000000000000e+04 6.254500000000000000e+04 6.195500000000000000e+04 6.024900000000000000e+04 1.610524677400826477e+01 8.280000000000000000e+02
3.000000000000000000e+00 1.700000000000000000e+01 -7.000000000000000000e+00 5.997100000000000000e+04 6.189000000000000000e+04 6.246800000000000000e+04 6.084900000000000000e+04 1.611531622402253561e+01 8.280000000000000000e+02
9.000000000000000000e+00 -4.200000000000000000e+01 -3.000000000000000000e+01 5.914700000000000000e+04 6.325600000000000000e+04 6.283800000000000000e+04 5.944900000000000000e+04 1.612582768601714633e+01 8.280000000000000000e+02
-1.800000000000000000e+01 -1.500000000000000000e+01 -2.600000000000000000e+01 5.948800000000000000e+04 6.185100000000000000e+04 6.269100000000000000e+04 6.075500000000000000e+04 1.613568842501263134e+01 8.280000000000000000e+02
-2.000000000000000000e+00 2.300000000000000000e+01 -3.500000000000000000e+01 6.043000000000000000e+04 6.190100000000000000e+04 6.200800000000000000e+04 6.094300000000000000e+04 1.614604420500108972e+01 8.240000000000000000e+02
-5.000000000000000000e+00 2.500000000000000000e+01 -3.000000000000000000e+01 6.080100000000000000e+04 6.237700000000000000e+04 6.234700000000000000e+04 6.124500000000000000e+04 1.615507829902344383e+01 8.240000000000000000e+02
-2.100000000000000000e+01 1.100000000000000000e+01 -1.200000000000000000e+01 6.054200000000000000e+04 6.222600000000000000e+04 6.259300000000000000e+04 6.121400000000000000e+04 1.616518716502469033e+01 8.240000000000000000e+02
1.400000000000000000e+01 -1.300000000000000000e+01 -1.600000000000000000e+01 6.054200000000000000e+04 6.317100000000000000e+04 6.236800000000000000e+04 6.044700000000000000e+04 1.617572969201137312e+01 8.240000000000000000e+02
4.800000000000000000e+01 -1.100000000000000000e+01 -5.000000000000000000e+00 6.123700000000000000e+04 6.358600000000000000e+04 6.200100000000000000e+04 6.016600000000000000e+04 1.618598079000366852e+01 8.240000000000000000e+02
5.500000000000000000e+01 -7.000000000000000000e+00 -1.500000000000000000e+01 6.075600000000000000e+04 6.415900000000000000e+04 6.269900000000000000e+04 5.939900000000000000e+04 1.619546678502229042e+01 8.260000000000000000e+02
4.900000000000000000e+01 -3.700000000000000000e+01 -1.300000000000000000e+01 6.012900000000000000e+04 6.389700000000000000e+04 6.299000000000000000e+04 5.975400000000000000e+04 1.620557987500797026e+01 8.260000000000000000e+02
1.600000000000000000e+01 -4.000000000000000000e+00 -3.000000000000000000e+00 6.065900000000000000e+04 6.270200000000000000e+04 6.259800000000000000e+04 6.089800000000000000e+04 1.621526154401362874e+01 8.260000000000000000e+02
-2.000000000000000000e+01 3.200000000000000000e+01 1.100000000000000000e+01 6.102000000000000000e+04 6.300600000000000000e+04 6.249000000000000000e+04 6.061500000000000000e+04 1.622597631401731633e+01 8.260000000000000000e+02
-5.100000000000000000e+01 7.300000000000000000e+01 1.000000000000000000e+00 6.082200000000000000e+04 6.107500000000000000e+04 6.252800000000000000e+04 6.231000000000000000e+04 1.623482507001608610e+01 8.250000000000000000e+02
-3.200000000000000000e+01 7.900000000000000000e+01 -3.000000000000000000e+00 6.083400000000000000e+04 6.257300000000000000e+04 6.230300000000000000e+04 6.093900000000000000e+04 1.624553044102503918e+01 8.250000000000000000e+02
-3.300000000000000000e+01 7.300000000000000000e+01 -9.000000000000000000e+00 6.063300000000000000e+04 6.201700000000000000e+04 6.237600000000000000e+04 6.118100000000000000e+04 1.625548972201067954e+01 8.250000000000000000e+02
3.000000000000000000e+00 6.000000000000000000e+00 -1.500000000000000000e+01 5.876100000000000000e+04 6.231100000000000000e+04 6.383400000000000000e+04 6.096900000000000000e+04 1.626624089200049639e+01 8.250000000000000000e+02
5.000000000000000000e+01 2.000000000000000000e+00 -2.300000000000000000e+01 5.954500000000000000e+04 6.215600000000000000e+04 6.300700000000000000e+04 6.117100000000000000e+04 1.627685420602210797e+01 8.280000000000000000e+02
1.440000000000000000e+02 -3.400000000000000000e+01 -1.800000000000000000e+01 5.986300000000000000e+04 6.344700000000000000e+04 6.196700000000000000e+04 5.920700000000000000e+04 1.628655336701194756e+01 8.280000000000000000e+02
2.540000000000000000e+02 -4.600000000000000000e+01 -6.000000000000000000e+00 6.109500000000000000e+04 6.408500000000000000e+04 6.100100000000000000e+04 5.835300000000000000e+04 1.629547892202390358e+01 8.280000000000000000e+02
3.060000000000000000e+02 -5.900000000000000000e+01 -8.000000000000000000e+00 6.075500000000000000e+04 6.411400000000000000e+04 6.093200000000000000e+04 5.808600000000000000e+04 1.630687964599928819e+01 8.280000000000000000e+02
2.760000000000000000e+02 -3.700000000000000000e+01 1.000000000000000000e+00 6.051700000000000000e+04 6.302000000000000000e+04 6.069400000000000000e+04 5.865900000000000000e+04 1.631551782600581646e+01 8.280000000000000000e+02
2.340000000000000000e+02 -6.300000000000000000e+01 -1.500000000000000000e+01 5.971600000000000000e+04 6.300600000000000000e+04 6.085500000000000000e+04 5.821200000000000000e+04 1.632469419302651659e+01 8.300000000000000000e+02
1.410000000000000000e+02 -8.000000000000000000e+00 -5.000000000000000000e+00 5.957600000000000000e+04 6.171100000000000000e+04 6.103300000000000000e+04 5.947600000000000000e+04 1.633488619700074196e+01 8.300000000000000000e+02
3.200000000000000000e+01 -1.300000000000000000e+01 -1.200000000000000000e+01 5.873200000000000000e+04 6.125900000000000000e+04 6.145900000000000000e+04 5.975800000000000000e+04 1.634546666900860146e+01 8.300000000000000000e+02
-2.900000000000000000e+01 4.900000000000000000e+01 -1.800000000000000000e+01 5.887300000000000000e+04 5.965600000000000000e+04 6.129400000000000000e+04 6.139300000000000000e+04 1.635562645801110193e+01 8.300000000000000000e+02
-4.700000000000000000e+01 4.400000000000000000e+01 -1.500000000000000000e+01 5.836600000000000000e+04 6.162500000000000000e+04 6.192800000000000000e+04 5.954900000000000000e+04 1.636527216600370593e+01 8.290000000000000000e+02
-7.500000000000000000e+01 6.000000000000000000e+01 -9.000000000000000000e+00 5.786100000000000000e+04 6.072500000000000000e+04 6.230300000000000000e+04 6.062700000000000000e+04 1.637562985401018523e+01 8.290000000000000000e+02
-3.400000000000000000e+01 6.100000000000000000e+01 -1.700000000000000000e+01 5.847900000000000000e+04 6.132400000000000000e+04 6.148700000000000000e+04 5.980500000000000000e+04 1.638519728599931113e+01 8.290000000000000000e+02
5.200000000000000000e+01 8.200000000000000000e+01 -2.000000000000000000e+01 5.972900000000000000e+04 6.175700000000000000e+04 6.041900000000000000e+04 5.955800000000000000e+04 1.639518733500153758e+01 8.290000000000000000e+02
1.020000000000000000e+02 6.800000000000000000e+01 -2.700000000000000000e+01 5.995400000000000000e+04 6.250700000000000000e+04 6.015500000000000000e+04 5.891800000000000000e+04 1.640506796800764278e+01 8.280000000000000000e+02
1.420000000000000000e+02 4.200000000000000000e+01 -1.700000000000000000e+01 6.086800000000000000e+04 6.396100000000000000e+04 5.984100000000000000e+04 5.780500000000000000e+04 1.641465672900085337e+01 8.280000000000000000e+02
1.080000000000000000e+02 2.800000000000000000e+01 -5.000000000000000000e+00 5.931200000000000000e+04 6.288900000000000000e+04 6.144700000000000000e+04 5.889500000000000000e+04 1.642702405902673490e+01 8.280000000000000000e+02
9.100000000000000000e+01 2.800000000000000000e+01 -1.300000000000000000e+01 6.011300000000000000e+04 6.321400000000000000e+04 6.090300000000000000e+04 5.889900000000000000e+04 1.643490794301033020e+01 8.280000000000000000e+02
5.300000000000000000e+01 5.000000000000000000e+00 0.000000000000000000e+00 5.929900000000000000e+04 6.336000000000000000e+04 6.196300000000000000e+04 5.895300000000000000e+04 1.644516654600738548e+01 8.280000000000000000e+02
0.000000000000000000e+00 1.000000000000000000e+01 -2.100000000000000000e+01 5.976600000000000000e+04 6.308800000000000000e+04 6.192200000000000000e+04 5.999200000000000000e+04 1.645500558501225896e+01 8.280000000000000000e+02
-6.300000000000000000e+01 2.500000000000000000e+01 -8.000000000000000000e+00 5.851300000000000000e+04 6.213100000000000000e+04 6.345000000000000000e+04 6.111100000000000000e+04 1.646516499601420946e+01 8.280000000000000000e+02
-9.000000000000000000e+01 2.400000000000000000e+01 -1.400000000000000000e+01 5.898000000000000000e+04 6.256900000000000000e+04 6.308900000000000000e+04 6.085400000000000000e+04 1.647538285300834104e+01 8.280000000000000000e+02
-7.400000000000000000e+01 9.000000000000000000e+00 -2.200000000000000000e+01 5.986000000000000000e+04 6.213900000000000000e+04 6.246600000000000000e+04 6.160000000000000000e+04 1.648497835602029227e+01 8.280000000000000000e+02
-1.800000000000000000e+01 -1.000000000000000000e+01 -1.700000000000000000e+01 6.036700000000000000e+04 6.316900000000000000e+04 6.217400000000000000e+04 6.080600000000000000e+04 1.649653901800047606e+01 8.290000000000000000e+02
2.800000000000000000e+01 -3.800000000000000000e+01 -1.400000000000000000e+01 5.965800000000000000e+04 6.473500000000000000e+04 6.300200000000000000e+04 5.932100000000000000e+04 1.650504389801062644e+01 8.290000000000000000e+02
4.000000000000000000e+01 -2.800000000000000000e+01 -1.300000000000000000e+01 6.030900000000000000e+04 6.413100000000000000e+04 6.239600000000000000e+04 5.992300000000000000e+04 1.651472294400446117e+01 8.290000000000000000e+02
4.100000000000000000e+01 -4.200000000000000000e+01 -5.000000000000000000e+00 5.982700000000000000e+04 6.529000000000000000e+04 6.315100000000000000e+04 5.894300000000000000e+04 1.652502555699902587e+01 8.290000000000000000e+02
1.100000000000000000e+01 -1.800000000000000000e+01 -1.200000000000000000e+01 6.048400000000000000e+04 6.358100000000000000e+04 6.251800000000000000e+04 6.079400000000000000e+04 1.653539470399846323e+01 8.250000000000000000e+02
0.000000000000000000e+00 1.800000000000000000e+01 1.000000000000000000e+00 6.173700000000000000e+04 6.354200000000000000e+04 6.230100000000000000e+04 6.178200000000000000e+04 1.654496127500897273e+01 8.250000000000000000e+02
-4.300000000000000000e+01 5.700000000000000000e+01 4.000000000000000000e+00 6.194700000000000000e+04 6.298200000000000000e+04 6.216200000000000000e+04 6.228500000000000000e+04 1.655535625602351502e+01 8.250000000000000000e+02
-6.000000000000000000e+01 5.500000000000000000e+01 -6.000000000000000000e+00 6.116000000000000000e+04 6.384100000000000000e+04 6.342700000000000000e+04 6.172300000000000000e+04 1.656515028202557005e+01 8.250000000000000000e+02
-7.700000000000000000e+01 5.700000000000000000e+01 -7.000000000000000000e+00 6.101400000000000000e+04 6.335100000000000000e+04 6.375500000000000000e+04 6.271900000000000000e+04 1.657460027202614583e+01 8.280000000000000000e+02
-6.300000000000000000e+01 2.600000000000000000e+01 -6.000000000000000000e+00 6.122600000000000000e+04 6.361500000000000000e+04 6.337500000000000000e+04 6.235000000000000000e+04 1.658492627801024355e+01 8.280000000000000000e+02
-3.200000000000000000e+01 -1.200000000000000000e+01 -7.000000000000000000e+00 6.113300000000000000e+04 6.415600000000000000e+04 6.335600000000000000e+04 6.186500000000000000e+04 1.659470984802464955e+01 8.280000000000000000e+02
-1.800000000000000000e+01 -3.600000000000000000e+01 -5.000000000000000000e+00 6.172200000000000000e+04 6.429400000000000000e+04 6.331600000000000000e+04 6.221200000000000000e+04 1.660541133800870739e+01 8.280000000000000000e+02
8.000000000000000000e+00 -6.200000000000000000e+01 -8.000000000000000000e+00 6.188600000000000000e+04 6.461500000000000000e+04 6.313700000000000000e+04 6.188400000000000000e+04 1.661516787399887107e+01 8.280000000000000000e+02
1.000000000000000000e+01 -7.800000000000000000e+01 -1.700000000000000000e+01 6.173200000000000000e+04 6.550300000000000000e+04 6.295800000000000000e+04 6.043100000000000000e+04 1.662494400702416897e+01 8.290000000000000000e+02
9.000000000000000000e+00 -8.100000000000000000e+01 -7.000000000000000000e+00 6.201900000000000000e+04 6.553500000000000000e+04 6.255000000000000000e+04 6.037200000000000000e+04 1.663502188300481066e+01 8.290000000000000000e+02
-1.400000000000000000e+01 -7.700000000000000000e+01 -1.600000000000000000e+01 6.000600000000000000e+04 6.461400000000000000e+04 6.381900000000000000e+04 6.098300000000000000e+04 1.664452030701795593e+01 8.290000000000000000e+02
-3.000000000000000000e+01 -5.100000000000000000e+01 -1.500000000000000000e+01 6.063000000000000000e+04 6.432100000000000000e+04 6.322600000000000000e+04 6.103800000000000000e+04 1.665519657600088976e+01 8.290000000000000000e+02
-4.000000000000000000e+01 -2.900000000000000000e+01 -1.500000000000000000e+01 6.038200000000000000e+04 6.419000000000000000e+04 6.314800000000000000e+04 6.120800000000000000e+04 1.666504350199829787e+01 8.250000000000000000e+02
-5.100000000000000000e+01 -1.900000000000000000e+01 0.000000000000000000e+00 5.969600000000000000e+04 6.455800000000000000e+04 6.460100000000000000e+04 6.124100000000000000e+04 1.667597511902567931e+01 8.250000000000000000e+02
-4.700000000000000000e+01 3.200000000000000000e+01 -1.300000000000000000e+01 6.112400000000000000e+04 6.430200000000000000e+04 6.332800000000000000e+04 6.165600000000000000e+04 1.668587749701691791e+01 8.250000000000000000e+02
-1.900000000000000000e+01 8.800000000000000000e+01 -8.000000000000000000e+00 6.272300000000000000e+04 6.448500000000000000e+04 6.175200000000000000e+04 6.160700000000000000e+04 1.669702756401966326e+01 8.250000000000000000e+02
-5.000000000000000000e+01 1.270000000000000000e+02 -4.000000000000000000e+00 6.214400000000000000e+04 6.391700000000000000e+04 6.283000000000000000e+04 6.269100000000000000e+04 1.670657884501270019e+01 8.270000000000000000e+02
-6.100000000000000000e+01 1.000000000000000000e+02 4.000000000000000000e+00 6.240800000000000000e+04 6.452800000000000000e+04 6.255700000000000000e+04 6.183900000000000000e+04 1.671597322501474991e+01 8.270000000000000000e+02
-6.000000000000000000e+01 7.700000000000000000e+01 1.500000000000000000e+01 6.280800000000000000e+04 6.387600000000000000e+04 6.234700000000000000e+04 6.224200000000000000e+04 1.672492953701294027e+01 8.270000000000000000e+02
-8.800000000000000000e+01 3.000000000000000000e+01 1.900000000000000000e+01 6.225200000000000000e+04 6.440100000000000000e+04 6.319400000000000000e+04 6.176200000000000000e+04 1.673510512901702896e+01 8.270000000000000000e+02
-1.160000000000000000e+02 -2.100000000000000000e+01 1.100000000000000000e+01 6.119900000000000000e+04 6.427000000000000000e+04 6.407700000000000000e+04 6.183500000000000000e+04 1.674536217001150362e+01 8.270000000000000000e+02
-8.700000000000000000e+01 -8.300000000000000000e+01 5.000000000000000000e+00 6.011200000000000000e+04 6.540500000000000000e+04 6.538200000000000000e+04 6.144800000000000000e+04 1.675474022302660160e+01 8.230000000000000000e+02
-5.600000000000000000e+01 -1.000000000000000000e+02 -4.000000000000000000e+00 6.063900000000000000e+04 6.553500000000000000e+04 6.514800000000000000e+04 6.152100000000000000e+04 1.676499309102655388e+01 8.230000000000000000e+02
-7.000000000000000000e+00 -9.700000000000000000e+01 -7.000000000000000000e+00 6.070200000000000000e+04 6.553500000000000000e+04 6.461000000000000000e+04 6.100900000000000000e+04 1.677490599401062354e+01 8.230000000000000000e+02
5.400000000000000000e+01 -8.200000000000000000e+01 -1.200000000000000000e+01 6.025400000000000000e+04 6.553500000000000000e+04 6.281400000000000000e+04 5.901200000000000000e+04 1.678509735502302647e+01 8.230000000000000000e+02
1.040000000000000000e+02 -7.000000000000000000e+01 -1.700000000000000000e+01 6.193800000000000000e+04 6.553500000000000000e+04 6.246700000000000000e+04 6.053900000000000000e+04 1.679541296800016426e+01 8.200000000000000000e+02
1.200000000000000000e+02 -2.700000000000000000e+01 -4.000000000000000000e+00 6.164600000000000000e+04 6.553500000000000000e+04 6.118400000000000000e+04 5.998900000000000000e+04 1.680641380202723667e+01 8.200000000000000000e+02
1.300000000000000000e+02 1.300000000000000000e+01 -7.000000000000000000e+00 6.288100000000000000e+04 6.553500000000000000e+04 6.058900000000000000e+04 5.924300000000000000e+04 1.681567405399982817e+01 8.200000000000000000e+02
4.000000000000000000e+01 1.400000000000000000e+01 -1.400000000000000000e+01 6.147600000000000000e+04 6.553500000000000000e+04 6.151100000000000000e+04 5.962900000000000000e+04 1.682741736201569438e+01 8.200000000000000000e+02
-7.600000000000000000e+01 3.000000000000000000e+00 -1.600000000000000000e+01 6.112500000000000000e+04 6.474100000000000000e+04 6.428900000000000000e+04 6.240400000000000000e+04 1.683573128102580085e+01 8.240000000000000000e+02
-1.460000000000000000e+02 4.000000000000000000e+00 -2.000000000000000000e+00 6.031200000000000000e+04 6.361700000000000000e+04 6.422800000000000000e+04 6.347900000000000000e+04 1.684405617200536653e+01 8.240000000000000000e+02
-1.850000000000000000e+02 3.400000000000000000e+01 1.200000000000000000e+01 6.115400000000000000e+04 6.323400000000000000e+04 6.434500000000000000e+04 6.377600000000000000e+04 1.685547037702053785e+01 8.240000000000000000e+02
-1.920000000000000000e+02 4.900000000000000000e+01 6.000000000000000000e+00 6.135400000000000000e+04 6.398600000000000000e+04 6.478900000000000000e+04 6.342400000000000000e+04 1.686476422101259232e+01 8.240000000000000000e+02
-1.670000000000000000e+02 5.400000000000000000e+01 2.300000000000000000e+01 6.144700000000000000e+04 6.404800000000000000e+04 6.490800000000000000e+04 6.325200000000000000e+04 1.687492567900335416e+01 8.240000000000000000e+02
-6.500000000000000000e+01 4.000000000000000000e+00 2.200000000000000000e+01 6.093700000000000000e+04 6.331500000000000000e+04 6.513900000000000000e+04 6.375300000000000000e+04 1.688541756302583963e+01 8.260000000000000000e+02
6.000000000000000000e+01 -1.200000000000000000e+01 2.800000000000000000e+01 6.195300000000000000e+04 6.475200000000000000e+04 6.430500000000000000e+04 6.220600000000000000e+04 1.689590549800777808e+01 8.260000000000000000e+02
1.920000000000000000e+02 -4.800000000000000000e+01 1.100000000000000000e+01 6.196500000000000000e+04 6.553500000000000000e+04 6.207400000000000000e+04 5.909900000000000000e+04 1.690522301601595245e+01 8.260000000000000000e+02
2.920000000000000000e+02 -8.100000000000000000e+01 -1.000000000000000000e+00 6.167000000000000000e+04 6.553500000000000000e+04 6.063000000000000000e+04 5.771800000000000000e+04 1.691506695401039906e+01 8.260000000000000000e+02
3.150000000000000000e+02 -9.900000000000000000e+01 -2.000000000000000000e+00 6.087400000000000000e+04 6.553500000000000000e+04 5.950000000000000000e+04 5.597600000000000000e+04 1.692601637000916526e+01 8.240000000000000000e+02
2.850000000000000000e+02 -1.020000000000000000e+02 -6.000000000000000000e+00 6.126000000000000000e+04 6.553500000000000000e+04 6.061000000000000000e+04 5.749500000000000000e+04 1.693492954500834458e+01 8.240000000000000000e+02
1.670000000000000000e+02 -8.300000000000000000e+01 6.000000000000000000e+00 6.150200000000000000e+04 6.430200000000000000e+04 6.193000000000000000e+04 6.036500000000000000e+04 1.694510724800056778e+01 8.240000000000000000e+02
6.800000000000000000e+01 -1.000000000000000000e+02 6.000000000000000000e+00 6.022700000000000000e+04 6.393200000000000000e+04 6.317000000000000000e+04 6.085200000000000000e+04 1.695533641500514932e+01 8.240000000000000000e+02
-9.300000000000000000e+01 -1.130000000000000000e+02 1.200000000000000000e+01 5.863100000000000000e+04 6.193700000000000000e+04 6.517700000000000000e+04 6.297200000000000000e+04 1.696444740000879392e+01 8.200000000000000000e+01
-1.630000000000000000e+02 -1.390000000000000000e+02 2.900000000000000000e+01 5.907600000000000000e+04 6.185100000000000000e+04 6.441300000000000000e+04 6.274400000000000000e+04 1.697548918300890364e+01 8.200000000000000000e+01
-1.750000000000000000e+02 -1.540000000000000000e+02 1.300000000000000000e+01 5.894700000000000000e+04 6.148700000000000000e+04 6.517200000000000000e+04 6.361200000000000000e+04 1.698821035301079974e+01 8.200000000000000000e+01
-1.080000000000000000e+02 -1.930000000000000000e+02 1.500000000000000000e+01 5.738900000000000000e+04 6.045400000000000000e+04 6.553500000000000000e+04 6.358100000000000000e+04 1.699544785902253352e+01 8.200000000000000000e+01
4.600000000000000000e+01 -2.610000000000000000e+02 2.700000000000000000e+01 5.785100000000000000e+04 6.229600000000000000e+04 6.553500000000000000e+04 6.203400000000000000e+04 1.700605900000664406e+01 8.200000000000000000e+01
2.650000000000000000e+02 -2.810000000000000000e+02 3.600000000000000000e+01 6.216400000000000000e+04 6.553500000000000000e+04 6.531600000000000000e+04 6.218100000000000000e+04 1.701491381402593106e+01 5.800000000000000000e+01
5.170000000000000000e+02 -3.390000000000000000e+02 2.700000000000000000e+01 6.003400000000000000e+04 6.553500000000000000e+04 6.027200000000000000e+04 5.441900000000000000e+04 1.702618024899857119e+01 5.800000000000000000e+01
6.600000000000000000e+02 -2.950000000000000000e+02 3.000000000000000000e+01 6.084800000000000000e+04 6.553500000000000000e+04 5.832200000000000000e+04 5.301300000000000000e+04 1.703555557900108397e+01 5.800000000000000000e+01
6.980000000000000000e+02 -2.560000000000000000e+02 5.100000000000000000e+01 6.138000000000000000e+04 6.553500000000000000e+04 5.804800000000000000e+04 5.302600000000000000e+04 1.704531869202037342e+01 5.800000000000000000e+01
6.140000000000000000e+02 -2.230000000000000000e+02 2.900000000000000000e+01 6.046900000000000000e+04 6.553500000000000000e+04 5.937700000000000000e+04 5.372900000000000000e+04 1.705680402100551873e+01 7.900000000000000000e+01
4.640000000000000000e+02 -1.300000000000000000e+02 3.000000000000000000e+01 6.336400000000000000e+04 6.549800000000000000e+04 6.206400000000000000e+04 5.979400000000000000e+04 1.706589875501231290e+01 7.900000000000000000e+01
2.060000000000000000e+02 -2.800000000000000000e+01 2.400000000000000000e+01 6.215900000000000000e+04 6.388000000000000000e+04 6.342000000000000000e+04 6.197700000000000000e+04 1.707463130902033299e+01 7.900000000000000000e+01
-6.500000000000000000e+01 5.900000000000000000e+01 3.400000000000000000e+01 6.051500000000000000e+04 6.016200000000000000e+04 6.496800000000000000e+04 6.553500000000000000e+04 1.708587157100555487e+01 7.900000000000000000e+01
-2.080000000000000000e+02 9.100000000000000000e+01 9.000000000000000000e+00 5.924400000000000000e+04 6.127500000000000000e+04 6.553500000000000000e+04 6.398500000000000000e+04 1.709584879400790669e+01 8.100000000000000000e+01
-2.660000000000000000e+02 1.370000000000000000e+02 2.000000000000000000e+00 5.947700000000000000e+04 6.115400000000000000e+04 6.553500000000000000e+04 6.456100000000000000e+04 1.710467416801839136e+01 8.100000000000000000e+01
-2.470000000000000000e+02 1.390000000000000000e+02 8.000000000000000000e+00 5.923700000000000000e+04 6.150500000000000000e+04 6.553500000000000000e+04 6.399600000000000000e+04 1.711682356000528671e+01 8.100000000000000000e+01
-1.560000000000000000e+02 8.100000000000000000e+01 -2.000000000000000000e+00 6.171600000000000000e+04 6.411100000000000000e+04 6.553500000000000000e+04 6.368200000000000000e+04 1.712515932801761664e+01 8.100000000000000000e+01
-1.100000000000000000e+01 4.200000000000000000e+01 1.100000000000000000e+01 6.377400000000000000e+04 6.553500000000000000e+04 6.370300000000000000e+04 6.244800000000000000e+04 1.713431791201583110e+01 8.100000000000000000e+01
1.210000000000000000e+02 1.200000000000000000e+01 -4.000000000000000000e+00 6.218300000000000000e+04 6.553500000000000000e+04 6.136900000000000000e+04 5.848600000000000000e+04 1.714428496800246648e+01 8.400000000000000000e+01
1.830000000000000000e+02 -2.100000000000000000e+01 -2.100000000000000000e+01 6.004000000000000000e+04 6.553500000000000000e+04 6.063400000000000000e+04 5.628700000000000000e+04 1.715509161402587779e+01 8.400000000000000000e+01
1.640000000000000000e+02 -5.900000000000000000e+01 -3.200000000000000000e+01 5.864100000000000000e+04 6.553500000000000000e+04 6.024700000000000000e+04 5.624700000000000000e+04 1.716479430400067940e+01 8.400000000000000000e+01
1.150000000000000000e+02 -2.800000000000000000e+01 -2.000000000000000000e+01 6.043900000000000000e+04 6.553500000000000000e+04 6.296600000000000000e+04 5.915600000000000000e+04 1.717561494902474806e+01 8.400000000000000000e+01
4.000000000000000000e+00 1.500000000000000000e+01 -1.400000000000000000e+01 6.106500000000000000e+04 6.526200000000000000e+04 6.416900000000000000e+04 6.243600000000000000e+04 1.718468747302540578e+01 7.600000000000000000e+01
-1.200000000000000000e+02 7.600000000000000000e+01 -7.000000000000000000e+00 6.074800000000000000e+04 6.438000000000000000e+04 6.553500000000000000e+04 6.350000000000000000e+04 1.719510954001452774e+01 7.600000000000000000e+01
-2.230000000000000000e+02 8.500000000000000000e+01 4.000000000000000000e+00 5.912400000000000000e+04 6.220400000000000000e+04 6.553500000000000000e+04 6.417600000000000000e+04 1.720459976201527752e+01 7.600000000000000000e+01
-2.310000000000000000e+02 1.130000000000000000e+02 5.000000000000000000e+00 6.047000000000000000e+04 6.387000000000000000e+04 6.553500000000000000e+04 6.305900000000000000e+04 1.721525819200905971e+01 7.600000000000000000e+01
-1.830000000000000000e+02 1.460000000000000000e+02 -5.000000000000000000e+00 6.297400000000000000e+04 6.444100000000000000e+04 6.553500000000000000e+04 6.531900000000000000e+04 1.722513026400702074e+01 7.600000000000000000e+01
-1.220000000000000000e+02 1.680000000000000000e+02 1.900000000000000000e+01 6.448200000000000000e+04 6.532900000000000000e+04 6.553500000000000000e+04 6.522300000000000000e+04 1.723511358501855284e+01 7.200000000000000000e+01
-4.400000000000000000e+01 1.730000000000000000e+02 2.200000000000000000e+01 6.394800000000000000e+04 6.553500000000000000e+04 6.423000000000000000e+04 6.292700000000000000e+04 1.724468218800029717e+01 7.200000000000000000e+01
1.300000000000000000e+01 1.340000000000000000e+02 -5.000000000000000000e+00 6.257500000000000000e+04 6.553500000000000000e+04 6.326300000000000000e+04 6.091900000000000000e+04 1.725476363100460730e+01 7.200000000000000000e+01
1.800000000000000000e+01 6.500000000000000000e+01 -1.500000000000000000e+01 6.153000000000000000e+04 6.480900000000000000e+04 6.553500000000000000e+04 6.315700000000000000e+04 1.726503145901369862e+01 7.200000000000000000e+01
5.000000000000000000e+01 2.900000000000000000e+01 -1.800000000000000000e+01 6.160500000000000000e+04 6.553500000000000000e+04 5.667500000000000000e+04 5.431000000000000000e+04 1.727584059300716035e+01 6.900000000000000000e+01
4.600000000000000000e+01 4.700000000000000000e+01 -1.300000000000000000e+01 6.235400000000000000e+04 6.553500000000000000e+04 6.045800000000000000e+04 5.929300000000000000e+04 1.728529603700735606e+01 6.900000000000000000e+01
2.600000000000000000e+01 5.300000000000000000e+01 -1.400000000000000000e+01 6.086100000000000000e+04 6.553500000000000000e+04 6.362400000000000000e+04 6.048100000000000000e+04 1.729478215400013141e+01 6.900000000000000000e+01
