2.500000000000000000e+01 -1.400000000000000000e+01 5.400000000000000000e+01 4.572900000000000000e+04 4.952200000000000000e+04 4.714500000000000000e+04 4.438500000000000000e+04 3.898984799702884629e+01 8.020000000000000000e+02
2.600000000000000000e+01 -1.000000000000000000e+01 4.200000000000000000e+01 4.579000000000000000e+04 4.892300000000000000e+04 4.710500000000000000e+04 4.521500000000000000e+04 3.900109591404907405e+01 8.020000000000000000e+02
3.000000000000000000e+01 -1.600000000000000000e+01 3.800000000000000000e+01 4.541400000000000000e+04 4.944100000000000000e+04 4.734200000000000000e+04 4.455900000000000000e+04 3.900970886804861948e+01 8.020000000000000000e+02
1.900000000000000000e+01 -1.100000000000000000e+01 3.800000000000000000e+01 4.514000000000000000e+04 4.911300000000000000e+04 4.756900000000000000e+04 4.492400000000000000e+04 3.902017179504036903e+01 8.020000000000000000e+02
3.100000000000000000e+01 -6.000000000000000000e+00 5.400000000000000000e+01 4.556200000000000000e+04 4.924900000000000000e+04 4.730200000000000000e+04 4.463000000000000000e+04 3.902995680505409837e+01 8.020000000000000000e+02
3.300000000000000000e+01 4.100000000000000000e+01 4.800000000000000000e+01 4.621200000000000000e+04 4.873700000000000000e+04 4.701800000000000000e+04 4.557100000000000000e+04 3.903989350801566616e+01 7.990000000000000000e+02
-2.400000000000000000e+01 3.400000000000000000e+01 5.900000000000000000e+01 4.585200000000000000e+04 4.838000000000000000e+04 4.737300000000000000e+04 4.576600000000000000e+04 3.905028630403103307e+01 7.990000000000000000e+02
-4.000000000000000000e+00 3.800000000000000000e+01 7.300000000000000000e+01 4.608300000000000000e+04 4.876800000000000000e+04 4.735400000000000000e+04 4.522700000000000000e+04 3.906008960399776697e+01 7.990000000000000000e+02
-2.700000000000000000e+01 5.200000000000000000e+01 5.900000000000000000e+01 4.544000000000000000e+04 4.858500000000000000e+04 4.782900000000000000e+04 4.543900000000000000e+04 3.906970674102194607e+01 7.990000000000000000e+02
-4.300000000000000000e+01 1.300000000000000000e+01 7.200000000000000000e+01 4.579000000000000000e+04 4.852200000000000000e+04 4.790100000000000000e+04 4.559600000000000000e+04 3.908010428701527417e+01 7.980000000000000000e+02
-4.900000000000000000e+01 0.000000000000000000e+00 6.200000000000000000e+01 4.556800000000000000e+04 4.870200000000000000e+04 4.810500000000000000e+04 4.547400000000000000e+04 3.908972801401978359e+01 7.980000000000000000e+02
-6.100000000000000000e+01 1.000000000000000000e+00 6.400000000000000000e+01 4.489300000000000000e+04 4.812900000000000000e+04 4.885000000000000000e+04 4.606900000000000000e+04 3.910069662804016843e+01 7.980000000000000000e+02
-2.900000000000000000e+01 -1.600000000000000000e+01 7.100000000000000000e+01 4.573400000000000000e+04 4.849700000000000000e+04 4.814900000000000000e+04 4.564600000000000000e+04 3.910980294604087248e+01 7.980000000000000000e+02
-1.600000000000000000e+01 -4.700000000000000000e+01 6.900000000000000000e+01 4.546400000000000000e+04 4.839800000000000000e+04 4.837900000000000000e+04 4.560500000000000000e+04 3.912059710704488680e+01 8.020000000000000000e+02
6.300000000000000000e+01 -6.400000000000000000e+01 7.600000000000000000e+01 4.550500000000000000e+04 4.894400000000000000e+04 4.793600000000000000e+04 4.443100000000000000e+04 3.913002147502265871e+01 8.020000000000000000e+02
1.010000000000000000e+02 -5.700000000000000000e+01 4.900000000000000000e+01 4.574700000000000000e+04 4.882000000000000000e+04 4.747300000000000000e+04 4.452700000000000000e+04 3.913984410604462028e+01 8.020000000000000000e+02
1.360000000000000000e+02 -5.900000000000000000e+01 6.100000000000000000e+01 4.620900000000000000e+04 4.876200000000000000e+04 4.696800000000000000e+04 4.442900000000000000e+04 3.914980481599923223e+01 8.020000000000000000e+02
9.100000000000000000e+01 -2.500000000000000000e+01 6.000000000000000000e+01 4.600200000000000000e+04 4.831400000000000000e+04 4.697400000000000000e+04 4.464000000000000000e+04 3.916190987400477752e+01 8.020000000000000000e+02
1.080000000000000000e+02 -3.500000000000000000e+01 4.400000000000000000e+01 4.560800000000000000e+04 4.875900000000000000e+04 4.736300000000000000e+04 4.414800000000000000e+04 3.916944585903547704e+01 7.990000000000000000e+02
6.700000000000000000e+01 7.000000000000000000e+00 5.300000000000000000e+01 4.538700000000000000e+04 4.774100000000000000e+04 4.738900000000000000e+04 4.500000000000000000e+04 3.917943870305316523e+01 7.990000000000000000e+02
5.000000000000000000e+00 2.000000000000000000e+01 4.600000000000000000e+01 4.474400000000000000e+04 4.776700000000000000e+04 4.794900000000000000e+04 4.500300000000000000e+04 3.918923732399707660e+01 7.990000000000000000e+02
8.000000000000000000e+00 1.900000000000000000e+01 5.200000000000000000e+01 4.574900000000000000e+04 4.751000000000000000e+04 4.689300000000000000e+04 4.521300000000000000e+04 3.919918117404449731e+01 7.990000000000000000e+02
-2.200000000000000000e+01 3.200000000000000000e+01 3.800000000000000000e+01 4.491600000000000000e+04 4.780100000000000000e+04 4.763500000000000000e+04 4.482800000000000000e+04 3.920987066900124773e+01 8.000000000000000000e+02
-3.800000000000000000e+01 5.400000000000000000e+01 5.200000000000000000e+01 4.491100000000000000e+04 4.752900000000000000e+04 4.743800000000000000e+04 4.483800000000000000e+04 3.921972652600379661e+01 8.000000000000000000e+02
-6.100000000000000000e+01 6.700000000000000000e+01 4.800000000000000000e+01 4.542900000000000000e+04 4.725400000000000000e+04 4.694300000000000000e+04 4.496200000000000000e+04 3.923005171201657504e+01 8.000000000000000000e+02
-4.300000000000000000e+01 5.100000000000000000e+01 5.100000000000000000e+01 4.512500000000000000e+04 4.701500000000000000e+04 4.711300000000000000e+04 4.516400000000000000e+04 3.923996272304793820e+01 8.000000000000000000e+02
-2.900000000000000000e+01 8.000000000000000000e+00 4.800000000000000000e+01 4.546300000000000000e+04 4.745300000000000000e+04 4.689900000000000000e+04 4.469000000000000000e+04 3.924937843903899193e+01 8.000000000000000000e+02
-1.500000000000000000e+01 2.100000000000000000e+01 6.100000000000000000e+01 4.522600000000000000e+04 4.702600000000000000e+04 4.722100000000000000e+04 4.499100000000000000e+04 3.925985234603285789e+01 8.000000000000000000e+02
1.000000000000000000e+00 1.000000000000000000e+00 4.700000000000000000e+01 4.501700000000000000e+04 4.705800000000000000e+04 4.737500000000000000e+04 4.500400000000000000e+04 3.926947028102586046e+01 8.000000000000000000e+02
3.100000000000000000e+01 -3.600000000000000000e+01 3.600000000000000000e+01 4.480100000000000000e+04 4.785000000000000000e+04 4.756500000000000000e+04 4.413600000000000000e+04 3.927926533605204895e+01 8.000000000000000000e+02
4.200000000000000000e+01 -4.500000000000000000e+01 4.300000000000000000e+01 4.530600000000000000e+04 4.800000000000000000e+04 4.718800000000000000e+04 4.401600000000000000e+04 3.929013502504676580e+01 7.990000000000000000e+02
6.600000000000000000e+01 -7.700000000000000000e+01 3.300000000000000000e+01 4.512100000000000000e+04 4.846700000000000000e+04 4.762200000000000000e+04 4.384400000000000000e+04 3.929991794901434332e+01 7.990000000000000000e+02
5.500000000000000000e+01 -9.800000000000000000e+01 3.200000000000000000e+01 4.501600000000000000e+04 4.891600000000000000e+04 4.763700000000000000e+04 4.326700000000000000e+04 3.930986196105368435e+01 7.990000000000000000e+02
2.700000000000000000e+01 -9.800000000000000000e+01 3.900000000000000000e+01 4.372400000000000000e+04 4.702800000000000000e+04 4.851100000000000000e+04 4.550900000000000000e+04 3.931987598299747333e+01 7.990000000000000000e+02
1.900000000000000000e+01 -5.600000000000000000e+01 3.600000000000000000e+01 4.564700000000000000e+04 4.856500000000000000e+04 4.718700000000000000e+04 4.349600000000000000e+04 3.932959014200605452e+01 7.990000000000000000e+02
2.200000000000000000e+01 -9.000000000000000000e+00 3.200000000000000000e+01 4.505800000000000000e+04 4.848700000000000000e+04 4.744600000000000000e+04 4.337600000000000000e+04 3.933932616101810709e+01 8.010000000000000000e+02
-1.900000000000000000e+01 -2.500000000000000000e+01 3.300000000000000000e+01 4.399500000000000000e+04 4.750300000000000000e+04 4.825400000000000000e+04 4.448400000000000000e+04 3.935084867104887962e+01 8.010000000000000000e+02
2.300000000000000000e+01 4.200000000000000000e+01 2.600000000000000000e+01 4.563700000000000000e+04 4.732700000000000000e+04 4.669700000000000000e+04 4.465800000000000000e+04 3.935989045305177569e+01 8.010000000000000000e+02
-1.200000000000000000e+01 9.000000000000000000e+00 2.800000000000000000e+01 4.386100000000000000e+04 4.640600000000000000e+04 4.821900000000000000e+04 4.572300000000000000e+04 3.936994463601149619e+01 8.010000000000000000e+02
3.000000000000000000e+01 1.100000000000000000e+01 2.400000000000000000e+01 4.539700000000000000e+04 4.773900000000000000e+04 4.697400000000000000e+04 4.446200000000000000e+04 3.937918702402384952e+01 8.010000000000000000e+02
1.600000000000000000e+01 4.000000000000000000e+01 8.000000000000000000e+00 4.536600000000000000e+04 4.761900000000000000e+04 4.707200000000000000e+04 4.462300000000000000e+04 3.939010297600179911e+01 8.010000000000000000e+02
2.800000000000000000e+01 1.200000000000000000e+01 1.600000000000000000e+01 4.573000000000000000e+04 4.835500000000000000e+04 4.666300000000000000e+04 4.385300000000000000e+04 3.939971156400861219e+01 8.010000000000000000e+02
4.200000000000000000e+01 4.000000000000000000e+00 1.900000000000000000e+01 4.343300000000000000e+04 4.996900000000000000e+04 4.870500000000000000e+04 4.169900000000000000e+04 3.940992502303561196e+01 8.010000000000000000e+02
5.100000000000000000e+01 2.100000000000000000e+01 2.800000000000000000e+01 4.717000000000000000e+04 4.666500000000000000e+04 4.514100000000000000e+04 4.566800000000000000e+04 3.942013530200347304e+01 8.010000000000000000e+02
6.300000000000000000e+01 3.600000000000000000e+01 2.200000000000000000e+01 4.571400000000000000e+04 4.740800000000000000e+04 4.684100000000000000e+04 4.495500000000000000e+04 3.942937135504325852e+01 8.010000000000000000e+02
3.700000000000000000e+01 2.700000000000000000e+01 2.600000000000000000e+01 4.596500000000000000e+04 4.728100000000000000e+04 4.661100000000000000e+04 4.505900000000000000e+04 3.943969225999899209e+01 8.010000000000000000e+02
-3.000000000000000000e+00 3.100000000000000000e+01 2.400000000000000000e+01 4.333500000000000000e+04 4.994200000000000000e+04 4.904700000000000000e+04 4.169000000000000000e+04 3.944966271100565791e+01 8.010000000000000000e+02
-3.800000000000000000e+01 2.800000000000000000e+01 1.700000000000000000e+01 4.695000000000000000e+04 4.665200000000000000e+04 4.583200000000000000e+04 4.561300000000000000e+04 3.945918943302240223e+01 8.010000000000000000e+02
-3.400000000000000000e+01 6.400000000000000000e+01 2.800000000000000000e+01 4.691700000000000000e+04 4.892800000000000000e+04 4.568500000000000000e+04 4.280400000000000000e+04 3.946933880803408101e+01 8.040000000000000000e+02
-7.100000000000000000e+01 4.600000000000000000e+01 1.400000000000000000e+01 4.421200000000000000e+04 4.666100000000000000e+04 4.818800000000000000e+04 4.537100000000000000e+04 3.948000947199761868e+01 8.040000000000000000e+02
-5.600000000000000000e+01 2.800000000000000000e+01 2.100000000000000000e+01 4.541000000000000000e+04 4.788500000000000000e+04 4.712600000000000000e+04 4.393200000000000000e+04 3.948930356203345582e+01 8.040000000000000000e+02
-2.800000000000000000e+01 1.600000000000000000e+01 2.900000000000000000e+01 4.543700000000000000e+04 4.763900000000000000e+04 4.716400000000000000e+04 4.423600000000000000e+04 3.949924615101190284e+01 8.040000000000000000e+02
-2.000000000000000000e+01 -3.600000000000000000e+01 4.500000000000000000e+01 4.170500000000000000e+04 4.834100000000000000e+04 5.038900000000000000e+04 4.369000000000000000e+04 3.950935717503307387e+01 8.020000000000000000e+02
-2.900000000000000000e+01 -3.300000000000000000e+01 4.600000000000000000e+01 4.655600000000000000e+04 4.854000000000000000e+04 4.637300000000000000e+04 4.339100000000000000e+04 3.952231559500796720e+01 8.020000000000000000e+02
-7.500000000000000000e+01 -1.900000000000000000e+01 3.600000000000000000e+01 4.472200000000000000e+04 4.564400000000000000e+04 4.834200000000000000e+04 4.634300000000000000e+04 3.952983431500615552e+01 8.020000000000000000e+02
-4.600000000000000000e+01 -1.600000000000000000e+01 3.500000000000000000e+01 4.571500000000000000e+04 4.850100000000000000e+04 4.743900000000000000e+04 4.361000000000000000e+04 3.953926659101853147e+01 8.020000000000000000e+02
-4.400000000000000000e+01 -3.400000000000000000e+01 3.200000000000000000e+01 4.430900000000000000e+04 4.763500000000000000e+04 4.863800000000000000e+04 4.459200000000000000e+04 3.954910624504555017e+01 8.040000000000000000e+02
-2.700000000000000000e+01 8.000000000000000000e+00 4.800000000000000000e+01 4.508200000000000000e+04 4.788100000000000000e+04 4.800800000000000000e+04 4.408600000000000000e+04 3.956007117801345885e+01 8.040000000000000000e+02
-2.000000000000000000e+00 4.000000000000000000e+00 3.700000000000000000e+01 4.580700000000000000e+04 4.781500000000000000e+04 4.720300000000000000e+04 4.373800000000000000e+04 3.956967064703349024e+01 8.040000000000000000e+02
3.100000000000000000e+01 -6.000000000000000000e+00 4.000000000000000000e+01 4.579600000000000000e+04 4.816100000000000000e+04 4.713200000000000000e+04 4.362000000000000000e+04 3.957994575100019574e+01 8.040000000000000000e+02
2.000000000000000000e+01 1.400000000000000000e+01 2.900000000000000000e+01 4.582400000000000000e+04 4.793700000000000000e+04 4.688400000000000000e+04 4.370800000000000000e+04 3.958904996805358678e+01 8.040000000000000000e+02
3.900000000000000000e+01 2.000000000000000000e+00 3.400000000000000000e+01 4.623100000000000000e+04 4.841700000000000000e+04 4.692300000000000000e+04 4.344500000000000000e+04 3.959985196305206046e+01 8.020000000000000000e+02
1.000000000000000000e+01 8.000000000000000000e+00 9.000000000000000000e+00 4.624900000000000000e+04 4.875600000000000000e+04 4.662600000000000000e+04 4.311400000000000000e+04 3.960969999502412975e+01 8.020000000000000000e+02
1.300000000000000000e+01 -3.000000000000000000e+00 2.900000000000000000e+01 4.594800000000000000e+04 4.828900000000000000e+04 4.711600000000000000e+04 4.346800000000000000e+04 3.961927600100170821e+01 8.020000000000000000e+02
-1.300000000000000000e+01 3.000000000000000000e+00 2.000000000000000000e+01 4.561900000000000000e+04 4.802100000000000000e+04 4.747300000000000000e+04 4.404300000000000000e+04 3.962933456903556362e+01 8.020000000000000000e+02
-4.200000000000000000e+01 -2.000000000000000000e+00 9.000000000000000000e+00 4.271300000000000000e+04 4.591800000000000000e+04 4.976700000000000000e+04 4.621100000000000000e+04 3.963941241602879018e+01 8.050000000000000000e+02
-9.500000000000000000e+01 5.000000000000000000e+00 7.000000000000000000e+00 4.401600000000000000e+04 4.733500000000000000e+04 4.856800000000000000e+04 4.467500000000000000e+04 3.964927787502529100e+01 8.050000000000000000e+02
-8.300000000000000000e+01 -5.200000000000000000e+01 2.100000000000000000e+01 4.402100000000000000e+04 4.784400000000000000e+04 4.856900000000000000e+04 4.419900000000000000e+04 3.966051188705023378e+01 8.050000000000000000e+02
-7.400000000000000000e+01 -2.800000000000000000e+01 2.000000000000000000e+01 4.303900000000000000e+04 4.658700000000000000e+04 4.947700000000000000e+04 4.558600000000000000e+04 3.966946464503416792e+01 8.050000000000000000e+02
-4.300000000000000000e+01 -1.000000000000000000e+01 1.700000000000000000e+01 4.323400000000000000e+04 4.996800000000000000e+04 4.956500000000000000e+04 4.164200000000000000e+04 3.967967636202229187e+01 8.030000000000000000e+02
8.000000000000000000e+00 -1.000000000000000000e+00 1.900000000000000000e+01 4.613600000000000000e+04 4.669800000000000000e+04 4.702100000000000000e+04 4.569100000000000000e+04 3.968898372800322250e+01 8.030000000000000000e+02
6.400000000000000000e+01 2.000000000000000000e+01 1.600000000000000000e+01 4.563500000000000000e+04 4.813000000000000000e+04 4.759900000000000000e+04 4.412100000000000000e+04 3.969905536604346707e+01 8.030000000000000000e+02
1.010000000000000000e+02 3.900000000000000000e+01 1.600000000000000000e+01 4.651800000000000000e+04 4.874900000000000000e+04 4.699100000000000000e+04 4.354000000000000000e+04 3.970922241703374311e+01 8.030000000000000000e+02
8.900000000000000000e+01 4.900000000000000000e+01 2.000000000000000000e+01 4.595200000000000000e+04 4.807300000000000000e+04 4.757700000000000000e+04 4.430300000000000000e+04 3.971941749402321875e+01 8.040000000000000000e+02
1.080000000000000000e+02 3.500000000000000000e+01 8.000000000000000000e+00 4.623000000000000000e+04 4.809000000000000000e+04 4.723900000000000000e+04 4.432400000000000000e+04 3.972965380304958671e+01 8.040000000000000000e+02
8.900000000000000000e+01 4.400000000000000000e+01 8.000000000000000000e+00 4.727200000000000000e+04 4.839600000000000000e+04 4.616700000000000000e+04 4.386200000000000000e+04 3.973967144801281393e+01 8.040000000000000000e+02
6.400000000000000000e+01 1.500000000000000000e+01 1.000000000000000000e+01 4.649000000000000000e+04 4.877400000000000000e+04 4.690900000000000000e+04 4.337600000000000000e+04 3.974886769102886319e+01 8.040000000000000000e+02
1.900000000000000000e+01 -3.400000000000000000e+01 2.100000000000000000e+01 4.538000000000000000e+04 4.861000000000000000e+04 4.804000000000000000e+04 4.350700000000000000e+04 3.976374468102585524e+01 8.040000000000000000e+02
-4.200000000000000000e+01 -3.600000000000000000e+01 1.100000000000000000e+01 4.441800000000000000e+04 4.754100000000000000e+04 4.896200000000000000e+04 4.529200000000000000e+04 3.976958812703378499e+01 8.010000000000000000e+02
-7.900000000000000000e+01 -4.600000000000000000e+01 9.000000000000000000e+00 4.367200000000000000e+04 4.723800000000000000e+04 4.962000000000000000e+04 4.557200000000000000e+04 3.977980276604648679e+01 8.010000000000000000e+02
-9.800000000000000000e+01 -3.300000000000000000e+01 1.000000000000000000e+01 4.489500000000000000e+04 4.794800000000000000e+04 4.868800000000000000e+04 4.471000000000000000e+04 3.979007765901042148e+01 8.010000000000000000e+02
-1.010000000000000000e+02 -1.400000000000000000e+01 8.000000000000000000e+00 4.193900000000000000e+04 4.993700000000000000e+04 5.089700000000000000e+04 4.225800000000000000e+04 3.979923768003936857e+01 8.010000000000000000e+02
-9.300000000000000000e+01 1.000000000000000000e+01 3.000000000000000000e+00 4.456300000000000000e+04 4.840800000000000000e+04 4.880500000000000000e+04 4.404600000000000000e+04 3.980963732901727781e+01 8.030000000000000000e+02
-6.900000000000000000e+01 3.300000000000000000e+01 1.800000000000000000e+01 4.697400000000000000e+04 4.709600000000000000e+04 4.661200000000000000e+04 4.546300000000000000e+04 3.981958973599830642e+01 8.030000000000000000e+02
-1.200000000000000000e+01 7.900000000000000000e+01 5.000000000000000000e+00 4.553200000000000000e+04 4.704300000000000000e+04 4.797100000000000000e+04 4.560400000000000000e+04 3.982926876802230254e+01 8.030000000000000000e+02
3.000000000000000000e+00 1.060000000000000000e+02 8.000000000000000000e+00 4.556600000000000000e+04 4.688300000000000000e+04 4.807400000000000000e+04 4.571700000000000000e+04 3.983902642299653962e+01 8.030000000000000000e+02
2.800000000000000000e+01 8.600000000000000000e+01 1.300000000000000000e+01 4.624600000000000000e+04 4.796500000000000000e+04 4.751500000000000000e+04 4.447100000000000000e+04 3.984916046803118661e+01 7.930000000000000000e+02
7.700000000000000000e+01 5.800000000000000000e+01 1.600000000000000000e+01 4.872200000000000000e+04 5.103300000000000000e+04 4.588200000000000000e+04 4.175000000000000000e+04 3.985895820200676098e+01 7.930000000000000000e+02
7.300000000000000000e+01 2.800000000000000000e+01 4.000000000000000000e+00 4.707200000000000000e+04 4.919100000000000000e+04 4.759800000000000000e+04 4.426400000000000000e+04 3.986876411904813722e+01 7.930000000000000000e+02
7.300000000000000000e+01 4.000000000000000000e+00 0.000000000000000000e+00 4.692300000000000000e+04 4.920300000000000000e+04 4.775200000000000000e+04 4.425000000000000000e+04 3.987932446203194559e+01 7.930000000000000000e+02
3.500000000000000000e+01 -5.000000000000000000e+00 9.000000000000000000e+00 4.886000000000000000e+04 4.748900000000000000e+04 4.586600000000000000e+04 4.631400000000000000e+04 3.988979692204156891e+01 7.930000000000000000e+02
-5.300000000000000000e+01 -2.900000000000000000e+01 9.000000000000000000e+00 4.703100000000000000e+04 4.803700000000000000e+04 4.978200000000000000e+04 4.792300000000000000e+04 3.989950653701089323e+01 7.760000000000000000e+02
-4.900000000000000000e+01 -1.030000000000000000e+02 -2.000000000000000000e+00 4.772500000000000000e+04 5.261900000000000000e+04 4.914100000000000000e+04 4.231000000000000000e+04 3.990927041601389647e+01 7.760000000000000000e+02
-6.900000000000000000e+01 -1.070000000000000000e+02 -6.000000000000000000e+00 4.772600000000000000e+04 4.911100000000000000e+04 4.922700000000000000e+04 4.696800000000000000e+04 3.991913043701788411e+01 7.760000000000000000e+02
-1.450000000000000000e+02 -1.080000000000000000e+02 9.000000000000000000e+00 4.647100000000000000e+04 4.912900000000000000e+04 5.081000000000000000e+04 4.732200000000000000e+04 3.992899361101444811e+01 7.760000000000000000e+02
-2.070000000000000000e+02 -1.270000000000000000e+02 6.000000000000000000e+00 5.035400000000000000e+04 5.102700000000000000e+04 5.041600000000000000e+04 4.881100000000000000e+04 3.993890022201230749e+01 0.000000000000000000e+00
-1.820000000000000000e+02 -1.480000000000000000e+02 6.000000000000000000e+00 4.787900000000000000e+04 5.162900000000000000e+04 5.272200000000000000e+04 4.824600000000000000e+04 3.994871371501358226e+01 0.000000000000000000e+00
-1.590000000000000000e+02 -1.240000000000000000e+02 -2.000000000000000000e+00 4.837700000000000000e+04 5.051700000000000000e+04 5.258300000000000000e+04 4.969000000000000000e+04 3.995888323005056009e+01 0.000000000000000000e+00
-1.570000000000000000e+02 -1.010000000000000000e+02 1.000000000000000000e+00 4.931600000000000000e+04 5.213700000000000000e+04 5.200300000000000000e+04 4.815300000000000000e+04 3.996864155103685334e+01 0.000000000000000000e+00
-1.250000000000000000e+02 -1.240000000000000000e+02 1.200000000000000000e+01 4.784200000000000000e+04 4.973500000000000000e+04 5.229300000000000000e+04 4.964500000000000000e+04 3.998014297703048214e+01 2.700000000000000000e+01
-8.200000000000000000e+01 -6.800000000000000000e+01 1.700000000000000000e+01 4.998400000000000000e+04 5.249600000000000000e+04 5.038700000000000000e+04 4.634700000000000000e+04 3.998915677703917027e+01 2.700000000000000000e+01
-2.900000000000000000e+01 -3.700000000000000000e+01 -2.000000000000000000e+00 4.594700000000000000e+04 5.189300000000000000e+04 5.345900000000000000e+04 4.691900000000000000e+04 3.999922803003573790e+01 2.700000000000000000e+01
-1.900000000000000000e+01 -3.000000000000000000e+00 -1.000000000000000000e+00 4.837200000000000000e+04 5.120300000000000000e+04 5.099100000000000000e+04 4.726200000000000000e+04 4.000934825500007719e+01 2.700000000000000000e+01
-1.400000000000000000e+01 4.900000000000000000e+01 -2.000000000000000000e+00 4.898200000000000000e+04 5.084400000000000000e+04 5.011000000000000000e+04 4.744800000000000000e+04 4.001907115802168846e+01 2.700000000000000000e+01
-6.000000000000000000e+00 8.900000000000000000e+01 -8.000000000000000000e+00 4.625200000000000000e+04 4.500300000000000000e+04 4.746100000000000000e+04 4.793400000000000000e+04 4.002957940002670512e+01 6.600000000000000000e+01
2.600000000000000000e+01 1.310000000000000000e+02 1.000000000000000000e+01 4.367100000000000000e+04 4.773800000000000000e+04 4.937400000000000000e+04 4.454200000000000000e+04 4.003902744903462008e+01 6.600000000000000000e+01
5.100000000000000000e+01 1.370000000000000000e+02 -1.000000000000000000e+00 4.647000000000000000e+04 4.727800000000000000e+04 4.671900000000000000e+04 4.491700000000000000e+04 4.004900617804378271e+01 6.600000000000000000e+01
7.500000000000000000e+01 1.280000000000000000e+02 5.000000000000000000e+00 4.620900000000000000e+04 4.654300000000000000e+04 4.566200000000000000e+04 4.429400000000000000e+04 4.005903263203799725e+01 6.600000000000000000e+01
5.400000000000000000e+01 1.090000000000000000e+02 6.000000000000000000e+00 4.543500000000000000e+04 4.558200000000000000e+04 4.566600000000000000e+04 4.469500000000000000e+04 4.006884933303808793e+01 7.100000000000000000e+01
6.800000000000000000e+01 5.500000000000000000e+01 1.700000000000000000e+01 4.345900000000000000e+04 4.461800000000000000e+04 4.371900000000000000e+04 4.104800000000000000e+04 4.007847846701042727e+01 7.100000000000000000e+01
6.800000000000000000e+01 -5.900000000000000000e+01 3.700000000000000000e+01 4.196200000000000000e+04 4.486800000000000000e+04 4.485300000000000000e+04 3.940500000000000000e+04 4.008930691401474178e+01 7.100000000000000000e+01
8.000000000000000000e+00 -1.170000000000000000e+02 3.800000000000000000e+01 4.093900000000000000e+04 4.447300000000000000e+04 4.572700000000000000e+04 3.908400000000000000e+04 4.009913293900899589e+01 7.100000000000000000e+01
-2.000000000000000000e+01 -1.850000000000000000e+02 -1.000000000000000000e+00 3.965500000000000000e+04 4.490500000000000000e+04 4.609400000000000000e+04 3.826000000000000000e+04 4.010932146699633449e+01 7.100000000000000000e+01
-3.400000000000000000e+01 -2.130000000000000000e+02 3.000000000000000000e+00 3.854000000000000000e+04 4.509100000000000000e+04 4.600200000000000000e+04 3.820100000000000000e+04 4.011948255402967334e+01 8.000000000000000000e+01
-5.800000000000000000e+01 -2.160000000000000000e+02 -4.000000000000000000e+00 3.743600000000000000e+04 4.377800000000000000e+04 4.422800000000000000e+04 3.715900000000000000e+04 4.012876986601622775e+01 8.000000000000000000e+01
-4.200000000000000000e+01 -1.860000000000000000e+02 -3.000000000000000000e+00 3.610400000000000000e+04 4.433600000000000000e+04 4.507600000000000000e+04 3.611000000000000000e+04 4.013888547301758081e+01 8.000000000000000000e+01
-5.000000000000000000e+00 -1.000000000000000000e+02 6.000000000000000000e+00 3.696900000000000000e+04 4.370600000000000000e+04 4.422000000000000000e+04 3.662800000000000000e+04 4.014872459805337712e+01 8.000000000000000000e+01
1.900000000000000000e+01 2.700000000000000000e+01 1.000000000000000000e+00 3.880600000000000000e+04 4.311500000000000000e+04 4.274100000000000000e+04 3.717600000000000000e+04 4.015884460799861699e+01 8.300000000000000000e+01
6.800000000000000000e+01 1.710000000000000000e+02 2.500000000000000000e+01 3.974300000000000000e+04 4.159900000000000000e+04 4.142900000000000000e+04 3.759400000000000000e+04 4.016895682201720774e+01 8.300000000000000000e+01
2.400000000000000000e+01 2.340000000000000000e+02 1.800000000000000000e+01 3.976800000000000000e+04 4.046800000000000000e+04 4.189000000000000000e+04 3.846000000000000000e+04 4.017867380002280697e+01 8.300000000000000000e+01
5.000000000000000000e+01 3.320000000000000000e+02 2.100000000000000000e+01 4.055500000000000000e+04 3.986600000000000000e+04 4.115400000000000000e+04 3.919400000000000000e+04 4.018883588601602241e+01 8.300000000000000000e+01
6.000000000000000000e+01 3.770000000000000000e+02 3.500000000000000000e+01 4.109500000000000000e+04 3.931300000000000000e+04 4.098600000000000000e+04 3.999800000000000000e+04 4.019907820003572851e+01 9.000000000000000000e+01
5.800000000000000000e+01 3.960000000000000000e+02 4.400000000000000000e+01 4.157300000000000000e+04 3.954200000000000000e+04 4.093500000000000000e+04 3.982600000000000000e+04 4.020910150400595739e+01 9.000000000000000000e+01
7.600000000000000000e+01 3.600000000000000000e+02 4.100000000000000000e+01 4.178100000000000000e+04 3.989400000000000000e+04 4.118800000000000000e+04 3.963000000000000000e+04 4.021903014404233545e+01 9.000000000000000000e+01
9.300000000000000000e+01 3.150000000000000000e+02 4.400000000000000000e+01 4.218400000000000000e+04 4.043500000000000000e+04 4.115900000000000000e+04 3.939900000000000000e+04 4.022878278803545982e+01 9.000000000000000000e+01
7.000000000000000000e+01 2.200000000000000000e+02 4.500000000000000000e+01 4.152400000000000000e+04 4.117100000000000000e+04 4.234000000000000000e+04 3.912400000000000000e+04 4.023972016200423241e+01 9.000000000000000000e+01
8.000000000000000000e+01 1.460000000000000000e+02 5.500000000000000000e+01 4.225800000000000000e+04 4.208900000000000000e+04 4.226300000000000000e+04 3.832800000000000000e+04 4.024877206003293395e+01 9.800000000000000000e+01
7.100000000000000000e+01 7.800000000000000000e+01 5.000000000000000000e+01 4.150200000000000000e+04 4.232000000000000000e+04 4.370700000000000000e+04 3.808700000000000000e+04 4.025924179801950231e+01 9.800000000000000000e+01
4.400000000000000000e+01 1.800000000000000000e+01 5.200000000000000000e+01 4.180100000000000000e+04 4.306400000000000000e+04 4.422600000000000000e+04 3.766300000000000000e+04 4.026898784103104845e+01 9.800000000000000000e+01
4.500000000000000000e+01 -2.600000000000000000e+01 3.800000000000000000e+01 4.189000000000000000e+04 4.363200000000000000e+04 4.445200000000000000e+04 3.789700000000000000e+04 4.027990305301500484e+01 9.800000000000000000e+01
-3.000000000000000000e+00 -7.400000000000000000e+01 2.800000000000000000e+01 4.072500000000000000e+04 4.390700000000000000e+04 4.586100000000000000e+04 3.849200000000000000e+04 4.028877254604594782e+01 9.800000000000000000e+01
-3.500000000000000000e+01 -8.200000000000000000e+01 2.100000000000000000e+01 4.066600000000000000e+04 4.466400000000000000e+04 4.664200000000000000e+04 3.876200000000000000e+04 4.029865233204327524e+01 9.800000000000000000e+01
-3.600000000000000000e+01 -1.100000000000000000e+02 2.200000000000000000e+01 4.110400000000000000e+04 4.511000000000000000e+04 4.676500000000000000e+04 3.900700000000000000e+04 4.030861807300243527e+01 9.800000000000000000e+01
-2.900000000000000000e+01 -5.400000000000000000e+01 2.400000000000000000e+01 4.129100000000000000e+04 4.518700000000000000e+04 4.691900000000000000e+04 3.994900000000000000e+04 4.031908442004350945e+01 9.800000000000000000e+01
-3.000000000000000000e+01 -2.300000000000000000e+01 1.900000000000000000e+01 4.205300000000000000e+04 4.567900000000000000e+04 4.687900000000000000e+04 4.007000000000000000e+04 4.032903094403445721e+01 9.800000000000000000e+01
-1.700000000000000000e+01 2.500000000000000000e+01 2.800000000000000000e+01 4.292600000000000000e+04 4.487100000000000000e+04 4.663500000000000000e+04 4.144200000000000000e+04 4.033874246804043651e+01 9.000000000000000000e+01
3.500000000000000000e+01 8.300000000000000000e+01 2.500000000000000000e+01 4.435200000000000000e+04 4.540200000000000000e+04 4.705300000000000000e+04 4.284800000000000000e+04 4.034864434803603217e+01 9.000000000000000000e+01
7.600000000000000000e+01 6.800000000000000000e+01 2.800000000000000000e+01 4.472700000000000000e+04 4.625400000000000000e+04 4.717600000000000000e+04 4.245200000000000000e+04 4.035876927903154865e+01 9.000000000000000000e+01
9.900000000000000000e+01 7.400000000000000000e+01 3.200000000000000000e+01 4.627100000000000000e+04 4.649200000000000000e+04 4.689700000000000000e+04 4.281600000000000000e+04 4.036885274504311383e+01 9.000000000000000000e+01
7.400000000000000000e+01 6.600000000000000000e+01 3.600000000000000000e+01 4.670700000000000000e+04 4.696000000000000000e+04 4.710700000000000000e+04 4.246000000000000000e+04 4.037869024102110416e+01 8.800000000000000000e+01
9.800000000000000000e+01 5.800000000000000000e+01 3.700000000000000000e+01 4.687900000000000000e+04 4.712700000000000000e+04 4.804100000000000000e+04 4.363300000000000000e+04 4.038872508902568370e+01 8.800000000000000000e+01
6.700000000000000000e+01 7.400000000000000000e+01 3.200000000000000000e+01 4.769800000000000000e+04 4.735000000000000000e+04 4.748700000000000000e+04 4.391500000000000000e+04 4.039927828003419563e+01 8.800000000000000000e+01
2.800000000000000000e+01 4.100000000000000000e+01 4.400000000000000000e+01 4.712200000000000000e+04 4.785100000000000000e+04 4.863400000000000000e+04 4.393100000000000000e+04 4.040936110104667023e+01 8.800000000000000000e+01
-1.000000000000000000e+00 1.000000000000000000e+01 3.900000000000000000e+01 4.735600000000000000e+04 4.760200000000000000e+04 4.874300000000000000e+04 4.441100000000000000e+04 4.041858929605223238e+01 7.800000000000000000e+01
-8.200000000000000000e+01 -9.000000000000000000e+00 4.000000000000000000e+01 4.705600000000000000e+04 4.762200000000000000e+04 5.041200000000000000e+04 4.560900000000000000e+04 4.042872820602497086e+01 7.800000000000000000e+01
-1.090000000000000000e+02 1.000000000000000000e+00 2.600000000000000000e+01 4.718800000000000000e+04 4.736800000000000000e+04 5.046900000000000000e+04 4.615700000000000000e+04 4.043908575602108613e+01 7.800000000000000000e+01
-1.150000000000000000e+02 3.000000000000000000e+00 3.800000000000000000e+01 4.725500000000000000e+04 4.866800000000000000e+04 5.075300000000000000e+04 4.547800000000000000e+04 4.044889150600647554e+01 7.800000000000000000e+01
-5.700000000000000000e+01 -3.000000000000000000e+00 4.000000000000000000e+01 4.771700000000000000e+04 4.873300000000000000e+04 5.073000000000000000e+04 4.538600000000000000e+04 4.045902154204668477e+01 7.800000000000000000e+01
3.200000000000000000e+01 -4.300000000000000000e+01 5.800000000000000000e+01 4.784400000000000000e+04 4.917900000000000000e+04 5.082400000000000000e+04 4.504500000000000000e+04 4.046882990002632141e+01 7.000000000000000000e+01
8.700000000000000000e+01 -3.500000000000000000e+01 4.400000000000000000e+01 4.879300000000000000e+04 5.019500000000000000e+04 5.096000000000000000e+04 4.447600000000000000e+04 4.047976663900772110e+01 7.000000000000000000e+01
1.530000000000000000e+02 -5.700000000000000000e+01 3.900000000000000000e+01 4.925500000000000000e+04 5.070400000000000000e+04 5.058900000000000000e+04 4.392500000000000000e+04 4.048875196801964194e+01 7.000000000000000000e+01
2.230000000000000000e+02 1.100000000000000000e+01 3.800000000000000000e+01 5.080900000000000000e+04 5.074000000000000000e+04 4.916700000000000000e+04 4.424400000000000000e+04 4.049905976402806118e+01 7.000000000000000000e+01
2.810000000000000000e+02 6.900000000000000000e+01 4.100000000000000000e+01 5.114400000000000000e+04 5.133900000000000000e+04 4.882600000000000000e+04 4.344700000000000000e+04 4.050887937803054228e+01 5.800000000000000000e+01
2.380000000000000000e+02 6.100000000000000000e+01 7.200000000000000000e+01 5.102400000000000000e+04 5.090000000000000000e+04 4.999600000000000000e+04 4.461400000000000000e+04 4.051866614900063723e+01 5.800000000000000000e+01
1.470000000000000000e+02 4.000000000000000000e+01 4.700000000000000000e+01 5.091300000000000000e+04 5.066700000000000000e+04 5.046300000000000000e+04 4.436300000000000000e+04 4.052862496202578768e+01 5.800000000000000000e+01
1.100000000000000000e+01 -1.200000000000000000e+01 5.000000000000000000e+01 4.967800000000000000e+04 4.985000000000000000e+04 5.153000000000000000e+04 4.559600000000000000e+04 4.053857710002921522e+01 5.800000000000000000e+01
-1.060000000000000000e+02 -3.100000000000000000e+01 4.400000000000000000e+01 4.854900000000000000e+04 4.933300000000000000e+04 5.234200000000000000e+04 4.605300000000000000e+04 4.054898185003548861e+01 5.800000000000000000e+01
-1.510000000000000000e+02 1.000000000000000000e+00 4.100000000000000000e+01 4.856600000000000000e+04 4.893400000000000000e+04 5.194700000000000000e+04 4.636600000000000000e+04 4.055869287304813042e+01 4.600000000000000000e+01
-1.930000000000000000e+02 3.300000000000000000e+01 4.200000000000000000e+01 4.875900000000000000e+04 4.869700000000000000e+04 5.243700000000000000e+04 4.758700000000000000e+04 4.056884575705043972e+01 4.600000000000000000e+01
-2.150000000000000000e+02 1.420000000000000000e+02 3.300000000000000000e+01 4.923700000000000000e+04 4.807300000000000000e+04 5.170100000000000000e+04 4.814100000000000000e+04 4.057897764502558857e+01 4.600000000000000000e+01
-2.040000000000000000e+02 1.620000000000000000e+02 1.900000000000000000e+01 4.957700000000000000e+04 4.778300000000000000e+04 5.112900000000000000e+04 4.856700000000000000e+04 4.058881681400816888e+01 4.600000000000000000e+01
-1.440000000000000000e+02 1.970000000000000000e+02 7.000000000000000000e+00 4.991100000000000000e+04 4.786800000000000000e+04 5.035100000000000000e+04 4.849300000000000000e+04 4.059841315704397857e+01 3.800000000000000000e+01
-1.240000000000000000e+02 2.030000000000000000e+02 1.400000000000000000e+01 5.014900000000000000e+04 4.807800000000000000e+04 5.031100000000000000e+04 4.888100000000000000e+04 4.060896032000891864e+01 3.800000000000000000e+01
-1.120000000000000000e+02 1.910000000000000000e+02 4.000000000000000000e+00 4.954400000000000000e+04 4.805400000000000000e+04 5.052900000000000000e+04 4.875500000000000000e+04 4.061878627503756434e+01 3.800000000000000000e+01
-6.600000000000000000e+01 1.600000000000000000e+02 2.400000000000000000e+01 4.938300000000000000e+04 4.797800000000000000e+04 5.054600000000000000e+04 4.834700000000000000e+04 4.062877119099721313e+01 3.800000000000000000e+01
-2.000000000000000000e+01 1.220000000000000000e+02 1.600000000000000000e+01 4.934100000000000000e+04 4.872900000000000000e+04 5.042700000000000000e+04 4.694900000000000000e+04 4.063827123603550717e+01 3.100000000000000000e+01
8.000000000000000000e+00 1.840000000000000000e+02 2.300000000000000000e+01 5.019100000000000000e+04 4.793200000000000000e+04 4.982100000000000000e+04 4.814600000000000000e+04 4.064880986802745610e+01 3.100000000000000000e+01
1.550000000000000000e+02 1.590000000000000000e+02 1.800000000000000000e+01 5.130100000000000000e+04 4.943400000000000000e+04 4.805100000000000000e+04 4.609000000000000000e+04 4.065844951302278787e+01 3.100000000000000000e+01
2.170000000000000000e+02 1.370000000000000000e+02 1.100000000000000000e+01 5.107700000000000000e+04 4.940100000000000000e+04 4.796700000000000000e+04 4.575100000000000000e+04 4.066856451600324363e+01 3.100000000000000000e+01
1.770000000000000000e+02 5.800000000000000000e+01 -1.000000000000000000e+00 4.982000000000000000e+04 4.927700000000000000e+04 4.852400000000000000e+04 4.563400000000000000e+04 4.067831070703687146e+01 3.100000000000000000e+01
1.730000000000000000e+02 -5.500000000000000000e+01 7.000000000000000000e+00 4.915500000000000000e+04 5.022800000000000000e+04 4.882600000000000000e+04 4.396100000000000000e+04 4.068823193002026528e+01 2.900000000000000000e+01
1.700000000000000000e+02 -1.290000000000000000e+02 -4.000000000000000000e+00 4.889500000000000000e+04 5.054500000000000000e+04 4.887700000000000000e+04 4.353700000000000000e+04 4.069897710200166330e+01 2.900000000000000000e+01
1.530000000000000000e+02 -2.300000000000000000e+02 -1.300000000000000000e+01 4.781200000000000000e+04 5.073800000000000000e+04 4.930200000000000000e+04 4.289300000000000000e+04 4.070864389004418626e+01 2.900000000000000000e+01
1.260000000000000000e+02 -2.230000000000000000e+02 -2.000000000000000000e+01 4.742100000000000000e+04 5.079800000000000000e+04 4.908600000000000000e+04 4.259300000000000000e+04 4.071840064303250983e+01 2.900000000000000000e+01
3.500000000000000000e+01 -1.450000000000000000e+02 -1.500000000000000000e+01 4.694700000000000000e+04 4.936900000000000000e+04 4.875000000000000000e+04 4.397500000000000000e+04 4.072856874804710969e+01 2.900000000000000000e+01
-1.480000000000000000e+02 -4.900000000000000000e+01 -1.500000000000000000e+01 4.535400000000000000e+04 4.750800000000000000e+04 4.965900000000000000e+04 4.564400000000000000e+04 4.073902170103974640e+01 2.900000000000000000e+01
-3.480000000000000000e+02 1.300000000000000000e+01 1.100000000000000000e+01 4.384800000000000000e+04 4.486800000000000000e+04 5.068200000000000000e+04 4.738800000000000000e+04 4.074877645401284099e+01 2.900000000000000000e+01
-5.070000000000000000e+02 6.300000000000000000e+01 7.000000000000000000e+00 4.310600000000000000e+04 4.255400000000000000e+04 5.129600000000000000e+04 4.864000000000000000e+04 4.075884796702302992e+01 2.900000000000000000e+01
-5.350000000000000000e+02 9.200000000000000000e+01 -2.000000000000000000e+00 4.336700000000000000e+04 4.274700000000000000e+04 5.077400000000000000e+04 4.826400000000000000e+04 4.076866838103160262e+01 2.900000000000000000e+01
-4.640000000000000000e+02 1.360000000000000000e+02 9.000000000000000000e+00 4.429200000000000000e+04 4.272500000000000000e+04 4.935600000000000000e+04 4.783500000000000000e+04 4.077856978704221547e+01 3.400000000000000000e+01
-3.020000000000000000e+02 1.810000000000000000e+02 3.200000000000000000e+01 4.613400000000000000e+04 4.301100000000000000e+04 4.744300000000000000e+04 4.692500000000000000e+04 4.078836841502925381e+01 3.400000000000000000e+01
-5.100000000000000000e+01 2.090000000000000000e+02 3.000000000000000000e+01 4.723600000000000000e+04 4.374600000000000000e+04 4.619900000000000000e+04 4.572500000000000000e+04 4.079818220203742385e+01 3.400000000000000000e+01
1.280000000000000000e+02 1.710000000000000000e+02 3.500000000000000000e+01 4.768800000000000000e+04 4.522600000000000000e+04 4.526800000000000000e+04 4.386700000000000000e+04 4.080889564205426723e+01 3.400000000000000000e+01
2.210000000000000000e+02 1.410000000000000000e+02 2.000000000000000000e+00 4.758600000000000000e+04 4.528500000000000000e+04 4.549400000000000000e+04 4.320600000000000000e+04 4.081868539401330054e+01 4.400000000000000000e+01
3.140000000000000000e+02 1.400000000000000000e+01 -1.200000000000000000e+01 4.677400000000000000e+04 4.588300000000000000e+04 4.455300000000000000e+04 4.173600000000000000e+04 4.082868743001017720e+01 4.400000000000000000e+01
3.670000000000000000e+02 -1.390000000000000000e+02 -2.700000000000000000e+01 4.592200000000000000e+04 4.681800000000000000e+04 4.509900000000000000e+04 4.075200000000000000e+04 4.083830330602359027e+01 4.400000000000000000e+01
3.500000000000000000e+02 -4.030000000000000000e+02 -4.300000000000000000e+01 4.369500000000000000e+04 4.811100000000000000e+04 4.677200000000000000e+04 3.914300000000000000e+04 4.084838809701614082e+01 4.400000000000000000e+01
2.380000000000000000e+02 -5.970000000000000000e+02 -8.600000000000000000e+01 4.107600000000000000e+04 5.015700000000000000e+04 4.861900000000000000e+04 3.643800000000000000e+04 4.085920258302940056e+01 4.800000000000000000e+01
1.780000000000000000e+02 -8.490000000000000000e+02 -1.260000000000000000e+02 3.853000000000000000e+04 5.135200000000000000e+04 4.956600000000000000e+04 3.454800000000000000e+04 4.086853746202541515e+01 4.800000000000000000e+01
8.500000000000000000e+01 -1.001000000000000000e+03 -1.540000000000000000e+02 3.575200000000000000e+04 5.151800000000000000e+04 5.096800000000000000e+04 3.475500000000000000e+04 4.087815160601167008e+01 4.800000000000000000e+01
3.100000000000000000e+01 -9.360000000000000000e+02 -1.720000000000000000e+02 3.758000000000000000e+04 5.116700000000000000e+04 4.979800000000000000e+04 3.576200000000000000e+04 4.088875129504594952e+01 4.800000000000000000e+01
-9.200000000000000000e+01 -7.370000000000000000e+02 -1.750000000000000000e+02 3.811300000000000000e+04 5.067500000000000000e+04 4.917100000000000000e+04 3.705700000000000000e+04 4.090178837004350498e+01 4.800000000000000000e+01
-3.530000000000000000e+02 -3.880000000000000000e+02 -2.040000000000000000e+02 3.794200000000000000e+04 4.781100000000000000e+04 4.917700000000000000e+04 4.162000000000000000e+04 4.090856507699936628e+01 5.400000000000000000e+01
-5.450000000000000000e+02 2.000000000000000000e+00 -2.230000000000000000e+02 3.850100000000000000e+04 4.481700000000000000e+04 4.823100000000000000e+04 4.448500000000000000e+04 4.091840252402471378e+01 5.400000000000000000e+01
-7.030000000000000000e+02 3.840000000000000000e+02 -2.480000000000000000e+02 4.033100000000000000e+04 4.215100000000000000e+04 4.637300000000000000e+04 4.738000000000000000e+04 4.092887032200815156e+01 5.400000000000000000e+01
-6.620000000000000000e+02 7.010000000000000000e+02 -2.280000000000000000e+02 4.182600000000000000e+04 4.122900000000000000e+04 4.511200000000000000e+04 4.849900000000000000e+04 4.093892741703893989e+01 5.400000000000000000e+01
-6.020000000000000000e+02 8.640000000000000000e+02 -2.330000000000000000e+02 4.239900000000000000e+04 4.007900000000000000e+04 4.448500000000000000e+04 4.979700000000000000e+04 4.094847762002609670e+01 1.950000000000000000e+02
-3.710000000000000000e+02 7.780000000000000000e+02 -1.960000000000000000e+02 4.310500000000000000e+04 4.258800000000000000e+04 4.423400000000000000e+04 4.804600000000000000e+04 4.095845582702895626e+01 1.950000000000000000e+02
-1.400000000000000000e+02 5.710000000000000000e+02 -1.690000000000000000e+02 4.296600000000000000e+04 4.532800000000000000e+04 4.475600000000000000e+04 4.571300000000000000e+04 4.096825905900914222e+01 1.950000000000000000e+02
6.700000000000000000e+01 3.120000000000000000e+02 -1.340000000000000000e+02 4.342000000000000000e+04 4.766400000000000000e+04 4.462700000000000000e+04 4.302500000000000000e+04 4.097820602700812742e+01 1.950000000000000000e+02
