2.000000000000000000e+01 3.500000000000000000e+01 2.200000000000000000e+01 4.618200000000000000e+04 4.733500000000000000e+04 4.626100000000000000e+04 4.500100000000000000e+04 2.579891330195823684e+01 8.010000000000000000e+02
1.500000000000000000e+01 4.600000000000000000e+01 3.100000000000000000e+01 4.577800000000000000e+04 4.767300000000000000e+04 4.670900000000000000e+04 4.462600000000000000e+04 2.580851012695347890e+01 8.050000000000000000e+02
6.000000000000000000e+00 5.800000000000000000e+01 1.400000000000000000e+01 4.561500000000000000e+04 4.747000000000000000e+04 4.626900000000000000e+04 4.442600000000000000e+04 2.581895271496614441e+01 8.050000000000000000e+02
8.000000000000000000e+00 5.500000000000000000e+01 2.100000000000000000e+01 4.619900000000000000e+04 4.795600000000000000e+04 4.568100000000000000e+04 4.381500000000000000e+04 2.582835552899632603e+01 8.050000000000000000e+02
-7.000000000000000000e+00 6.600000000000000000e+01 1.700000000000000000e+01 4.601200000000000000e+04 4.681400000000000000e+04 4.583000000000000000e+04 4.511200000000000000e+04 2.583885131095303223e+01 8.050000000000000000e+02
-3.300000000000000000e+01 5.000000000000000000e+01 2.200000000000000000e+01 4.513400000000000000e+04 4.731300000000000000e+04 4.681800000000000000e+04 4.452000000000000000e+04 2.584920835099183023e+01 8.020000000000000000e+02
-6.300000000000000000e+01 3.100000000000000000e+01 2.600000000000000000e+01 4.517400000000000000e+04 4.656500000000000000e+04 4.695900000000000000e+04 4.563600000000000000e+04 2.585886619496159256e+01 8.020000000000000000e+02
-7.100000000000000000e+01 1.400000000000000000e+01 2.400000000000000000e+01 4.550400000000000000e+04 4.730800000000000000e+04 4.673600000000000000e+04 4.483700000000000000e+04 2.586919926397968084e+01 8.020000000000000000e+02
-7.800000000000000000e+01 -8.000000000000000000e+00 2.100000000000000000e+01 4.501300000000000000e+04 4.695400000000000000e+04 4.725000000000000000e+04 4.527300000000000000e+04 2.587887844495708123e+01 8.020000000000000000e+02
-6.700000000000000000e+01 -3.300000000000000000e+01 2.700000000000000000e+01 4.528500000000000000e+04 4.736100000000000000e+04 4.697100000000000000e+04 4.489600000000000000e+04 2.588837856095051393e+01 8.020000000000000000e+02
-4.200000000000000000e+01 -4.100000000000000000e+01 2.300000000000000000e+01 4.573100000000000000e+04 4.747200000000000000e+04 4.646400000000000000e+04 4.469300000000000000e+04 2.589905424194876105e+01 8.050000000000000000e+02
-2.800000000000000000e+01 -5.500000000000000000e+01 0.000000000000000000e+00 4.551900000000000000e+04 4.769400000000000000e+04 4.664600000000000000e+04 4.461900000000000000e+04 2.590864416596014053e+01 8.050000000000000000e+02
-9.000000000000000000e+00 -6.100000000000000000e+01 9.000000000000000000e+00 4.554700000000000000e+04 4.803700000000000000e+04 4.671500000000000000e+04 4.424500000000000000e+04 2.591889833798632026e+01 8.050000000000000000e+02
1.000000000000000000e+00 -2.900000000000000000e+01 1.000000000000000000e+00 4.563300000000000000e+04 4.788800000000000000e+04 4.664100000000000000e+04 4.471900000000000000e+04 2.592845139896962792e+01 8.050000000000000000e+02
1.800000000000000000e+01 -1.100000000000000000e+01 2.000000000000000000e+00 4.578800000000000000e+04 4.796500000000000000e+04 4.667200000000000000e+04 4.450600000000000000e+04 2.593897429294884205e+01 8.030000000000000000e+02
2.100000000000000000e+01 1.500000000000000000e+01 3.000000000000000000e+00 4.597400000000000000e+04 4.787000000000000000e+04 4.661600000000000000e+04 4.496000000000000000e+04 2.594832377298735082e+01 8.030000000000000000e+02
-5.000000000000000000e+00 2.200000000000000000e+01 3.000000000000000000e+00 4.581500000000000000e+04 4.755600000000000000e+04 4.684900000000000000e+04 4.549600000000000000e+04 2.595912075595697388e+01 8.030000000000000000e+02
-3.100000000000000000e+01 1.600000000000000000e+01 -4.000000000000000000e+00 4.557100000000000000e+04 4.770600000000000000e+04 4.706600000000000000e+04 4.534200000000000000e+04 2.596866157796466723e+01 8.030000000000000000e+02
-5.200000000000000000e+01 3.400000000000000000e+01 -1.000000000000000000e+00 4.617400000000000000e+04 4.787200000000000000e+04 4.663800000000000000e+04 4.533100000000000000e+04 2.597951857198495418e+01 8.020000000000000000e+02
-4.700000000000000000e+01 2.200000000000000000e+01 -6.000000000000000000e+00 4.574200000000000000e+04 4.819700000000000000e+04 4.727300000000000000e+04 4.525300000000000000e+04 2.598985939595149830e+01 8.020000000000000000e+02
-8.100000000000000000e+01 2.600000000000000000e+01 -9.000000000000000000e+00 4.550800000000000000e+04 4.768300000000000000e+04 4.771200000000000000e+04 4.604700000000000000e+04 2.599921215797076002e+01 8.020000000000000000e+02
-5.900000000000000000e+01 2.100000000000000000e+01 4.000000000000000000e+00 4.567100000000000000e+04 4.833300000000000000e+04 4.764400000000000000e+04 4.526800000000000000e+04 2.600866729399422184e+01 8.020000000000000000e+02
-6.600000000000000000e+01 3.900000000000000000e+01 -9.000000000000000000e+00 4.582400000000000000e+04 4.817000000000000000e+04 4.748900000000000000e+04 4.551300000000000000e+04 2.601916191296186298e+01 8.020000000000000000e+02
-4.400000000000000000e+01 1.800000000000000000e+01 -2.000000000000000000e+00 4.566400000000000000e+04 4.834000000000000000e+04 4.769000000000000000e+04 4.561900000000000000e+04 2.602932305395370349e+01 8.020000000000000000e+02
-4.500000000000000000e+01 5.900000000000000000e+01 -1.400000000000000000e+01 4.648800000000000000e+04 4.792300000000000000e+04 4.704500000000000000e+04 4.598900000000000000e+04 2.603912104800110683e+01 8.020000000000000000e+02
8.000000000000000000e+00 5.300000000000000000e+01 1.000000000000000000e+00 4.670300000000000000e+04 4.851200000000000000e+04 4.676000000000000000e+04 4.534600000000000000e+04 2.604874016297981143e+01 8.020000000000000000e+02
3.700000000000000000e+01 4.000000000000000000e+01 0.000000000000000000e+00 4.692900000000000000e+04 4.834600000000000000e+04 4.665200000000000000e+04 4.547600000000000000e+04 2.605916695098858327e+01 8.020000000000000000e+02
5.600000000000000000e+01 5.000000000000000000e+00 -6.000000000000000000e+00 4.663700000000000000e+04 4.869900000000000000e+04 4.684800000000000000e+04 4.501200000000000000e+04 2.606938690698007122e+01 8.020000000000000000e+02
4.800000000000000000e+01 1.000000000000000000e+00 -1.000000000000000000e+01 4.673200000000000000e+04 4.877700000000000000e+04 4.660500000000000000e+04 4.521500000000000000e+04 2.607883288396988064e+01 8.020000000000000000e+02
3.300000000000000000e+01 -2.900000000000000000e+01 -1.100000000000000000e+01 4.629100000000000000e+04 4.870800000000000000e+04 4.703900000000000000e+04 4.500500000000000000e+04 2.608887420297833160e+01 8.020000000000000000e+02
2.300000000000000000e+01 -5.700000000000000000e+01 -8.000000000000000000e+00 4.651100000000000000e+04 4.924300000000000000e+04 4.702800000000000000e+04 4.461900000000000000e+04 2.609927223197882995e+01 8.020000000000000000e+02
2.200000000000000000e+01 -8.800000000000000000e+01 -5.000000000000000000e+00 4.604800000000000000e+04 4.945300000000000000e+04 4.739100000000000000e+04 4.423100000000000000e+04 2.610887787095271051e+01 7.990000000000000000e+02
-1.400000000000000000e+01 -5.100000000000000000e+01 5.000000000000000000e+00 4.625200000000000000e+04 4.882100000000000000e+04 4.737900000000000000e+04 4.534700000000000000e+04 2.611940855596913025e+01 7.990000000000000000e+02
-3.300000000000000000e+01 -3.700000000000000000e+01 1.300000000000000000e+01 4.600400000000000000e+04 4.852700000000000000e+04 4.767700000000000000e+04 4.541400000000000000e+04 2.612968312099110335e+01 7.990000000000000000e+02
-5.500000000000000000e+01 -1.800000000000000000e+01 4.000000000000000000e+00 4.624200000000000000e+04 4.861900000000000000e+04 4.748400000000000000e+04 4.544400000000000000e+04 2.613964933599345386e+01 7.990000000000000000e+02
-5.800000000000000000e+01 -3.000000000000000000e+00 1.300000000000000000e+01 4.652200000000000000e+04 4.848500000000000000e+04 4.720400000000000000e+04 4.530500000000000000e+04 2.614909264299785718e+01 7.990000000000000000e+02
-6.500000000000000000e+01 2.400000000000000000e+01 1.700000000000000000e+01 4.659800000000000000e+04 4.833700000000000000e+04 4.730500000000000000e+04 4.562500000000000000e+04 2.615940997394500300e+01 8.000000000000000000e+02
-8.900000000000000000e+01 4.100000000000000000e+01 7.000000000000000000e+00 4.611500000000000000e+04 4.776300000000000000e+04 4.755500000000000000e+04 4.605900000000000000e+04 2.617350679298397154e+01 8.000000000000000000e+02
-3.500000000000000000e+01 4.500000000000000000e+01 2.100000000000000000e+01 4.684300000000000000e+04 4.843000000000000000e+04 4.691700000000000000e+04 4.522300000000000000e+04 2.617941059399163350e+01 8.000000000000000000e+02
-2.300000000000000000e+01 6.000000000000000000e+01 1.800000000000000000e+01 4.608200000000000000e+04 4.836000000000000000e+04 4.754000000000000000e+04 4.537600000000000000e+04 2.618961960898013785e+01 8.000000000000000000e+02
-2.000000000000000000e+00 4.000000000000000000e+01 2.200000000000000000e+01 4.683100000000000000e+04 4.874900000000000000e+04 4.685900000000000000e+04 4.502800000000000000e+04 2.619925323600182310e+01 7.990000000000000000e+02
2.200000000000000000e+01 3.800000000000000000e+01 1.300000000000000000e+01 4.632300000000000000e+04 4.779900000000000000e+04 4.734700000000000000e+04 4.598500000000000000e+04 2.620901248697191477e+01 7.990000000000000000e+02
4.600000000000000000e+01 4.200000000000000000e+01 1.100000000000000000e+01 4.650300000000000000e+04 4.877400000000000000e+04 4.715400000000000000e+04 4.477700000000000000e+04 2.621828317694598809e+01 7.990000000000000000e+02
5.600000000000000000e+01 4.500000000000000000e+01 8.000000000000000000e+00 4.736700000000000000e+04 4.916700000000000000e+04 4.617400000000000000e+04 4.425900000000000000e+04 2.622817589796613902e+01 7.990000000000000000e+02
4.100000000000000000e+01 3.300000000000000000e+01 1.600000000000000000e+01 4.728200000000000000e+04 4.901300000000000000e+04 4.613500000000000000e+04 4.440300000000000000e+04 2.623869255295721814e+01 8.000000000000000000e+02
-1.000000000000000000e+01 2.200000000000000000e+01 1.500000000000000000e+01 4.678700000000000000e+04 4.820800000000000000e+04 4.654200000000000000e+04 4.522900000000000000e+04 2.624898344895336777e+01 8.000000000000000000e+02
-5.700000000000000000e+01 6.000000000000000000e+00 2.500000000000000000e+01 4.690400000000000000e+04 4.842000000000000000e+04 4.658500000000000000e+04 4.480800000000000000e+04 2.625859130296157673e+01 8.000000000000000000e+02
-1.330000000000000000e+02 -1.800000000000000000e+01 1.800000000000000000e+01 4.541300000000000000e+04 4.763900000000000000e+04 4.788900000000000000e+04 4.550900000000000000e+04 2.626894643798004836e+01 8.000000000000000000e+02
-1.690000000000000000e+02 -3.700000000000000000e+01 2.200000000000000000e+01 4.622300000000000000e+04 4.828400000000000000e+04 4.714100000000000000e+04 4.503500000000000000e+04 2.627925728994887322e+01 7.970000000000000000e+02
-1.800000000000000000e+02 -6.700000000000000000e+01 3.000000000000000000e+01 4.592200000000000000e+04 4.818400000000000000e+04 4.761100000000000000e+04 4.516200000000000000e+04 2.628825031395535916e+01 7.970000000000000000e+02
-1.870000000000000000e+02 -7.500000000000000000e+01 3.200000000000000000e+01 4.562700000000000000e+04 4.821300000000000000e+04 4.806200000000000000e+04 4.509800000000000000e+04 2.629812358599156141e+01 7.970000000000000000e+02
-1.820000000000000000e+02 -5.500000000000000000e+01 2.700000000000000000e+01 4.555900000000000000e+04 4.754800000000000000e+04 4.862500000000000000e+04 4.527300000000000000e+04 2.630905295198317617e+01 7.970000000000000000e+02
-1.330000000000000000e+02 -4.500000000000000000e+01 3.400000000000000000e+01 4.681800000000000000e+04 4.766000000000000000e+04 4.695000000000000000e+04 4.556600000000000000e+04 2.631825403997208923e+01 7.970000000000000000e+02
-1.030000000000000000e+02 -6.800000000000000000e+01 3.100000000000000000e+01 4.667900000000000000e+04 4.764200000000000000e+04 4.784500000000000000e+04 4.534900000000000000e+04 2.632800847594626248e+01 7.960000000000000000e+02
-8.400000000000000000e+01 -1.070000000000000000e+02 3.900000000000000000e+01 4.679900000000000000e+04 4.810300000000000000e+04 4.730300000000000000e+04 4.535500000000000000e+04 2.633882128098048270e+01 7.960000000000000000e+02
-5.300000000000000000e+01 -1.500000000000000000e+02 4.700000000000000000e+01 4.655100000000000000e+04 4.831400000000000000e+04 4.816400000000000000e+04 4.443100000000000000e+04 2.634844509698450565e+01 7.960000000000000000e+02
-2.400000000000000000e+01 -1.970000000000000000e+02 3.900000000000000000e+01 4.628300000000000000e+04 4.879400000000000000e+04 4.784100000000000000e+04 4.442800000000000000e+04 2.635915176995331421e+01 7.960000000000000000e+02
-1.100000000000000000e+01 -2.340000000000000000e+02 3.900000000000000000e+01 4.649500000000000000e+04 4.865900000000000000e+04 4.727300000000000000e+04 4.414300000000000000e+04 2.636875815299572423e+01 8.010000000000000000e+02
-8.000000000000000000e+00 -2.850000000000000000e+02 2.800000000000000000e+01 4.641500000000000000e+04 4.907400000000000000e+04 4.730500000000000000e+04 4.351400000000000000e+04 2.637933376297587529e+01 8.010000000000000000e+02
-2.400000000000000000e+01 -2.900000000000000000e+02 2.900000000000000000e+01 4.589300000000000000e+04 4.872400000000000000e+04 4.769000000000000000e+04 4.385900000000000000e+04 2.638887105695903301e+01 8.010000000000000000e+02
-8.000000000000000000e+00 -2.860000000000000000e+02 3.000000000000000000e+01 4.562600000000000000e+04 4.905300000000000000e+04 4.782600000000000000e+04 4.343500000000000000e+04 2.639818456495413557e+01 8.010000000000000000e+02
-1.200000000000000000e+01 -2.840000000000000000e+02 2.900000000000000000e+01 4.620600000000000000e+04 4.851400000000000000e+04 4.709100000000000000e+04 4.386900000000000000e+04 2.640831552795134485e+01 8.000000000000000000e+02
-4.000000000000000000e+01 -2.570000000000000000e+02 2.300000000000000000e+01 4.577700000000000000e+04 4.830600000000000000e+04 4.743900000000000000e+04 4.401000000000000000e+04 2.641812147898599505e+01 8.000000000000000000e+02
-3.500000000000000000e+01 -2.280000000000000000e+02 3.500000000000000000e+01 4.603800000000000000e+04 4.798200000000000000e+04 4.726100000000000000e+04 4.432500000000000000e+04 2.642830866097938269e+01 8.000000000000000000e+02
-4.600000000000000000e+01 -2.110000000000000000e+02 2.800000000000000000e+01 4.614600000000000000e+04 4.794000000000000000e+04 4.724400000000000000e+04 4.434000000000000000e+04 2.643823164497734979e+01 8.000000000000000000e+02
-7.900000000000000000e+01 -1.900000000000000000e+02 3.800000000000000000e+01 4.606400000000000000e+04 4.756600000000000000e+04 4.742100000000000000e+04 4.474500000000000000e+04 2.644930258498061448e+01 8.000000000000000000e+02
-8.000000000000000000e+01 -1.720000000000000000e+02 4.900000000000000000e+01 4.590800000000000000e+04 4.753800000000000000e+04 4.759400000000000000e+04 4.461700000000000000e+04 2.645880127995042130e+01 8.010000000000000000e+02
-1.010000000000000000e+02 -1.660000000000000000e+02 3.500000000000000000e+01 4.596800000000000000e+04 4.729100000000000000e+04 4.754400000000000000e+04 4.482500000000000000e+04 2.646827701095025986e+01 8.010000000000000000e+02
-1.010000000000000000e+02 -1.460000000000000000e+02 3.000000000000000000e+01 4.620300000000000000e+04 4.746400000000000000e+04 4.727800000000000000e+04 4.460800000000000000e+04 2.647847499296767637e+01 8.010000000000000000e+02
-8.100000000000000000e+01 -1.520000000000000000e+02 3.600000000000000000e+01 4.628800000000000000e+04 4.772600000000000000e+04 4.720800000000000000e+04 4.424200000000000000e+04 2.648821088694967330e+01 8.010000000000000000e+02
-7.000000000000000000e+01 -1.410000000000000000e+02 5.600000000000000000e+01 4.600200000000000000e+04 4.729800000000000000e+04 4.721600000000000000e+04 4.442500000000000000e+04 2.649782102997414768e+01 8.030000000000000000e+02
-4.100000000000000000e+01 -1.380000000000000000e+02 5.600000000000000000e+01 4.577900000000000000e+04 4.697600000000000000e+04 4.739100000000000000e+04 4.472700000000000000e+04 2.651000616297824308e+01 8.030000000000000000e+02
-4.300000000000000000e+01 -1.430000000000000000e+02 4.800000000000000000e+01 4.598600000000000000e+04 4.735300000000000000e+04 4.739600000000000000e+04 4.399900000000000000e+04 2.651843106700107455e+01 8.030000000000000000e+02
-6.000000000000000000e+00 -1.470000000000000000e+02 5.600000000000000000e+01 4.624000000000000000e+04 4.758000000000000000e+04 4.706600000000000000e+04 4.382000000000000000e+04 2.652887301595183089e+01 8.030000000000000000e+02
2.900000000000000000e+01 -1.500000000000000000e+02 3.800000000000000000e+01 4.599600000000000000e+04 4.749000000000000000e+04 4.739500000000000000e+04 4.381500000000000000e+04 2.653808331099571660e+01 8.020000000000000000e+02
4.000000000000000000e+01 -1.520000000000000000e+02 3.200000000000000000e+01 4.612700000000000000e+04 4.768100000000000000e+04 4.711400000000000000e+04 4.397500000000000000e+04 2.655501737695885822e+01 8.020000000000000000e+02
5.100000000000000000e+01 -1.700000000000000000e+02 3.400000000000000000e+01 4.612100000000000000e+04 4.784900000000000000e+04 4.724600000000000000e+04 4.340100000000000000e+04 2.655875561200082302e+01 8.020000000000000000e+02
5.500000000000000000e+01 -1.850000000000000000e+02 4.300000000000000000e+01 4.619000000000000000e+04 4.834600000000000000e+04 4.727600000000000000e+04 4.310100000000000000e+04 2.657013119099428877e+01 8.020000000000000000e+02
4.900000000000000000e+01 -1.620000000000000000e+02 3.800000000000000000e+01 4.613300000000000000e+04 4.779400000000000000e+04 4.724200000000000000e+04 4.387500000000000000e+04 2.657875316299032420e+01 8.020000000000000000e+02
2.400000000000000000e+01 -1.380000000000000000e+02 2.000000000000000000e+01 4.595700000000000000e+04 4.752400000000000000e+04 4.749000000000000000e+04 4.426900000000000000e+04 2.658846158895175904e+01 8.020000000000000000e+02
1.000000000000000000e+00 -1.230000000000000000e+02 1.200000000000000000e+01 4.594100000000000000e+04 4.734700000000000000e+04 4.761500000000000000e+04 4.437500000000000000e+04 2.659840621997136623e+01 8.020000000000000000e+02
-2.000000000000000000e+00 -1.090000000000000000e+02 2.000000000000000000e+01 4.603700000000000000e+04 4.749900000000000000e+04 4.751900000000000000e+04 4.422300000000000000e+04 2.660870166996028274e+01 8.020000000000000000e+02
2.000000000000000000e+00 -9.000000000000000000e+01 4.000000000000000000e+00 4.602000000000000000e+04 4.738600000000000000e+04 4.717500000000000000e+04 4.465400000000000000e+04 2.661821325699565932e+01 8.020000000000000000e+02
1.700000000000000000e+01 -8.800000000000000000e+01 -1.000000000000000000e+01 4.598800000000000000e+04 4.757400000000000000e+04 4.720800000000000000e+04 4.450100000000000000e+04 2.662825936696026474e+01 8.030000000000000000e+02
3.500000000000000000e+01 -8.700000000000000000e+01 1.300000000000000000e+01 4.587200000000000000e+04 4.769000000000000000e+04 4.754700000000000000e+04 4.420300000000000000e+04 2.663835998199647292e+01 8.030000000000000000e+02
8.500000000000000000e+01 -9.200000000000000000e+01 7.000000000000000000e+00 4.652600000000000000e+04 4.821500000000000000e+04 4.678900000000000000e+04 4.381600000000000000e+04 2.664859968895325437e+01 8.030000000000000000e+02
9.400000000000000000e+01 -8.900000000000000000e+01 -6.000000000000000000e+00 4.626700000000000000e+04 4.800900000000000000e+04 4.696600000000000000e+04 4.417600000000000000e+04 2.665841018100036308e+01 8.030000000000000000e+02
7.800000000000000000e+01 -8.500000000000000000e+01 -8.000000000000000000e+00 4.597700000000000000e+04 4.804000000000000000e+04 4.726600000000000000e+04 4.444200000000000000e+04 2.666855396196478978e+01 8.020000000000000000e+02
7.200000000000000000e+01 -8.700000000000000000e+01 -6.000000000000000000e+00 4.606500000000000000e+04 4.807000000000000000e+04 4.733700000000000000e+04 4.439500000000000000e+04 2.667796155798714608e+01 8.020000000000000000e+02
5.400000000000000000e+01 -8.100000000000000000e+01 -1.800000000000000000e+01 4.603200000000000000e+04 4.851200000000000000e+04 4.705400000000000000e+04 4.423200000000000000e+04 2.668845646094996482e+01 8.020000000000000000e+02
5.300000000000000000e+01 -6.400000000000000000e+01 -2.800000000000000000e+01 4.623100000000000000e+04 4.836700000000000000e+04 4.734200000000000000e+04 4.433100000000000000e+04 2.669851996999932453e+01 8.020000000000000000e+02
6.800000000000000000e+01 -8.100000000000000000e+01 -2.200000000000000000e+01 4.562200000000000000e+04 4.879400000000000000e+04 4.742500000000000000e+04 4.437700000000000000e+04 2.670874269894557074e+01 8.020000000000000000e+02
5.600000000000000000e+01 -6.800000000000000000e+01 -1.500000000000000000e+01 4.618900000000000000e+04 4.856600000000000000e+04 4.754700000000000000e+04 4.430200000000000000e+04 2.671805819397559389e+01 8.020000000000000000e+02
3.300000000000000000e+01 -6.100000000000000000e+01 -2.600000000000000000e+01 4.630100000000000000e+04 4.830600000000000000e+04 4.752500000000000000e+04 4.459900000000000000e+04 2.672798175399657339e+01 8.020000000000000000e+02
4.700000000000000000e+01 -2.600000000000000000e+01 -4.300000000000000000e+01 4.656300000000000000e+04 4.813500000000000000e+04 4.716300000000000000e+04 4.496900000000000000e+04 2.673832345096161589e+01 8.020000000000000000e+02
3.700000000000000000e+01 -1.000000000000000000e+01 -3.100000000000000000e+01 4.622400000000000000e+04 4.808000000000000000e+04 4.751000000000000000e+04 4.512000000000000000e+04 2.674856473697582260e+01 8.020000000000000000e+02
4.400000000000000000e+01 -1.200000000000000000e+01 -2.400000000000000000e+01 4.616900000000000000e+04 4.789700000000000000e+04 4.730700000000000000e+04 4.516200000000000000e+04 2.675881224899785593e+01 8.050000000000000000e+02
4.500000000000000000e+01 0.000000000000000000e+00 -2.500000000000000000e+01 4.625200000000000000e+04 4.827100000000000000e+04 4.721400000000000000e+04 4.486600000000000000e+04 2.676890018599806353e+01 8.050000000000000000e+02
1.300000000000000000e+01 -8.000000000000000000e+00 -2.600000000000000000e+01 4.612100000000000000e+04 4.820200000000000000e+04 4.738500000000000000e+04 4.496200000000000000e+04 2.677797629497945309e+01 8.050000000000000000e+02
1.300000000000000000e+01 -1.400000000000000000e+01 -2.700000000000000000e+01 4.631100000000000000e+04 4.821900000000000000e+04 4.666700000000000000e+04 4.558900000000000000e+04 2.678804870898602530e+01 8.050000000000000000e+02
4.100000000000000000e+01 -1.900000000000000000e+01 -1.500000000000000000e+01 4.604500000000000000e+04 4.875900000000000000e+04 4.665400000000000000e+04 4.437100000000000000e+04 2.679866187798324972e+01 8.070000000000000000e+02
6.100000000000000000e+01 -2.700000000000000000e+01 -2.500000000000000000e+01 4.526900000000000000e+04 4.781700000000000000e+04 4.762600000000000000e+04 4.506100000000000000e+04 2.680793220596387982e+01 8.070000000000000000e+02
5.100000000000000000e+01 -3.700000000000000000e+01 -2.900000000000000000e+01 4.625700000000000000e+04 4.938700000000000000e+04 4.640000000000000000e+04 4.337000000000000000e+04 2.681827316898852587e+01 8.070000000000000000e+02
4.000000000000000000e+01 -4.400000000000000000e+01 -2.300000000000000000e+01 4.581700000000000000e+04 4.838400000000000000e+04 4.650500000000000000e+04 4.444000000000000000e+04 2.682830512494547293e+01 8.070000000000000000e+02
3.500000000000000000e+01 -7.300000000000000000e+01 -1.200000000000000000e+01 4.492200000000000000e+04 4.906900000000000000e+04 4.739500000000000000e+04 4.356000000000000000e+04 2.683821561397053301e+01 8.000000000000000000e+02
2.100000000000000000e+01 -5.900000000000000000e+01 -1.000000000000000000e+01 4.568800000000000000e+04 4.786900000000000000e+04 4.732300000000000000e+04 4.551700000000000000e+04 2.684831491595832631e+01 8.000000000000000000e+02
1.800000000000000000e+01 -4.500000000000000000e+01 -1.300000000000000000e+01 4.531700000000000000e+04 4.823200000000000000e+04 4.769700000000000000e+04 4.519300000000000000e+04 2.685838608199264854e+01 8.000000000000000000e+02
1.200000000000000000e+01 -2.100000000000000000e+01 -2.000000000000000000e+00 4.559900000000000000e+04 4.893200000000000000e+04 4.769300000000000000e+04 4.419900000000000000e+04 2.686850180197507143e+01 8.000000000000000000e+02
7.000000000000000000e+00 -9.000000000000000000e+00 -5.000000000000000000e+00 4.640300000000000000e+04 4.871600000000000000e+04 4.729100000000000000e+04 4.446200000000000000e+04 2.687829516595229506e+01 8.000000000000000000e+02
3.700000000000000000e+01 9.000000000000000000e+00 3.000000000000000000e+00 4.624600000000000000e+04 4.867500000000000000e+04 4.694400000000000000e+04 4.406800000000000000e+04 2.688859721098560840e+01 8.070000000000000000e+02
2.000000000000000000e+01 3.700000000000000000e+01 1.000000000000000000e+01 4.535500000000000000e+04 4.751300000000000000e+04 4.784400000000000000e+04 4.526900000000000000e+04 2.689778574998490512e+01 8.070000000000000000e+02
4.800000000000000000e+01 6.400000000000000000e+01 2.000000000000000000e+00 4.663400000000000000e+04 4.887400000000000000e+04 4.673600000000000000e+04 4.342200000000000000e+04 2.690782664099242538e+01 8.070000000000000000e+02
3.300000000000000000e+01 6.300000000000000000e+01 2.000000000000000000e+01 4.682300000000000000e+04 4.786400000000000000e+04 4.654500000000000000e+04 4.451900000000000000e+04 2.691805908695096150e+01 8.070000000000000000e+02
3.200000000000000000e+01 7.500000000000000000e+01 1.400000000000000000e+01 4.690100000000000000e+04 4.625700000000000000e+04 4.667900000000000000e+04 4.634500000000000000e+04 2.692777379095787182e+01 8.030000000000000000e+02
6.300000000000000000e+01 1.040000000000000000e+02 1.000000000000000000e+01 4.712200000000000000e+04 4.791300000000000000e+04 4.628500000000000000e+04 4.451200000000000000e+04 2.693807797896442935e+01 8.030000000000000000e+02
3.600000000000000000e+01 8.100000000000000000e+01 2.400000000000000000e+01 4.639400000000000000e+04 4.816000000000000000e+04 4.715800000000000000e+04 4.438900000000000000e+04 2.694780371699016541e+01 8.030000000000000000e+02
6.000000000000000000e+00 5.900000000000000000e+01 2.300000000000000000e+01 4.620000000000000000e+04 4.762800000000000000e+04 4.744600000000000000e+04 4.483400000000000000e+04 2.695804667397169396e+01 8.030000000000000000e+02
-4.000000000000000000e+00 6.100000000000000000e+01 2.600000000000000000e+01 4.688300000000000000e+04 4.791800000000000000e+04 4.689900000000000000e+04 4.439300000000000000e+04 2.696772004297235981e+01 3.700000000000000000e+01
5.000000000000000000e+00 3.600000000000000000e+01 1.400000000000000000e+01 4.641500000000000000e+04 4.836600000000000000e+04 4.927800000000000000e+04 4.566100000000000000e+04 2.697854984796140343e+01 3.700000000000000000e+01
1.000000000000000000e+01 2.700000000000000000e+01 1.200000000000000000e+01 4.779300000000000000e+04 4.720500000000000000e+04 4.796900000000000000e+04 4.703800000000000000e+04 2.698770315200090408e+01 3.700000000000000000e+01
2.100000000000000000e+01 2.400000000000000000e+01 2.000000000000000000e+00 4.865400000000000000e+04 4.802400000000000000e+04 4.721600000000000000e+04 4.644200000000000000e+04 2.699751020898111165e+01 3.700000000000000000e+01
2.500000000000000000e+01 2.900000000000000000e+01 2.000000000000000000e+00 4.701800000000000000e+04 4.824400000000000000e+04 4.902100000000000000e+04 4.637800000000000000e+04 2.700796316500054672e+01 3.700000000000000000e+01
4.700000000000000000e+01 1.200000000000000000e+01 2.000000000000000000e+01 4.956400000000000000e+04 5.123900000000000000e+04 4.939300000000000000e+04 4.588400000000000000e+04 2.701757455198094249e+01 1.900000000000000000e+01
1.600000000000000000e+01 2.300000000000000000e+01 -3.000000000000000000e+00 5.010300000000000000e+04 5.161200000000000000e+04 4.844300000000000000e+04 4.590500000000000000e+04 2.702837379695847631e+01 1.900000000000000000e+01
1.800000000000000000e+01 1.300000000000000000e+01 3.000000000000000000e+00 4.892400000000000000e+04 4.552400000000000000e+04 4.986200000000000000e+04 5.185900000000000000e+04 2.703848791896598414e+01 1.900000000000000000e+01
-2.700000000000000000e+01 1.900000000000000000e+01 1.300000000000000000e+01 4.858600000000000000e+04 5.302700000000000000e+04 5.058800000000000000e+04 4.452700000000000000e+04 2.704840396496001631e+01 1.900000000000000000e+01
-4.400000000000000000e+01 1.100000000000000000e+01 0.000000000000000000e+00 4.766200000000000000e+04 4.888500000000000000e+04 4.989200000000000000e+04 4.766400000000000000e+04 2.705839667294640094e+01 5.100000000000000000e+01
-6.300000000000000000e+01 5.500000000000000000e+01 -1.800000000000000000e+01 4.909100000000000000e+04 5.194700000000000000e+04 4.829800000000000000e+04 4.424200000000000000e+04 2.706802543898811564e+01 5.100000000000000000e+01
-9.400000000000000000e+01 8.600000000000000000e+01 -3.600000000000000000e+01 4.399100000000000000e+04 4.683300000000000000e+04 5.170500000000000000e+04 4.978900000000000000e+04 2.707845854997867718e+01 5.100000000000000000e+01
-2.700000000000000000e+01 1.030000000000000000e+02 -3.600000000000000000e+01 4.893400000000000000e+04 4.724500000000000000e+04 4.760800000000000000e+04 4.922600000000000000e+04 2.708797215297818184e+01 5.100000000000000000e+01
3.800000000000000000e+01 1.140000000000000000e+02 -3.300000000000000000e+01 4.525500000000000000e+04 5.072200000000000000e+04 4.983200000000000000e+04 4.563400000000000000e+04 2.709829756297403947e+01 5.100000000000000000e+01
9.600000000000000000e+01 1.210000000000000000e+02 -3.000000000000000000e+01 4.758900000000000000e+04 4.995000000000000000e+04 4.556500000000000000e+04 4.462600000000000000e+04 2.710868375195423141e+01 5.300000000000000000e+01
1.590000000000000000e+02 1.070000000000000000e+02 -4.300000000000000000e+01 4.685000000000000000e+04 4.944500000000000000e+04 4.599800000000000000e+04 4.468400000000000000e+04 2.711825504095759243e+01 5.300000000000000000e+01
1.740000000000000000e+02 1.000000000000000000e+02 -3.800000000000000000e+01 4.813700000000000000e+04 5.081900000000000000e+04 4.371500000000000000e+04 4.253200000000000000e+04 2.712857514299685135e+01 5.300000000000000000e+01
1.670000000000000000e+02 9.800000000000000000e+01 -3.900000000000000000e+01 4.418500000000000000e+04 4.619400000000000000e+04 4.712900000000000000e+04 4.739500000000000000e+04 2.713816444599069655e+01 5.300000000000000000e+01
1.230000000000000000e+02 6.400000000000000000e+01 -2.900000000000000000e+01 4.706400000000000000e+04 4.852600000000000000e+04 4.302700000000000000e+04 4.370300000000000000e+04 2.714785398496314883e+01 5.300000000000000000e+01
3.000000000000000000e+01 4.700000000000000000e+01 -3.500000000000000000e+01 4.388200000000000000e+04 4.959300000000000000e+04 4.633900000000000000e+04 4.160800000000000000e+04 2.715778076194692403e+01 5.300000000000000000e+01
-5.300000000000000000e+01 4.100000000000000000e+01 -8.000000000000000000e+00 4.434600000000000000e+04 4.518700000000000000e+04 4.581300000000000000e+04 4.633700000000000000e+04 2.716781217599054798e+01 5.300000000000000000e+01
-8.400000000000000000e+01 6.000000000000000000e+01 -2.700000000000000000e+01 4.442700000000000000e+04 4.773700000000000000e+04 4.542700000000000000e+04 4.299800000000000000e+04 2.717796316597377881e+01 5.300000000000000000e+01
-1.250000000000000000e+02 5.700000000000000000e+01 -2.500000000000000000e+01 4.177400000000000000e+04 4.589400000000000000e+04 4.747700000000000000e+04 4.496000000000000000e+04 2.718817437399411574e+01 5.600000000000000000e+01
-9.400000000000000000e+01 7.000000000000000000e+01 -1.600000000000000000e+01 4.441000000000000000e+04 4.929600000000000000e+04 4.450400000000000000e+04 3.988800000000000000e+04 2.719830947997979820e+01 5.600000000000000000e+01
-7.500000000000000000e+01 9.200000000000000000e+01 1.300000000000000000e+01 4.263400000000000000e+04 4.435000000000000000e+04 4.653400000000000000e+04 4.496000000000000000e+04 2.720997966598952189e+01 5.600000000000000000e+01
-6.800000000000000000e+01 1.610000000000000000e+02 1.000000000000000000e+00 4.411700000000000000e+04 4.297400000000000000e+04 4.543600000000000000e+04 4.589800000000000000e+04 2.721827309398213401e+01 5.600000000000000000e+01
-5.000000000000000000e+00 2.140000000000000000e+02 -1.200000000000000000e+01 4.575500000000000000e+04 4.386300000000000000e+04 4.347800000000000000e+04 4.503600000000000000e+04 2.722742705297423527e+01 5.600000000000000000e+01
2.000000000000000000e+00 2.390000000000000000e+02 -9.000000000000000000e+00 4.459800000000000000e+04 4.862100000000000000e+04 4.378800000000000000e+04 3.937600000000000000e+04 2.723834640899440274e+01 6.100000000000000000e+01
1.200000000000000000e+01 2.590000000000000000e+02 0.000000000000000000e+00 4.310500000000000000e+04 4.234200000000000000e+04 4.516300000000000000e+04 4.620300000000000000e+04 2.724733276199549437e+01 6.100000000000000000e+01
2.300000000000000000e+01 2.260000000000000000e+02 1.500000000000000000e+01 4.547500000000000000e+04 4.537900000000000000e+04 4.286900000000000000e+04 4.281300000000000000e+04 2.725832889997400343e+01 6.100000000000000000e+01
3.600000000000000000e+01 2.200000000000000000e+02 -1.000000000000000000e+00 4.575500000000000000e+04 4.429700000000000000e+04 4.265800000000000000e+04 4.400100000000000000e+04 2.726832779496908188e+01 6.100000000000000000e+01
4.900000000000000000e+01 1.450000000000000000e+02 3.200000000000000000e+01 4.534700000000000000e+04 4.493000000000000000e+04 4.335000000000000000e+04 4.302900000000000000e+04 2.727790600596927106e+01 6.300000000000000000e+01
2.800000000000000000e+01 3.300000000000000000e+01 2.000000000000000000e+01 4.416800000000000000e+04 4.750300000000000000e+04 4.515800000000000000e+04 3.940600000000000000e+04 2.728800018597394228e+01 6.300000000000000000e+01
5.000000000000000000e+01 -5.500000000000000000e+01 3.200000000000000000e+01 4.323400000000000000e+04 4.634500000000000000e+04 4.613400000000000000e+04 4.086500000000000000e+04 2.729808208596659824e+01 6.300000000000000000e+01
6.200000000000000000e+01 -5.200000000000000000e+01 3.800000000000000000e+01 4.482400000000000000e+04 4.584900000000000000e+04 4.481000000000000000e+04 4.162600000000000000e+04 2.730780786194372922e+01 6.300000000000000000e+01
3.300000000000000000e+01 -3.000000000000000000e+00 3.900000000000000000e+01 4.616000000000000000e+04 4.941100000000000000e+04 4.394300000000000000e+04 3.667300000000000000e+04 2.731783630099380389e+01 6.300000000000000000e+01
-1.400000000000000000e+01 4.200000000000000000e+01 4.700000000000000000e+01 4.594100000000000000e+04 4.760800000000000000e+04 4.443600000000000000e+04 3.961900000000000000e+04 2.732799657399300486e+01 6.500000000000000000e+01
-7.900000000000000000e+01 7.500000000000000000e+01 5.300000000000000000e+01 4.316500000000000000e+04 4.593800000000000000e+04 4.733800000000000000e+04 4.163700000000000000e+04 2.733797800698084757e+01 6.500000000000000000e+01
-1.330000000000000000e+02 8.600000000000000000e+01 5.200000000000000000e+01 4.483100000000000000e+04 4.341700000000000000e+04 4.602600000000000000e+04 4.430700000000000000e+04 2.734796371194534004e+01 6.500000000000000000e+01
-1.890000000000000000e+02 1.150000000000000000e+02 1.900000000000000000e+01 4.561300000000000000e+04 4.373000000000000000e+04 4.536300000000000000e+04 4.449600000000000000e+04 2.735836638894397765e+01 6.500000000000000000e+01
-2.340000000000000000e+02 1.490000000000000000e+02 2.500000000000000000e+01 4.234100000000000000e+04 4.556300000000000000e+04 4.817800000000000000e+04 4.345400000000000000e+04 2.736755373899359256e+01 6.700000000000000000e+01
-2.550000000000000000e+02 1.860000000000000000e+02 2.100000000000000000e+01 4.518000000000000000e+04 4.055100000000000000e+04 4.620800000000000000e+04 4.780600000000000000e+04 2.737732105597387999e+01 6.700000000000000000e+01
-1.820000000000000000e+02 2.220000000000000000e+02 3.500000000000000000e+01 4.569200000000000000e+04 4.501100000000000000e+04 4.504800000000000000e+04 4.442800000000000000e+04 2.738760853098938242e+01 6.700000000000000000e+01
-1.120000000000000000e+02 2.880000000000000000e+02 2.700000000000000000e+01 4.535900000000000000e+04 4.370400000000000000e+04 4.632000000000000000e+04 4.560100000000000000e+04 2.739760987897170708e+01 6.700000000000000000e+01
-5.600000000000000000e+01 2.850000000000000000e+02 1.900000000000000000e+01 4.754700000000000000e+04 4.600900000000000000e+04 4.354900000000000000e+04 4.416300000000000000e+04 2.740790676395408809e+01 6.700000000000000000e+01
3.200000000000000000e+01 2.430000000000000000e+02 9.000000000000000000e+00 4.701500000000000000e+04 4.528900000000000000e+04 4.452200000000000000e+04 4.503500000000000000e+04 2.741804061795119196e+01 6.700000000000000000e+01
5.400000000000000000e+01 1.520000000000000000e+02 1.500000000000000000e+01 4.541300000000000000e+04 4.427200000000000000e+04 4.621600000000000000e+04 4.623400000000000000e+04 2.742807040596380830e+01 6.700000000000000000e+01
7.500000000000000000e+01 3.300000000000000000e+01 2.500000000000000000e+01 4.744300000000000000e+04 4.620500000000000000e+04 4.481800000000000000e+04 4.425600000000000000e+04 2.743723222898552194e+01 6.700000000000000000e+01
1.090000000000000000e+02 -5.400000000000000000e+01 1.800000000000000000e+01 4.561500000000000000e+04 5.028500000000000000e+04 4.639200000000000000e+04 3.946600000000000000e+04 2.744743365497561172e+01 6.700000000000000000e+01
1.440000000000000000e+02 -1.030000000000000000e+02 2.000000000000000000e+01 4.569500000000000000e+04 4.883800000000000000e+04 4.744100000000000000e+04 4.225000000000000000e+04 2.745777153596282005e+01 6.300000000000000000e+01
1.360000000000000000e+02 -1.170000000000000000e+02 3.000000000000000000e+00 4.739800000000000000e+04 4.933300000000000000e+04 4.600800000000000000e+04 4.196800000000000000e+04 2.746751480194507167e+01 6.300000000000000000e+01
5.700000000000000000e+01 -6.700000000000000000e+01 -9.000000000000000000e+00 4.619900000000000000e+04 4.755200000000000000e+04 4.720700000000000000e+04 4.449200000000000000e+04 2.747782417898997664e+01 6.300000000000000000e+01
-1.500000000000000000e+01 2.000000000000000000e+01 1.100000000000000000e+01 4.763900000000000000e+04 4.722700000000000000e+04 4.574400000000000000e+04 4.546800000000000000e+04 2.748774876398965716e+01 6.300000000000000000e+01
-1.010000000000000000e+02 6.700000000000000000e+01 9.000000000000000000e+00 4.609900000000000000e+04 4.626300000000000000e+04 4.802100000000000000e+04 4.683600000000000000e+04 2.749762965197442099e+01 6.100000000000000000e+01
-1.870000000000000000e+02 8.100000000000000000e+01 8.000000000000000000e+00 4.459300000000000000e+04 4.638100000000000000e+04 4.962000000000000000e+04 4.664000000000000000e+04 2.750780282594496384e+01 6.100000000000000000e+01
-1.470000000000000000e+02 6.000000000000000000e+00 1.600000000000000000e+01 4.566200000000000000e+04 4.757200000000000000e+04 4.918200000000000000e+04 4.440500000000000000e+04 2.751746750995516777e+01 6.100000000000000000e+01
-8.700000000000000000e+01 -5.300000000000000000e+01 2.000000000000000000e+00 4.563800000000000000e+04 4.834800000000000000e+04 4.884400000000000000e+04 4.505100000000000000e+04 2.752732975996332243e+01 6.100000000000000000e+01
-3.700000000000000000e+01 -4.900000000000000000e+01 -1.700000000000000000e+01 4.684200000000000000e+04 4.846200000000000000e+04 4.771700000000000000e+04 4.515000000000000000e+04 2.753876453696284443e+01 6.100000000000000000e+01
-3.200000000000000000e+01 9.000000000000000000e+00 -1.100000000000000000e+01 4.617200000000000000e+04 4.826000000000000000e+04 4.831400000000000000e+04 4.549300000000000000e+04 2.754795056598959491e+01 6.000000000000000000e+01
2.600000000000000000e+01 2.300000000000000000e+01 -1.600000000000000000e+01 4.712000000000000000e+04 4.853000000000000000e+04 4.775100000000000000e+04 4.552400000000000000e+04 2.755761122697731480e+01 6.000000000000000000e+01
6.400000000000000000e+01 4.600000000000000000e+01 -1.000000000000000000e+01 4.722000000000000000e+04 4.887600000000000000e+04 4.756400000000000000e+04 4.526700000000000000e+04 2.756790475896559656e+01 6.000000000000000000e+01
6.900000000000000000e+01 1.020000000000000000e+02 -2.500000000000000000e+01 4.720200000000000000e+04 4.767500000000000000e+04 4.742600000000000000e+04 4.679500000000000000e+04 2.757838579796953127e+01 6.000000000000000000e+01
4.600000000000000000e+01 1.170000000000000000e+02 -3.100000000000000000e+01 4.712800000000000000e+04 4.815300000000000000e+04 4.761300000000000000e+04 4.618200000000000000e+04 2.758743028994649649e+01 5.400000000000000000e+01
4.800000000000000000e+01 6.800000000000000000e+01 -3.000000000000000000e+01 4.772300000000000000e+04 4.961600000000000000e+04 4.732800000000000000e+04 4.519300000000000000e+04 2.759935634699650109e+01 5.400000000000000000e+01
9.100000000000000000e+01 -7.000000000000000000e+00 -5.000000000000000000e+01 4.740600000000000000e+04 5.043500000000000000e+04 4.751400000000000000e+04 4.418100000000000000e+04 2.760769555694423616e+01 5.400000000000000000e+01
6.200000000000000000e+01 -6.000000000000000000e+01 -4.700000000000000000e+01 4.629900000000000000e+04 4.956100000000000000e+04 4.864100000000000000e+04 4.506400000000000000e+04 2.761728308995952830e+01 5.400000000000000000e+01
6.700000000000000000e+01 -6.200000000000000000e+01 -3.900000000000000000e+01 4.642100000000000000e+04 4.970700000000000000e+04 4.824500000000000000e+04 4.506200000000000000e+04 2.762762283696793020e+01 5.500000000000000000e+01
5.500000000000000000e+01 -6.800000000000000000e+01 -3.200000000000000000e+01 4.619100000000000000e+04 4.922800000000000000e+04 4.845300000000000000e+04 4.525900000000000000e+04 2.763753517699660733e+01 5.500000000000000000e+01
2.000000000000000000e+00 -4.000000000000000000e+00 -4.000000000000000000e+01 4.610700000000000000e+04 4.835000000000000000e+04 4.834200000000000000e+04 4.611900000000000000e+04 2.764803371496964246e+01 5.500000000000000000e+01
-4.100000000000000000e+01 4.000000000000000000e+01 -3.900000000000000000e+01 4.624800000000000000e+04 4.832800000000000000e+04 4.767100000000000000e+04 4.612600000000000000e+04 2.765812377096153796e+01 5.500000000000000000e+01
-8.000000000000000000e+00 7.200000000000000000e+01 -2.900000000000000000e+01 4.668600000000000000e+04 4.825700000000000000e+04 4.726900000000000000e+04 4.606700000000000000e+04 2.766811473597772419e+01 5.500000000000000000e+01
-2.000000000000000000e+00 9.700000000000000000e+01 -2.100000000000000000e+01 4.698900000000000000e+04 4.835000000000000000e+04 4.705900000000000000e+04 4.567300000000000000e+04 2.767741995299002156e+01 4.800000000000000000e+01
2.600000000000000000e+01 1.320000000000000000e+02 -6.000000000000000000e+00 4.779500000000000000e+04 4.846100000000000000e+04 4.673600000000000000e+04 4.590000000000000000e+04 2.768799755297368392e+01 4.800000000000000000e+01
9.000000000000000000e+00 2.070000000000000000e+02 -2.500000000000000000e+01 4.756200000000000000e+04 4.738200000000000000e+04 4.671100000000000000e+04 4.698100000000000000e+04 2.769759754498954862e+01 4.800000000000000000e+01
-2.600000000000000000e+01 2.930000000000000000e+02 -2.000000000000000000e+01 4.820200000000000000e+04 4.648900000000000000e+04 4.588500000000000000e+04 4.770800000000000000e+04 2.770749859797069803e+01 4.800000000000000000e+01
-2.300000000000000000e+01 3.510000000000000000e+02 -2.700000000000000000e+01 4.857900000000000000e+04 4.608300000000000000e+04 4.526700000000000000e+04 4.802900000000000000e+04 2.771768616099143401e+01 4.900000000000000000e+01
-2.400000000000000000e+01 3.530000000000000000e+02 -8.000000000000000000e+00 4.750300000000000000e+04 4.553200000000000000e+04 4.635700000000000000e+04 4.859900000000000000e+04 2.772821061097783968e+01 4.900000000000000000e+01
6.000000000000000000e+00 2.940000000000000000e+02 -1.700000000000000000e+01 4.829600000000000000e+04 4.641600000000000000e+04 4.536600000000000000e+04 4.768400000000000000e+04 2.773841661197366193e+01 4.900000000000000000e+01
-6.000000000000000000e+00 1.680000000000000000e+02 -2.900000000000000000e+01 4.737000000000000000e+04 4.691100000000000000e+04 4.621700000000000000e+04 4.703600000000000000e+04 2.774808091897284612e+01 4.900000000000000000e+01
3.400000000000000000e+01 -1.700000000000000000e+01 -2.200000000000000000e+01 4.657000000000000000e+04 4.821800000000000000e+04 4.685200000000000000e+04 4.555100000000000000e+04 2.775826671696268022e+01 4.900000000000000000e+01
4.000000000000000000e+01 -1.930000000000000000e+02 -2.700000000000000000e+01 4.591000000000000000e+04 4.867700000000000000e+04 4.733100000000000000e+04 4.489300000000000000e+04 2.776771151699358597e+01 4.700000000000000000e+01
2.800000000000000000e+01 -3.220000000000000000e+02 -2.100000000000000000e+01 4.507400000000000000e+04 4.946600000000000000e+04 4.811300000000000000e+04 4.411500000000000000e+04 2.777827950596110895e+01 4.700000000000000000e+01
1.300000000000000000e+01 -4.150000000000000000e+02 -2.200000000000000000e+01 4.451400000000000000e+04 5.006800000000000000e+04 4.843000000000000000e+04 4.291600000000000000e+04 2.778806457994505763e+01 4.700000000000000000e+01
