-4.200000000000000000e+01 9.000000000000000000e+00 -4.100000000000000000e+01 4.626400000000000000e+04 4.846300000000000000e+04 4.765400000000000000e+04 4.671900000000000000e+04 1.640611757000442594e+01 8.170000000000000000e+02
-1.300000000000000000e+01 -1.600000000000000000e+01 -3.600000000000000000e+01 4.610900000000000000e+04 4.897600000000000000e+04 4.775300000000000000e+04 4.629000000000000000e+04 1.641592599899740890e+01 8.170000000000000000e+02
-8.000000000000000000e+00 -2.100000000000000000e+01 -3.700000000000000000e+01 4.585700000000000000e+04 4.890800000000000000e+04 4.786800000000000000e+04 4.635300000000000000e+04 1.642714101402089000e+01 8.170000000000000000e+02
5.000000000000000000e+00 -3.000000000000000000e+01 -3.200000000000000000e+01 4.622300000000000000e+04 4.903500000000000000e+04 4.754300000000000000e+04 4.607900000000000000e+04 1.643659285298781469e+01 8.170000000000000000e+02
1.000000000000000000e+01 -4.600000000000000000e+01 -4.900000000000000000e+01 4.607700000000000000e+04 4.893000000000000000e+04 4.761700000000000000e+04 4.611700000000000000e+04 1.644620188599219546e+01 8.160000000000000000e+02
6.000000000000000000e+00 -5.100000000000000000e+01 -3.800000000000000000e+01 4.653500000000000000e+04 4.948700000000000000e+04 4.732700000000000000e+04 4.558200000000000000e+04 1.645640296500641853e+01 8.160000000000000000e+02
4.700000000000000000e+01 -5.200000000000000000e+01 -3.000000000000000000e+01 4.639600000000000000e+04 4.978200000000000000e+04 4.730400000000000000e+04 4.516400000000000000e+04 1.646627897903090343e+01 8.160000000000000000e+02
1.500000000000000000e+01 -4.100000000000000000e+01 -3.400000000000000000e+01 4.576300000000000000e+04 4.919300000000000000e+04 4.785100000000000000e+04 4.590700000000000000e+04 1.647614002303453162e+01 8.160000000000000000e+02
5.000000000000000000e+00 -1.800000000000000000e+01 -3.100000000000000000e+01 4.670300000000000000e+04 4.946100000000000000e+04 4.694600000000000000e+04 4.534200000000000000e+04 1.648657904600258917e+01 8.130000000000000000e+02
-8.000000000000000000e+00 5.000000000000000000e+00 -4.000000000000000000e+00 4.659100000000000000e+04 4.977900000000000000e+04 4.745200000000000000e+04 4.529700000000000000e+04 1.649555523903109133e+01 8.130000000000000000e+02
-4.500000000000000000e+01 4.500000000000000000e+01 -8.000000000000000000e+00 4.646300000000000000e+04 4.860900000000000000e+04 4.755900000000000000e+04 4.662800000000000000e+04 1.650621296901954338e+01 8.130000000000000000e+02
-6.400000000000000000e+01 8.200000000000000000e+01 -4.000000000000000000e+00 4.691000000000000000e+04 4.828000000000000000e+04 4.732300000000000000e+04 4.678000000000000000e+04 1.651602710399311036e+01 8.130000000000000000e+02
-6.800000000000000000e+01 7.700000000000000000e+01 2.300000000000000000e+01 4.664300000000000000e+04 4.854100000000000000e+04 4.767400000000000000e+04 4.665400000000000000e+04 1.652609585400205106e+01 8.130000000000000000e+02
-1.060000000000000000e+02 9.700000000000000000e+01 1.400000000000000000e+01 4.676000000000000000e+04 4.770100000000000000e+04 4.763700000000000000e+04 4.733400000000000000e+04 1.653571876703063026e+01 8.140000000000000000e+02
-8.200000000000000000e+01 8.600000000000000000e+01 2.200000000000000000e+01 4.704100000000000000e+04 4.834900000000000000e+04 4.754100000000000000e+04 4.658900000000000000e+04 1.654619041900150478e+01 8.140000000000000000e+02
-4.700000000000000000e+01 5.100000000000000000e+01 3.800000000000000000e+01 4.668500000000000000e+04 4.867000000000000000e+04 4.789400000000000000e+04 4.616300000000000000e+04 1.655583750200457871e+01 8.140000000000000000e+02
-3.400000000000000000e+01 2.800000000000000000e+01 4.100000000000000000e+01 4.678400000000000000e+04 4.870700000000000000e+04 4.791800000000000000e+04 4.594400000000000000e+04 1.656677625200245529e+01 8.140000000000000000e+02
-3.000000000000000000e+01 -1.500000000000000000e+01 4.100000000000000000e+01 4.672400000000000000e+04 4.875900000000000000e+04 4.791900000000000000e+04 4.582300000000000000e+04 1.657646522001596168e+01 8.140000000000000000e+02
-1.700000000000000000e+01 -4.300000000000000000e+01 5.300000000000000000e+01 4.641100000000000000e+04 4.884100000000000000e+04 4.826300000000000000e+04 4.560300000000000000e+04 1.658824082300998271e+01 8.140000000000000000e+02
-9.000000000000000000e+00 -7.100000000000000000e+01 5.400000000000000000e+01 4.650200000000000000e+04 4.921000000000000000e+04 4.808600000000000000e+04 4.484100000000000000e+04 1.659649515699129552e+01 8.140000000000000000e+02
2.200000000000000000e+01 -7.100000000000000000e+01 6.700000000000000000e+01 4.640100000000000000e+04 4.902100000000000000e+04 4.817400000000000000e+04 4.490900000000000000e+04 1.660785047599347308e+01 8.140000000000000000e+02
8.000000000000000000e+00 -4.800000000000000000e+01 7.600000000000000000e+01 4.654600000000000000e+04 4.898200000000000000e+04 4.798500000000000000e+04 4.484200000000000000e+04 1.661574999900767580e+01 8.160000000000000000e+02
-3.000000000000000000e+01 -3.400000000000000000e+01 6.200000000000000000e+01 4.619400000000000000e+04 4.866800000000000000e+04 4.815600000000000000e+04 4.477100000000000000e+04 1.662617894000140950e+01 8.160000000000000000e+02
-8.300000000000000000e+01 -1.700000000000000000e+01 6.200000000000000000e+01 4.633200000000000000e+04 4.814700000000000000e+04 4.803000000000000000e+04 4.523700000000000000e+04 1.663583016704069450e+01 8.160000000000000000e+02
-1.150000000000000000e+02 -1.300000000000000000e+01 6.500000000000000000e+01 4.622200000000000000e+04 4.785800000000000000e+04 4.831800000000000000e+04 4.528200000000000000e+04 1.664567125000758097e+01 8.160000000000000000e+02
-9.400000000000000000e+01 6.000000000000000000e+00 9.300000000000000000e+01 4.663200000000000000e+04 4.798600000000000000e+04 4.786300000000000000e+04 4.493800000000000000e+04 1.665603416302474216e+01 8.160000000000000000e+02
-1.210000000000000000e+02 1.800000000000000000e+01 8.300000000000000000e+01 4.630300000000000000e+04 4.706600000000000000e+04 4.844000000000000000e+04 4.599400000000000000e+04 1.666599698702339083e+01 8.180000000000000000e+02
-1.180000000000000000e+02 3.500000000000000000e+01 8.200000000000000000e+01 4.655000000000000000e+04 4.783300000000000000e+04 4.796400000000000000e+04 4.495600000000000000e+04 1.667569681303575635e+01 8.180000000000000000e+02
-1.000000000000000000e+02 3.900000000000000000e+01 7.700000000000000000e+01 4.656600000000000000e+04 4.736100000000000000e+04 4.794300000000000000e+04 4.517900000000000000e+04 1.668629547499585897e+01 8.180000000000000000e+02
-8.000000000000000000e+01 -1.000000000000000000e+00 9.300000000000000000e+01 4.608100000000000000e+04 4.779600000000000000e+04 4.835100000000000000e+04 4.469900000000000000e+04 1.669566667603794485e+01 8.180000000000000000e+02
-9.100000000000000000e+01 2.500000000000000000e+01 8.500000000000000000e+01 4.625100000000000000e+04 4.745600000000000000e+04 4.820800000000000000e+04 4.490300000000000000e+04 1.670628667902201414e+01 8.170000000000000000e+02
-3.600000000000000000e+01 4.000000000000000000e+01 7.600000000000000000e+01 4.681600000000000000e+04 4.812600000000000000e+04 4.766900000000000000e+04 4.407300000000000000e+04 1.671556273702299222e+01 8.170000000000000000e+02
2.100000000000000000e+01 5.300000000000000000e+01 7.700000000000000000e+01 4.686600000000000000e+04 4.777500000000000000e+04 4.760400000000000000e+04 4.448200000000000000e+04 1.672601365699665621e+01 8.170000000000000000e+02
1.200000000000000000e+01 4.800000000000000000e+01 7.800000000000000000e+01 4.681200000000000000e+04 4.723500000000000000e+04 4.771800000000000000e+04 4.489800000000000000e+04 1.673618159699253738e+01 8.170000000000000000e+02
-5.000000000000000000e+00 4.200000000000000000e+01 9.200000000000000000e+01 4.631600000000000000e+04 4.710200000000000000e+04 4.824500000000000000e+04 4.487300000000000000e+04 1.674631179601419717e+01 8.210000000000000000e+02
-3.000000000000000000e+00 3.700000000000000000e+01 1.010000000000000000e+02 4.663500000000000000e+04 4.712800000000000000e+04 4.767800000000000000e+04 4.437100000000000000e+04 1.675633226102218032e+01 8.210000000000000000e+02
-3.900000000000000000e+01 2.000000000000000000e+00 7.300000000000000000e+01 4.567400000000000000e+04 4.685400000000000000e+04 4.844300000000000000e+04 4.469200000000000000e+04 1.676576810999540612e+01 8.210000000000000000e+02
-3.800000000000000000e+01 -1.500000000000000000e+01 9.100000000000000000e+01 4.622700000000000000e+04 4.711900000000000000e+04 4.810400000000000000e+04 4.407700000000000000e+04 1.677550340001471341e+01 8.210000000000000000e+02
-8.800000000000000000e+01 -2.700000000000000000e+01 6.700000000000000000e+01 4.517500000000000000e+04 4.652000000000000000e+04 4.878000000000000000e+04 4.493400000000000000e+04 1.678698945301584899e+01 8.210000000000000000e+02
-8.100000000000000000e+01 -2.500000000000000000e+01 6.400000000000000000e+01 4.504500000000000000e+04 4.617000000000000000e+04 4.857800000000000000e+04 4.501400000000000000e+04 1.679587001702748239e+01 8.230000000000000000e+02
-4.600000000000000000e+01 -4.200000000000000000e+01 6.200000000000000000e+01 4.520100000000000000e+04 4.686400000000000000e+04 4.841500000000000000e+04 4.416800000000000000e+04 1.680562420201022178e+01 8.230000000000000000e+02
2.000000000000000000e+00 -5.700000000000000000e+01 4.700000000000000000e+01 4.559000000000000000e+04 4.706700000000000000e+04 4.798800000000000000e+04 4.400500000000000000e+04 1.681600084400270134e+01 8.230000000000000000e+02
8.200000000000000000e+01 -3.400000000000000000e+01 4.500000000000000000e+01 4.591000000000000000e+04 4.717500000000000000e+04 4.765800000000000000e+04 4.400500000000000000e+04 1.682635962002677843e+01 8.230000000000000000e+02
1.150000000000000000e+02 -1.500000000000000000e+01 3.500000000000000000e+01 4.651500000000000000e+04 4.750800000000000000e+04 4.710700000000000000e+04 4.357000000000000000e+04 1.683588368003256619e+01 8.190000000000000000e+02
1.720000000000000000e+02 -3.000000000000000000e+00 4.600000000000000000e+01 4.639800000000000000e+04 4.766300000000000000e+04 4.764600000000000000e+04 4.393400000000000000e+04 1.684695892903255299e+01 8.190000000000000000e+02
1.830000000000000000e+02 7.000000000000000000e+00 3.000000000000000000e+01 4.669600000000000000e+04 4.766300000000000000e+04 4.742000000000000000e+04 4.384700000000000000e+04 1.685613939899485558e+01 8.190000000000000000e+02
1.830000000000000000e+02 -2.000000000000000000e+00 2.900000000000000000e+01 4.682200000000000000e+04 4.784400000000000000e+04 4.745800000000000000e+04 4.394200000000000000e+04 1.686583669803803787e+01 8.190000000000000000e+02
1.520000000000000000e+02 -1.200000000000000000e+01 3.400000000000000000e+01 4.669400000000000000e+04 4.789500000000000000e+04 4.760200000000000000e+04 4.384100000000000000e+04 1.687598248000722378e+01 8.180000000000000000e+02
9.500000000000000000e+01 -2.700000000000000000e+01 1.200000000000000000e+01 4.631800000000000000e+04 4.797900000000000000e+04 4.832100000000000000e+04 4.420200000000000000e+04 1.688580526999430731e+01 8.180000000000000000e+02
2.400000000000000000e+01 -3.800000000000000000e+01 1.300000000000000000e+01 4.612100000000000000e+04 4.809700000000000000e+04 4.834900000000000000e+04 4.429500000000000000e+04 1.689769669203087687e+01 8.180000000000000000e+02
-4.600000000000000000e+01 -6.400000000000000000e+01 -1.500000000000000000e+01 4.520000000000000000e+04 4.786400000000000000e+04 4.907600000000000000e+04 4.479600000000000000e+04 1.690637867199257016e+01 8.180000000000000000e+02
-6.000000000000000000e+01 -3.700000000000000000e+01 -2.600000000000000000e+01 4.537400000000000000e+04 4.759900000000000000e+04 4.903800000000000000e+04 4.543100000000000000e+04 1.691602668003179133e+01 8.200000000000000000e+02
-9.500000000000000000e+01 -3.500000000000000000e+01 -3.100000000000000000e+01 4.510100000000000000e+04 4.783100000000000000e+04 4.924500000000000000e+04 4.542500000000000000e+04 1.692697516898624599e+01 8.200000000000000000e+02
-8.500000000000000000e+01 -4.000000000000000000e+00 -2.200000000000000000e+01 4.574500000000000000e+04 4.778200000000000000e+04 4.873000000000000000e+04 4.553800000000000000e+04 1.693605272599961609e+01 8.200000000000000000e+02
-5.000000000000000000e+01 8.000000000000000000e+00 -1.900000000000000000e+01 4.602400000000000000e+04 4.796200000000000000e+04 4.852300000000000000e+04 4.540500000000000000e+04 1.694572194002103060e+01 8.200000000000000000e+02
2.500000000000000000e+01 3.400000000000000000e+01 -1.200000000000000000e+01 4.679700000000000000e+04 4.812400000000000000e+04 4.791300000000000000e+04 4.523900000000000000e+04 1.695644297200487927e+01 8.200000000000000000e+02
6.000000000000000000e+01 7.400000000000000000e+01 -1.600000000000000000e+01 4.664600000000000000e+04 4.795900000000000000e+04 4.802600000000000000e+04 4.550500000000000000e+04 1.696578113100258633e+01 8.200000000000000000e+02
9.000000000000000000e+01 8.600000000000000000e+01 -3.000000000000000000e+00 4.713500000000000000e+04 4.818900000000000000e+04 4.769900000000000000e+04 4.508100000000000000e+04 1.697703895403537899e+01 8.200000000000000000e+02
1.260000000000000000e+02 9.600000000000000000e+01 0.000000000000000000e+00 4.752800000000000000e+04 4.849600000000000000e+04 4.737500000000000000e+04 4.466600000000000000e+04 1.698607599904062226e+01 8.200000000000000000e+02
1.320000000000000000e+02 7.200000000000000000e+01 1.100000000000000000e+01 4.646000000000000000e+04 4.833700000000000000e+04 4.836400000000000000e+04 4.487300000000000000e+04 1.699617836700053886e+01 8.200000000000000000e+02
1.320000000000000000e+02 8.200000000000000000e+01 1.300000000000000000e+01 4.775900000000000000e+04 4.830100000000000000e+04 4.724100000000000000e+04 4.468900000000000000e+04 1.700586534204194322e+01 8.150000000000000000e+02
8.400000000000000000e+01 6.800000000000000000e+01 9.000000000000000000e+00 4.754500000000000000e+04 4.843700000000000000e+04 4.786400000000000000e+04 4.500800000000000000e+04 1.701554734900128096e+01 8.150000000000000000e+02
6.100000000000000000e+01 6.000000000000000000e+01 6.000000000000000000e+00 4.710100000000000000e+04 4.837300000000000000e+04 4.816900000000000000e+04 4.512000000000000000e+04 1.702544516400666907e+01 8.150000000000000000e+02
-3.000000000000000000e+00 1.900000000000000000e+01 -1.000000000000000000e+00 4.623100000000000000e+04 4.777400000000000000e+04 4.891200000000000000e+04 4.584200000000000000e+04 1.703627987601794302e+01 8.150000000000000000e+02
-7.600000000000000000e+01 -1.700000000000000000e+01 -1.100000000000000000e+01 4.583300000000000000e+04 4.749700000000000000e+04 4.942400000000000000e+04 4.623800000000000000e+04 1.704643492202740163e+01 8.190000000000000000e+02
-1.040000000000000000e+02 -2.300000000000000000e+01 -8.000000000000000000e+00 4.553800000000000000e+04 4.775200000000000000e+04 4.941500000000000000e+04 4.591600000000000000e+04 1.705630316899623722e+01 8.190000000000000000e+02
-8.800000000000000000e+01 -3.700000000000000000e+01 0.000000000000000000e+00 4.579600000000000000e+04 4.800600000000000000e+04 4.943500000000000000e+04 4.545100000000000000e+04 1.706723907799459994e+01 8.190000000000000000e+02
-8.500000000000000000e+01 -5.700000000000000000e+01 -1.000000000000000000e+01 4.562500000000000000e+04 4.777200000000000000e+04 4.938200000000000000e+04 4.564200000000000000e+04 1.707580322300782427e+01 8.190000000000000000e+02
-6.500000000000000000e+01 -8.400000000000000000e+01 -4.000000000000000000e+00 4.573300000000000000e+04 4.821600000000000000e+04 4.918900000000000000e+04 4.527200000000000000e+04 1.708691587403882295e+01 8.190000000000000000e+02
-6.200000000000000000e+01 -5.100000000000000000e+01 -7.000000000000000000e+00 4.565600000000000000e+04 4.780800000000000000e+04 4.924200000000000000e+04 4.578900000000000000e+04 1.709585966001031920e+01 8.180000000000000000e+02
-2.400000000000000000e+01 -4.400000000000000000e+01 -7.000000000000000000e+00 4.577800000000000000e+04 4.855400000000000000e+04 4.909400000000000000e+04 4.484200000000000000e+04 1.710639026301214471e+01 8.180000000000000000e+02
-1.500000000000000000e+01 -2.500000000000000000e+01 -1.200000000000000000e+01 4.602700000000000000e+04 4.857600000000000000e+04 4.884300000000000000e+04 4.485000000000000000e+04 1.711643833998823538e+01 8.180000000000000000e+02
-8.000000000000000000e+00 -1.000000000000000000e+01 -2.200000000000000000e+01 4.620000000000000000e+04 4.853100000000000000e+04 4.863000000000000000e+04 4.495200000000000000e+04 1.712523394601885229e+01 8.180000000000000000e+02
-3.400000000000000000e+01 2.200000000000000000e+01 -1.900000000000000000e+01 4.633500000000000000e+04 4.783800000000000000e+04 4.844000000000000000e+04 4.576200000000000000e+04 1.713556324801174924e+01 8.210000000000000000e+02
-7.000000000000000000e+00 4.400000000000000000e+01 -2.000000000000000000e+01 4.656300000000000000e+04 4.809300000000000000e+04 4.781900000000000000e+04 4.518100000000000000e+04 1.714556608902057633e+01 8.210000000000000000e+02
-7.000000000000000000e+00 5.300000000000000000e+01 -4.500000000000000000e+01 4.627100000000000000e+04 4.808100000000000000e+04 4.804500000000000000e+04 4.530700000000000000e+04 1.715558856102870777e+01 8.210000000000000000e+02
1.400000000000000000e+01 5.200000000000000000e+01 -3.600000000000000000e+01 4.618300000000000000e+04 4.779200000000000000e+04 4.810200000000000000e+04 4.570300000000000000e+04 1.716651906899642199e+01 8.210000000000000000e+02
0.000000000000000000e+00 6.000000000000000000e+01 -4.000000000000000000e+01 4.614000000000000000e+04 4.811700000000000000e+04 4.800300000000000000e+04 4.545200000000000000e+04 1.717580608703428879e+01 8.190000000000000000e+02
3.600000000000000000e+01 4.700000000000000000e+01 -3.800000000000000000e+01 4.630300000000000000e+04 4.784300000000000000e+04 4.772100000000000000e+04 4.543700000000000000e+04 1.718558001401834190e+01 8.190000000000000000e+02
6.100000000000000000e+01 1.800000000000000000e+01 -4.000000000000000000e+01 4.586200000000000000e+04 4.826500000000000000e+04 4.811900000000000000e+04 4.497100000000000000e+04 1.719579955900553614e+01 8.190000000000000000e+02
8.200000000000000000e+01 -2.400000000000000000e+01 -3.000000000000000000e+01 4.584500000000000000e+04 4.799000000000000000e+04 4.814700000000000000e+04 4.541400000000000000e+04 1.720609819202218205e+01 8.190000000000000000e+02
1.010000000000000000e+02 -4.200000000000000000e+01 -2.900000000000000000e+01 4.592300000000000000e+04 4.876300000000000000e+04 4.805900000000000000e+04 4.454400000000000000e+04 1.721570398804033175e+01 8.190000000000000000e+02
1.180000000000000000e+02 -6.900000000000000000e+01 -3.100000000000000000e+01 4.579300000000000000e+04 4.885200000000000000e+04 4.814900000000000000e+04 4.456800000000000000e+04 1.722751128999516368e+01 8.160000000000000000e+02
1.040000000000000000e+02 -6.700000000000000000e+01 -4.700000000000000000e+01 4.554500000000000000e+04 4.879100000000000000e+04 4.840600000000000000e+04 4.459600000000000000e+04 1.723552791500696912e+01 8.160000000000000000e+02
1.180000000000000000e+02 -8.600000000000000000e+01 -1.600000000000000000e+01 4.593300000000000000e+04 4.954000000000000000e+04 4.805300000000000000e+04 4.381700000000000000e+04 1.724501637200592086e+01 8.160000000000000000e+02
6.900000000000000000e+01 -7.100000000000000000e+01 -3.900000000000000000e+01 4.532300000000000000e+04 4.874800000000000000e+04 4.863100000000000000e+04 4.470000000000000000e+04 1.725545817601960152e+01 8.160000000000000000e+02
5.100000000000000000e+01 -8.100000000000000000e+01 -1.600000000000000000e+01 4.531000000000000000e+04 4.945900000000000000e+04 4.866800000000000000e+04 4.375000000000000000e+04 1.726751797000179067e+01 8.110000000000000000e+02
4.000000000000000000e+01 -2.400000000000000000e+01 -4.000000000000000000e+00 4.639500000000000000e+04 4.902300000000000000e+04 4.841400000000000000e+04 4.501200000000000000e+04 1.727619020600104704e+01 8.110000000000000000e+02
3.200000000000000000e+01 1.400000000000000000e+01 -9.000000000000000000e+00 4.629900000000000000e+04 4.869800000000000000e+04 4.853200000000000000e+04 4.536000000000000000e+04 1.728536040300969034e+01 8.110000000000000000e+02
-1.900000000000000000e+01 1.400000000000000000e+01 -1.100000000000000000e+01 4.644100000000000000e+04 4.922400000000000000e+04 4.825200000000000000e+04 4.488200000000000000e+04 1.729566987900761887e+01 8.110000000000000000e+02
-6.600000000000000000e+01 7.500000000000000000e+01 -1.200000000000000000e+01 4.614300000000000000e+04 4.830700000000000000e+04 4.865800000000000000e+04 4.590200000000000000e+04 1.730601877800654620e+01 8.060000000000000000e+02
-1.060000000000000000e+02 9.300000000000000000e+01 -1.000000000000000000e+01 4.704500000000000000e+04 4.869700000000000000e+04 4.859700000000000000e+04 4.634500000000000000e+04 1.731674328999361023e+01 8.060000000000000000e+02
-6.600000000000000000e+01 1.050000000000000000e+02 -2.000000000000000000e+00 4.647200000000000000e+04 4.812800000000000000e+04 4.912600000000000000e+04 4.692000000000000000e+04 1.732671818998642266e+01 8.060000000000000000e+02
-3.800000000000000000e+01 9.800000000000000000e+01 -9.000000000000000000e+00 4.658300000000000000e+04 4.814700000000000000e+04 4.915000000000000000e+04 4.680200000000000000e+04 1.733614012703765184e+01 8.060000000000000000e+02
-9.000000000000000000e+00 6.300000000000000000e+01 7.000000000000000000e+00 4.675500000000000000e+04 4.853800000000000000e+04 4.914400000000000000e+04 4.643500000000000000e+04 1.734556038002483547e+01 8.020000000000000000e+02
2.900000000000000000e+01 4.400000000000000000e+01 1.100000000000000000e+01 4.744900000000000000e+04 4.928500000000000000e+04 4.922100000000000000e+04 4.644600000000000000e+04 1.735572425200371072e+01 8.020000000000000000e+02
7.200000000000000000e+01 9.000000000000000000e+00 1.100000000000000000e+01 4.716000000000000000e+04 4.909800000000000000e+04 4.953700000000000000e+04 4.649700000000000000e+04 1.736563043901696801e+01 8.020000000000000000e+02
1.180000000000000000e+02 -3.600000000000000000e+01 1.300000000000000000e+01 4.757800000000000000e+04 4.934000000000000000e+04 4.921600000000000000e+04 4.634300000000000000e+04 1.737525872502010316e+01 8.020000000000000000e+02
1.660000000000000000e+02 -6.400000000000000000e+01 1.500000000000000000e+01 4.777900000000000000e+04 4.973000000000000000e+04 4.902300000000000000e+04 4.577200000000000000e+04 1.738548447302309796e+01 8.020000000000000000e+02
2.170000000000000000e+02 -1.100000000000000000e+02 2.000000000000000000e+01 4.756200000000000000e+04 5.026100000000000000e+04 4.919900000000000000e+04 4.505500000000000000e+04 1.739515094802482054e+01 7.920000000000000000e+02
2.410000000000000000e+02 -1.280000000000000000e+02 1.300000000000000000e+01 4.864300000000000000e+04 5.060600000000000000e+04 4.953000000000000000e+04 4.615200000000000000e+04 1.740553016803460196e+01 7.920000000000000000e+02
2.560000000000000000e+02 -1.620000000000000000e+02 5.000000000000000000e+00 4.881700000000000000e+04 5.103900000000000000e+04 4.933700000000000000e+04 4.559600000000000000e+04 1.741494533402146772e+01 7.920000000000000000e+02
1.970000000000000000e+02 -1.810000000000000000e+02 1.500000000000000000e+01 4.889900000000000000e+04 5.060600000000000000e+04 4.937200000000000000e+04 4.628200000000000000e+04 1.742550922703230754e+01 7.920000000000000000e+02
1.370000000000000000e+02 -2.120000000000000000e+02 1.300000000000000000e+01 4.831800000000000000e+04 5.053500000000000000e+04 5.007400000000000000e+04 4.641600000000000000e+04 1.743640743900323287e+01 7.840000000000000000e+02
6.500000000000000000e+01 -2.370000000000000000e+02 1.900000000000000000e+01 4.861700000000000000e+04 5.077100000000000000e+04 5.096400000000000000e+04 4.758000000000000000e+04 1.744498750398634002e+01 7.840000000000000000e+02
-1.600000000000000000e+01 -2.760000000000000000e+02 1.300000000000000000e+01 4.797900000000000000e+04 5.054600000000000000e+04 5.136100000000000000e+04 4.774400000000000000e+04 1.745538788102567196e+01 7.840000000000000000e+02
-5.600000000000000000e+01 -2.860000000000000000e+02 1.400000000000000000e+01 4.757200000000000000e+04 5.052100000000000000e+04 5.156000000000000000e+04 4.759500000000000000e+04 1.746553110802778974e+01 7.840000000000000000e+02
-8.100000000000000000e+01 -2.980000000000000000e+02 1.200000000000000000e+01 4.744800000000000000e+04 5.007000000000000000e+04 5.174400000000000000e+04 4.833600000000000000e+04 1.747544612101046368e+01 0.000000000000000000e+00
-6.000000000000000000e+01 -2.830000000000000000e+02 1.800000000000000000e+01 4.979700000000000000e+04 5.193500000000000000e+04 5.302800000000000000e+04 4.969900000000000000e+04 1.748524387698853388e+01 0.000000000000000000e+00
-2.100000000000000000e+01 -2.610000000000000000e+02 2.800000000000000000e+01 5.079300000000000000e+04 5.178800000000000000e+04 5.214200000000000000e+04 4.974700000000000000e+04 1.749668827198911458e+01 0.000000000000000000e+00
1.400000000000000000e+01 -2.400000000000000000e+02 1.900000000000000000e+01 5.107900000000000000e+04 5.239700000000000000e+04 5.252400000000000000e+04 4.977900000000000000e+04 1.750616430502850562e+01 0.000000000000000000e+00
5.000000000000000000e+01 -2.370000000000000000e+02 2.200000000000000000e+01 5.116500000000000000e+04 5.307700000000000000e+04 5.226300000000000000e+04 4.881300000000000000e+04 1.751532445003977045e+01 0.000000000000000000e+00
5.300000000000000000e+01 -2.120000000000000000e+02 1.500000000000000000e+01 4.955400000000000000e+04 5.132200000000000000e+04 5.116200000000000000e+04 4.774800000000000000e+04 1.752575639600399882e+01 4.800000000000000000e+01
6.500000000000000000e+01 -1.800000000000000000e+02 1.400000000000000000e+01 4.951500000000000000e+04 5.147800000000000000e+04 5.087700000000000000e+04 4.721900000000000000e+04 1.753680591803276911e+01 4.800000000000000000e+01
4.900000000000000000e+01 -1.100000000000000000e+02 2.300000000000000000e+01 4.933600000000000000e+04 5.038900000000000000e+04 5.018300000000000000e+04 4.764000000000000000e+04 1.754507599602220580e+01 4.800000000000000000e+01
2.600000000000000000e+01 -9.700000000000000000e+01 2.300000000000000000e+01 4.869800000000000000e+04 5.010500000000000000e+04 5.048900000000000000e+04 4.765900000000000000e+04 1.755640546802897006e+01 4.800000000000000000e+01
5.000000000000000000e+00 -3.900000000000000000e+01 1.400000000000000000e+01 4.838200000000000000e+04 4.966000000000000000e+04 4.987900000000000000e+04 4.699000000000000000e+04 1.756715215300209820e+01 7.900000000000000000e+01
-1.100000000000000000e+01 -4.300000000000000000e+01 1.100000000000000000e+01 4.509100000000000000e+04 4.776000000000000000e+04 4.806800000000000000e+04 4.374700000000000000e+04 1.757493901601992548e+01 7.900000000000000000e+01
-1.600000000000000000e+01 2.000000000000000000e+00 0.000000000000000000e+00 4.528200000000000000e+04 4.732900000000000000e+04 4.679900000000000000e+04 4.317500000000000000e+04 1.758589940401725471e+01 7.900000000000000000e+01
-7.200000000000000000e+01 1.200000000000000000e+01 1.200000000000000000e+01 4.456000000000000000e+04 4.612800000000000000e+04 4.691100000000000000e+04 4.387300000000000000e+04 1.759611712303012609e+01 7.900000000000000000e+01
-9.300000000000000000e+01 3.000000000000000000e+00 1.900000000000000000e+01 4.344800000000000000e+04 4.545400000000000000e+04 4.682700000000000000e+04 4.306500000000000000e+04 1.760557251301361248e+01 7.900000000000000000e+01
-1.420000000000000000e+02 1.300000000000000000e+01 1.500000000000000000e+01 4.098400000000000000e+04 4.303800000000000000e+04 4.486300000000000000e+04 4.074900000000000000e+04 1.761508136102929711e+01 8.900000000000000000e+01
-1.350000000000000000e+02 1.200000000000000000e+01 5.000000000000000000e+00 4.017300000000000000e+04 4.359300000000000000e+04 4.490600000000000000e+04 3.982300000000000000e+04 1.762676165101584047e+01 8.900000000000000000e+01
-1.810000000000000000e+02 7.000000000000000000e+00 5.000000000000000000e+00 3.964400000000000000e+04 4.304200000000000000e+04 4.509500000000000000e+04 4.004900000000000000e+04 1.763569102901965380e+01 8.900000000000000000e+01
-1.460000000000000000e+02 -3.200000000000000000e+01 -8.000000000000000000e+00 3.899200000000000000e+04 4.312500000000000000e+04 4.493600000000000000e+04 3.910900000000000000e+04 1.764609037904301658e+01 8.900000000000000000e+01
-1.010000000000000000e+02 -5.400000000000000000e+01 -9.000000000000000000e+00 3.901300000000000000e+04 4.300400000000000000e+04 4.446300000000000000e+04 3.913700000000000000e+04 1.765532339701894671e+01 9.600000000000000000e+01
-7.800000000000000000e+01 -2.300000000000000000e+01 -1.100000000000000000e+01 3.814400000000000000e+04 4.214700000000000000e+04 4.285900000000000000e+04 3.765300000000000000e+04 1.766578580101486295e+01 9.600000000000000000e+01
-3.500000000000000000e+01 1.700000000000000000e+01 -7.000000000000000000e+00 3.833000000000000000e+04 4.222700000000000000e+04 4.256400000000000000e+04 3.730300000000000000e+04 1.767522342002484947e+01 9.600000000000000000e+01
1.200000000000000000e+01 9.600000000000000000e+01 -1.300000000000000000e+01 3.901100000000000000e+04 4.231400000000000000e+04 4.174000000000000000e+04 3.711400000000000000e+04 1.768493284500436857e+01 9.600000000000000000e+01
5.000000000000000000e+01 1.230000000000000000e+02 -2.400000000000000000e+01 3.889600000000000000e+04 4.219600000000000000e+04 4.183300000000000000e+04 3.736300000000000000e+04 1.769543945003533736e+01 1.070000000000000000e+02
6.300000000000000000e+01 1.590000000000000000e+02 -1.900000000000000000e+01 3.849000000000000000e+04 4.114400000000000000e+04 4.083900000000000000e+04 3.723600000000000000e+04 1.770582479302538559e+01 1.070000000000000000e+02
6.900000000000000000e+01 1.840000000000000000e+02 -2.800000000000000000e+01 3.919300000000000000e+04 4.152300000000000000e+04 4.023100000000000000e+04 3.678200000000000000e+04 1.771608425700105727e+01 1.070000000000000000e+02
7.100000000000000000e+01 2.020000000000000000e+02 -3.500000000000000000e+01 3.926500000000000000e+04 4.120100000000000000e+04 4.036900000000000000e+04 3.744400000000000000e+04 1.772582571604289114e+01 1.070000000000000000e+02
4.900000000000000000e+01 2.330000000000000000e+02 -3.000000000000000000e+01 3.920400000000000000e+04 4.155600000000000000e+04 4.077800000000000000e+04 3.736000000000000000e+04 1.773570709099294618e+01 1.070000000000000000e+02
1.500000000000000000e+01 2.410000000000000000e+02 -3.000000000000000000e+01 3.928400000000000000e+04 4.137900000000000000e+04 4.165800000000000000e+04 3.882300000000000000e+04 1.774553584400564432e+01 1.070000000000000000e+02
1.200000000000000000e+01 2.360000000000000000e+02 -3.000000000000000000e+01 3.922700000000000000e+04 4.147200000000000000e+04 4.214500000000000000e+04 3.921400000000000000e+04 1.775499541003955528e+01 1.070000000000000000e+02
-1.000000000000000000e+00 2.230000000000000000e+02 -3.500000000000000000e+01 4.030600000000000000e+04 4.120300000000000000e+04 4.160300000000000000e+04 3.997200000000000000e+04 1.776590686099370942e+01 1.070000000000000000e+02
0.000000000000000000e+00 1.660000000000000000e+02 -2.700000000000000000e+01 4.235300000000000000e+04 4.098400000000000000e+04 4.022300000000000000e+04 4.084900000000000000e+04 1.777496077201794833e+01 1.070000000000000000e+02
-2.600000000000000000e+01 6.800000000000000000e+01 -1.600000000000000000e+01 4.233900000000000000e+04 4.182700000000000000e+04 4.105800000000000000e+04 4.058100000000000000e+04 1.778515515598701313e+01 1.120000000000000000e+02
-7.300000000000000000e+01 -6.400000000000000000e+01 -2.100000000000000000e+01 4.185400000000000000e+04 4.327300000000000000e+04 4.265500000000000000e+04 4.036100000000000000e+04 1.779500103800091892e+01 1.120000000000000000e+02
-1.130000000000000000e+02 -2.310000000000000000e+02 -9.000000000000000000e+00 4.070200000000000000e+04 4.430700000000000000e+04 4.441500000000000000e+04 3.972500000000000000e+04 1.780524322402197868e+01 1.120000000000000000e+02
-1.660000000000000000e+02 -3.600000000000000000e+02 2.000000000000000000e+00 4.013400000000000000e+04 4.477200000000000000e+04 4.569900000000000000e+04 3.989400000000000000e+04 1.781537902401760221e+01 5.810000000000000000e+02
-2.240000000000000000e+02 -4.470000000000000000e+02 1.000000000000000000e+01 4.060200000000000000e+04 4.697300000000000000e+04 4.643900000000000000e+04 3.871900000000000000e+04 1.782548997103003785e+01 5.810000000000000000e+02
-2.820000000000000000e+02 -4.750000000000000000e+02 6.000000000000000000e+00 4.171200000000000000e+04 4.768500000000000000e+04 4.634600000000000000e+04 3.881700000000000000e+04 1.783584411098854616e+01 5.810000000000000000e+02
-4.060000000000000000e+02 -3.990000000000000000e+02 1.100000000000000000e+01 4.314300000000000000e+04 4.773800000000000000e+04 4.600000000000000000e+04 3.981000000000000000e+04 1.784507634001784027e+01 5.810000000000000000e+02
-5.600000000000000000e+02 -3.120000000000000000e+02 1.000000000000000000e+01 4.252400000000000000e+04 4.732100000000000000e+04 4.723800000000000000e+04 4.113800000000000000e+04 1.785513919399818406e+01 5.810000000000000000e+02
-6.760000000000000000e+02 -1.760000000000000000e+02 1.300000000000000000e+01 4.343100000000000000e+04 4.640200000000000000e+04 4.762600000000000000e+04 4.363700000000000000e+04 1.786548038799082860e+01 8.590000000000000000e+02
-7.620000000000000000e+02 -5.500000000000000000e+01 1.000000000000000000e+01 4.376500000000000000e+04 4.515000000000000000e+04 4.798300000000000000e+04 4.567800000000000000e+04 1.787488865602063015e+01 8.590000000000000000e+02
-8.150000000000000000e+02 3.500000000000000000e+01 -1.100000000000000000e+01 4.383800000000000000e+04 4.445300000000000000e+04 4.847300000000000000e+04 4.699500000000000000e+04 1.788529301498783752e+01 8.590000000000000000e+02
-7.750000000000000000e+02 6.800000000000000000e+01 1.000000000000000000e+00 4.424800000000000000e+04 4.470900000000000000e+04 4.856900000000000000e+04 4.747400000000000000e+04 1.789579424099065363e+01 8.590000000000000000e+02
-6.730000000000000000e+02 9.800000000000000000e+01 -6.000000000000000000e+00 4.539800000000000000e+04 4.536800000000000000e+04 4.817400000000000000e+04 4.745700000000000000e+04 1.790556421602377668e+01 8.510000000000000000e+02
-5.050000000000000000e+02 9.200000000000000000e+01 1.000000000000000000e+00 4.698600000000000000e+04 4.703300000000000000e+04 4.778100000000000000e+04 4.687500000000000000e+04 1.791512487700674683e+01 8.510000000000000000e+02
-3.150000000000000000e+02 6.400000000000000000e+01 1.100000000000000000e+01 4.783400000000000000e+04 4.788600000000000000e+04 4.770600000000000000e+04 4.685700000000000000e+04 1.792481735598994419e+01 8.510000000000000000e+02
-8.600000000000000000e+01 -7.000000000000000000e+00 3.400000000000000000e+01 4.959600000000000000e+04 4.986200000000000000e+04 4.621100000000000000e+04 4.456500000000000000e+04 1.793623161100549623e+01 8.510000000000000000e+02
5.600000000000000000e+01 -6.400000000000000000e+01 5.900000000000000000e+01 4.962900000000000000e+04 5.059000000000000000e+04 4.733600000000000000e+04 4.408200000000000000e+04 1.794594442698871717e+01 8.450000000000000000e+02
8.400000000000000000e+01 -1.490000000000000000e+02 7.400000000000000000e+01 4.950700000000000000e+04 5.137700000000000000e+04 4.844800000000000000e+04 4.369800000000000000e+04 1.795620773598784581e+01 8.450000000000000000e+02
6.500000000000000000e+01 -2.140000000000000000e+02 7.700000000000000000e+01 4.916200000000000000e+04 5.124500000000000000e+04 4.938000000000000000e+04 4.435500000000000000e+04 1.796560655202483758e+01 8.450000000000000000e+02
-4.000000000000000000e+01 -2.920000000000000000e+02 5.300000000000000000e+01 4.787700000000000000e+04 5.110400000000000000e+04 5.069300000000000000e+04 4.478800000000000000e+04 1.797568388999206945e+01 8.450000000000000000e+02
-9.900000000000000000e+01 -3.230000000000000000e+02 5.100000000000000000e+01 4.782300000000000000e+04 5.128400000000000000e+04 5.091400000000000000e+04 4.488100000000000000e+04 1.798549318104051054e+01 8.450000000000000000e+02
-1.770000000000000000e+02 -3.320000000000000000e+02 3.200000000000000000e+01 4.745000000000000000e+04 5.086300000000000000e+04 5.182700000000000000e+04 4.648700000000000000e+04 1.799600366404047236e+01 8.370000000000000000e+02
-1.640000000000000000e+02 -2.820000000000000000e+02 3.300000000000000000e+01 4.815300000000000000e+04 5.107400000000000000e+04 5.139100000000000000e+04 4.639200000000000000e+04 1.800567368499469012e+01 8.370000000000000000e+02
-1.370000000000000000e+02 -2.020000000000000000e+02 3.400000000000000000e+01 4.840800000000000000e+04 5.062200000000000000e+04 5.144600000000000000e+04 4.721100000000000000e+04 1.801558286603540182e+01 8.370000000000000000e+02
-8.900000000000000000e+01 -1.000000000000000000e+02 1.400000000000000000e+01 4.942800000000000000e+04 5.085000000000000000e+04 5.066900000000000000e+04 4.698900000000000000e+04 1.802538487600395456e+01 8.370000000000000000e+02
-1.500000000000000000e+01 -2.200000000000000000e+01 1.200000000000000000e+01 5.058100000000000000e+04 5.170200000000000000e+04 5.012300000000000000e+04 4.686100000000000000e+04 1.803573444602079690e+01 8.260000000000000000e+02
-3.100000000000000000e+01 2.500000000000000000e+01 1.000000000000000000e+00 5.099400000000000000e+04 5.026900000000000000e+04 4.959500000000000000e+04 4.868900000000000000e+04 1.804500427300808951e+01 8.260000000000000000e+02
-6.800000000000000000e+01 4.000000000000000000e+01 -2.300000000000000000e+01 5.016900000000000000e+04 4.989100000000000000e+04 5.028100000000000000e+04 4.929700000000000000e+04 1.805463100800989196e+01 8.260000000000000000e+02
-3.100000000000000000e+01 -5.700000000000000000e+01 2.000000000000000000e+00 5.008500000000000000e+04 5.125500000000000000e+04 5.055300000000000000e+04 4.792700000000000000e+04 1.806474692001938820e+01 8.260000000000000000e+02
1.400000000000000000e+01 -1.280000000000000000e+02 5.000000000000000000e+00 4.963600000000000000e+04 5.167600000000000000e+04 5.099700000000000000e+04 4.732300000000000000e+04 1.807600217702565715e+01 8.170000000000000000e+02
7.000000000000000000e+00 -1.700000000000000000e+02 -2.400000000000000000e+01 4.935700000000000000e+04 5.184000000000000000e+04 5.148100000000000000e+04 4.763300000000000000e+04 1.808486604702193290e+01 8.170000000000000000e+02
2.000000000000000000e+01 -1.500000000000000000e+02 -4.600000000000000000e+01 4.958700000000000000e+04 5.156000000000000000e+04 5.085400000000000000e+04 4.782100000000000000e+04 1.809542397101176903e+01 8.170000000000000000e+02
-6.200000000000000000e+01 -1.030000000000000000e+02 -4.600000000000000000e+01 4.898900000000000000e+04 5.032600000000000000e+04 5.111500000000000000e+04 4.919500000000000000e+04 1.810475191799923778e+01 8.170000000000000000e+02
-1.390000000000000000e+02 -1.010000000000000000e+02 -6.300000000000000000e+01 4.829500000000000000e+04 4.991800000000000000e+04 5.148000000000000000e+04 4.974200000000000000e+04 1.811502751102671027e+01 8.120000000000000000e+02
-2.070000000000000000e+02 -8.700000000000000000e+01 -8.500000000000000000e+01 4.760100000000000000e+04 4.963400000000000000e+04 5.180300000000000000e+04 5.020000000000000000e+04 1.812541249103378505e+01 8.120000000000000000e+02
-2.160000000000000000e+02 -1.020000000000000000e+02 -1.010000000000000000e+02 4.715300000000000000e+04 4.971900000000000000e+04 5.179400000000000000e+04 4.997200000000000000e+04 1.813478260301053524e+01 8.120000000000000000e+02
-1.300000000000000000e+02 -1.190000000000000000e+02 -1.060000000000000000e+02 4.774500000000000000e+04 5.036300000000000000e+04 5.101100000000000000e+04 4.936200000000000000e+04 1.814526442502392456e+01 8.120000000000000000e+02
-1.100000000000000000e+01 -1.360000000000000000e+02 -1.270000000000000000e+02 4.775000000000000000e+04 5.084000000000000000e+04 5.050500000000000000e+04 4.872200000000000000e+04 1.815533818403491750e+01 8.120000000000000000e+02
1.480000000000000000e+02 -1.590000000000000000e+02 -1.290000000000000000e+02 4.804200000000000000e+04 5.168000000000000000e+04 4.980800000000000000e+04 4.749100000000000000e+04 1.816501531400717795e+01 8.090000000000000000e+02
2.890000000000000000e+02 -2.010000000000000000e+02 -1.280000000000000000e+02 4.812300000000000000e+04 5.237400000000000000e+04 4.941200000000000000e+04 4.642600000000000000e+04 1.817527551203966141e+01 8.090000000000000000e+02
4.360000000000000000e+02 -2.700000000000000000e+02 -1.240000000000000000e+02 4.834400000000000000e+04 5.361100000000000000e+04 4.870500000000000000e+04 4.424100000000000000e+04 1.818514199601486325e+01 8.090000000000000000e+02
5.300000000000000000e+02 -2.910000000000000000e+02 -1.140000000000000000e+02 4.873900000000000000e+04 5.330800000000000000e+04 4.802700000000000000e+04 4.434200000000000000e+04 1.819485111802350730e+01 8.090000000000000000e+02
5.290000000000000000e+02 -2.640000000000000000e+02 -1.140000000000000000e+02 4.817100000000000000e+04 5.286200000000000000e+04 4.818400000000000000e+04 4.434000000000000000e+04 1.820541615498950705e+01 8.030000000000000000e+02
4.860000000000000000e+02 -2.210000000000000000e+02 -1.100000000000000000e+02 4.811900000000000000e+04 5.265600000000000000e+04 4.791400000000000000e+04 4.457300000000000000e+04 1.821522495499812067e+01 8.030000000000000000e+02
4.040000000000000000e+02 -1.160000000000000000e+02 -1.000000000000000000e+02 4.789900000000000000e+04 5.193800000000000000e+04 4.785100000000000000e+04 4.524700000000000000e+04 1.822487122099846601e+01 8.030000000000000000e+02
3.230000000000000000e+02 -1.700000000000000000e+01 -9.800000000000000000e+01 4.810000000000000000e+04 5.072800000000000000e+04 4.722700000000000000e+04 4.634400000000000000e+04 1.823466944001847878e+01 8.030000000000000000e+02
2.240000000000000000e+02 9.400000000000000000e+01 -8.900000000000000000e+01 4.823300000000000000e+04 4.967000000000000000e+04 4.684400000000000000e+04 4.727400000000000000e+04 1.824437557603232563e+01 7.980000000000000000e+02
1.500000000000000000e+02 1.710000000000000000e+02 -8.400000000000000000e+01 4.795900000000000000e+04 4.865200000000000000e+04 4.712700000000000000e+04 4.831200000000000000e+04 1.825511858303798363e+01 7.980000000000000000e+02
1.090000000000000000e+02 2.120000000000000000e+02 -4.700000000000000000e+01 4.755300000000000000e+04 4.865400000000000000e+04 4.750000000000000000e+04 4.785700000000000000e+04 1.826436072000069544e+01 7.980000000000000000e+02
1.330000000000000000e+02 1.960000000000000000e+02 -2.600000000000000000e+01 4.802900000000000000e+04 4.904100000000000000e+04 4.700600000000000000e+04 4.704100000000000000e+04 1.827488895703572780e+01 7.980000000000000000e+02
1.060000000000000000e+02 1.630000000000000000e+02 -2.700000000000000000e+01 4.724100000000000000e+04 4.899300000000000000e+04 4.750800000000000000e+04 4.686600000000000000e+04 1.828453909698873758e+01 7.980000000000000000e+02
1.110000000000000000e+02 1.310000000000000000e+02 -4.100000000000000000e+01 4.703400000000000000e+04 4.924700000000000000e+04 4.757900000000000000e+04 4.657500000000000000e+04 1.829457964200992137e+01 7.980000000000000000e+02
1.270000000000000000e+02 7.900000000000000000e+01 -4.700000000000000000e+01 4.675100000000000000e+04 5.006900000000000000e+04 4.739600000000000000e+04 4.556000000000000000e+04 1.830410992301767692e+01 7.980000000000000000e+02
1.190000000000000000e+02 2.800000000000000000e+01 -7.800000000000000000e+01 4.588600000000000000e+04 5.058300000000000000e+04 4.760800000000000000e+04 4.479900000000000000e+04 1.831491725600790232e+01 7.980000000000000000e+02
8.000000000000000000e+01 3.000000000000000000e+00 -8.100000000000000000e+01 4.492600000000000000e+04 5.031500000000000000e+04 4.806300000000000000e+04 4.511700000000000000e+04 1.832455054199090227e+01 7.980000000000000000e+02
8.500000000000000000e+01 0.000000000000000000e+00 -7.600000000000000000e+01 4.554700000000000000e+04 5.078300000000000000e+04 4.727400000000000000e+04 4.433400000000000000e+04 1.833426184899872169e+01 7.960000000000000000e+02
6.800000000000000000e+01 5.500000000000000000e+01 -7.100000000000000000e+01 4.593100000000000000e+04 5.034500000000000000e+04 4.701600000000000000e+04 4.493300000000000000e+04 1.834476004401221871e+01 7.960000000000000000e+02
5.000000000000000000e+01 9.700000000000000000e+01 -7.100000000000000000e+01 4.571900000000000000e+04 4.974600000000000000e+04 4.707100000000000000e+04 4.552700000000000000e+04 1.835427220899146050e+01 7.960000000000000000e+02
5.000000000000000000e+01 1.320000000000000000e+02 -3.300000000000000000e+01 4.594200000000000000e+04 4.958500000000000000e+04 4.698300000000000000e+04 4.524900000000000000e+04 1.836503915401408449e+01 7.960000000000000000e+02
5.500000000000000000e+01 1.530000000000000000e+02 -1.400000000000000000e+01 4.532700000000000000e+04 4.926300000000000000e+04 4.665900000000000000e+04 4.613500000000000000e+04 1.837462041503749788e+01 8.000000000000000000e+02
4.000000000000000000e+01 1.970000000000000000e+02 1.000000000000000000e+00 4.565300000000000000e+04 4.931100000000000000e+04 4.597000000000000000e+04 4.583400000000000000e+04 1.838494620803976431e+01 8.000000000000000000e+02
1.300000000000000000e+01 2.330000000000000000e+02 2.700000000000000000e+01 4.670500000000000000e+04 4.817700000000000000e+04 4.619500000000000000e+04 4.552200000000000000e+04 1.839498662902042270e+01 8.000000000000000000e+02
