-1.500000000000000000e+01 7.600000000000000000e+01 6.000000000000000000e+00 4.594900000000000000e+04 4.587100000000000000e+04 4.445500000000000000e+04 4.458600000000000000e+04 2.580135742100537755e+01 8.090000000000000000e+02
-1.000000000000000000e+00 -1.600000000000000000e+01 -1.000000000000000000e+01 4.442500000000000000e+04 4.659600000000000000e+04 4.624100000000000000e+04 4.376800000000000000e+04 2.581128710100892931e+01 8.090000000000000000e+02
2.900000000000000000e+01 1.100000000000000000e+01 7.000000000000000000e+00 4.578000000000000000e+04 4.659400000000000000e+04 4.477400000000000000e+04 4.391100000000000000e+04 2.582035454202559777e+01 8.090000000000000000e+02
1.600000000000000000e+01 -1.900000000000000000e+01 1.600000000000000000e+01 4.458300000000000000e+04 4.671500000000000000e+04 4.623100000000000000e+04 4.319600000000000000e+04 2.583032040900434367e+01 8.090000000000000000e+02
1.100000000000000000e+01 -6.100000000000000000e+01 -6.000000000000000000e+00 4.474700000000000000e+04 4.653900000000000000e+04 4.593700000000000000e+04 4.335900000000000000e+04 2.584076769402599894e+01 8.090000000000000000e+02
-7.000000000000000000e+00 -5.700000000000000000e+01 9.000000000000000000e+00 4.442500000000000000e+04 4.609300000000000000e+04 4.580900000000000000e+04 4.374700000000000000e+04 2.585112454101908952e+01 8.090000000000000000e+02
-1.000000000000000000e+01 -3.100000000000000000e+01 -5.000000000000000000e+00 4.367400000000000000e+04 4.663100000000000000e+04 4.631400000000000000e+04 4.310500000000000000e+04 2.586065675201825798e+01 8.090000000000000000e+02
-2.900000000000000000e+01 -2.000000000000000000e+00 -1.000000000000000000e+01 4.394200000000000000e+04 4.630500000000000000e+04 4.610500000000000000e+04 4.349600000000000000e+04 2.587110939199919812e+01 8.090000000000000000e+02
-3.600000000000000000e+01 2.200000000000000000e+01 -1.500000000000000000e+01 4.413000000000000000e+04 4.585000000000000000e+04 4.587300000000000000e+04 4.395500000000000000e+04 2.588063450300251134e+01 8.090000000000000000e+02
-5.600000000000000000e+01 3.800000000000000000e+01 -2.000000000000000000e+01 4.437700000000000000e+04 4.530200000000000000e+04 4.575700000000000000e+04 4.470600000000000000e+04 2.589007322699762881e+01 8.060000000000000000e+02
-2.800000000000000000e+01 8.400000000000000000e+01 -1.900000000000000000e+01 4.482400000000000000e+04 4.539700000000000000e+04 4.522300000000000000e+04 4.458800000000000000e+04 2.589995390499825589e+01 8.060000000000000000e+02
-1.700000000000000000e+01 1.150000000000000000e+02 -7.000000000000000000e+00 4.440800000000000000e+04 4.544000000000000000e+04 4.559500000000000000e+04 4.430800000000000000e+04 2.591040511301252991e+01 8.060000000000000000e+02
5.000000000000000000e+00 9.700000000000000000e+01 -1.500000000000000000e+01 4.454100000000000000e+04 4.550700000000000000e+04 4.520400000000000000e+04 4.428300000000000000e+04 2.591965969500597566e+01 8.060000000000000000e+02
2.100000000000000000e+01 7.800000000000000000e+01 -1.600000000000000000e+01 4.436300000000000000e+04 4.574200000000000000e+04 4.526200000000000000e+04 4.392000000000000000e+04 2.593010140099795535e+01 8.080000000000000000e+02
2.900000000000000000e+01 5.800000000000000000e+01 -1.500000000000000000e+01 4.469400000000000000e+04 4.528300000000000000e+04 4.505200000000000000e+04 4.432600000000000000e+04 2.593986254199990071e+01 8.080000000000000000e+02
6.700000000000000000e+01 -3.000000000000000000e+00 -2.000000000000000000e+00 4.448100000000000000e+04 4.596200000000000000e+04 4.531800000000000000e+04 4.366600000000000000e+04 2.594967797602294013e+01 8.080000000000000000e+02
3.500000000000000000e+01 -2.400000000000000000e+01 -6.000000000000000000e+00 4.457400000000000000e+04 4.644200000000000000e+04 4.522600000000000000e+04 4.313100000000000000e+04 2.596023385401349515e+01 8.080000000000000000e+02
5.100000000000000000e+01 -5.900000000000000000e+01 -4.000000000000000000e+00 4.409100000000000000e+04 4.682100000000000000e+04 4.614100000000000000e+04 4.303800000000000000e+04 2.596996482802205719e+01 8.040000000000000000e+02
5.400000000000000000e+01 -7.900000000000000000e+01 -5.000000000000000000e+00 4.426900000000000000e+04 4.654100000000000000e+04 4.584900000000000000e+04 4.346800000000000000e+04 2.597987639601342380e+01 8.040000000000000000e+02
3.200000000000000000e+01 -8.000000000000000000e+01 -8.000000000000000000e+00 4.443900000000000000e+04 4.645300000000000000e+04 4.579700000000000000e+04 4.360000000000000000e+04 2.598968329001218081e+01 8.040000000000000000e+02
1.800000000000000000e+01 -9.000000000000000000e+01 -1.000000000000000000e+01 4.402300000000000000e+04 4.648200000000000000e+04 4.617400000000000000e+04 4.375800000000000000e+04 2.600024523801403120e+01 8.040000000000000000e+02
3.100000000000000000e+01 -9.000000000000000000e+01 -8.000000000000000000e+00 4.443500000000000000e+04 4.657300000000000000e+04 4.592300000000000000e+04 4.381300000000000000e+04 2.601205869301338680e+01 8.020000000000000000e+02
2.600000000000000000e+01 -7.100000000000000000e+01 -1.200000000000000000e+01 4.475500000000000000e+04 4.702400000000000000e+04 4.602300000000000000e+04 4.368300000000000000e+04 2.601948833500500768e+01 8.020000000000000000e+02
3.900000000000000000e+01 -4.500000000000000000e+01 -1.700000000000000000e+01 4.448200000000000000e+04 4.687100000000000000e+04 4.622100000000000000e+04 4.367000000000000000e+04 2.603003211802570149e+01 8.020000000000000000e+02
1.400000000000000000e+01 -2.200000000000000000e+01 -2.100000000000000000e+01 4.469100000000000000e+04 4.667800000000000000e+04 4.589000000000000000e+04 4.402800000000000000e+04 2.603982246600207873e+01 8.020000000000000000e+02
3.400000000000000000e+01 -3.800000000000000000e+01 -1.200000000000000000e+01 4.463500000000000000e+04 4.708800000000000000e+04 4.604400000000000000e+04 4.365000000000000000e+04 2.604968888801522553e+01 8.020000000000000000e+02
4.200000000000000000e+01 1.400000000000000000e+01 -2.100000000000000000e+01 4.560800000000000000e+04 4.691000000000000000e+04 4.523700000000000000e+04 4.408400000000000000e+04 2.605969579302472994e+01 8.030000000000000000e+02
3.700000000000000000e+01 5.300000000000000000e+01 -1.900000000000000000e+01 4.513300000000000000e+04 4.670000000000000000e+04 4.561500000000000000e+04 4.422000000000000000e+04 2.607019806100288406e+01 8.030000000000000000e+02
-7.000000000000000000e+00 -3.000000000000000000e+00 -2.100000000000000000e+01 4.325200000000000000e+04 4.731500000000000000e+04 4.726700000000000000e+04 4.349200000000000000e+04 2.608012574800522998e+01 8.030000000000000000e+02
-1.900000000000000000e+01 3.000000000000000000e+00 -2.400000000000000000e+01 4.392200000000000000e+04 4.663100000000000000e+04 4.664000000000000000e+04 4.426000000000000000e+04 2.608988770900759846e+01 8.030000000000000000e+02
-1.900000000000000000e+01 2.300000000000000000e+01 -1.000000000000000000e+01 4.388500000000000000e+04 4.617700000000000000e+04 4.641000000000000000e+04 4.447400000000000000e+04 2.609966398502001539e+01 8.060000000000000000e+02
-6.000000000000000000e+00 6.100000000000000000e+01 -2.000000000000000000e+01 4.454000000000000000e+04 4.639200000000000000e+04 4.589200000000000000e+04 4.415200000000000000e+04 2.611010251901461743e+01 8.060000000000000000e+02
-3.200000000000000000e+01 7.600000000000000000e+01 -1.200000000000000000e+01 4.433100000000000000e+04 4.590800000000000000e+04 4.598600000000000000e+04 4.482200000000000000e+04 2.611959200599812903e+01 8.060000000000000000e+02
-1.700000000000000000e+01 7.600000000000000000e+01 -1.600000000000000000e+01 4.459000000000000000e+04 4.663500000000000000e+04 4.582600000000000000e+04 4.397000000000000000e+04 2.612958188701304607e+01 8.060000000000000000e+02
3.000000000000000000e+00 7.400000000000000000e+01 -1.000000000000000000e+01 4.513900000000000000e+04 4.619300000000000000e+04 4.530700000000000000e+04 4.438300000000000000e+04 2.614008661601110362e+01 8.070000000000000000e+02
1.600000000000000000e+01 7.300000000000000000e+01 1.000000000000000000e+01 4.489100000000000000e+04 4.634100000000000000e+04 4.535500000000000000e+04 4.372100000000000000e+04 2.614994738000677899e+01 8.070000000000000000e+02
2.800000000000000000e+01 6.800000000000000000e+01 1.100000000000000000e+01 4.490300000000000000e+04 4.603300000000000000e+04 4.557700000000000000e+04 4.380900000000000000e+04 2.615973521300475113e+01 8.070000000000000000e+02
1.900000000000000000e+01 4.300000000000000000e+01 9.000000000000000000e+00 4.428700000000000000e+04 4.629500000000000000e+04 4.573200000000000000e+04 4.333700000000000000e+04 2.616960884802392684e+01 8.070000000000000000e+02
2.000000000000000000e+00 2.300000000000000000e+01 2.900000000000000000e+01 4.447900000000000000e+04 4.601900000000000000e+04 4.587800000000000000e+04 4.327700000000000000e+04 2.618090817600023001e+01 8.070000000000000000e+02
-3.100000000000000000e+01 9.000000000000000000e+00 2.500000000000000000e+01 4.415100000000000000e+04 4.546200000000000000e+04 4.618500000000000000e+04 4.435000000000000000e+04 2.619038053901749663e+01 8.030000000000000000e+02
-3.100000000000000000e+01 -8.000000000000000000e+00 3.600000000000000000e+01 4.447200000000000000e+04 4.572700000000000000e+04 4.630700000000000000e+04 4.360700000000000000e+04 2.620053927900153212e+01 8.030000000000000000e+02
-2.000000000000000000e+01 -3.200000000000000000e+01 2.300000000000000000e+01 4.411500000000000000e+04 4.617200000000000000e+04 4.632300000000000000e+04 4.365500000000000000e+04 2.620980141402105801e+01 8.030000000000000000e+02
-2.300000000000000000e+01 -5.300000000000000000e+01 2.200000000000000000e+01 4.367700000000000000e+04 4.638200000000000000e+04 4.671800000000000000e+04 4.342400000000000000e+04 2.621978816602495499e+01 8.030000000000000000e+02
-1.100000000000000000e+01 -4.300000000000000000e+01 2.200000000000000000e+01 4.453200000000000000e+04 4.622700000000000000e+04 4.596000000000000000e+04 4.349000000000000000e+04 2.622957232600310817e+01 8.060000000000000000e+02
-9.000000000000000000e+00 -6.300000000000000000e+01 2.900000000000000000e+01 4.419200000000000000e+04 4.619300000000000000e+04 4.606300000000000000e+04 4.334900000000000000e+04 2.623944903901428916e+01 8.060000000000000000e+02
-2.900000000000000000e+01 -4.400000000000000000e+01 2.900000000000000000e+01 4.429900000000000000e+04 4.581600000000000000e+04 4.608900000000000000e+04 4.394800000000000000e+04 2.625000335200456902e+01 8.060000000000000000e+02
-4.000000000000000000e+01 -4.700000000000000000e+01 1.600000000000000000e+01 4.395700000000000000e+04 4.621400000000000000e+04 4.651000000000000000e+04 4.357300000000000000e+04 2.625983835902297869e+01 8.060000000000000000e+02
-5.600000000000000000e+01 -1.100000000000000000e+01 1.200000000000000000e+01 4.418900000000000000e+04 4.596000000000000000e+04 4.622500000000000000e+04 4.383700000000000000e+04 2.626968178700190037e+01 8.040000000000000000e+02
-6.400000000000000000e+01 -1.400000000000000000e+01 5.000000000000000000e+00 4.469200000000000000e+04 4.623700000000000000e+04 4.635100000000000000e+04 4.350000000000000000e+04 2.627953753600013442e+01 8.040000000000000000e+02
-5.800000000000000000e+01 -1.700000000000000000e+01 2.000000000000000000e+01 4.474400000000000000e+04 4.618300000000000000e+04 4.623900000000000000e+04 4.353400000000000000e+04 2.628936184302438051e+01 8.040000000000000000e+02
-5.100000000000000000e+01 2.600000000000000000e+01 1.400000000000000000e+01 4.474100000000000000e+04 4.535500000000000000e+04 4.613300000000000000e+04 4.434600000000000000e+04 2.629982486701919697e+01 8.040000000000000000e+02
-4.900000000000000000e+01 4.300000000000000000e+01 1.300000000000000000e+01 4.491900000000000000e+04 4.527500000000000000e+04 4.586700000000000000e+04 4.437600000000000000e+04 2.630966697802068666e+01 8.040000000000000000e+02
-3.500000000000000000e+01 4.500000000000000000e+01 1.800000000000000000e+01 4.397100000000000000e+04 4.468100000000000000e+04 4.653100000000000000e+04 4.491000000000000000e+04 2.631990699601010419e+01 8.060000000000000000e+02
-8.000000000000000000e+00 4.400000000000000000e+01 7.000000000000000000e+00 4.314800000000000000e+04 4.416600000000000000e+04 4.702700000000000000e+04 4.535100000000000000e+04 2.632964501102105714e+01 8.060000000000000000e+02
2.200000000000000000e+01 1.400000000000000000e+01 1.100000000000000000e+01 4.532600000000000000e+04 4.710000000000000000e+04 4.493300000000000000e+04 4.234100000000000000e+04 2.634003049501916394e+01 8.060000000000000000e+02
5.100000000000000000e+01 1.000000000000000000e+00 8.000000000000000000e+00 4.563300000000000000e+04 4.704800000000000000e+04 4.469200000000000000e+04 4.236100000000000000e+04 2.635005762102082372e+01 8.060000000000000000e+02
6.300000000000000000e+01 6.000000000000000000e+00 6.000000000000000000e+00 4.239100000000000000e+04 4.696600000000000000e+04 4.763300000000000000e+04 4.264700000000000000e+04 2.635974894501850940e+01 8.050000000000000000e+02
7.800000000000000000e+01 -2.000000000000000000e+00 8.000000000000000000e+00 4.349400000000000000e+04 4.665000000000000000e+04 4.669000000000000000e+04 4.299600000000000000e+04 2.636950452602468431e+01 8.050000000000000000e+02
6.100000000000000000e+01 4.000000000000000000e+00 1.600000000000000000e+01 4.419200000000000000e+04 4.632400000000000000e+04 4.608600000000000000e+04 4.325400000000000000e+04 2.637920973901054822e+01 8.050000000000000000e+02
6.500000000000000000e+01 3.100000000000000000e+01 1.400000000000000000e+01 4.587100000000000000e+04 4.633100000000000000e+04 4.460800000000000000e+04 4.304700000000000000e+04 2.638981870299903676e+01 8.050000000000000000e+02
5.300000000000000000e+01 2.900000000000000000e+01 6.000000000000000000e+00 4.464100000000000000e+04 4.515100000000000000e+04 4.595300000000000000e+04 4.429500000000000000e+04 2.639958263002336025e+01 8.060000000000000000e+02
1.800000000000000000e+01 2.300000000000000000e+01 7.000000000000000000e+00 4.521600000000000000e+04 4.520900000000000000e+04 4.537400000000000000e+04 4.432800000000000000e+04 2.640943531200173311e+01 8.060000000000000000e+02
1.200000000000000000e+01 4.300000000000000000e+01 7.000000000000000000e+00 4.458100000000000000e+04 4.521300000000000000e+04 4.588300000000000000e+04 4.432300000000000000e+04 2.641918373500811867e+01 8.060000000000000000e+02
3.400000000000000000e+01 4.100000000000000000e+01 -1.000000000000000000e+00 4.529000000000000000e+04 4.618500000000000000e+04 4.497700000000000000e+04 4.338500000000000000e+04 2.642981965900980867e+01 8.060000000000000000e+02
-1.500000000000000000e+01 2.400000000000000000e+01 -4.000000000000000000e+00 4.457600000000000000e+04 4.599400000000000000e+04 4.545600000000000000e+04 4.353300000000000000e+04 2.643969115300569683e+01 8.060000000000000000e+02
-4.600000000000000000e+01 -7.000000000000000000e+00 -1.000000000000000000e+01 4.358600000000000000e+04 4.481600000000000000e+04 4.620700000000000000e+04 4.475400000000000000e+04 2.644943562301341444e+01 8.060000000000000000e+02
-8.000000000000000000e+00 -1.300000000000000000e+01 -1.900000000000000000e+01 4.429700000000000000e+04 4.568600000000000000e+04 4.530500000000000000e+04 4.413500000000000000e+04 2.645934692301671021e+01 8.060000000000000000e+02
-1.600000000000000000e+01 -2.700000000000000000e+01 -2.500000000000000000e+01 4.319700000000000000e+04 4.573700000000000000e+04 4.614800000000000000e+04 4.422200000000000000e+04 2.646930776201770641e+01 8.060000000000000000e+02
-1.500000000000000000e+01 -3.900000000000000000e+01 -2.800000000000000000e+01 4.325400000000000000e+04 4.595000000000000000e+04 4.578200000000000000e+04 4.417900000000000000e+04 2.647916382399853319e+01 8.060000000000000000e+02
0.000000000000000000e+00 -5.000000000000000000e+01 -3.300000000000000000e+01 4.350300000000000000e+04 4.609300000000000000e+04 4.552300000000000000e+04 4.423400000000000000e+04 2.648974898899905384e+01 8.050000000000000000e+02
4.000000000000000000e+01 -5.300000000000000000e+01 -2.800000000000000000e+01 4.391100000000000000e+04 4.662000000000000000e+04 4.494300000000000000e+04 4.376600000000000000e+04 2.649942060501780361e+01 8.050000000000000000e+02
4.400000000000000000e+01 -4.600000000000000000e+01 -2.300000000000000000e+01 4.115600000000000000e+04 4.860200000000000000e+04 4.733400000000000000e+04 4.128000000000000000e+04 2.650970456900540739e+01 8.050000000000000000e+02
4.100000000000000000e+01 -1.400000000000000000e+01 -2.200000000000000000e+01 4.765100000000000000e+04 4.689300000000000000e+04 4.153500000000000000e+04 4.266200000000000000e+04 2.651982893701642752e+01 8.050000000000000000e+02
3.500000000000000000e+01 4.000000000000000000e+00 -2.500000000000000000e+01 4.274600000000000000e+04 4.496400000000000000e+04 4.624400000000000000e+04 4.555500000000000000e+04 2.652968100699945353e+01 8.050000000000000000e+02
2.500000000000000000e+01 2.200000000000000000e+01 -2.800000000000000000e+01 4.518700000000000000e+04 4.739100000000000000e+04 4.442000000000000000e+04 4.238000000000000000e+04 2.653962790701189078e+01 8.050000000000000000e+02
-1.300000000000000000e+01 3.200000000000000000e+01 -3.300000000000000000e+01 4.453800000000000000e+04 4.617800000000000000e+04 4.448700000000000000e+04 4.429000000000000000e+04 2.654936479902244173e+01 8.050000000000000000e+02
-2.300000000000000000e+01 2.000000000000000000e+01 -2.000000000000000000e+01 4.285200000000000000e+04 4.509100000000000000e+04 4.656700000000000000e+04 4.488600000000000000e+04 2.655916636501206085e+01 8.050000000000000000e+02
-4.400000000000000000e+01 -8.000000000000000000e+00 -1.500000000000000000e+01 4.341400000000000000e+04 4.568500000000000000e+04 4.563100000000000000e+04 4.479100000000000000e+04 2.656966436302172951e+01 8.040000000000000000e+02
-4.400000000000000000e+01 -1.300000000000000000e+01 -3.200000000000000000e+01 4.344900000000000000e+04 4.615200000000000000e+04 4.632300000000000000e+04 4.404200000000000000e+04 2.657945529100834392e+01 8.040000000000000000e+02
-2.000000000000000000e+01 -1.200000000000000000e+01 -2.200000000000000000e+01 4.132100000000000000e+04 4.423200000000000000e+04 4.759600000000000000e+04 4.637100000000000000e+04 2.658909849700285122e+01 8.040000000000000000e+02
5.000000000000000000e+00 -3.800000000000000000e+01 -2.300000000000000000e+01 4.301300000000000000e+04 4.570800000000000000e+04 4.621100000000000000e+04 4.500800000000000000e+04 2.659979158002533950e+01 8.040000000000000000e+02
7.600000000000000000e+01 -7.000000000000000000e+01 -1.200000000000000000e+01 4.318700000000000000e+04 4.658400000000000000e+04 4.602500000000000000e+04 4.410800000000000000e+04 2.660955051300697960e+01 8.040000000000000000e+02
1.350000000000000000e+02 -1.000000000000000000e+02 -2.000000000000000000e+00 4.369300000000000000e+04 4.694800000000000000e+04 4.548200000000000000e+04 4.345400000000000000e+04 2.661983519900240935e+01 8.070000000000000000e+02
1.810000000000000000e+02 -1.020000000000000000e+02 -9.000000000000000000e+00 4.446200000000000000e+04 4.808100000000000000e+04 4.479100000000000000e+04 4.182800000000000000e+04 2.662955829501152039e+01 8.070000000000000000e+02
2.020000000000000000e+02 -6.400000000000000000e+01 -8.000000000000000000e+00 4.415700000000000000e+04 4.717400000000000000e+04 4.505700000000000000e+04 4.270500000000000000e+04 2.663944566500140354e+01 8.070000000000000000e+02
1.830000000000000000e+02 -6.800000000000000000e+01 -6.000000000000000000e+00 4.553000000000000000e+04 4.689500000000000000e+04 4.352500000000000000e+04 4.282200000000000000e+04 2.664990934601519257e+01 8.070000000000000000e+02
1.900000000000000000e+02 -5.100000000000000000e+01 -1.100000000000000000e+01 4.723400000000000000e+04 4.409400000000000000e+04 4.151000000000000000e+04 4.579500000000000000e+04 2.666103964002104476e+01 8.050000000000000000e+02
1.470000000000000000e+02 -7.000000000000000000e+01 -1.400000000000000000e+01 4.500600000000000000e+04 4.657000000000000000e+04 4.407900000000000000e+04 4.327800000000000000e+04 2.666914723100489937e+01 8.050000000000000000e+02
1.060000000000000000e+02 -9.300000000000000000e+01 -1.300000000000000000e+01 4.442900000000000000e+04 4.638200000000000000e+04 4.460800000000000000e+04 4.347700000000000000e+04 2.667955081301624887e+01 8.050000000000000000e+02
5.200000000000000000e+01 -1.270000000000000000e+02 -4.000000000000000000e+00 4.339600000000000000e+04 4.620100000000000000e+04 4.556000000000000000e+04 4.362000000000000000e+04 2.668906996300211176e+01 8.050000000000000000e+02
-3.000000000000000000e+00 -1.900000000000000000e+02 -9.000000000000000000e+00 4.285100000000000000e+04 4.625600000000000000e+04 4.624000000000000000e+04 4.363300000000000000e+04 2.669951286001014523e+01 8.050000000000000000e+02
-3.400000000000000000e+01 -2.270000000000000000e+02 -9.000000000000000000e+00 4.155900000000000000e+04 4.654000000000000000e+04 4.727500000000000000e+04 4.327100000000000000e+04 2.670987718901596963e+01 8.050000000000000000e+02
-4.100000000000000000e+01 -2.500000000000000000e+02 -6.000000000000000000e+00 4.449600000000000000e+04 4.522300000000000000e+04 4.462600000000000000e+04 4.477000000000000000e+04 2.671918372099753469e+01 8.050000000000000000e+02
-6.000000000000000000e+01 -2.300000000000000000e+02 -6.000000000000000000e+00 4.322600000000000000e+04 4.636300000000000000e+04 4.583600000000000000e+04 4.355500000000000000e+04 2.672973449400160462e+01 8.050000000000000000e+02
-3.400000000000000000e+01 -2.340000000000000000e+02 -7.000000000000000000e+00 4.222600000000000000e+04 4.707300000000000000e+04 4.664600000000000000e+04 4.274200000000000000e+04 2.673954628701903857e+01 8.050000000000000000e+02
-2.300000000000000000e+01 -2.030000000000000000e+02 -1.700000000000000000e+01 4.262700000000000000e+04 4.676700000000000000e+04 4.637500000000000000e+04 4.361100000000000000e+04 2.674935121001908556e+01 8.040000000000000000e+02
1.300000000000000000e+01 -2.050000000000000000e+02 -3.100000000000000000e+01 4.425100000000000000e+04 4.547500000000000000e+04 4.488400000000000000e+04 4.511600000000000000e+04 2.675929935701424256e+01 8.040000000000000000e+02
6.000000000000000000e+00 -1.760000000000000000e+02 -1.000000000000000000e+01 4.271800000000000000e+04 4.698000000000000000e+04 4.623800000000000000e+04 4.363800000000000000e+04 2.676923298701876774e+01 8.040000000000000000e+02
6.000000000000000000e+00 -1.780000000000000000e+02 -3.400000000000000000e+01 4.364700000000000000e+04 4.592600000000000000e+04 4.535600000000000000e+04 4.486400000000000000e+04 2.677961155801312998e+01 8.040000000000000000e+02
1.000000000000000000e+01 -1.920000000000000000e+02 -2.500000000000000000e+01 4.309700000000000000e+04 4.689100000000000000e+04 4.564800000000000000e+04 4.404400000000000000e+04 2.678995721001410857e+01 8.050000000000000000e+02
-5.000000000000000000e+00 -1.810000000000000000e+02 -4.000000000000000000e+01 4.368300000000000000e+04 4.450600000000000000e+04 4.495200000000000000e+04 4.645400000000000000e+04 2.679955121802049689e+01 8.050000000000000000e+02
3.700000000000000000e+01 -1.600000000000000000e+02 -4.700000000000000000e+01 4.388900000000000000e+04 4.634200000000000000e+04 4.453600000000000000e+04 4.526700000000000000e+04 2.680925928501528688e+01 8.050000000000000000e+02
2.600000000000000000e+01 -1.970000000000000000e+02 -4.400000000000000000e+01 4.194100000000000000e+04 4.735700000000000000e+04 4.642900000000000000e+04 4.397600000000000000e+04 2.681959532701876014e+01 8.050000000000000000e+02
1.900000000000000000e+01 -2.450000000000000000e+02 -3.000000000000000000e+01 4.422100000000000000e+04 4.855400000000000000e+04 4.613900000000000000e+04 4.446900000000000000e+04 2.683111888900748454e+01 7.890000000000000000e+02
-4.000000000000000000e+00 -2.700000000000000000e+02 -3.000000000000000000e+01 4.157300000000000000e+04 4.749200000000000000e+04 4.846800000000000000e+04 4.527600000000000000e+04 2.683919169401633553e+01 7.890000000000000000e+02
4.300000000000000000e+01 -2.360000000000000000e+02 -4.800000000000000000e+01 4.516900000000000000e+04 4.917800000000000000e+04 4.517100000000000000e+04 4.393200000000000000e+04 2.684958398001617752e+01 7.890000000000000000e+02
5.200000000000000000e+01 -2.020000000000000000e+02 -2.700000000000000000e+01 4.292700000000000000e+04 4.730600000000000000e+04 4.707000000000000000e+04 4.617000000000000000e+04 2.685948134399950504e+01 7.890000000000000000e+02
7.200000000000000000e+01 -2.090000000000000000e+02 -2.300000000000000000e+01 4.382700000000000000e+04 4.843700000000000000e+04 4.670200000000000000e+04 4.467400000000000000e+04 2.686960159102454782e+01 7.890000000000000000e+02
6.600000000000000000e+01 -1.670000000000000000e+02 -6.000000000000000000e+00 4.927900000000000000e+04 5.024400000000000000e+04 4.664900000000000000e+04 4.665800000000000000e+04 2.687928185801138170e+01 0.000000000000000000e+00
6.600000000000000000e+01 -1.190000000000000000e+02 -1.100000000000000000e+01 4.476300000000000000e+04 5.015400000000000000e+04 5.075000000000000000e+04 4.708000000000000000e+04 2.688947192201158032e+01 0.000000000000000000e+00
5.000000000000000000e+01 -1.180000000000000000e+02 -2.000000000000000000e+00 5.006100000000000000e+04 5.125000000000000000e+04 4.681300000000000000e+04 4.629400000000000000e+04 2.689921749400673434e+01 0.000000000000000000e+00
6.000000000000000000e+01 -1.050000000000000000e+02 -7.000000000000000000e+00 5.094700000000000000e+04 4.895400000000000000e+04 4.602800000000000000e+04 4.946400000000000000e+04 2.690927629100042395e+01 0.000000000000000000e+00
1.700000000000000000e+01 -6.600000000000000000e+01 2.000000000000000000e+00 4.706300000000000000e+04 5.065000000000000000e+04 4.778300000000000000e+04 4.479200000000000000e+04 2.691962866001995280e+01 5.200000000000000000e+01
-3.200000000000000000e+01 -6.800000000000000000e+01 5.000000000000000000e+00 4.531200000000000000e+04 4.901200000000000000e+04 4.924100000000000000e+04 4.679000000000000000e+04 2.692942865000804886e+01 5.200000000000000000e+01
-6.700000000000000000e+01 -9.200000000000000000e+01 -8.000000000000000000e+00 4.623000000000000000e+04 4.897000000000000000e+04 4.813500000000000000e+04 4.661300000000000000e+04 2.693938279201393016e+01 5.200000000000000000e+01
-1.390000000000000000e+02 -8.200000000000000000e+01 -2.000000000000000000e+01 4.364700000000000000e+04 4.879800000000000000e+04 4.937300000000000000e+04 4.646300000000000000e+04 2.694923139800084755e+01 5.200000000000000000e+01
-1.670000000000000000e+02 -9.300000000000000000e+01 -1.900000000000000000e+01 4.320000000000000000e+04 4.746200000000000000e+04 4.595300000000000000e+04 4.346500000000000000e+04 2.695899774102144875e+01 6.900000000000000000e+01
-1.900000000000000000e+02 -8.700000000000000000e+01 -1.900000000000000000e+01 3.978500000000000000e+04 4.735200000000000000e+04 4.806200000000000000e+04 4.330300000000000000e+04 2.696946170300361700e+01 6.900000000000000000e+01
-1.720000000000000000e+02 -4.400000000000000000e+01 -2.200000000000000000e+01 4.120000000000000000e+04 4.535600000000000000e+04 4.660700000000000000e+04 4.520400000000000000e+04 2.697938089401577599e+01 6.900000000000000000e+01
-1.620000000000000000e+02 -1.900000000000000000e+01 -1.600000000000000000e+01 3.928900000000000000e+04 4.607200000000000000e+04 4.726800000000000000e+04 4.345900000000000000e+04 2.698963598199770786e+01 6.900000000000000000e+01
-8.500000000000000000e+01 5.200000000000000000e+01 -8.000000000000000000e+00 4.119500000000000000e+04 4.458300000000000000e+04 4.553100000000000000e+04 4.446500000000000000e+04 2.699921823601471260e+01 6.900000000000000000e+01
-4.000000000000000000e+00 1.120000000000000000e+02 -4.000000000000000000e+00 4.168500000000000000e+04 4.619500000000000000e+04 4.245600000000000000e+04 3.944900000000000000e+04 2.700920470702112652e+01 7.200000000000000000e+01
6.400000000000000000e+01 1.700000000000000000e+02 -2.000000000000000000e+00 4.367800000000000000e+04 4.272900000000000000e+04 3.996200000000000000e+04 4.284400000000000000e+04 2.701967022102326155e+01 7.200000000000000000e+01
7.000000000000000000e+01 2.360000000000000000e+02 -7.000000000000000000e+00 4.258200000000000000e+04 4.330400000000000000e+04 4.107300000000000000e+04 4.183000000000000000e+04 2.702945067701512016e+01 7.200000000000000000e+01
6.800000000000000000e+01 1.860000000000000000e+02 -8.000000000000000000e+00 4.147200000000000000e+04 4.395400000000000000e+04 4.188300000000000000e+04 4.096300000000000000e+04 2.703932546000578441e+01 7.200000000000000000e+01
1.500000000000000000e+01 1.800000000000000000e+02 -1.400000000000000000e+01 4.171200000000000000e+04 4.267500000000000000e+04 4.131700000000000000e+04 4.198500000000000000e+04 2.705016414902638644e+01 7.700000000000000000e+01
-5.600000000000000000e+01 5.800000000000000000e+01 -1.700000000000000000e+01 3.923300000000000000e+04 4.291600000000000000e+04 4.190200000000000000e+04 4.001500000000000000e+04 2.705928455101093277e+01 7.700000000000000000e+01
-6.800000000000000000e+01 -1.700000000000000000e+01 -9.000000000000000000e+00 3.807500000000000000e+04 4.322600000000000000e+04 4.297200000000000000e+04 3.965700000000000000e+04 2.706969556701369584e+01 7.700000000000000000e+01
-1.080000000000000000e+02 -8.300000000000000000e+01 -1.800000000000000000e+01 3.811500000000000000e+04 4.279100000000000000e+04 4.281700000000000000e+04 3.998600000000000000e+04 2.707898980102618225e+01 7.700000000000000000e+01
-5.300000000000000000e+01 -5.500000000000000000e+01 -1.700000000000000000e+01 3.902500000000000000e+04 4.355700000000000000e+04 4.174100000000000000e+04 3.930900000000000000e+04 2.708890633200644515e+01 7.700000000000000000e+01
-1.500000000000000000e+01 1.000000000000000000e+00 -2.300000000000000000e+01 3.924400000000000000e+04 4.343500000000000000e+04 4.169000000000000000e+04 3.927900000000000000e+04 2.709921420802129433e+01 7.900000000000000000e+01
-2.000000000000000000e+01 7.600000000000000000e+01 2.000000000000000000e+00 3.899800000000000000e+04 4.305000000000000000e+04 4.166300000000000000e+04 3.938300000000000000e+04 2.710916875101975165e+01 7.900000000000000000e+01
-7.000000000000000000e+00 1.150000000000000000e+02 1.000000000000000000e+00 3.939900000000000000e+04 4.256500000000000000e+04 4.158600000000000000e+04 4.005300000000000000e+04 2.712020189600298181e+01 7.900000000000000000e+01
1.100000000000000000e+01 1.300000000000000000e+02 -9.000000000000000000e+00 3.927200000000000000e+04 4.324900000000000000e+04 4.155700000000000000e+04 3.928700000000000000e+04 2.712918270099908113e+01 7.900000000000000000e+01
2.800000000000000000e+01 1.450000000000000000e+02 1.300000000000000000e+01 3.934400000000000000e+04 4.325200000000000000e+04 4.179800000000000000e+04 3.952900000000000000e+04 2.713897172501310706e+01 8.500000000000000000e+01
1.900000000000000000e+01 1.480000000000000000e+02 1.200000000000000000e+01 3.987400000000000000e+04 4.313100000000000000e+04 4.131800000000000000e+04 3.951700000000000000e+04 2.714882569000474177e+01 8.500000000000000000e+01
1.100000000000000000e+01 1.690000000000000000e+02 1.300000000000000000e+01 3.945500000000000000e+04 4.261700000000000000e+04 4.190700000000000000e+04 4.022200000000000000e+04 2.716071715601719916e+01 8.500000000000000000e+01
-2.200000000000000000e+01 1.810000000000000000e+02 7.000000000000000000e+00 3.961400000000000000e+04 4.158600000000000000e+04 4.195000000000000000e+04 4.147800000000000000e+04 2.716917153500253335e+01 8.500000000000000000e+01
-4.000000000000000000e+01 2.150000000000000000e+02 1.000000000000000000e+01 3.948500000000000000e+04 4.191300000000000000e+04 4.216000000000000000e+04 4.148900000000000000e+04 2.717891383302048780e+01 8.300000000000000000e+01
-6.300000000000000000e+01 1.840000000000000000e+02 -1.000000000000000000e+01 4.019400000000000000e+04 4.358100000000000000e+04 4.241900000000000000e+04 4.078200000000000000e+04 2.718937206000555307e+01 8.300000000000000000e+01
-6.200000000000000000e+01 1.820000000000000000e+02 -1.300000000000000000e+01 4.033100000000000000e+04 4.311500000000000000e+04 4.273900000000000000e+04 4.165400000000000000e+04 2.719866841202019714e+01 8.300000000000000000e+01
-1.000000000000000000e+02 2.150000000000000000e+02 6.000000000000000000e+00 4.030800000000000000e+04 4.239000000000000000e+04 4.307300000000000000e+04 4.267600000000000000e+04 2.720931033202214167e+01 8.300000000000000000e+01
-8.000000000000000000e+01 2.580000000000000000e+02 8.000000000000000000e+00 4.095100000000000000e+04 4.220900000000000000e+04 4.289200000000000000e+04 4.309400000000000000e+04 2.721903004401247017e+01 8.300000000000000000e+01
-2.100000000000000000e+01 2.500000000000000000e+02 6.000000000000000000e+00 4.123900000000000000e+04 4.272000000000000000e+04 4.309400000000000000e+04 4.309800000000000000e+04 2.722890678900876082e+01 8.200000000000000000e+01
3.200000000000000000e+01 2.210000000000000000e+02 1.300000000000000000e+01 4.283000000000000000e+04 4.414500000000000000e+04 4.283100000000000000e+04 4.279900000000000000e+04 2.723880343200289644e+01 8.200000000000000000e+01
4.200000000000000000e+01 2.180000000000000000e+02 2.400000000000000000e+01 4.269200000000000000e+04 4.399200000000000000e+04 4.351300000000000000e+04 4.329700000000000000e+04 2.724945489902165718e+01 8.200000000000000000e+01
8.000000000000000000e+01 1.750000000000000000e+02 2.400000000000000000e+01 4.328800000000000000e+04 4.494000000000000000e+04 4.339000000000000000e+04 4.275800000000000000e+04 2.725937745202099904e+01 8.200000000000000000e+01
1.270000000000000000e+02 9.900000000000000000e+01 9.000000000000000000e+00 4.274100000000000000e+04 4.561800000000000000e+04 4.390300000000000000e+04 4.226100000000000000e+04 2.726920517400139943e+01 8.200000000000000000e+01
1.270000000000000000e+02 1.600000000000000000e+01 1.900000000000000000e+01 4.347100000000000000e+04 4.693300000000000000e+04 4.436700000000000000e+04 4.192600000000000000e+04 2.727901499401195906e+01 8.200000000000000000e+01
8.900000000000000000e+01 -1.700000000000000000e+01 1.700000000000000000e+01 4.275000000000000000e+04 4.639700000000000000e+04 4.502800000000000000e+04 4.255500000000000000e+04 2.728884233700227924e+01 8.200000000000000000e+01
7.800000000000000000e+01 -5.200000000000000000e+01 1.000000000000000000e+00 4.299900000000000000e+04 4.706500000000000000e+04 4.560700000000000000e+04 4.274200000000000000e+04 2.729870671601383947e+01 8.200000000000000000e+01
1.200000000000000000e+01 -2.800000000000000000e+01 4.000000000000000000e+00 4.321100000000000000e+04 4.632200000000000000e+04 4.536400000000000000e+04 4.363200000000000000e+04 2.731001904900767840e+01 8.200000000000000000e+01
-8.000000000000000000e+00 3.300000000000000000e+01 1.500000000000000000e+01 4.323100000000000000e+04 4.583300000000000000e+04 4.595700000000000000e+04 4.465900000000000000e+04 2.731861493701580912e+01 7.700000000000000000e+01
-4.300000000000000000e+01 5.400000000000000000e+01 1.700000000000000000e+01 4.377600000000000000e+04 4.632000000000000000e+04 4.616100000000000000e+04 4.483800000000000000e+04 2.732901973201660439e+01 7.700000000000000000e+01
-1.100000000000000000e+02 4.000000000000000000e+01 1.300000000000000000e+01 4.276300000000000000e+04 4.623400000000000000e+04 4.739900000000000000e+04 4.544600000000000000e+04 2.734118456000578590e+01 7.700000000000000000e+01
-8.900000000000000000e+01 -1.300000000000000000e+01 2.200000000000000000e+01 4.345500000000000000e+04 4.693000000000000000e+04 4.715900000000000000e+04 4.496400000000000000e+04 2.734908049201476388e+01 7.700000000000000000e+01
-4.200000000000000000e+01 -2.000000000000000000e+01 1.100000000000000000e+01 4.412700000000000000e+04 4.719000000000000000e+04 4.676800000000000000e+04 4.479800000000000000e+04 2.735947256401414052e+01 7.100000000000000000e+01
-1.000000000000000000e+00 6.000000000000000000e+01 -5.000000000000000000e+00 4.551800000000000000e+04 4.712000000000000000e+04 4.607400000000000000e+04 4.564200000000000000e+04 2.736861175100784749e+01 7.100000000000000000e+01
4.900000000000000000e+01 1.560000000000000000e+02 -1.000000000000000000e+00 4.607900000000000000e+04 4.704700000000000000e+04 4.557100000000000000e+04 4.601500000000000000e+04 2.737904702199739404e+01 7.100000000000000000e+01
1.270000000000000000e+02 2.580000000000000000e+02 -1.800000000000000000e+01 4.748700000000000000e+04 4.747000000000000000e+04 4.406700000000000000e+04 4.577700000000000000e+04 2.738882962401839904e+01 7.100000000000000000e+01
1.570000000000000000e+02 3.150000000000000000e+02 -1.900000000000000000e+01 4.769800000000000000e+04 4.733900000000000000e+04 4.395800000000000000e+04 4.616000000000000000e+04 2.739867293700808659e+01 6.200000000000000000e+01
1.040000000000000000e+02 2.840000000000000000e+02 -1.300000000000000000e+01 4.664600000000000000e+04 4.710800000000000000e+04 4.623400000000000000e+04 4.715800000000000000e+04 2.740910150701529346e+01 6.200000000000000000e+01
2.000000000000000000e+01 2.430000000000000000e+02 -4.000000000000000000e+00 4.584800000000000000e+04 4.459400000000000000e+04 4.719300000000000000e+04 4.956800000000000000e+04 2.741947350802365690e+01 6.200000000000000000e+01
7.500000000000000000e+01 1.460000000000000000e+02 -1.000000000000000000e+00 4.608900000000000000e+04 4.526600000000000000e+04 4.720300000000000000e+04 4.910200000000000000e+04 2.742938310801400803e+01 6.200000000000000000e+01
1.800000000000000000e+02 -4.000000000000000000e+01 -1.900000000000000000e+01 4.612100000000000000e+04 4.664200000000000000e+04 4.703700000000000000e+04 4.804100000000000000e+04 2.743918878401746042e+01 6.200000000000000000e+01
3.060000000000000000e+02 -2.280000000000000000e+02 -2.100000000000000000e+01 4.584000000000000000e+04 4.829900000000000000e+04 4.719600000000000000e+04 4.644400000000000000e+04 2.744978962402092293e+01 5.600000000000000000e+01
4.130000000000000000e+02 -3.470000000000000000e+02 -2.700000000000000000e+01 4.592600000000000000e+04 4.987000000000000000e+04 4.768300000000000000e+04 4.497300000000000000e+04 2.745904358301777393e+01 5.600000000000000000e+01
4.050000000000000000e+02 -4.770000000000000000e+02 -1.000000000000000000e+01 4.447500000000000000e+04 5.014500000000000000e+04 4.871500000000000000e+04 4.436200000000000000e+04 2.746900641501997598e+01 5.600000000000000000e+01
4.050000000000000000e+02 -5.210000000000000000e+02 2.000000000000000000e+00 4.453600000000000000e+04 5.064700000000000000e+04 4.862400000000000000e+04 4.370200000000000000e+04 2.748086377899744548e+01 5.600000000000000000e+01
4.190000000000000000e+02 -4.890000000000000000e+02 -5.000000000000000000e+00 4.535200000000000000e+04 5.095100000000000000e+04 4.780400000000000000e+04 4.296900000000000000e+04 2.748891181801445782e+01 4.600000000000000000e+01
3.720000000000000000e+02 -4.190000000000000000e+02 7.000000000000000000e+00 4.502500000000000000e+04 5.004500000000000000e+04 4.852800000000000000e+04 4.472300000000000000e+04 2.749876614802633412e+01 4.600000000000000000e+01
2.080000000000000000e+02 -3.030000000000000000e+02 2.200000000000000000e+01 4.480700000000000000e+04 4.939200000000000000e+04 4.877600000000000000e+04 4.518800000000000000e+04 2.750867717902292497e+01 4.600000000000000000e+01
7.500000000000000000e+01 -1.290000000000000000e+02 4.800000000000000000e+01 4.516100000000000000e+04 4.798600000000000000e+04 4.834500000000000000e+04 4.636700000000000000e+04 2.751896447801846080e+01 4.600000000000000000e+01
-5.800000000000000000e+01 4.700000000000000000e+01 4.100000000000000000e+01 4.526900000000000000e+04 4.665900000000000000e+04 4.788200000000000000e+04 4.731900000000000000e+04 2.752881321500171907e+01 4.600000000000000000e+01
-1.350000000000000000e+02 2.240000000000000000e+02 4.200000000000000000e+01 4.598400000000000000e+04 4.618500000000000000e+04 4.773800000000000000e+04 4.820000000000000000e+04 2.753866441702120937e+01 3.900000000000000000e+01
-1.400000000000000000e+02 3.280000000000000000e+02 3.500000000000000000e+01 4.703800000000000000e+04 4.591900000000000000e+04 4.648900000000000000e+04 4.818700000000000000e+04 2.754841020301682875e+01 3.900000000000000000e+01
-1.640000000000000000e+02 3.650000000000000000e+02 3.100000000000000000e+01 4.636600000000000000e+04 4.542000000000000000e+04 4.693400000000000000e+04 4.836300000000000000e+04 2.755894771401653998e+01 3.900000000000000000e+01
-1.320000000000000000e+02 3.510000000000000000e+02 4.400000000000000000e+01 4.615900000000000000e+04 4.554100000000000000e+04 4.676800000000000000e+04 4.781200000000000000e+04 2.756863864001934417e+01 3.900000000000000000e+01
-8.300000000000000000e+01 2.980000000000000000e+02 5.900000000000000000e+01 4.580200000000000000e+04 4.551100000000000000e+04 4.693600000000000000e+04 4.746100000000000000e+04 2.757839252101257443e+01 3.900000000000000000e+01
4.300000000000000000e+01 1.780000000000000000e+02 7.500000000000000000e+01 4.607100000000000000e+04 4.664400000000000000e+04 4.675300000000000000e+04 4.598600000000000000e+04 2.758895741699961945e+01 3.900000000000000000e+01
1.290000000000000000e+02 3.200000000000000000e+01 6.600000000000000000e+01 4.490400000000000000e+04 4.709000000000000000e+04 4.741700000000000000e+04 4.495500000000000000e+04 2.759879673802061006e+01 3.900000000000000000e+01
1.630000000000000000e+02 -1.450000000000000000e+02 6.700000000000000000e+01 4.356400000000000000e+04 4.807500000000000000e+04 4.835900000000000000e+04 4.332400000000000000e+04 2.760862272701342590e+01 3.900000000000000000e+01
1.670000000000000000e+02 -2.900000000000000000e+02 7.000000000000000000e+01 4.289500000000000000e+04 4.818500000000000000e+04 4.850400000000000000e+04 4.260400000000000000e+04 2.761833449601544999e+01 3.800000000000000000e+01
1.080000000000000000e+02 -3.640000000000000000e+02 7.600000000000000000e+01 4.291300000000000000e+04 4.766700000000000000e+04 4.834600000000000000e+04 4.285500000000000000e+04 2.762897091702325270e+01 3.800000000000000000e+01
3.600000000000000000e+01 -4.110000000000000000e+02 6.000000000000000000e+01 4.148200000000000000e+04 4.744400000000000000e+04 4.902800000000000000e+04 4.277900000000000000e+04 2.763884558901190758e+01 3.800000000000000000e+01
4.600000000000000000e+01 -3.500000000000000000e+02 5.700000000000000000e+01 4.217900000000000000e+04 4.764800000000000000e+04 4.841200000000000000e+04 4.266900000000000000e+04 2.765050018799956888e+01 3.800000000000000000e+01
4.800000000000000000e+01 -2.830000000000000000e+02 5.800000000000000000e+01 4.215500000000000000e+04 4.743700000000000000e+04 4.786900000000000000e+04 4.212700000000000000e+04 2.765878681300091557e+01 3.800000000000000000e+01
7.800000000000000000e+01 -1.230000000000000000e+02 6.400000000000000000e+01 4.368800000000000000e+04 4.628000000000000000e+04 4.653300000000000000e+04 4.324600000000000000e+04 2.766886731900740415e+01 4.200000000000000000e+01
3.800000000000000000e+01 6.900000000000000000e+01 8.300000000000000000e+01 4.345600000000000000e+04 4.470500000000000000e+04 4.591200000000000000e+04 4.364400000000000000e+04 2.767856923802173696e+01 4.200000000000000000e+01
4.600000000000000000e+01 2.720000000000000000e+02 7.500000000000000000e+01 4.502600000000000000e+04 4.364900000000000000e+04 4.434200000000000000e+04 4.447500000000000000e+04 2.768847560300491750e+01 4.200000000000000000e+01
8.100000000000000000e+01 5.070000000000000000e+02 4.400000000000000000e+01 4.781600000000000000e+04 4.214700000000000000e+04 4.016000000000000000e+04 4.544800000000000000e+04 2.769833554801880382e+01 4.200000000000000000e+01
1.460000000000000000e+02 6.210000000000000000e+02 4.500000000000000000e+01 4.818400000000000000e+04 4.241000000000000000e+04 3.943200000000000000e+04 4.513000000000000000e+04 2.770892767701297998e+01 4.400000000000000000e+01
2.100000000000000000e+02 6.260000000000000000e+02 2.400000000000000000e+01 4.790400000000000000e+04 4.299400000000000000e+04 3.913400000000000000e+04 4.446200000000000000e+04 2.771832091402029619e+01 4.400000000000000000e+01
1.470000000000000000e+02 4.800000000000000000e+02 -2.300000000000000000e+01 4.636100000000000000e+04 4.375000000000000000e+04 4.033400000000000000e+04 4.375000000000000000e+04 2.772890083401580341e+01 4.400000000000000000e+01
1.700000000000000000e+01 2.620000000000000000e+02 -3.700000000000000000e+01 4.462200000000000000e+04 4.442600000000000000e+04 4.202000000000000000e+04 4.307300000000000000e+04 2.773878611301188357e+01 4.400000000000000000e+01
-1.580000000000000000e+02 1.400000000000000000e+01 -2.800000000000000000e+01 4.226700000000000000e+04 4.485900000000000000e+04 4.437300000000000000e+04 4.252700000000000000e+04 2.774868626301758923e+01 4.400000000000000000e+01
-3.180000000000000000e+02 -2.530000000000000000e+02 -1.300000000000000000e+01 3.978200000000000000e+04 4.429400000000000000e+04 4.593900000000000000e+04 4.249800000000000000e+04 2.775861864202306606e+01 5.300000000000000000e+01
-5.050000000000000000e+02 -4.140000000000000000e+02 -3.600000000000000000e+01 3.770700000000000000e+04 4.377900000000000000e+04 4.740100000000000000e+04 4.285200000000000000e+04 2.776844789300230332e+01 5.300000000000000000e+01
-5.900000000000000000e+02 -4.710000000000000000e+02 -3.100000000000000000e+01 3.630600000000000000e+04 4.381200000000000000e+04 4.797800000000000000e+04 4.293300000000000000e+04 2.777887040801579133e+01 5.300000000000000000e+01
-6.030000000000000000e+02 -4.420000000000000000e+02 -4.200000000000000000e+01 3.702000000000000000e+04 4.386700000000000000e+04 4.776500000000000000e+04 4.303600000000000000e+04 2.778860379601246677e+01 5.300000000000000000e+01
