-2.400000000000000000e+01 -9.600000000000000000e+01 3.000000000000000000e+01 4.260600000000000000e+04 4.740800000000000000e+04 4.625000000000000000e+04 4.311300000000000000e+04 4.978280357600306161e+01 8.010000000000000000e+02
-6.500000000000000000e+01 -7.800000000000000000e+01 2.800000000000000000e+01 4.276400000000000000e+04 4.669600000000000000e+04 4.646700000000000000e+04 4.419700000000000000e+04 4.979254295301507227e+01 8.010000000000000000e+02
-9.400000000000000000e+01 -6.600000000000000000e+01 2.100000000000000000e+01 4.238800000000000000e+04 4.636400000000000000e+04 4.670900000000000000e+04 4.438600000000000000e+04 4.980284512901562266e+01 8.010000000000000000e+02
-9.800000000000000000e+01 -3.300000000000000000e+01 2.800000000000000000e+01 4.288800000000000000e+04 4.653700000000000000e+04 4.630600000000000000e+04 4.439000000000000000e+04 4.981277255501481704e+01 8.010000000000000000e+02
-5.900000000000000000e+01 -1.900000000000000000e+01 1.300000000000000000e+01 4.300800000000000000e+04 4.656800000000000000e+04 4.614800000000000000e+04 4.435300000000000000e+04 4.982246434001717716e+01 8.010000000000000000e+02
-2.800000000000000000e+01 8.000000000000000000e+00 2.000000000000000000e+01 4.363700000000000000e+04 4.678900000000000000e+04 4.566300000000000000e+04 4.423900000000000000e+04 4.983241608901880682e+01 8.010000000000000000e+02
5.100000000000000000e+01 2.000000000000000000e+01 2.800000000000000000e+01 4.367500000000000000e+04 4.719400000000000000e+04 4.556900000000000000e+04 4.375300000000000000e+04 4.984283947900985368e+01 8.010000000000000000e+02
1.010000000000000000e+02 2.300000000000000000e+01 1.200000000000000000e+01 4.411400000000000000e+04 4.729500000000000000e+04 4.517400000000000000e+04 4.360400000000000000e+04 4.985253008001018316e+01 8.010000000000000000e+02
1.340000000000000000e+02 2.500000000000000000e+01 4.000000000000000000e+00 4.455900000000000000e+04 4.808400000000000000e+04 4.468400000000000000e+04 4.272000000000000000e+04 4.986308830400230363e+01 8.010000000000000000e+02
1.420000000000000000e+02 3.700000000000000000e+01 -3.000000000000000000e+00 4.452700000000000000e+04 4.802000000000000000e+04 4.465300000000000000e+04 4.296500000000000000e+04 4.987268510099966079e+01 8.010000000000000000e+02
1.160000000000000000e+02 3.200000000000000000e+01 -8.000000000000000000e+00 4.405800000000000000e+04 4.749800000000000000e+04 4.504000000000000000e+04 4.364500000000000000e+04 4.988242863200139254e+01 8.010000000000000000e+02
4.100000000000000000e+01 7.500000000000000000e+01 -1.900000000000000000e+01 4.396400000000000000e+04 4.606600000000000000e+04 4.500800000000000000e+04 4.528300000000000000e+04 4.989220153802307323e+01 8.010000000000000000e+02
2.600000000000000000e+01 3.200000000000000000e+01 -2.800000000000000000e+01 4.347800000000000000e+04 4.762600000000000000e+04 4.528800000000000000e+04 4.359300000000000000e+04 4.990266995600541122e+01 8.010000000000000000e+02
-2.100000000000000000e+01 3.200000000000000000e+01 -2.300000000000000000e+01 4.319000000000000000e+04 4.726100000000000000e+04 4.552900000000000000e+04 4.391700000000000000e+04 4.991263550301664509e+01 8.000000000000000000e+02
-6.900000000000000000e+01 1.200000000000000000e+01 -2.800000000000000000e+01 4.360500000000000000e+04 4.666200000000000000e+04 4.518100000000000000e+04 4.468700000000000000e+04 4.992369651902117766e+01 8.000000000000000000e+02
-1.260000000000000000e+02 -4.200000000000000000e+01 -2.800000000000000000e+01 4.229300000000000000e+04 4.704400000000000000e+04 4.629500000000000000e+04 4.427400000000000000e+04 4.993258191700442694e+01 8.000000000000000000e+02
-1.070000000000000000e+02 -5.200000000000000000e+01 -4.500000000000000000e+01 4.318600000000000000e+04 4.693000000000000000e+04 4.531000000000000000e+04 4.455200000000000000e+04 4.994220864801900461e+01 8.000000000000000000e+02
-1.230000000000000000e+02 -1.600000000000000000e+01 -2.600000000000000000e+01 4.269700000000000000e+04 4.691700000000000000e+04 4.576400000000000000e+04 4.448300000000000000e+04 4.995251929902588017e+01 8.030000000000000000e+02
-9.000000000000000000e+01 9.000000000000000000e+00 -2.300000000000000000e+01 4.272000000000000000e+04 4.720900000000000000e+04 4.542000000000000000e+04 4.385300000000000000e+04 4.996224376102327369e+01 8.030000000000000000e+02
-2.200000000000000000e+01 1.400000000000000000e+01 -1.300000000000000000e+01 4.305400000000000000e+04 4.708400000000000000e+04 4.520300000000000000e+04 4.382400000000000000e+04 4.997215964700444601e+01 8.030000000000000000e+02
7.000000000000000000e+00 5.100000000000000000e+01 -2.700000000000000000e+01 4.371000000000000000e+04 4.680400000000000000e+04 4.438400000000000000e+04 4.399000000000000000e+04 4.998196750300121494e+01 8.030000000000000000e+02
5.600000000000000000e+01 8.700000000000000000e+01 -2.200000000000000000e+01 4.398200000000000000e+04 4.720600000000000000e+04 4.411300000000000000e+04 4.352900000000000000e+04 4.999255190702388063e+01 8.030000000000000000e+02
6.600000000000000000e+01 1.220000000000000000e+02 -1.000000000000000000e+00 4.399200000000000000e+04 4.681100000000000000e+04 4.395800000000000000e+04 4.376300000000000000e+04 5.000239678801153786e+01 8.030000000000000000e+02
7.000000000000000000e+01 1.280000000000000000e+02 1.000000000000000000e+00 4.398000000000000000e+04 4.614600000000000000e+04 4.400700000000000000e+04 4.422800000000000000e+04 5.001209871200262569e+01 8.030000000000000000e+02
3.300000000000000000e+01 1.230000000000000000e+02 1.600000000000000000e+01 4.401000000000000000e+04 4.570400000000000000e+04 4.385500000000000000e+04 4.445700000000000000e+04 5.002265691402135417e+01 8.030000000000000000e+02
1.200000000000000000e+01 1.010000000000000000e+02 8.000000000000000000e+00 4.390700000000000000e+04 4.609100000000000000e+04 4.394300000000000000e+04 4.393600000000000000e+04 5.003249766302178614e+01 8.030000000000000000e+02
-1.900000000000000000e+01 6.100000000000000000e+01 1.000000000000000000e+01 4.331300000000000000e+04 4.593400000000000000e+04 4.450400000000000000e+04 4.405200000000000000e+04 5.004236110800411552e+01 8.020000000000000000e+02
-2.200000000000000000e+01 3.000000000000000000e+01 1.500000000000000000e+01 4.315300000000000000e+04 4.646700000000000000e+04 4.465600000000000000e+04 4.357700000000000000e+04 5.005220301001099870e+01 8.020000000000000000e+02
-3.100000000000000000e+01 -1.200000000000000000e+01 1.000000000000000000e+01 4.261800000000000000e+04 4.614000000000000000e+04 4.500600000000000000e+04 4.390300000000000000e+04 5.006219632801366970e+01 8.020000000000000000e+02
-2.000000000000000000e+01 -8.000000000000000000e+01 -4.000000000000000000e+00 4.287200000000000000e+04 4.670600000000000000e+04 4.468000000000000000e+04 4.337600000000000000e+04 5.007283092700527050e+01 8.020000000000000000e+02
-4.500000000000000000e+01 -1.320000000000000000e+02 -3.000000000000000000e+00 4.180200000000000000e+04 4.647100000000000000e+04 4.575600000000000000e+04 4.351200000000000000e+04 5.008244837200618349e+01 8.050000000000000000e+02
-3.000000000000000000e+01 -1.890000000000000000e+02 2.000000000000000000e+00 4.153700000000000000e+04 4.665300000000000000e+04 4.572000000000000000e+04 4.310800000000000000e+04 5.009201479601324536e+01 8.050000000000000000e+02
-2.000000000000000000e+00 -1.720000000000000000e+02 1.000000000000000000e+00 4.242500000000000000e+04 4.671900000000000000e+04 4.495400000000000000e+04 4.296500000000000000e+04 5.010327839999808930e+01 8.050000000000000000e+02
-2.300000000000000000e+01 -1.710000000000000000e+02 1.800000000000000000e+01 4.132900000000000000e+04 4.608300000000000000e+04 4.593200000000000000e+04 4.362900000000000000e+04 5.011238185802358203e+01 8.050000000000000000e+02
2.300000000000000000e+01 -1.340000000000000000e+02 1.900000000000000000e+01 4.264800000000000000e+04 4.670100000000000000e+04 4.485600000000000000e+04 4.278300000000000000e+04 5.012210777599830180e+01 8.050000000000000000e+02
5.200000000000000000e+01 -8.600000000000000000e+01 2.800000000000000000e+01 4.281800000000000000e+04 4.709000000000000000e+04 4.466600000000000000e+04 4.231200000000000000e+04 5.013199257801170461e+01 8.050000000000000000e+02
4.300000000000000000e+01 -3.800000000000000000e+01 2.100000000000000000e+01 4.270800000000000000e+04 4.632600000000000000e+04 4.475700000000000000e+04 4.311900000000000000e+04 5.014240570002584718e+01 8.050000000000000000e+02
3.300000000000000000e+01 1.700000000000000000e+01 2.700000000000000000e+01 4.293100000000000000e+04 4.634700000000000000e+04 4.450600000000000000e+04 4.304600000000000000e+04 5.015259709101519547e+01 8.050000000000000000e+02
5.300000000000000000e+01 9.400000000000000000e+01 2.800000000000000000e+01 4.380000000000000000e+04 4.645200000000000000e+04 4.370000000000000000e+04 4.290000000000000000e+04 5.016260946900001727e+01 8.050000000000000000e+02
5.200000000000000000e+01 1.270000000000000000e+02 1.900000000000000000e+01 4.383500000000000000e+04 4.608100000000000000e+04 4.384300000000000000e+04 4.340200000000000000e+04 5.017250152002088726e+01 8.050000000000000000e+02
1.200000000000000000e+01 1.210000000000000000e+02 2.100000000000000000e+01 4.343900000000000000e+04 4.571300000000000000e+04 4.420400000000000000e+04 4.380700000000000000e+04 5.018225250401883386e+01 8.050000000000000000e+02
1.600000000000000000e+01 9.400000000000000000e+01 2.100000000000000000e+01 4.315000000000000000e+04 4.567100000000000000e+04 4.435100000000000000e+04 4.389100000000000000e+04 5.019199761300114915e+01 8.050000000000000000e+02
-2.000000000000000000e+00 8.100000000000000000e+01 1.900000000000000000e+01 4.244900000000000000e+04 4.526300000000000000e+04 4.509900000000000000e+04 4.437700000000000000e+04 5.020184700001846068e+01 8.050000000000000000e+02
-5.000000000000000000e+00 4.600000000000000000e+01 1.800000000000000000e+01 4.272900000000000000e+04 4.596500000000000000e+04 4.490300000000000000e+04 4.373600000000000000e+04 5.021225015702657402e+01 8.020000000000000000e+02
-1.700000000000000000e+01 0.000000000000000000e+00 7.000000000000000000e+00 4.313800000000000000e+04 4.644300000000000000e+04 4.490000000000000000e+04 4.356900000000000000e+04 5.022212236802442931e+01 8.020000000000000000e+02
1.000000000000000000e+01 -3.600000000000000000e+01 -1.000000000000000000e+00 4.343100000000000000e+04 4.684200000000000000e+04 4.461000000000000000e+04 4.320800000000000000e+04 5.023202405101619661e+01 8.020000000000000000e+02
2.200000000000000000e+01 -6.800000000000000000e+01 -1.000000000000000000e+00 4.299000000000000000e+04 4.700600000000000000e+04 4.502600000000000000e+04 4.335800000000000000e+04 5.024258815302164294e+01 8.020000000000000000e+02
3.000000000000000000e+01 -8.500000000000000000e+01 -5.000000000000000000e+00 4.267300000000000000e+04 4.717800000000000000e+04 4.528900000000000000e+04 4.313100000000000000e+04 5.025320500400266610e+01 8.030000000000000000e+02
3.500000000000000000e+01 -8.600000000000000000e+01 -3.000000000000000000e+00 4.290500000000000000e+04 4.729900000000000000e+04 4.533300000000000000e+04 4.320000000000000000e+04 5.026232053400599398e+01 8.030000000000000000e+02
2.500000000000000000e+01 -5.900000000000000000e+01 -1.000000000000000000e+00 4.333100000000000000e+04 4.734300000000000000e+04 4.488100000000000000e+04 4.329000000000000000e+04 5.027211983001325279e+01 8.030000000000000000e+02
8.000000000000000000e+00 -2.600000000000000000e+01 -1.000000000000000000e+00 4.340400000000000000e+04 4.763900000000000000e+04 4.495700000000000000e+04 4.285800000000000000e+04 5.028186860302230343e+01 8.030000000000000000e+02
0.000000000000000000e+00 2.500000000000000000e+01 -1.000000000000000000e+00 4.333900000000000000e+04 4.687400000000000000e+04 4.511900000000000000e+04 4.375100000000000000e+04 5.029254428000422195e+01 8.050000000000000000e+02
2.300000000000000000e+01 1.000000000000000000e+02 8.000000000000000000e+00 4.416500000000000000e+04 4.698100000000000000e+04 4.430600000000000000e+04 4.370000000000000000e+04 5.030217991600511596e+01 8.050000000000000000e+02
8.000000000000000000e+00 1.530000000000000000e+02 -1.000000000000000000e+00 4.405900000000000000e+04 4.638400000000000000e+04 4.430300000000000000e+04 4.420500000000000000e+04 5.031202557199867442e+01 8.050000000000000000e+02
2.400000000000000000e+01 1.510000000000000000e+02 -8.000000000000000000e+00 4.420000000000000000e+04 4.608600000000000000e+04 4.442500000000000000e+04 4.466100000000000000e+04 5.032177146500907838e+01 8.050000000000000000e+02
2.000000000000000000e+00 1.600000000000000000e+02 2.300000000000000000e+01 4.467500000000000000e+04 4.547200000000000000e+04 4.400600000000000000e+04 4.520100000000000000e+04 5.033223242202075198e+01 8.050000000000000000e+02
4.000000000000000000e+00 1.120000000000000000e+02 1.800000000000000000e+01 4.388900000000000000e+04 4.637800000000000000e+04 4.460000000000000000e+04 4.397900000000000000e+04 5.034189469701959752e+01 8.070000000000000000e+02
1.900000000000000000e+01 6.100000000000000000e+01 2.400000000000000000e+01 4.397500000000000000e+04 4.670000000000000000e+04 4.435500000000000000e+04 4.324400000000000000e+04 5.035207562800496817e+01 8.070000000000000000e+02
5.000000000000000000e+00 3.700000000000000000e+01 2.700000000000000000e+01 4.368900000000000000e+04 4.676400000000000000e+04 4.471000000000000000e+04 4.326300000000000000e+04 5.036174311200738885e+01 8.070000000000000000e+02
-2.900000000000000000e+01 -8.000000000000000000e+00 3.200000000000000000e+01 4.326600000000000000e+04 4.630300000000000000e+04 4.499000000000000000e+04 4.373600000000000000e+04 5.037167448000400327e+01 8.070000000000000000e+02
-3.400000000000000000e+01 -6.600000000000000000e+01 2.400000000000000000e+01 4.347200000000000000e+04 4.594400000000000000e+04 4.492700000000000000e+04 4.396800000000000000e+04 5.038232178101316094e+01 8.050000000000000000e+02
-3.700000000000000000e+01 -8.900000000000000000e+01 3.200000000000000000e+01 4.355100000000000000e+04 4.641200000000000000e+04 4.501400000000000000e+04 4.359600000000000000e+04 5.039223503202083521e+01 8.050000000000000000e+02
-4.500000000000000000e+01 -1.060000000000000000e+02 2.800000000000000000e+01 4.273900000000000000e+04 4.657700000000000000e+04 4.564800000000000000e+04 4.351500000000000000e+04 5.040194643102586269e+01 8.050000000000000000e+02
-2.300000000000000000e+01 -1.270000000000000000e+02 3.300000000000000000e+01 4.313700000000000000e+04 4.706800000000000000e+04 4.537000000000000000e+04 4.278600000000000000e+04 5.041424776101484895e+01 8.050000000000000000e+02
-3.000000000000000000e+00 -1.120000000000000000e+02 2.400000000000000000e+01 4.308600000000000000e+04 4.709300000000000000e+04 4.536200000000000000e+04 4.277800000000000000e+04 5.042181363201234490e+01 8.060000000000000000e+02
1.500000000000000000e+01 -8.200000000000000000e+01 4.100000000000000000e+01 4.318800000000000000e+04 4.656700000000000000e+04 4.527400000000000000e+04 4.319500000000000000e+04 5.043221033600275405e+01 8.060000000000000000e+02
6.000000000000000000e+00 -4.800000000000000000e+01 4.400000000000000000e+01 4.320300000000000000e+04 4.638100000000000000e+04 4.542200000000000000e+04 4.325200000000000000e+04 5.044196935402578674e+01 8.060000000000000000e+02
4.900000000000000000e+01 -1.000000000000000000e+01 3.400000000000000000e+01 4.381000000000000000e+04 4.684900000000000000e+04 4.471700000000000000e+04 4.292300000000000000e+04 5.045159825001610443e+01 8.060000000000000000e+02
1.800000000000000000e+01 2.700000000000000000e+01 4.300000000000000000e+01 4.347800000000000000e+04 4.619900000000000000e+04 4.519000000000000000e+04 4.341300000000000000e+04 5.046288661900325678e+01 8.060000000000000000e+02
3.100000000000000000e+01 3.600000000000000000e+01 3.800000000000000000e+01 4.385300000000000000e+04 4.655400000000000000e+04 4.464700000000000000e+04 4.287400000000000000e+04 5.047195287101203576e+01 8.070000000000000000e+02
3.500000000000000000e+01 4.100000000000000000e+01 4.200000000000000000e+01 4.379900000000000000e+04 4.598900000000000000e+04 4.466500000000000000e+04 4.333300000000000000e+04 5.048239797900896519e+01 8.070000000000000000e+02
1.600000000000000000e+01 2.900000000000000000e+01 2.100000000000000000e+01 4.371900000000000000e+04 4.639600000000000000e+04 4.480700000000000000e+04 4.308600000000000000e+04 5.049230384401744232e+01 8.070000000000000000e+02
-1.600000000000000000e+01 6.200000000000000000e+01 3.400000000000000000e+01 4.378900000000000000e+04 4.595700000000000000e+04 4.455400000000000000e+04 4.341600000000000000e+04 5.050215506300446577e+01 8.070000000000000000e+02
-3.400000000000000000e+01 2.700000000000000000e+01 2.900000000000000000e+01 4.335300000000000000e+04 4.633500000000000000e+04 4.490400000000000000e+04 4.300100000000000000e+04 5.051259291701717302e+01 8.100000000000000000e+02
-3.500000000000000000e+01 1.600000000000000000e+01 2.800000000000000000e+01 4.309100000000000000e+04 4.611500000000000000e+04 4.511900000000000000e+04 4.298600000000000000e+04 5.052160418700077571e+01 8.100000000000000000e+02
-3.400000000000000000e+01 2.700000000000000000e+01 2.400000000000000000e+01 4.366700000000000000e+04 4.613200000000000000e+04 4.446700000000000000e+04 4.300100000000000000e+04 5.053220329401665367e+01 8.100000000000000000e+02
-8.300000000000000000e+01 3.900000000000000000e+01 2.200000000000000000e+01 4.317200000000000000e+04 4.595100000000000000e+04 4.493300000000000000e+04 4.319300000000000000e+04 5.054209222001372837e+01 8.100000000000000000e+02
-8.500000000000000000e+01 4.900000000000000000e+01 2.300000000000000000e+01 4.320700000000000000e+04 4.583100000000000000e+04 4.500600000000000000e+04 4.324800000000000000e+04 5.055178887501824647e+01 8.050000000000000000e+02
-7.700000000000000000e+01 3.000000000000000000e+01 2.900000000000000000e+01 4.327400000000000000e+04 4.622700000000000000e+04 4.523200000000000000e+04 4.320900000000000000e+04 5.056144078201032244e+01 8.050000000000000000e+02
-5.200000000000000000e+01 -7.000000000000000000e+00 2.400000000000000000e+01 4.328200000000000000e+04 4.642800000000000000e+04 4.519500000000000000e+04 4.306700000000000000e+04 5.057194960801280104e+01 8.050000000000000000e+02
-2.400000000000000000e+01 -5.300000000000000000e+01 -2.000000000000000000e+00 4.264100000000000000e+04 4.685400000000000000e+04 4.563100000000000000e+04 4.272200000000000000e+04 5.058156444301130250e+01 8.050000000000000000e+02
2.500000000000000000e+01 -2.700000000000000000e+01 0.000000000000000000e+00 4.283600000000000000e+04 4.668700000000000000e+04 4.551400000000000000e+04 4.295900000000000000e+04 5.059215875100926496e+01 8.050000000000000000e+02
6.100000000000000000e+01 -2.800000000000000000e+01 5.000000000000000000e+00 4.336800000000000000e+04 4.732700000000000000e+04 4.524300000000000000e+04 4.257500000000000000e+04 5.060183925702585839e+01 8.040000000000000000e+02
1.020000000000000000e+02 -1.600000000000000000e+01 0.000000000000000000e+00 4.411000000000000000e+04 4.758300000000000000e+04 4.455300000000000000e+04 4.230600000000000000e+04 5.061154531501233578e+01 8.040000000000000000e+02
1.230000000000000000e+02 -5.000000000000000000e+00 -1.100000000000000000e+01 4.422400000000000000e+04 4.695100000000000000e+04 4.440200000000000000e+04 4.310600000000000000e+04 5.062212238300708123e+01 8.040000000000000000e+02
1.460000000000000000e+02 -1.000000000000000000e+00 -5.000000000000000000e+00 4.455000000000000000e+04 4.770400000000000000e+04 4.419200000000000000e+04 4.227800000000000000e+04 5.063192424701992422e+01 8.040000000000000000e+02
1.100000000000000000e+02 2.200000000000000000e+01 -1.000000000000000000e+00 4.408400000000000000e+04 4.701500000000000000e+04 4.473200000000000000e+04 4.303500000000000000e+04 5.064168835000600666e+01 8.040000000000000000e+02
9.100000000000000000e+01 -1.000000000000000000e+00 -1.000000000000000000e+01 4.381400000000000000e+04 4.727100000000000000e+04 4.504200000000000000e+04 4.304600000000000000e+04 5.065168912601075135e+01 8.040000000000000000e+02
3.500000000000000000e+01 3.200000000000000000e+01 -8.000000000000000000e+00 4.429000000000000000e+04 4.701600000000000000e+04 4.455800000000000000e+04 4.329700000000000000e+04 5.066240171500248834e+01 8.040000000000000000e+02
-1.500000000000000000e+01 1.300000000000000000e+01 -1.000000000000000000e+01 4.372100000000000000e+04 4.712100000000000000e+04 4.510200000000000000e+04 4.322200000000000000e+04 5.067219175701029599e+01 8.040000000000000000e+02
-8.100000000000000000e+01 -1.000000000000000000e+01 -6.000000000000000000e+00 4.339400000000000000e+04 4.688600000000000000e+04 4.544600000000000000e+04 4.371300000000000000e+04 5.068202244400163181e+01 8.040000000000000000e+02
-1.270000000000000000e+02 -1.700000000000000000e+01 -1.300000000000000000e+01 4.303700000000000000e+04 4.659600000000000000e+04 4.577700000000000000e+04 4.415900000000000000e+04 5.069167784100864083e+01 8.040000000000000000e+02
-1.230000000000000000e+02 -1.100000000000000000e+01 -2.000000000000000000e+01 4.367400000000000000e+04 4.546100000000000000e+04 4.501800000000000000e+04 4.504500000000000000e+04 5.070166274500661530e+01 8.040000000000000000e+02
-1.600000000000000000e+02 -6.800000000000000000e+01 1.100000000000000000e+01 4.266000000000000000e+04 4.487500000000000000e+04 4.618400000000000000e+04 4.557700000000000000e+04 5.071202697101398371e+01 8.040000000000000000e+02
-7.400000000000000000e+01 -1.370000000000000000e+02 1.700000000000000000e+01 4.390400000000000000e+04 4.576200000000000000e+04 4.514500000000000000e+04 4.460500000000000000e+04 5.072178643400548026e+01 8.000000000000000000e+02
-2.300000000000000000e+01 -2.400000000000000000e+02 1.300000000000000000e+01 4.318100000000000000e+04 4.698600000000000000e+04 4.613600000000000000e+04 4.354700000000000000e+04 5.073142455299966969e+01 8.000000000000000000e+02
7.500000000000000000e+01 -3.200000000000000000e+02 1.200000000000000000e+01 4.362100000000000000e+04 4.778300000000000000e+04 4.568900000000000000e+04 4.261400000000000000e+04 5.074260421900544316e+01 8.000000000000000000e+02
1.730000000000000000e+02 -3.530000000000000000e+02 7.000000000000000000e+00 4.427700000000000000e+04 4.829800000000000000e+04 4.503200000000000000e+04 4.198600000000000000e+04 5.075239691400201991e+01 8.000000000000000000e+02
2.120000000000000000e+02 -3.690000000000000000e+02 9.000000000000000000e+00 4.422400000000000000e+04 4.841700000000000000e+04 4.508800000000000000e+04 4.176500000000000000e+04 5.076171327801421285e+01 8.000000000000000000e+02
1.940000000000000000e+02 -3.690000000000000000e+02 1.400000000000000000e+01 4.406400000000000000e+04 4.822300000000000000e+04 4.524400000000000000e+04 4.196800000000000000e+04 5.077182213999913074e+01 7.960000000000000000e+02
1.740000000000000000e+02 -3.230000000000000000e+02 1.500000000000000000e+01 4.475600000000000000e+04 4.790100000000000000e+04 4.524100000000000000e+04 4.280300000000000000e+04 5.078190900399931706e+01 7.960000000000000000e+02
1.320000000000000000e+02 -2.860000000000000000e+02 1.600000000000000000e+01 4.440400000000000000e+04 4.759600000000000000e+04 4.549900000000000000e+04 4.312100000000000000e+04 5.079182576600578614e+01 7.960000000000000000e+02
6.500000000000000000e+01 -2.410000000000000000e+02 1.300000000000000000e+01 4.434500000000000000e+04 4.700200000000000000e+04 4.552400000000000000e+04 4.379400000000000000e+04 5.080192620900925249e+01 7.960000000000000000e+02
-6.000000000000000000e+00 -1.850000000000000000e+02 2.600000000000000000e+01 4.416300000000000000e+04 4.626700000000000000e+04 4.571900000000000000e+04 4.468000000000000000e+04 5.081141164401196875e+01 6.280000000000000000e+02
-7.600000000000000000e+01 -1.710000000000000000e+02 2.500000000000000000e+01 4.421400000000000000e+04 4.636300000000000000e+04 4.598000000000000000e+04 4.471600000000000000e+04 5.082201640401035547e+01 6.280000000000000000e+02
-9.100000000000000000e+01 -1.740000000000000000e+02 3.900000000000000000e+01 4.374900000000000000e+04 4.578400000000000000e+04 4.626200000000000000e+04 4.519300000000000000e+04 5.083196467001107521e+01 6.280000000000000000e+02
-9.000000000000000000e+01 -1.500000000000000000e+02 3.100000000000000000e+01 4.403300000000000000e+04 4.617100000000000000e+04 4.606800000000000000e+04 4.464500000000000000e+04 5.084171001199865714e+01 6.280000000000000000e+02
-7.300000000000000000e+01 -1.680000000000000000e+02 3.700000000000000000e+01 4.407800000000000000e+04 4.588300000000000000e+04 4.600700000000000000e+04 4.502400000000000000e+04 5.085135459501179866e+01 0.000000000000000000e+00
-2.000000000000000000e+01 -2.140000000000000000e+02 3.500000000000000000e+01 4.663100000000000000e+04 4.670000000000000000e+04 4.791700000000000000e+04 4.853300000000000000e+04 5.086193868800182827e+01 0.000000000000000000e+00
5.800000000000000000e+01 -3.130000000000000000e+02 4.200000000000000000e+01 4.707900000000000000e+04 4.726400000000000000e+04 4.799000000000000000e+04 4.821200000000000000e+04 5.087251544100581668e+01 0.000000000000000000e+00
1.800000000000000000e+02 -4.540000000000000000e+02 3.600000000000000000e+01 4.656800000000000000e+04 4.908000000000000000e+04 4.850200000000000000e+04 4.631700000000000000e+04 5.088140951501554810e+01 0.000000000000000000e+00
2.060000000000000000e+02 -5.570000000000000000e+02 3.000000000000000000e+01 4.575000000000000000e+04 4.988900000000000000e+04 4.970800000000000000e+04 4.599700000000000000e+04 5.089187204401241615e+01 0.000000000000000000e+00
3.080000000000000000e+02 -5.800000000000000000e+02 4.500000000000000000e+01 4.689100000000000000e+04 5.085000000000000000e+04 4.888900000000000000e+04 4.496800000000000000e+04 5.090220501401927322e+01 5.500000000000000000e+01
3.550000000000000000e+02 -5.640000000000000000e+02 3.900000000000000000e+01 4.495900000000000000e+04 5.007600000000000000e+04 4.755500000000000000e+04 4.241300000000000000e+04 5.091162994300248101e+01 5.500000000000000000e+01
3.570000000000000000e+02 -4.940000000000000000e+02 2.900000000000000000e+01 4.529200000000000000e+04 4.955900000000000000e+04 4.713700000000000000e+04 4.283500000000000000e+04 5.092202367502613924e+01 5.500000000000000000e+01
2.670000000000000000e+02 -3.790000000000000000e+02 3.100000000000000000e+01 4.488600000000000000e+04 4.959600000000000000e+04 4.736500000000000000e+04 4.253500000000000000e+04 5.093179270499967970e+01 5.500000000000000000e+01
1.550000000000000000e+02 -1.980000000000000000e+02 3.200000000000000000e+01 4.457300000000000000e+04 4.831400000000000000e+04 4.691500000000000000e+04 4.374600000000000000e+04 5.094154626101953909e+01 6.500000000000000000e+01
2.200000000000000000e+01 -4.900000000000000000e+01 1.600000000000000000e+01 4.252100000000000000e+04 4.574400000000000000e+04 4.561400000000000000e+04 4.329700000000000000e+04 5.095185008700354956e+01 6.500000000000000000e+01
-4.100000000000000000e+01 9.700000000000000000e+01 2.200000000000000000e+01 4.381700000000000000e+04 4.510200000000000000e+04 4.399300000000000000e+04 4.335800000000000000e+04 5.096191264002118260e+01 6.500000000000000000e+01
-1.750000000000000000e+02 1.680000000000000000e+02 -1.100000000000000000e+01 4.169500000000000000e+04 4.299700000000000000e+04 4.522000000000000000e+04 4.480100000000000000e+04 5.097308350601815619e+01 6.500000000000000000e+01
-2.090000000000000000e+02 2.660000000000000000e+02 -6.000000000000000000e+00 4.215000000000000000e+04 4.246900000000000000e+04 4.426600000000000000e+04 4.501800000000000000e+04 5.098207412101328373e+01 6.500000000000000000e+01
-2.000000000000000000e+02 2.950000000000000000e+02 -3.000000000000000000e+00 4.156800000000000000e+04 4.214600000000000000e+04 4.298400000000000000e+04 4.352900000000000000e+04 5.099234995400183834e+01 6.500000000000000000e+01
-1.820000000000000000e+02 2.480000000000000000e+02 -2.000000000000000000e+00 4.099400000000000000e+04 4.276600000000000000e+04 4.323100000000000000e+04 4.260400000000000000e+04 5.100132001002202742e+01 6.500000000000000000e+01
-1.520000000000000000e+02 1.490000000000000000e+02 4.000000000000000000e+00 4.054900000000000000e+04 4.364900000000000000e+04 4.353100000000000000e+04 4.129700000000000000e+04 5.101179706800030544e+01 6.500000000000000000e+01
-1.150000000000000000e+02 9.900000000000000000e+01 -5.000000000000000000e+00 4.005600000000000000e+04 4.366200000000000000e+04 4.360000000000000000e+04 4.100100000000000000e+04 5.102211060700938106e+01 6.500000000000000000e+01
-5.300000000000000000e+01 9.100000000000000000e+01 0.000000000000000000e+00 4.014600000000000000e+04 4.411800000000000000e+04 4.338400000000000000e+04 4.041000000000000000e+04 5.103191984901786782e+01 7.400000000000000000e+01
-1.800000000000000000e+01 8.900000000000000000e+01 0.000000000000000000e+00 3.973200000000000000e+04 4.416900000000000000e+04 4.224100000000000000e+04 3.851800000000000000e+04 5.104128307700739242e+01 7.400000000000000000e+01
4.900000000000000000e+01 1.180000000000000000e+02 1.200000000000000000e+01 4.000500000000000000e+04 4.345100000000000000e+04 4.184500000000000000e+04 3.926300000000000000e+04 5.105206562401144765e+01 7.400000000000000000e+01
1.000000000000000000e+00 1.350000000000000000e+02 -7.000000000000000000e+00 3.928100000000000000e+04 4.237300000000000000e+04 4.234000000000000000e+04 4.041000000000000000e+04 5.106245718800346367e+01 7.400000000000000000e+01
-1.000000000000000000e+00 1.200000000000000000e+02 -1.800000000000000000e+01 3.862700000000000000e+04 4.311100000000000000e+04 4.287700000000000000e+04 3.968400000000000000e+04 5.107207712900708430e+01 7.400000000000000000e+01
-1.100000000000000000e+01 1.380000000000000000e+02 -3.500000000000000000e+01 3.860800000000000000e+04 4.279300000000000000e+04 4.245800000000000000e+04 3.981300000000000000e+04 5.108185535701340996e+01 7.400000000000000000e+01
6.100000000000000000e+01 2.210000000000000000e+02 -1.900000000000000000e+01 4.038500000000000000e+04 4.302900000000000000e+04 4.101900000000000000e+04 3.971900000000000000e+04 5.109161555001628585e+01 7.400000000000000000e+01
1.070000000000000000e+02 2.760000000000000000e+02 -1.500000000000000000e+01 4.038400000000000000e+04 4.325300000000000000e+04 4.123200000000000000e+04 3.952200000000000000e+04 5.110137336200568825e+01 7.400000000000000000e+01
1.430000000000000000e+02 2.700000000000000000e+02 -9.000000000000000000e+00 4.108900000000000000e+04 4.350400000000000000e+04 4.062200000000000000e+04 3.937300000000000000e+04 5.111134040800970979e+01 7.400000000000000000e+01
1.230000000000000000e+02 2.560000000000000000e+02 -2.100000000000000000e+01 4.116600000000000000e+04 4.293900000000000000e+04 4.082100000000000000e+04 4.033100000000000000e+04 5.112118964002002031e+01 7.900000000000000000e+01
7.400000000000000000e+01 2.010000000000000000e+02 -2.000000000000000000e+01 4.108700000000000000e+04 4.343200000000000000e+04 4.115600000000000000e+04 4.000700000000000000e+04 5.113111371101695113e+01 7.900000000000000000e+01
4.100000000000000000e+01 1.680000000000000000e+02 -2.400000000000000000e+01 4.101000000000000000e+04 4.385700000000000000e+04 4.133200000000000000e+04 3.981900000000000000e+04 5.114165994399809279e+01 7.900000000000000000e+01
-9.000000000000000000e+00 1.640000000000000000e+02 -3.700000000000000000e+01 4.024800000000000000e+04 4.357000000000000000e+04 4.232000000000000000e+04 4.058500000000000000e+04 5.115118878902285360e+01 7.900000000000000000e+01
-5.200000000000000000e+01 1.710000000000000000e+02 -2.100000000000000000e+01 4.012600000000000000e+04 4.352900000000000000e+04 4.268700000000000000e+04 4.091700000000000000e+04 5.116168406500946730e+01 8.000000000000000000e+01
-7.600000000000000000e+01 2.350000000000000000e+02 -1.600000000000000000e+01 4.116600000000000000e+04 4.329200000000000000e+04 4.225200000000000000e+04 4.175100000000000000e+04 5.117159905901644379e+01 8.000000000000000000e+01
-1.210000000000000000e+02 2.750000000000000000e+02 -4.000000000000000000e+00 4.149700000000000000e+04 4.230100000000000000e+04 4.248200000000000000e+04 4.284300000000000000e+04 5.118163027500850148e+01 8.000000000000000000e+01
-1.140000000000000000e+02 3.000000000000000000e+02 -1.200000000000000000e+01 4.188500000000000000e+04 4.223000000000000000e+04 4.249400000000000000e+04 4.337400000000000000e+04 5.119138504800503142e+01 8.000000000000000000e+01
-1.240000000000000000e+02 2.900000000000000000e+02 3.000000000000000000e+00 4.192000000000000000e+04 4.262900000000000000e+04 4.302900000000000000e+04 4.329600000000000000e+04 5.120125120601733215e+01 8.000000000000000000e+01
-8.200000000000000000e+01 1.860000000000000000e+02 1.600000000000000000e+01 4.204000000000000000e+04 4.440700000000000000e+04 4.380100000000000000e+04 4.248200000000000000e+04 5.121117591601796448e+01 7.700000000000000000e+01
-2.900000000000000000e+01 6.300000000000000000e+01 2.100000000000000000e+01 4.187600000000000000e+04 4.545000000000000000e+04 4.444700000000000000e+04 4.174100000000000000e+04 5.122165928801405244e+01 7.700000000000000000e+01
-1.900000000000000000e+01 1.700000000000000000e+01 2.700000000000000000e+01 4.187000000000000000e+04 4.538800000000000000e+04 4.498900000000000000e+04 4.217100000000000000e+04 5.123117192802601494e+01 7.700000000000000000e+01
3.600000000000000000e+01 3.100000000000000000e+01 2.900000000000000000e+01 4.274800000000000000e+04 4.551300000000000000e+04 4.449200000000000000e+04 4.226600000000000000e+04 5.124167868602671660e+01 7.700000000000000000e+01
9.800000000000000000e+01 4.200000000000000000e+01 4.200000000000000000e+01 4.386800000000000000e+04 4.586700000000000000e+04 4.397300000000000000e+04 4.210800000000000000e+04 5.125281303000519983e+01 7.400000000000000000e+01
7.600000000000000000e+01 2.200000000000000000e+01 4.500000000000000000e+01 4.393000000000000000e+04 4.657900000000000000e+04 4.492200000000000000e+04 4.207400000000000000e+04 5.126094734200160019e+01 7.400000000000000000e+01
5.000000000000000000e+00 -3.100000000000000000e+01 3.600000000000000000e+01 4.312300000000000000e+04 4.635800000000000000e+04 4.599700000000000000e+04 4.279300000000000000e+04 5.127218211701256223e+01 7.400000000000000000e+01
-1.300000000000000000e+02 -8.800000000000000000e+01 1.300000000000000000e+01 4.186000000000000000e+04 4.643600000000000000e+04 4.723600000000000000e+04 4.330000000000000000e+04 5.128119609900750220e+01 7.400000000000000000e+01
-1.260000000000000000e+02 -4.900000000000000000e+01 1.300000000000000000e+01 4.257900000000000000e+04 4.651600000000000000e+04 4.674400000000000000e+04 4.361100000000000000e+04 5.129110107402084395e+01 7.000000000000000000e+01
-1.380000000000000000e+02 7.700000000000000000e+01 -9.000000000000000000e+00 4.376600000000000000e+04 4.624500000000000000e+04 4.631900000000000000e+04 4.464700000000000000e+04 5.130172707402380183e+01 7.000000000000000000e+01
-1.550000000000000000e+02 1.900000000000000000e+02 -8.000000000000000000e+00 4.415400000000000000e+04 4.523600000000000000e+04 4.606600000000000000e+04 4.614700000000000000e+04 5.131145180400926620e+01 7.000000000000000000e+01
-1.330000000000000000e+02 2.610000000000000000e+02 -2.000000000000000000e+01 4.446100000000000000e+04 4.536400000000000000e+04 4.584800000000000000e+04 4.619200000000000000e+04 5.132171992299845442e+01 7.000000000000000000e+01
-1.900000000000000000e+01 2.560000000000000000e+02 -3.900000000000000000e+01 4.612500000000000000e+04 4.661700000000000000e+04 4.421400000000000000e+04 4.535000000000000000e+04 5.133109944901661947e+01 7.000000000000000000e+01
1.070000000000000000e+02 2.450000000000000000e+02 -2.100000000000000000e+01 4.742200000000000000e+04 4.727900000000000000e+04 4.394800000000000000e+04 4.542400000000000000e+04 5.134167551100836135e+01 6.200000000000000000e+01
1.680000000000000000e+02 1.960000000000000000e+02 -9.000000000000000000e+00 4.679900000000000000e+04 4.770400000000000000e+04 4.472200000000000000e+04 4.513900000000000000e+04 5.135228996301884763e+01 6.200000000000000000e+01
1.810000000000000000e+02 1.390000000000000000e+02 -9.000000000000000000e+00 4.676800000000000000e+04 4.757800000000000000e+04 4.483900000000000000e+04 4.521200000000000000e+04 5.136115313100162894e+01 6.200000000000000000e+01
9.100000000000000000e+01 6.300000000000000000e+01 2.000000000000000000e+00 4.566100000000000000e+04 4.735600000000000000e+04 4.624700000000000000e+04 4.555900000000000000e+04 5.137144272300065495e+01 6.200000000000000000e+01
1.140000000000000000e+02 -2.900000000000000000e+01 -9.000000000000000000e+00 4.611400000000000000e+04 4.864900000000000000e+04 4.577500000000000000e+04 4.430500000000000000e+04 5.138165228100842796e+01 5.900000000000000000e+01
1.000000000000000000e+01 -6.200000000000000000e+01 6.000000000000000000e+00 4.515900000000000000e+04 4.835200000000000000e+04 4.710900000000000000e+04 4.479600000000000000e+04 5.139260719800950028e+01 5.900000000000000000e+01
-1.070000000000000000e+02 -1.000000000000000000e+02 -9.000000000000000000e+00 4.414000000000000000e+04 4.781400000000000000e+04 4.788300000000000000e+04 4.537600000000000000e+04 5.140320444499957375e+01 5.900000000000000000e+01
-1.650000000000000000e+02 -8.300000000000000000e+01 -4.000000000000000000e+00 4.415500000000000000e+04 4.735200000000000000e+04 4.791000000000000000e+04 4.566500000000000000e+04 5.141163230300298892e+01 5.900000000000000000e+01
-1.810000000000000000e+02 -3.200000000000000000e+01 4.000000000000000000e+00 4.449600000000000000e+04 4.664600000000000000e+04 4.750500000000000000e+04 4.642600000000000000e+04 5.142148107101093046e+01 5.900000000000000000e+01
-2.040000000000000000e+02 4.000000000000000000e+01 3.600000000000000000e+01 4.483900000000000000e+04 4.619900000000000000e+04 4.780100000000000000e+04 4.695000000000000000e+04 5.143134784401627257e+01 5.200000000000000000e+01
-1.550000000000000000e+02 1.600000000000000000e+01 2.300000000000000000e+01 4.504200000000000000e+04 4.681400000000000000e+04 4.766200000000000000e+04 4.616600000000000000e+04 5.144107374001760036e+01 5.200000000000000000e+01
-5.900000000000000000e+01 -5.100000000000000000e+01 0.000000000000000000e+00 4.507500000000000000e+04 4.755100000000000000e+04 4.737500000000000000e+04 4.554600000000000000e+04 5.145090491801965982e+01 5.200000000000000000e+01
4.000000000000000000e+00 -8.000000000000000000e+01 2.000000000000000000e+01 4.492200000000000000e+04 4.789900000000000000e+04 4.745700000000000000e+04 4.502200000000000000e+04 5.146167335601057857e+01 5.200000000000000000e+01
8.000000000000000000e+00 -1.010000000000000000e+02 4.600000000000000000e+01 4.473600000000000000e+04 4.794000000000000000e+04 4.771800000000000000e+04 4.462400000000000000e+04 5.147151255802600645e+01 4.400000000000000000e+01
3.800000000000000000e+01 -9.700000000000000000e+01 2.200000000000000000e+01 4.493000000000000000e+04 5.002400000000000000e+04 4.800900000000000000e+04 4.247200000000000000e+04 5.148136176602565683e+01 4.400000000000000000e+01
-5.800000000000000000e+01 -1.100000000000000000e+01 5.700000000000000000e+01 4.505700000000000000e+04 4.897100000000000000e+04 4.779800000000000000e+04 4.352800000000000000e+04 5.149150977900717407e+01 4.400000000000000000e+01
-4.900000000000000000e+01 3.000000000000000000e+01 4.400000000000000000e+01 4.480800000000000000e+04 4.897500000000000000e+04 4.784200000000000000e+04 4.319900000000000000e+04 5.150132394602405839e+01 4.400000000000000000e+01
-1.800000000000000000e+02 2.030000000000000000e+02 5.800000000000000000e+01 4.549600000000000000e+04 4.631500000000000000e+04 4.715100000000000000e+04 4.586500000000000000e+04 5.151140852901153266e+01 4.000000000000000000e+01
-2.250000000000000000e+02 2.570000000000000000e+02 5.500000000000000000e+01 4.504700000000000000e+04 4.689600000000000000e+04 4.773900000000000000e+04 4.551900000000000000e+04 5.152124007901875302e+01 4.000000000000000000e+01
-2.690000000000000000e+02 3.600000000000000000e+02 4.100000000000000000e+01 4.517400000000000000e+04 4.537200000000000000e+04 4.741700000000000000e+04 4.687000000000000000e+04 5.153091588601819240e+01 4.000000000000000000e+01
-2.790000000000000000e+02 4.910000000000000000e+02 3.100000000000000000e+01 4.625700000000000000e+04 4.428900000000000000e+04 4.599000000000000000e+04 4.757300000000000000e+04 5.154119580800761469e+01 4.000000000000000000e+01
-1.660000000000000000e+02 5.040000000000000000e+02 2.800000000000000000e+01 4.706000000000000000e+04 4.460700000000000000e+04 4.488300000000000000e+04 4.706100000000000000e+04 5.155205536499852315e+01 4.000000000000000000e+01
-6.700000000000000000e+01 4.540000000000000000e+02 1.100000000000000000e+01 4.685400000000000000e+04 4.518700000000000000e+04 4.482700000000000000e+04 4.670000000000000000e+04 5.156224148900946602e+01 3.800000000000000000e+01
2.400000000000000000e+01 3.570000000000000000e+02 2.300000000000000000e+01 4.661400000000000000e+04 4.615500000000000000e+04 4.471600000000000000e+04 4.518800000000000000e+04 5.157118345002527349e+01 3.800000000000000000e+01
8.400000000000000000e+01 2.290000000000000000e+02 3.100000000000000000e+01 4.614000000000000000e+04 4.684600000000000000e+04 4.488600000000000000e+04 4.409400000000000000e+04 5.158102745702490211e+01 3.800000000000000000e+01
1.310000000000000000e+02 3.500000000000000000e+01 3.000000000000000000e+01 4.487300000000000000e+04 4.774300000000000000e+04 4.592800000000000000e+04 4.271100000000000000e+04 5.159165273400139995e+01 3.800000000000000000e+01
8.800000000000000000e+01 -1.260000000000000000e+02 -2.000000000000000000e+00 4.349000000000000000e+04 4.783100000000000000e+04 4.682900000000000000e+04 4.245100000000000000e+04 5.160111277599935420e+01 4.400000000000000000e+01
3.600000000000000000e+01 -2.360000000000000000e+02 -8.000000000000000000e+00 4.233500000000000000e+04 4.769500000000000000e+04 4.680700000000000000e+04 4.164600000000000000e+04 5.161149979601032101e+01 4.400000000000000000e+01
-1.600000000000000000e+01 -3.090000000000000000e+02 -2.100000000000000000e+01 4.117500000000000000e+04 4.713000000000000000e+04 4.731200000000000000e+04 4.218200000000000000e+04 5.162133464001817629e+01 4.400000000000000000e+01
-5.800000000000000000e+01 -3.160000000000000000e+02 -1.300000000000000000e+01 4.063900000000000000e+04 4.664900000000000000e+04 4.729800000000000000e+04 4.226600000000000000e+04 5.163140783301787451e+01 4.400000000000000000e+01
-2.800000000000000000e+01 -2.030000000000000000e+02 -1.900000000000000000e+01 4.228100000000000000e+04 4.648500000000000000e+04 4.550900000000000000e+04 4.195000000000000000e+04 5.164121724301367067e+01 4.400000000000000000e+01
-2.600000000000000000e+01 -8.300000000000000000e+01 -2.300000000000000000e+01 4.230000000000000000e+04 4.594300000000000000e+04 4.514700000000000000e+04 4.225400000000000000e+04 5.165157623100094497e+01 4.200000000000000000e+01
2.000000000000000000e+01 4.200000000000000000e+01 -2.000000000000000000e+00 4.272300000000000000e+04 4.526800000000000000e+04 4.453600000000000000e+04 4.259700000000000000e+04 5.166164464902249165e+01 4.200000000000000000e+01
4.100000000000000000e+01 1.940000000000000000e+02 -6.000000000000000000e+00 4.387500000000000000e+04 4.391600000000000000e+04 4.298600000000000000e+04 4.358000000000000000e+04 5.167098954800167121e+01 4.200000000000000000e+01
6.900000000000000000e+01 2.910000000000000000e+02 1.100000000000000000e+01 4.471900000000000000e+04 4.347600000000000000e+04 4.202600000000000000e+04 4.351900000000000000e+04 5.168123183801071718e+01 4.200000000000000000e+01
7.200000000000000000e+01 3.390000000000000000e+02 2.500000000000000000e+01 4.503200000000000000e+04 4.304300000000000000e+04 4.101500000000000000e+04 4.319400000000000000e+04 5.169072071602568030e+01 4.800000000000000000e+01
7.000000000000000000e+01 3.050000000000000000e+02 2.800000000000000000e+01 4.438900000000000000e+04 4.213200000000000000e+04 4.165700000000000000e+04 4.375900000000000000e+04 5.170109924001735635e+01 4.800000000000000000e+01
6.300000000000000000e+01 1.940000000000000000e+02 3.800000000000000000e+01 4.372200000000000000e+04 4.364000000000000000e+04 4.228300000000000000e+04 4.206900000000000000e+04 5.171158566401572898e+01 4.800000000000000000e+01
1.800000000000000000e+01 1.090000000000000000e+02 3.500000000000000000e+01 4.224700000000000000e+04 4.376000000000000000e+04 4.357100000000000000e+04 4.163300000000000000e+04 5.172133204599958844e+01 4.800000000000000000e+01
-5.900000000000000000e+01 2.500000000000000000e+01 3.700000000000000000e+01 4.147400000000000000e+04 4.269600000000000000e+04 4.428400000000000000e+04 4.253500000000000000e+04 5.173163684300379828e+01 5.100000000000000000e+01
-6.800000000000000000e+01 -7.900000000000000000e+01 2.500000000000000000e+01 4.113400000000000000e+04 4.371300000000000000e+04 4.428200000000000000e+04 4.151600000000000000e+04 5.174124569000559859e+01 5.100000000000000000e+01
-1.100000000000000000e+02 -1.930000000000000000e+02 1.300000000000000000e+01 4.018600000000000000e+04 4.372000000000000000e+04 4.499100000000000000e+04 4.152500000000000000e+04 5.175155494202044792e+01 5.100000000000000000e+01
-6.800000000000000000e+01 -2.980000000000000000e+02 4.000000000000000000e+00 4.022800000000000000e+04 4.478900000000000000e+04 4.497200000000000000e+04 4.040100000000000000e+04 5.176110531200538389e+01 5.100000000000000000e+01
-3.100000000000000000e+01 -3.630000000000000000e+02 1.200000000000000000e+01 3.981100000000000000e+04 4.533000000000000000e+04 4.542900000000000000e+04 3.989600000000000000e+04 5.177140527000301518e+01 5.100000000000000000e+01
