-3.400000000000000000e+01 4.700000000000000000e+01 -4.200000000000000000e+01 4.567600000000000000e+04 4.300300000000000000e+04 4.641300000000000000e+04 4.902500000000000000e+04 1.910580972500611097e+01 8.080000000000000000e+02
-4.600000000000000000e+01 6.500000000000000000e+01 -6.400000000000000000e+01 4.663200000000000000e+04 4.888400000000000000e+04 4.535400000000000000e+04 4.330500000000000000e+04 1.911559558502631262e+01 8.080000000000000000e+02
-4.400000000000000000e+01 4.800000000000000000e+01 -5.000000000000000000e+01 4.681200000000000000e+04 4.686200000000000000e+04 4.539500000000000000e+04 4.575900000000000000e+04 1.912571644899435341e+01 8.080000000000000000e+02
-5.400000000000000000e+01 4.300000000000000000e+01 -4.100000000000000000e+01 4.383200000000000000e+04 4.930500000000000000e+04 4.823100000000000000e+04 4.282100000000000000e+04 1.913563057797728106e+01 8.100000000000000000e+02
-3.400000000000000000e+01 4.700000000000000000e+01 -5.000000000000000000e+01 4.546700000000000000e+04 4.757000000000000000e+04 4.650000000000000000e+04 4.482100000000000000e+04 1.914638654398731887e+01 8.100000000000000000e+02
-3.200000000000000000e+01 3.700000000000000000e+01 -4.900000000000000000e+01 4.553900000000000000e+04 4.754300000000000000e+04 4.644400000000000000e+04 4.510000000000000000e+04 1.915509132499573752e+01 8.100000000000000000e+02
-4.600000000000000000e+01 4.900000000000000000e+01 -5.500000000000000000e+01 4.605900000000000000e+04 4.763900000000000000e+04 4.600200000000000000e+04 4.500100000000000000e+04 1.916591297200648114e+01 8.100000000000000000e+02
-2.900000000000000000e+01 6.300000000000000000e+01 -4.500000000000000000e+01 4.621300000000000000e+04 4.759600000000000000e+04 4.567400000000000000e+04 4.485200000000000000e+04 1.917568908300017938e+01 8.120000000000000000e+02
-1.000000000000000000e+01 7.100000000000000000e+01 -4.200000000000000000e+01 4.789000000000000000e+04 4.520900000000000000e+04 4.375500000000000000e+04 4.737200000000000000e+04 1.918527045601513237e+01 8.120000000000000000e+02
-1.900000000000000000e+01 6.100000000000000000e+01 -4.600000000000000000e+01 4.376800000000000000e+04 4.908200000000000000e+04 4.799300000000000000e+04 4.304500000000000000e+04 1.919564904901199043e+01 8.120000000000000000e+02
-3.100000000000000000e+01 4.500000000000000000e+01 -3.900000000000000000e+01 4.756100000000000000e+04 4.576000000000000000e+04 4.416300000000000000e+04 4.675500000000000000e+04 1.920565138896927238e+01 8.120000000000000000e+02
-7.000000000000000000e+00 9.000000000000000000e+00 -2.100000000000000000e+01 4.603100000000000000e+04 4.723700000000000000e+04 4.589300000000000000e+04 4.515800000000000000e+04 1.921661266998853534e+01 8.090000000000000000e+02
0.000000000000000000e+00 -2.300000000000000000e+01 -1.900000000000000000e+01 4.511500000000000000e+04 4.713100000000000000e+04 4.687100000000000000e+04 4.525600000000000000e+04 1.922593016701284796e+01 8.090000000000000000e+02
4.000000000000000000e+00 -6.000000000000000000e+01 -2.500000000000000000e+01 4.562700000000000000e+04 4.751500000000000000e+04 4.630100000000000000e+04 4.496200000000000000e+04 1.923618925601476803e+01 8.090000000000000000e+02
1.800000000000000000e+01 -8.700000000000000000e+01 -1.400000000000000000e+01 4.548600000000000000e+04 4.833100000000000000e+04 4.646900000000000000e+04 4.394500000000000000e+04 1.924555700202472508e+01 8.090000000000000000e+02
2.400000000000000000e+01 -9.900000000000000000e+01 -1.200000000000000000e+01 4.576200000000000000e+04 4.776200000000000000e+04 4.631600000000000000e+04 4.470500000000000000e+04 1.925565145700238645e+01 8.090000000000000000e+02
1.000000000000000000e+01 -1.080000000000000000e+02 -3.000000000000000000e+01 4.538400000000000000e+04 4.833100000000000000e+04 4.661800000000000000e+04 4.423000000000000000e+04 1.926570034201722592e+01 8.080000000000000000e+02
3.400000000000000000e+01 -1.040000000000000000e+02 -1.100000000000000000e+01 4.578800000000000000e+04 4.876400000000000000e+04 4.645000000000000000e+04 4.383300000000000000e+04 1.927611604897538200e+01 8.080000000000000000e+02
9.000000000000000000e+00 -7.800000000000000000e+01 -1.800000000000000000e+01 4.389900000000000000e+04 4.688300000000000000e+04 4.812600000000000000e+04 4.611400000000000000e+04 1.928569787199376151e+01 8.080000000000000000e+02
-3.000000000000000000e+00 -4.500000000000000000e+01 -2.400000000000000000e+01 4.455600000000000000e+04 4.654100000000000000e+04 4.765800000000000000e+04 4.638900000000000000e+04 1.929566640901612118e+01 8.080000000000000000e+02
-3.000000000000000000e+00 -1.400000000000000000e+01 -1.000000000000000000e+01 4.422200000000000000e+04 5.048300000000000000e+04 4.801300000000000000e+04 4.178300000000000000e+04 1.930546890600817278e+01 8.080000000000000000e+02
7.000000000000000000e+00 4.800000000000000000e+01 -5.000000000000000000e+00 4.889200000000000000e+04 4.664700000000000000e+04 4.320000000000000000e+04 4.630200000000000000e+04 1.931658505898667499e+01 8.080000000000000000e+02
-3.000000000000000000e+00 9.600000000000000000e+01 -1.700000000000000000e+01 4.294600000000000000e+04 4.643000000000000000e+04 4.903500000000000000e+04 4.651400000000000000e+04 1.932581167400348932e+01 8.080000000000000000e+02
-1.000000000000000000e+01 1.140000000000000000e+02 -1.600000000000000000e+01 4.696000000000000000e+04 4.555900000000000000e+04 4.527000000000000000e+04 4.737600000000000000e+04 1.933564257400576025e+01 8.080000000000000000e+02
2.600000000000000000e+01 1.330000000000000000e+02 -1.300000000000000000e+01 4.401400000000000000e+04 4.863900000000000000e+04 4.808100000000000000e+04 4.401500000000000000e+04 1.934546434599906206e+01 8.080000000000000000e+02
6.200000000000000000e+01 1.190000000000000000e+02 -1.200000000000000000e+01 4.922500000000000000e+04 4.628500000000000000e+04 4.266500000000000000e+04 4.655000000000000000e+04 1.935540989501168951e+01 8.080000000000000000e+02
5.400000000000000000e+01 8.800000000000000000e+01 -9.000000000000000000e+00 4.334700000000000000e+04 4.815100000000000000e+04 4.858500000000000000e+04 4.467800000000000000e+04 1.936693883198313415e+01 8.080000000000000000e+02
6.900000000000000000e+01 4.400000000000000000e+01 7.000000000000000000e+00 4.800600000000000000e+04 4.621500000000000000e+04 4.425500000000000000e+04 4.667900000000000000e+04 1.937634426500881091e+01 8.080000000000000000e+02
5.500000000000000000e+01 1.200000000000000000e+01 -4.000000000000000000e+00 4.653300000000000000e+04 4.756000000000000000e+04 4.584600000000000000e+04 4.546500000000000000e+04 1.938563998800236732e+01 8.080000000000000000e+02
5.900000000000000000e+01 -3.800000000000000000e+01 -6.000000000000000000e+00 4.601300000000000000e+04 4.834100000000000000e+04 4.615000000000000000e+04 4.432100000000000000e+04 1.939563408499816433e+01 8.100000000000000000e+02
5.400000000000000000e+01 -9.300000000000000000e+01 -7.000000000000000000e+00 4.660500000000000000e+04 4.945600000000000000e+04 4.544100000000000000e+04 4.289700000000000000e+04 1.940564660099335015e+01 8.100000000000000000e+02
2.500000000000000000e+01 -1.200000000000000000e+02 -5.000000000000000000e+00 4.526100000000000000e+04 4.813000000000000000e+04 4.673100000000000000e+04 4.435900000000000000e+04 1.941535069502424449e+01 8.100000000000000000e+02
-3.500000000000000000e+01 -1.060000000000000000e+02 -1.600000000000000000e+01 4.331800000000000000e+04 4.668500000000000000e+04 4.824600000000000000e+04 4.597100000000000000e+04 1.942573904700111598e+01 8.100000000000000000e+02
-8.000000000000000000e+00 -1.120000000000000000e+02 -1.100000000000000000e+01 4.613800000000000000e+04 4.957900000000000000e+04 4.553200000000000000e+04 4.235900000000000000e+04 1.943674140999792144e+01 8.100000000000000000e+02
-4.500000000000000000e+01 -6.600000000000000000e+01 -1.500000000000000000e+01 4.318500000000000000e+04 4.641500000000000000e+04 4.825600000000000000e+04 4.606000000000000000e+04 1.944612221600254998e+01 8.100000000000000000e+02
-3.500000000000000000e+01 -3.900000000000000000e+01 -1.100000000000000000e+01 4.514300000000000000e+04 4.703200000000000000e+04 4.645300000000000000e+04 4.528400000000000000e+04 1.945544175402028486e+01 8.100000000000000000e+02
-2.400000000000000000e+01 -3.000000000000000000e+00 -1.200000000000000000e+01 4.539700000000000000e+04 4.742000000000000000e+04 4.622700000000000000e+04 4.508900000000000000e+04 1.946547574602300301e+01 8.100000000000000000e+02
2.400000000000000000e+01 3.100000000000000000e+01 -1.400000000000000000e+01 4.549700000000000000e+04 4.767400000000000000e+04 4.607800000000000000e+04 4.475900000000000000e+04 1.947565410699462518e+01 8.090000000000000000e+02
4.000000000000000000e+01 6.300000000000000000e+01 -2.900000000000000000e+01 4.579500000000000000e+04 5.109000000000000000e+04 4.564400000000000000e+04 4.024200000000000000e+04 1.948597747500753030e+01 8.090000000000000000e+02
6.100000000000000000e+01 8.000000000000000000e+01 -7.000000000000000000e+00 4.619000000000000000e+04 4.432000000000000000e+04 4.514800000000000000e+04 4.801600000000000000e+04 1.949564879300305620e+01 8.090000000000000000e+02
6.000000000000000000e+00 9.500000000000000000e+01 -2.600000000000000000e+01 4.563700000000000000e+04 5.010100000000000000e+04 4.569700000000000000e+04 4.163500000000000000e+04 1.950514792802277952e+01 8.090000000000000000e+02
2.200000000000000000e+01 1.010000000000000000e+02 -1.900000000000000000e+01 4.336500000000000000e+04 4.615200000000000000e+04 4.758900000000000000e+04 4.618200000000000000e+04 1.951614812598563731e+01 8.090000000000000000e+02
4.000000000000000000e+00 1.080000000000000000e+02 -1.400000000000000000e+01 4.744400000000000000e+04 4.892200000000000000e+04 4.380500000000000000e+04 4.320200000000000000e+04 1.952580943697830662e+01 8.080000000000000000e+02
8.000000000000000000e+00 9.800000000000000000e+01 -1.100000000000000000e+01 4.668100000000000000e+04 4.686900000000000000e+04 4.466400000000000000e+04 4.556000000000000000e+04 1.953553168202051893e+01 8.080000000000000000e+02
-2.300000000000000000e+01 9.200000000000000000e+01 -2.200000000000000000e+01 4.696800000000000000e+04 4.623200000000000000e+04 4.426900000000000000e+04 4.623400000000000000e+04 1.954531106300419196e+01 8.080000000000000000e+02
-3.200000000000000000e+01 6.600000000000000000e+01 -1.700000000000000000e+01 4.382300000000000000e+04 4.871300000000000000e+04 4.732600000000000000e+04 4.343200000000000000e+04 1.955514648900134489e+01 8.080000000000000000e+02
-3.900000000000000000e+01 3.900000000000000000e+01 -1.600000000000000000e+01 4.621400000000000000e+04 4.724800000000000000e+04 4.523600000000000000e+04 4.526700000000000000e+04 1.956512235599802807e+01 8.080000000000000000e+02
-7.900000000000000000e+01 4.100000000000000000e+01 -1.100000000000000000e+01 4.586600000000000000e+04 4.520100000000000000e+04 4.560500000000000000e+04 4.735300000000000000e+04 1.957625639298930764e+01 8.080000000000000000e+02
-5.500000000000000000e+01 -1.200000000000000000e+01 -1.000000000000000000e+01 4.587400000000000000e+04 4.801800000000000000e+04 4.554800000000000000e+04 4.448000000000000000e+04 1.958566927001811564e+01 8.080000000000000000e+02
-5.800000000000000000e+01 -3.300000000000000000e+01 -2.400000000000000000e+01 4.243200000000000000e+04 4.674800000000000000e+04 4.864000000000000000e+04 4.590400000000000000e+04 1.959573136997641996e+01 8.080000000000000000e+02
-3.400000000000000000e+01 -4.700000000000000000e+01 -6.000000000000000000e+00 4.355700000000000000e+04 4.831600000000000000e+04 4.772200000000000000e+04 4.408600000000000000e+04 1.960537691798526794e+01 8.110000000000000000e+02
2.200000000000000000e+01 -5.300000000000000000e+01 -2.300000000000000000e+01 4.691700000000000000e+04 4.688400000000000000e+04 4.437900000000000000e+04 4.581200000000000000e+04 1.961584304302232340e+01 8.110000000000000000e+02
7.600000000000000000e+01 -5.800000000000000000e+01 -8.000000000000000000e+00 4.601900000000000000e+04 4.867700000000000000e+04 4.536300000000000000e+04 4.376800000000000000e+04 1.962518140900647268e+01 8.110000000000000000e+02
1.180000000000000000e+02 -5.800000000000000000e+01 -2.400000000000000000e+01 4.643600000000000000e+04 4.902800000000000000e+04 4.473200000000000000e+04 4.322000000000000000e+04 1.963534828601405025e+01 8.110000000000000000e+02
1.380000000000000000e+02 -1.900000000000000000e+01 -1.800000000000000000e+01 4.632500000000000000e+04 4.836600000000000000e+04 4.482400000000000000e+04 4.420100000000000000e+04 1.964620300097158179e+01 8.080000000000000000e+02
1.400000000000000000e+02 -1.900000000000000000e+01 -2.000000000000000000e+01 4.494100000000000000e+04 4.753500000000000000e+04 4.636500000000000000e+04 4.527400000000000000e+04 1.965550523501588032e+01 8.080000000000000000e+02
9.100000000000000000e+01 -4.000000000000000000e+00 -1.500000000000000000e+01 4.560900000000000000e+04 4.743100000000000000e+04 4.560200000000000000e+04 4.518700000000000000e+04 1.966573056002380326e+01 8.080000000000000000e+02
6.400000000000000000e+01 -3.000000000000000000e+00 -1.300000000000000000e+01 4.588900000000000000e+04 4.789400000000000000e+04 4.544900000000000000e+04 4.491900000000000000e+04 1.967569414497120306e+01 8.080000000000000000e+02
2.300000000000000000e+01 4.000000000000000000e+00 -1.200000000000000000e+01 4.530500000000000000e+04 4.762000000000000000e+04 4.598400000000000000e+04 4.496900000000000000e+04 1.968624754401389509e+01 8.080000000000000000e+02
5.000000000000000000e+00 1.300000000000000000e+01 -1.900000000000000000e+01 4.538000000000000000e+04 4.745700000000000000e+04 4.590400000000000000e+04 4.517600000000000000e+04 1.969568715099012479e+01 8.100000000000000000e+02
-4.100000000000000000e+01 -6.000000000000000000e+00 -1.300000000000000000e+01 4.544800000000000000e+04 4.792100000000000000e+04 4.586400000000000000e+04 4.455900000000000000e+04 1.970625703799305484e+01 8.100000000000000000e+02
-5.500000000000000000e+01 0.000000000000000000e+00 -6.000000000000000000e+00 4.485300000000000000e+04 4.730500000000000000e+04 4.636900000000000000e+04 4.526800000000000000e+04 1.971565541700692847e+01 8.100000000000000000e+02
-4.800000000000000000e+01 -2.000000000000000000e+01 -7.000000000000000000e+00 4.667500000000000000e+04 4.930200000000000000e+04 4.456900000000000000e+04 4.291800000000000000e+04 1.972583428799407557e+01 8.100000000000000000e+02
-5.100000000000000000e+01 -8.000000000000000000e+00 -9.000000000000000000e+00 4.315900000000000000e+04 4.592700000000000000e+04 4.781900000000000000e+04 4.680500000000000000e+04 1.973524122999515384e+01 8.100000000000000000e+02
-5.300000000000000000e+01 1.000000000000000000e+00 -2.000000000000000000e+01 4.682100000000000000e+04 4.938700000000000000e+04 4.427800000000000000e+04 4.297900000000000000e+04 1.974616384401451796e+01 8.100000000000000000e+02
-3.700000000000000000e+01 4.000000000000000000e+00 -1.200000000000000000e+01 4.524100000000000000e+04 4.761200000000000000e+04 4.595600000000000000e+04 4.505800000000000000e+04 1.975671519798925146e+01 8.100000000000000000e+02
-4.300000000000000000e+01 2.100000000000000000e+01 -9.000000000000000000e+00 4.506400000000000000e+04 4.749900000000000000e+04 4.608800000000000000e+04 4.516300000000000000e+04 1.976515328098321334e+01 8.100000000000000000e+02
-5.100000000000000000e+01 6.300000000000000000e+01 -4.000000000000000000e+00 4.434900000000000000e+04 4.795800000000000000e+04 4.702400000000000000e+04 4.486500000000000000e+04 1.977571903599891812e+01 8.070000000000000000e+02
-4.600000000000000000e+01 7.800000000000000000e+01 -6.000000000000000000e+00 4.557400000000000000e+04 4.780900000000000000e+04 4.591100000000000000e+04 4.498700000000000000e+04 1.978517978201853111e+01 8.070000000000000000e+02
-1.900000000000000000e+01 1.010000000000000000e+02 3.000000000000000000e+00 4.594700000000000000e+04 4.713200000000000000e+04 4.550700000000000000e+04 4.577700000000000000e+04 1.979519831697689369e+01 8.070000000000000000e+02
-7.000000000000000000e+00 9.000000000000000000e+01 -4.000000000000000000e+00 4.586600000000000000e+04 4.770200000000000000e+04 4.564300000000000000e+04 4.512700000000000000e+04 1.980623511096928269e+01 8.070000000000000000e+02
4.000000000000000000e+01 4.600000000000000000e+01 2.000000000000000000e+00 4.619600000000000000e+04 4.814900000000000000e+04 4.526700000000000000e+04 4.464200000000000000e+04 1.981519365200074390e+01 8.070000000000000000e+02
4.300000000000000000e+01 9.000000000000000000e+00 -1.000000000000000000e+00 4.579700000000000000e+04 4.794000000000000000e+04 4.560000000000000000e+04 4.482900000000000000e+04 1.982520861801458523e+01 8.090000000000000000e+02
5.200000000000000000e+01 -3.800000000000000000e+01 -4.000000000000000000e+00 4.559300000000000000e+04 4.822800000000000000e+04 4.568600000000000000e+04 4.447400000000000000e+04 1.983567421801853925e+01 8.090000000000000000e+02
4.400000000000000000e+01 -6.100000000000000000e+01 -8.000000000000000000e+00 4.547600000000000000e+04 4.817100000000000000e+04 4.571900000000000000e+04 4.457500000000000000e+04 1.984488165297079831e+01 8.090000000000000000e+02
2.600000000000000000e+01 -9.400000000000000000e+01 -4.000000000000000000e+00 4.527900000000000000e+04 4.847100000000000000e+04 4.606600000000000000e+04 4.407500000000000000e+04 1.985562575596850365e+01 8.090000000000000000e+02
1.600000000000000000e+01 -1.050000000000000000e+02 -2.000000000000000000e+00 4.518400000000000000e+04 4.856200000000000000e+04 4.609000000000000000e+04 4.405000000000000000e+04 1.986624226497951895e+01 8.130000000000000000e+02
6.000000000000000000e+00 -8.900000000000000000e+01 -1.600000000000000000e+01 4.491700000000000000e+04 4.837300000000000000e+04 4.577500000000000000e+04 4.364900000000000000e+04 1.987579222500789911e+01 8.130000000000000000e+02
-2.800000000000000000e+01 -7.600000000000000000e+01 -1.200000000000000000e+01 4.467800000000000000e+04 4.819700000000000000e+04 4.603900000000000000e+04 4.373200000000000000e+04 1.988582804898032919e+01 8.130000000000000000e+02
-4.200000000000000000e+01 -4.200000000000000000e+01 -1.000000000000000000e+00 4.439800000000000000e+04 4.822300000000000000e+04 4.624100000000000000e+04 4.375000000000000000e+04 1.989564398297807202e+01 8.130000000000000000e+02
-4.000000000000000000e+01 0.000000000000000000e+00 9.000000000000000000e+00 4.429500000000000000e+04 4.732200000000000000e+04 4.631600000000000000e+04 4.478700000000000000e+04 1.990591268701246008e+01 8.130000000000000000e+02
-3.800000000000000000e+01 5.800000000000000000e+01 1.700000000000000000e+01 4.441400000000000000e+04 4.700400000000000000e+04 4.609600000000000000e+04 4.480200000000000000e+04 1.991501571802655235e+01 8.130000000000000000e+02
-1.400000000000000000e+01 9.800000000000000000e+01 1.600000000000000000e+01 4.506900000000000000e+04 4.692000000000000000e+04 4.549600000000000000e+04 4.476100000000000000e+04 1.992567656200844795e+01 8.130000000000000000e+02
3.400000000000000000e+01 1.430000000000000000e+02 2.100000000000000000e+01 4.558900000000000000e+04 4.655800000000000000e+04 4.503700000000000000e+04 4.504600000000000000e+04 1.993570041202474385e+01 8.130000000000000000e+02
6.200000000000000000e+01 1.250000000000000000e+02 2.400000000000000000e+01 4.584700000000000000e+04 4.696900000000000000e+04 4.470700000000000000e+04 4.469000000000000000e+04 1.994497442897409201e+01 8.130000000000000000e+02
7.500000000000000000e+01 1.200000000000000000e+02 2.800000000000000000e+01 4.613900000000000000e+04 4.704400000000000000e+04 4.429000000000000000e+04 4.432200000000000000e+04 1.995504481799434870e+01 8.090000000000000000e+02
7.500000000000000000e+01 6.200000000000000000e+01 2.500000000000000000e+01 4.578400000000000000e+04 4.739900000000000000e+04 4.497700000000000000e+04 4.417200000000000000e+04 1.996570650802459568e+01 8.090000000000000000e+02
6.300000000000000000e+01 5.000000000000000000e+00 2.300000000000000000e+01 4.526400000000000000e+04 4.768900000000000000e+04 4.568300000000000000e+04 4.394300000000000000e+04 1.997461028699763119e+01 8.090000000000000000e+02
7.600000000000000000e+01 -6.400000000000000000e+01 2.200000000000000000e+01 4.556000000000000000e+04 4.816000000000000000e+04 4.551500000000000000e+04 4.346100000000000000e+04 1.998502765898592770e+01 8.090000000000000000e+02
5.900000000000000000e+01 -1.050000000000000000e+02 2.000000000000000000e+01 4.495600000000000000e+04 4.786100000000000000e+04 4.608100000000000000e+04 4.383600000000000000e+04 1.999456384300719947e+01 8.110000000000000000e+02
2.600000000000000000e+01 -1.360000000000000000e+02 2.800000000000000000e+01 4.342100000000000000e+04 4.705600000000000000e+04 4.756700000000000000e+04 4.474400000000000000e+04 2.000533474097028375e+01 8.110000000000000000e+02
5.900000000000000000e+01 -1.590000000000000000e+02 1.100000000000000000e+01 4.410700000000000000e+04 4.774800000000000000e+04 4.690700000000000000e+04 4.412400000000000000e+04 2.001564236602280289e+01 8.110000000000000000e+02
9.600000000000000000e+01 -1.800000000000000000e+02 1.300000000000000000e+01 4.445000000000000000e+04 4.822500000000000000e+04 4.656900000000000000e+04 4.365600000000000000e+04 2.002492335601709783e+01 8.110000000000000000e+02
1.340000000000000000e+02 -1.310000000000000000e+02 8.000000000000000000e+00 4.503500000000000000e+04 4.810100000000000000e+04 4.611700000000000000e+04 4.363000000000000000e+04 2.003510424902196974e+01 8.130000000000000000e+02
2.080000000000000000e+02 -1.220000000000000000e+02 1.700000000000000000e+01 4.591800000000000000e+04 4.805900000000000000e+04 4.496900000000000000e+04 4.366000000000000000e+04 2.004529533698223531e+01 8.130000000000000000e+02
2.300000000000000000e+02 -9.900000000000000000e+01 1.600000000000000000e+01 4.591300000000000000e+04 4.808900000000000000e+04 4.499300000000000000e+04 4.361500000000000000e+04 2.005521579401101917e+01 8.130000000000000000e+02
1.910000000000000000e+02 -1.080000000000000000e+02 1.200000000000000000e+01 4.533900000000000000e+04 4.775000000000000000e+04 4.556200000000000000e+04 4.404800000000000000e+04 2.006527047802228481e+01 8.130000000000000000e+02
1.650000000000000000e+02 -1.050000000000000000e+02 1.100000000000000000e+01 4.642000000000000000e+04 4.721200000000000000e+04 4.456100000000000000e+04 4.464500000000000000e+04 2.007606080698315054e+01 8.120000000000000000e+02
1.660000000000000000e+02 -1.130000000000000000e+02 1.800000000000000000e+01 4.578500000000000000e+04 4.786300000000000000e+04 4.529000000000000000e+04 4.383800000000000000e+04 2.008494878502096981e+01 8.120000000000000000e+02
8.800000000000000000e+01 -1.490000000000000000e+02 1.600000000000000000e+01 4.464400000000000000e+04 4.713100000000000000e+04 4.651000000000000000e+04 4.465600000000000000e+04 2.009504239197121933e+01 8.120000000000000000e+02
4.100000000000000000e+01 -1.680000000000000000e+02 2.400000000000000000e+01 4.511000000000000000e+04 4.753100000000000000e+04 4.607400000000000000e+04 4.421100000000000000e+04 2.010584494902286679e+01 8.120000000000000000e+02
2.000000000000000000e+01 -1.930000000000000000e+02 2.700000000000000000e+01 4.498400000000000000e+04 4.735300000000000000e+04 4.616000000000000000e+04 4.452800000000000000e+04 2.011617892899084836e+01 8.120000000000000000e+02
1.300000000000000000e+01 -2.060000000000000000e+02 2.000000000000000000e+01 4.483500000000000000e+04 4.772900000000000000e+04 4.643400000000000000e+04 4.405900000000000000e+04 2.012634671799605712e+01 8.100000000000000000e+02
-3.000000000000000000e+00 -2.290000000000000000e+02 1.700000000000000000e+01 4.492100000000000000e+04 4.792500000000000000e+04 4.658000000000000000e+04 4.415300000000000000e+04 2.013489316997583956e+01 8.100000000000000000e+02
-1.700000000000000000e+01 -2.360000000000000000e+02 8.000000000000000000e+00 4.482200000000000000e+04 4.751100000000000000e+04 4.665300000000000000e+04 4.459600000000000000e+04 2.014464815397514030e+01 8.100000000000000000e+02
-2.500000000000000000e+01 -2.560000000000000000e+02 1.300000000000000000e+01 4.455200000000000000e+04 4.782400000000000000e+04 4.702700000000000000e+04 4.440000000000000000e+04 2.015452326502418146e+01 8.100000000000000000e+02
-6.000000000000000000e+00 -2.740000000000000000e+02 1.700000000000000000e+01 4.470000000000000000e+04 4.781400000000000000e+04 4.690700000000000000e+04 4.448000000000000000e+04 2.016614588600350544e+01 6.010000000000000000e+02
2.400000000000000000e+01 -2.540000000000000000e+02 6.000000000000000000e+00 4.518000000000000000e+04 4.860600000000000000e+04 4.643400000000000000e+04 4.360600000000000000e+04 2.017608647601446137e+01 6.010000000000000000e+02
-1.300000000000000000e+01 -2.370000000000000000e+02 1.600000000000000000e+01 4.454700000000000000e+04 4.798800000000000000e+04 4.722400000000000000e+04 4.445000000000000000e+04 2.018609440402360633e+01 6.010000000000000000e+02
3.000000000000000000e+01 -2.040000000000000000e+02 2.000000000000000000e+00 4.586900000000000000e+04 4.877600000000000000e+04 4.593500000000000000e+04 4.352900000000000000e+04 2.019521908002207056e+01 6.010000000000000000e+02
2.000000000000000000e+01 -1.900000000000000000e+02 1.000000000000000000e+01 4.532200000000000000e+04 4.805600000000000000e+04 4.620700000000000000e+04 4.459400000000000000e+04 2.020449379197089002e+01 0.000000000000000000e+00
-1.700000000000000000e+01 -1.540000000000000000e+02 -1.000000000000000000e+01 4.468300000000000000e+04 4.808500000000000000e+04 4.689200000000000000e+04 4.454400000000000000e+04 2.021481231000507250e+01 0.000000000000000000e+00
-3.300000000000000000e+01 -9.800000000000000000e+01 -9.000000000000000000e+00 4.588900000000000000e+04 4.738000000000000000e+04 4.574600000000000000e+04 4.538600000000000000e+04 2.022470537200570107e+01 0.000000000000000000e+00
-1.900000000000000000e+01 -6.300000000000000000e+01 5.000000000000000000e+00 4.592700000000000000e+04 4.757300000000000000e+04 4.573400000000000000e+04 4.512700000000000000e+04 2.023483516002306715e+01 0.000000000000000000e+00
-3.500000000000000000e+01 -3.100000000000000000e+01 -1.000000000000000000e+01 4.597800000000000000e+04 4.720600000000000000e+04 4.567000000000000000e+04 4.551900000000000000e+04 2.024517597001977265e+01 0.000000000000000000e+00
-7.600000000000000000e+01 -2.500000000000000000e+01 -9.000000000000000000e+00 4.552200000000000000e+04 4.771600000000000000e+04 4.608400000000000000e+04 4.502700000000000000e+04 2.025480742997024208e+01 5.300000000000000000e+01
-1.000000000000000000e+02 -1.200000000000000000e+01 -2.000000000000000000e+00 4.595800000000000000e+04 4.781600000000000000e+04 4.643500000000000000e+04 4.560500000000000000e+04 2.026462865801295266e+01 5.300000000000000000e+01
-1.050000000000000000e+02 4.000000000000000000e+00 -9.000000000000000000e+00 4.529200000000000000e+04 4.696300000000000000e+04 4.700700000000000000e+04 4.653000000000000000e+04 2.027465502900304273e+01 5.300000000000000000e+01
-8.700000000000000000e+01 5.000000000000000000e+00 2.000000000000000000e+00 4.572600000000000000e+04 4.786800000000000000e+04 4.672100000000000000e+04 4.563700000000000000e+04 2.028469674300868064e+01 5.300000000000000000e+01
-4.400000000000000000e+01 3.600000000000000000e+01 8.000000000000000000e+00 4.587200000000000000e+04 4.750400000000000000e+04 4.666600000000000000e+04 4.587600000000000000e+04 2.029463862802367657e+01 6.600000000000000000e+01
7.000000000000000000e+00 5.000000000000000000e+00 1.600000000000000000e+01 4.545100000000000000e+04 4.774700000000000000e+04 4.609800000000000000e+04 4.452600000000000000e+04 2.030539142398629338e+01 6.600000000000000000e+01
5.900000000000000000e+01 2.400000000000000000e+01 1.500000000000000000e+01 4.580000000000000000e+04 4.827400000000000000e+04 4.548900000000000000e+04 4.375200000000000000e+04 2.031466621701838449e+01 6.600000000000000000e+01
9.000000000000000000e+01 2.000000000000000000e+01 1.200000000000000000e+01 4.580600000000000000e+04 4.853700000000000000e+04 4.554300000000000000e+04 4.327800000000000000e+04 2.032477330497931689e+01 6.600000000000000000e+01
9.400000000000000000e+01 -1.800000000000000000e+01 2.900000000000000000e+01 4.546200000000000000e+04 4.849200000000000000e+04 4.609100000000000000e+04 4.314000000000000000e+04 2.033515572402393445e+01 6.600000000000000000e+01
8.600000000000000000e+01 -2.900000000000000000e+01 3.700000000000000000e+01 4.539100000000000000e+04 4.830600000000000000e+04 4.606100000000000000e+04 4.321500000000000000e+04 2.034638845798326656e+01 6.500000000000000000e+01
5.000000000000000000e+01 -3.000000000000000000e+00 4.400000000000000000e+01 4.525700000000000000e+04 4.810600000000000000e+04 4.569900000000000000e+04 4.282700000000000000e+04 2.035690385202178732e+01 6.500000000000000000e+01
8.000000000000000000e+00 6.000000000000000000e+01 3.700000000000000000e+01 4.539300000000000000e+04 4.677800000000000000e+04 4.550700000000000000e+04 4.421700000000000000e+04 2.036554270598571748e+01 6.500000000000000000e+01
1.600000000000000000e+01 1.340000000000000000e+02 3.100000000000000000e+01 4.637000000000000000e+04 4.767200000000000000e+04 4.439100000000000000e+04 4.324700000000000000e+04 2.037586125498637557e+01 6.500000000000000000e+01
-1.310000000000000000e+02 2.030000000000000000e+02 3.300000000000000000e+01 4.474000000000000000e+04 4.515900000000000000e+04 4.600600000000000000e+04 4.565500000000000000e+04 2.038582074298756197e+01 6.400000000000000000e+01
-2.040000000000000000e+02 2.020000000000000000e+02 2.000000000000000000e+01 4.480300000000000000e+04 4.567600000000000000e+04 4.568600000000000000e+04 4.514700000000000000e+04 2.039593198499642313e+01 6.400000000000000000e+01
-2.320000000000000000e+02 1.840000000000000000e+02 2.700000000000000000e+01 4.426800000000000000e+04 4.573700000000000000e+04 4.618400000000000000e+04 4.507600000000000000e+04 2.040484963002381846e+01 6.400000000000000000e+01
-2.170000000000000000e+02 1.390000000000000000e+02 3.800000000000000000e+01 4.430800000000000000e+04 4.624200000000000000e+04 4.633500000000000000e+04 4.431100000000000000e+04 2.041617114999098703e+01 6.400000000000000000e+01
-2.530000000000000000e+02 6.700000000000000000e+01 4.100000000000000000e+01 4.368300000000000000e+04 4.617800000000000000e+04 4.693700000000000000e+04 4.426200000000000000e+04 2.042704907397273928e+01 6.700000000000000000e+01
-2.090000000000000000e+02 -9.000000000000000000e+00 4.200000000000000000e+01 4.454500000000000000e+04 4.773400000000000000e+04 4.580000000000000000e+04 4.215600000000000000e+04 2.043436103098792955e+01 6.700000000000000000e+01
-1.300000000000000000e+02 -6.100000000000000000e+01 3.900000000000000000e+01 4.443200000000000000e+04 4.801200000000000000e+04 4.595200000000000000e+04 4.177300000000000000e+04 2.044545804598601535e+01 6.700000000000000000e+01
-4.800000000000000000e+01 6.000000000000000000e+00 6.000000000000000000e+01 4.563800000000000000e+04 4.788200000000000000e+04 4.481400000000000000e+04 4.183100000000000000e+04 2.045577049901476130e+01 6.700000000000000000e+01
-2.800000000000000000e+01 8.900000000000000000e+01 3.000000000000000000e+01 4.520400000000000000e+04 4.709900000000000000e+04 4.511200000000000000e+04 4.287700000000000000e+04 2.046525793301407248e+01 6.700000000000000000e+01
-3.700000000000000000e+01 7.600000000000000000e+01 5.100000000000000000e+01 4.497000000000000000e+04 4.703300000000000000e+04 4.552200000000000000e+04 4.281100000000000000e+04 2.047653176099993289e+01 6.400000000000000000e+01
-8.800000000000000000e+01 1.360000000000000000e+02 4.300000000000000000e+01 4.518200000000000000e+04 4.686600000000000000e+04 4.554700000000000000e+04 4.335100000000000000e+04 2.048561624402645975e+01 6.400000000000000000e+01
-9.400000000000000000e+01 1.690000000000000000e+02 7.300000000000000000e+01 4.604000000000000000e+04 4.628100000000000000e+04 4.496500000000000000e+04 4.378100000000000000e+04 2.049418369698105380e+01 6.400000000000000000e+01
-7.700000000000000000e+01 2.630000000000000000e+02 8.600000000000000000e+01 4.669200000000000000e+04 4.581200000000000000e+04 4.449600000000000000e+04 4.411900000000000000e+04 2.050422517297556624e+01 6.400000000000000000e+01
-1.120000000000000000e+02 3.220000000000000000e+02 6.300000000000000000e+01 4.633300000000000000e+04 4.495500000000000000e+04 4.493300000000000000e+04 4.498000000000000000e+04 2.051573906600242481e+01 6.100000000000000000e+01
-1.130000000000000000e+02 3.370000000000000000e+02 6.200000000000000000e+01 4.720000000000000000e+04 4.554800000000000000e+04 4.448900000000000000e+04 4.503000000000000000e+04 2.052505972300423309e+01 6.100000000000000000e+01
-1.310000000000000000e+02 3.210000000000000000e+02 5.200000000000000000e+01 4.683600000000000000e+04 4.536800000000000000e+04 4.508200000000000000e+04 4.546000000000000000e+04 2.053560457000276074e+01 6.100000000000000000e+01
-1.320000000000000000e+02 2.640000000000000000e+02 3.700000000000000000e+01 4.612600000000000000e+04 4.555500000000000000e+04 4.587100000000000000e+04 4.539700000000000000e+04 2.054546116298297420e+01 6.100000000000000000e+01
-1.580000000000000000e+02 1.590000000000000000e+02 2.800000000000000000e+01 4.522200000000000000e+04 4.579300000000000000e+04 4.676300000000000000e+04 4.513100000000000000e+04 2.055443491402547807e+01 6.100000000000000000e+01
-1.620000000000000000e+02 3.100000000000000000e+01 2.100000000000000000e+01 4.457800000000000000e+04 4.649200000000000000e+04 4.745300000000000000e+04 4.456900000000000000e+04 2.056457753496943042e+01 6.500000000000000000e+01
-1.110000000000000000e+02 -1.000000000000000000e+01 1.800000000000000000e+01 4.545400000000000000e+04 4.705200000000000000e+04 4.647600000000000000e+04 4.422400000000000000e+04 2.057433434599079192e+01 6.500000000000000000e+01
-4.000000000000000000e+00 -4.600000000000000000e+01 4.000000000000000000e+00 4.596100000000000000e+04 4.801200000000000000e+04 4.606800000000000000e+04 4.333800000000000000e+04 2.058476118498947471e+01 6.500000000000000000e+01
7.900000000000000000e+01 -8.700000000000000000e+01 5.000000000000000000e+00 4.549100000000000000e+04 4.789600000000000000e+04 4.655500000000000000e+04 4.348700000000000000e+04 2.059437000402249396e+01 6.500000000000000000e+01
8.700000000000000000e+01 -1.200000000000000000e+02 2.000000000000000000e+01 4.542800000000000000e+04 4.825800000000000000e+04 4.658300000000000000e+04 4.310400000000000000e+04 2.060427915799664333e+01 6.500000000000000000e+01
9.000000000000000000e+01 -1.800000000000000000e+02 1.900000000000000000e+01 4.470200000000000000e+04 4.880200000000000000e+04 4.733600000000000000e+04 4.225500000000000000e+04 2.061460246099159122e+01 6.500000000000000000e+01
6.900000000000000000e+01 -1.910000000000000000e+02 1.900000000000000000e+01 4.412400000000000000e+04 4.834600000000000000e+04 4.794600000000000000e+04 4.291400000000000000e+04 2.062500311702024192e+01 6.500000000000000000e+01
3.800000000000000000e+01 -1.300000000000000000e+02 9.000000000000000000e+00 4.475500000000000000e+04 4.774400000000000000e+04 4.739700000000000000e+04 4.373400000000000000e+04 2.063463695702375844e+01 6.500000000000000000e+01
2.200000000000000000e+01 1.300000000000000000e+01 2.000000000000000000e+00 4.551600000000000000e+04 4.714000000000000000e+04 4.662600000000000000e+04 4.455200000000000000e+04 2.064521505002630875e+01 6.300000000000000000e+01
6.200000000000000000e+01 1.310000000000000000e+02 -9.000000000000000000e+00 4.668200000000000000e+04 4.720600000000000000e+04 4.546200000000000000e+04 4.472400000000000000e+04 2.065463047201046720e+01 6.300000000000000000e+01
6.400000000000000000e+01 2.400000000000000000e+02 -2.100000000000000000e+01 4.740300000000000000e+04 4.648900000000000000e+04 4.459200000000000000e+04 4.559100000000000000e+04 2.066481491102604195e+01 6.300000000000000000e+01
2.800000000000000000e+01 2.820000000000000000e+02 -1.700000000000000000e+01 4.668100000000000000e+04 4.600800000000000000e+04 4.539300000000000000e+04 4.609800000000000000e+04 2.067489548900630325e+01 6.300000000000000000e+01
3.600000000000000000e+01 2.470000000000000000e+02 -2.700000000000000000e+01 4.642700000000000000e+04 4.654800000000000000e+04 4.568400000000000000e+04 4.552200000000000000e+04 2.068508734198985621e+01 6.300000000000000000e+01
6.700000000000000000e+01 2.140000000000000000e+02 -2.800000000000000000e+01 4.706400000000000000e+04 4.706200000000000000e+04 4.493800000000000000e+04 4.508800000000000000e+04 2.069443657499505207e+01 6.100000000000000000e+01
1.550000000000000000e+02 1.730000000000000000e+02 -1.100000000000000000e+01 4.739500000000000000e+04 4.743100000000000000e+04 4.483000000000000000e+04 4.485900000000000000e+04 2.070515515998704359e+01 6.100000000000000000e+01
2.390000000000000000e+02 1.610000000000000000e+02 1.400000000000000000e+01 4.813900000000000000e+04 4.810900000000000000e+04 4.416400000000000000e+04 4.398500000000000000e+04 2.071479261899366975e+01 6.100000000000000000e+01
2.280000000000000000e+02 1.490000000000000000e+02 2.000000000000000000e+01 4.809800000000000000e+04 4.775800000000000000e+04 4.430100000000000000e+04 4.437500000000000000e+04 2.072441665001679212e+01 6.100000000000000000e+01
1.850000000000000000e+02 5.100000000000000000e+01 2.700000000000000000e+01 4.722400000000000000e+04 4.824700000000000000e+04 4.549300000000000000e+04 4.365900000000000000e+04 2.073478854901622981e+01 5.900000000000000000e+01
6.000000000000000000e+01 -1.070000000000000000e+02 3.600000000000000000e+01 4.567200000000000000e+04 4.840800000000000000e+04 4.745600000000000000e+04 4.360700000000000000e+04 2.074580497597344220e+01 5.900000000000000000e+01
-5.300000000000000000e+01 -1.460000000000000000e+02 9.000000000000000000e+00 4.502600000000000000e+04 4.768400000000000000e+04 4.796500000000000000e+04 4.463500000000000000e+04 2.075491289899218827e+01 5.900000000000000000e+01
-1.640000000000000000e+02 -1.560000000000000000e+02 0.000000000000000000e+00 4.393100000000000000e+04 4.730800000000000000e+04 4.895400000000000000e+04 4.542100000000000000e+04 2.076449911098461598e+01 5.900000000000000000e+01
-2.000000000000000000e+02 -1.450000000000000000e+02 -3.000000000000000000e+00 4.372500000000000000e+04 4.753300000000000000e+04 4.911200000000000000e+04 4.525700000000000000e+04 2.077482181700179353e+01 5.900000000000000000e+01
-2.110000000000000000e+02 -1.540000000000000000e+02 -3.700000000000000000e+01 4.425100000000000000e+04 4.776700000000000000e+04 4.875000000000000000e+04 4.538000000000000000e+04 2.078491730400128290e+01 5.700000000000000000e+01
-1.310000000000000000e+02 -1.400000000000000000e+02 -2.300000000000000000e+01 4.449900000000000000e+04 4.833700000000000000e+04 4.835100000000000000e+04 4.500000000000000000e+04 2.079527598497224972e+01 5.700000000000000000e+01
-7.400000000000000000e+01 -1.380000000000000000e+02 -1.300000000000000000e+01 4.478800000000000000e+04 4.856000000000000000e+04 4.823200000000000000e+04 4.468700000000000000e+04 2.080532723898068070e+01 5.700000000000000000e+01
-1.400000000000000000e+01 -1.020000000000000000e+02 -1.900000000000000000e+01 4.545500000000000000e+04 4.855100000000000000e+04 4.763200000000000000e+04 4.472000000000000000e+04 2.081491091998759657e+01 5.700000000000000000e+01
2.300000000000000000e+01 -3.400000000000000000e+01 -3.000000000000000000e+01 4.567400000000000000e+04 4.874600000000000000e+04 4.734600000000000000e+04 4.454000000000000000e+04 2.082485112897120416e+01 5.800000000000000000e+01
4.400000000000000000e+01 9.300000000000000000e+01 -2.700000000000000000e+01 4.633000000000000000e+04 4.736100000000000000e+04 4.655000000000000000e+04 4.588900000000000000e+04 2.083517029002541676e+01 5.800000000000000000e+01
3.000000000000000000e+00 2.360000000000000000e+02 -3.900000000000000000e+01 4.711900000000000000e+04 4.658700000000000000e+04 4.565800000000000000e+04 4.662900000000000000e+04 2.084450623398879543e+01 5.800000000000000000e+01
3.600000000000000000e+01 2.460000000000000000e+02 -2.600000000000000000e+01 4.686700000000000000e+04 4.696600000000000000e+04 4.578000000000000000e+04 4.621000000000000000e+04 2.085454021999612451e+01 5.800000000000000000e+01
1.160000000000000000e+02 1.850000000000000000e+02 -9.000000000000000000e+00 4.731200000000000000e+04 4.848600000000000000e+04 4.534700000000000000e+04 4.436300000000000000e+04 2.086473752598976716e+01 5.600000000000000000e+01
1.460000000000000000e+02 1.190000000000000000e+02 -1.900000000000000000e+01 4.735300000000000000e+04 4.836900000000000000e+04 4.544700000000000000e+04 4.436000000000000000e+04 2.087474889098666608e+01 5.600000000000000000e+01
1.540000000000000000e+02 9.800000000000000000e+01 -3.300000000000000000e+01 4.687200000000000000e+04 4.817100000000000000e+04 4.557300000000000000e+04 4.464800000000000000e+04 2.088513473700731993e+01 5.600000000000000000e+01
1.440000000000000000e+02 5.300000000000000000e+01 -2.100000000000000000e+01 4.656600000000000000e+04 4.824600000000000000e+04 4.587500000000000000e+04 4.456300000000000000e+04 2.089536098099779338e+01 5.600000000000000000e+01
9.700000000000000000e+01 5.200000000000000000e+01 -2.000000000000000000e+00 4.642900000000000000e+04 4.750400000000000000e+04 4.615400000000000000e+04 4.520500000000000000e+04 2.090516243700403720e+01 5.600000000000000000e+01
4.300000000000000000e+01 1.800000000000000000e+01 -2.200000000000000000e+01 4.596200000000000000e+04 4.752700000000000000e+04 4.636000000000000000e+04 4.538600000000000000e+04 2.091436528699705377e+01 5.700000000000000000e+01
3.600000000000000000e+01 6.000000000000000000e+00 -2.800000000000000000e+01 4.640900000000000000e+04 4.783300000000000000e+04 4.582500000000000000e+04 4.469300000000000000e+04 2.092444502300349995e+01 5.700000000000000000e+01
-4.700000000000000000e+01 -3.900000000000000000e+01 -1.900000000000000000e+01 4.478800000000000000e+04 4.758500000000000000e+04 4.706000000000000000e+04 4.515800000000000000e+04 2.093451728398213163e+01 5.700000000000000000e+01
-4.300000000000000000e+01 -8.900000000000000000e+01 -1.100000000000000000e+01 4.502000000000000000e+04 4.755700000000000000e+04 4.698300000000000000e+04 4.484200000000000000e+04 2.094456403999356553e+01 5.700000000000000000e+01
7.300000000000000000e+01 -1.000000000000000000e+02 -3.000000000000000000e+00 4.608100000000000000e+04 4.879400000000000000e+04 4.583300000000000000e+04 4.333000000000000000e+04 2.095463437499711290e+01 5.600000000000000000e+01
1.150000000000000000e+02 -1.080000000000000000e+02 -1.400000000000000000e+01 4.606900000000000000e+04 4.934900000000000000e+04 4.574100000000000000e+04 4.228100000000000000e+04 2.096447372401598841e+01 5.600000000000000000e+01
1.360000000000000000e+02 -9.000000000000000000e+01 -2.700000000000000000e+01 4.616600000000000000e+04 4.912500000000000000e+04 4.562900000000000000e+04 4.279200000000000000e+04 2.097433930699480698e+01 5.600000000000000000e+01
9.000000000000000000e+01 -5.100000000000000000e+01 -3.200000000000000000e+01 4.562300000000000000e+04 4.815000000000000000e+04 4.607400000000000000e+04 4.399000000000000000e+04 2.098427000601077452e+01 5.600000000000000000e+01
5.400000000000000000e+01 6.000000000000000000e+00 -1.200000000000000000e+01 4.576700000000000000e+04 4.993100000000000000e+04 4.587500000000000000e+04 4.172400000000000000e+04 2.099412117502652109e+01 5.600000000000000000e+01
-9.800000000000000000e+01 8.900000000000000000e+01 -2.700000000000000000e+01 4.444900000000000000e+04 4.831300000000000000e+04 4.720700000000000000e+04 4.390400000000000000e+04 2.100381145597202703e+01 5.500000000000000000e+01
-2.160000000000000000e+02 1.600000000000000000e+02 -1.700000000000000000e+01 4.463400000000000000e+04 4.769800000000000000e+04 4.709400000000000000e+04 4.454500000000000000e+04 2.101402763999067247e+01 5.500000000000000000e+01
-3.350000000000000000e+02 2.580000000000000000e+02 -1.600000000000000000e+01 4.506400000000000000e+04 4.605000000000000000e+04 4.662600000000000000e+04 4.638600000000000000e+04 2.102406405902002007e+01 5.500000000000000000e+01
-4.110000000000000000e+02 3.390000000000000000e+02 -2.800000000000000000e+01 4.535000000000000000e+04 4.553900000000000000e+04 4.628900000000000000e+04 4.693000000000000000e+04 2.103480995999416336e+01 5.500000000000000000e+01
-5.300000000000000000e+02 3.850000000000000000e+02 -2.800000000000000000e+01 4.338400000000000000e+04 4.361200000000000000e+04 4.798300000000000000e+04 4.862400000000000000e+04 2.104384565999498591e+01 5.700000000000000000e+01
-5.410000000000000000e+02 3.380000000000000000e+02 -4.100000000000000000e+01 4.303000000000000000e+04 4.407600000000000000e+04 4.802400000000000000e+04 4.815300000000000000e+04 2.105377732100896537e+01 5.700000000000000000e+01
-3.800000000000000000e+02 2.570000000000000000e+02 -4.400000000000000000e+01 4.430500000000000000e+04 4.592900000000000000e+04 4.694600000000000000e+04 4.647300000000000000e+04 2.106428982998477295e+01 5.700000000000000000e+01
-1.640000000000000000e+02 2.550000000000000000e+02 -2.500000000000000000e+01 4.589100000000000000e+04 4.627300000000000000e+04 4.546600000000000000e+04 4.617500000000000000e+04 2.107727561501087621e+01 5.700000000000000000e+01
7.900000000000000000e+01 1.610000000000000000e+02 -1.100000000000000000e+01 4.638500000000000000e+04 4.819000000000000000e+04 4.504900000000000000e+04 4.388700000000000000e+04 2.108631227299338207e+01 5.500000000000000000e+01
1.910000000000000000e+02 1.100000000000000000e+02 -2.400000000000000000e+01 4.673200000000000000e+04 4.860000000000000000e+04 4.464600000000000000e+04 4.351200000000000000e+04 2.109504675597418100e+01 5.500000000000000000e+01
