3.000000000000000000e+01 -1.300000000000000000e+01 -1.100000000000000000e+01 4.406900000000000000e+04 4.848700000000000000e+04 4.666400000000000000e+04 4.703900000000000000e+04 1.310738679999485612e+01 8.370000000000000000e+02
3.000000000000000000e+00 -2.200000000000000000e+01 -9.000000000000000000e+00 4.380400000000000000e+04 4.853000000000000000e+04 4.703000000000000000e+04 4.736100000000000000e+04 1.311733991801156662e+01 8.330000000000000000e+02
1.600000000000000000e+01 -4.000000000000000000e+00 -1.300000000000000000e+01 4.392300000000000000e+04 4.840600000000000000e+04 4.686100000000000000e+04 4.715900000000000000e+04 1.312721278800745495e+01 8.330000000000000000e+02
9.000000000000000000e+00 -1.700000000000000000e+01 -1.100000000000000000e+01 4.412800000000000000e+04 4.874900000000000000e+04 4.669000000000000000e+04 4.705600000000000000e+04 1.313722942699678242e+01 8.330000000000000000e+02
0.000000000000000000e+00 -2.300000000000000000e+01 -9.000000000000000000e+00 4.386500000000000000e+04 4.881000000000000000e+04 4.698100000000000000e+04 4.701200000000000000e+04 1.314715960601461120e+01 8.330000000000000000e+02
9.000000000000000000e+00 -3.600000000000000000e+01 -5.000000000000000000e+00 4.405800000000000000e+04 4.861700000000000000e+04 4.708100000000000000e+04 4.732000000000000000e+04 1.315767715300898999e+01 8.330000000000000000e+02
1.600000000000000000e+01 -4.900000000000000000e+01 -4.000000000000000000e+00 4.432900000000000000e+04 4.898100000000000000e+04 4.688700000000000000e+04 4.689400000000000000e+04 1.316678399901138619e+01 8.330000000000000000e+02
1.200000000000000000e+01 -2.800000000000000000e+01 -1.200000000000000000e+01 4.461800000000000000e+04 4.888500000000000000e+04 4.647400000000000000e+04 4.728100000000000000e+04 1.317734219599515200e+01 8.330000000000000000e+02
2.000000000000000000e+01 7.000000000000000000e+00 -6.000000000000000000e+00 4.456400000000000000e+04 4.892500000000000000e+04 4.668200000000000000e+04 4.719000000000000000e+04 1.318715458500082605e+01 8.330000000000000000e+02
1.300000000000000000e+01 -1.400000000000000000e+01 -1.600000000000000000e+01 4.424900000000000000e+04 4.921500000000000000e+04 4.697700000000000000e+04 4.680300000000000000e+04 1.319790856499457732e+01 8.340000000000000000e+02
-2.000000000000000000e+00 -9.000000000000000000e+00 -8.000000000000000000e+00 4.440700000000000000e+04 4.894900000000000000e+04 4.678700000000000000e+04 4.709500000000000000e+04 1.320703014498576522e+01 8.340000000000000000e+02
9.000000000000000000e+00 -3.000000000000000000e+00 -9.000000000000000000e+00 4.483500000000000000e+04 4.946300000000000000e+04 4.635600000000000000e+04 4.650700000000000000e+04 1.321726103499531746e+01 8.340000000000000000e+02
1.200000000000000000e+01 2.000000000000000000e+00 -7.000000000000000000e+00 4.410500000000000000e+04 4.889200000000000000e+04 4.677200000000000000e+04 4.727800000000000000e+04 1.322754996700678021e+01 8.340000000000000000e+02
-1.500000000000000000e+01 3.200000000000000000e+01 -1.000000000000000000e+01 4.437800000000000000e+04 4.832000000000000000e+04 4.680300000000000000e+04 4.757000000000000000e+04 1.323714483500225469e+01 8.340000000000000000e+02
-1.200000000000000000e+01 6.600000000000000000e+01 6.000000000000000000e+00 4.529500000000000000e+04 4.871800000000000000e+04 4.606900000000000000e+04 4.727000000000000000e+04 1.324713892600266263e+01 8.320000000000000000e+02
-2.400000000000000000e+01 3.900000000000000000e+01 8.000000000000000000e+00 4.470900000000000000e+04 4.883200000000000000e+04 4.661200000000000000e+04 4.718400000000000000e+04 1.325670500900014304e+01 8.320000000000000000e+02
-2.700000000000000000e+01 2.700000000000000000e+01 1.200000000000000000e+01 4.452800000000000000e+04 4.894800000000000000e+04 4.683600000000000000e+04 4.706300000000000000e+04 1.326734089499223046e+01 8.320000000000000000e+02
-6.400000000000000000e+01 1.000000000000000000e+01 6.000000000000000000e+00 4.366100000000000000e+04 4.872700000000000000e+04 4.752300000000000000e+04 4.734800000000000000e+04 1.327765624498715624e+01 8.320000000000000000e+02
-4.900000000000000000e+01 -2.300000000000000000e+01 1.400000000000000000e+01 4.413200000000000000e+04 4.857800000000000000e+04 4.750200000000000000e+04 4.700400000000000000e+04 1.328729281399864703e+01 8.330000000000000000e+02
-6.000000000000000000e+01 -3.800000000000000000e+01 2.200000000000000000e+01 4.436600000000000000e+04 4.832100000000000000e+04 4.706600000000000000e+04 4.754400000000000000e+04 1.329689489700831473e+01 8.330000000000000000e+02
-4.200000000000000000e+01 -5.400000000000000000e+01 2.100000000000000000e+01 4.386100000000000000e+04 4.910100000000000000e+04 4.771400000000000000e+04 4.649500000000000000e+04 1.330690808699000627e+01 8.330000000000000000e+02
-2.700000000000000000e+01 -6.000000000000000000e+01 1.500000000000000000e+01 4.419500000000000000e+04 4.982800000000000000e+04 4.747700000000000000e+04 4.555800000000000000e+04 1.331692521899822168e+01 8.330000000000000000e+02
-5.000000000000000000e+01 -3.400000000000000000e+01 8.000000000000000000e+00 4.394600000000000000e+04 4.926400000000000000e+04 4.766200000000000000e+04 4.625000000000000000e+04 1.332702962099574506e+01 8.320000000000000000e+02
-2.000000000000000000e+00 -1.700000000000000000e+01 1.300000000000000000e+01 4.388100000000000000e+04 4.946400000000000000e+04 4.751400000000000000e+04 4.616000000000000000e+04 1.333712143098819070e+01 8.320000000000000000e+02
-3.000000000000000000e+01 2.300000000000000000e+01 1.600000000000000000e+01 4.444400000000000000e+04 4.830900000000000000e+04 4.715700000000000000e+04 4.714600000000000000e+04 1.334691865701461211e+01 8.320000000000000000e+02
-5.000000000000000000e+01 6.800000000000000000e+01 9.000000000000000000e+00 4.424300000000000000e+04 4.814700000000000000e+04 4.715900000000000000e+04 4.740300000000000000e+04 1.335926807500072755e+01 8.320000000000000000e+02
-1.200000000000000000e+01 9.900000000000000000e+01 1.000000000000000000e+01 4.490800000000000000e+04 4.802500000000000000e+04 4.655800000000000000e+04 4.753100000000000000e+04 1.336774121600319631e+01 8.320000000000000000e+02
-2.900000000000000000e+01 1.110000000000000000e+02 -3.000000000000000000e+00 4.462300000000000000e+04 4.811900000000000000e+04 4.661600000000000000e+04 4.764400000000000000e+04 1.337688722499297000e+01 8.320000000000000000e+02
6.000000000000000000e+00 1.080000000000000000e+02 3.000000000000000000e+00 4.553700000000000000e+04 4.698300000000000000e+04 4.567900000000000000e+04 4.872700000000000000e+04 1.338718999898992479e+01 8.320000000000000000e+02
2.400000000000000000e+01 8.000000000000000000e+01 9.000000000000000000e+00 4.556000000000000000e+04 4.928500000000000000e+04 4.553900000000000000e+04 4.637200000000000000e+04 1.339703980699414387e+01 8.320000000000000000e+02
5.100000000000000000e+01 3.100000000000000000e+01 1.000000000000000000e+01 4.601600000000000000e+04 4.970700000000000000e+04 4.529300000000000000e+04 4.575600000000000000e+04 1.340684597499785013e+01 8.320000000000000000e+02
5.300000000000000000e+01 -2.800000000000000000e+01 1.900000000000000000e+01 4.426600000000000000e+04 4.941900000000000000e+04 4.715100000000000000e+04 4.630500000000000000e+04 1.341773846899741329e+01 8.300000000000000000e+02
5.100000000000000000e+01 -8.300000000000000000e+01 8.000000000000000000e+00 4.462300000000000000e+04 5.011900000000000000e+04 4.674400000000000000e+04 4.548900000000000000e+04 1.342668273899471387e+01 8.300000000000000000e+02
1.900000000000000000e+01 -1.080000000000000000e+02 -3.000000000000000000e+00 4.370500000000000000e+04 4.970100000000000000e+04 4.747100000000000000e+04 4.603200000000000000e+04 1.343716866901377216e+01 8.300000000000000000e+02
-1.600000000000000000e+01 -1.120000000000000000e+02 0.000000000000000000e+00 4.454500000000000000e+04 5.010300000000000000e+04 4.681700000000000000e+04 4.563400000000000000e+04 1.344715766998706385e+01 8.300000000000000000e+02
-9.000000000000000000e+00 -1.140000000000000000e+02 3.000000000000000000e+00 4.234300000000000000e+04 4.931700000000000000e+04 4.821200000000000000e+04 4.623400000000000000e+04 1.345711192299495451e+01 8.350000000000000000e+02
-6.300000000000000000e+01 -6.200000000000000000e+01 4.000000000000000000e+00 4.331400000000000000e+04 4.884500000000000000e+04 4.747400000000000000e+04 4.659100000000000000e+04 1.346725694701308385e+01 8.350000000000000000e+02
-5.700000000000000000e+01 -6.100000000000000000e+01 3.000000000000000000e+00 4.317000000000000000e+04 4.931200000000000000e+04 4.758700000000000000e+04 4.593400000000000000e+04 1.347726571001112461e+01 8.350000000000000000e+02
-6.500000000000000000e+01 3.000000000000000000e+00 3.000000000000000000e+00 4.410800000000000000e+04 4.875800000000000000e+04 4.680000000000000000e+04 4.655500000000000000e+04 1.348667317599756643e+01 8.350000000000000000e+02
-6.900000000000000000e+01 2.900000000000000000e+01 5.000000000000000000e+00 4.296200000000000000e+04 4.793300000000000000e+04 4.775000000000000000e+04 4.752800000000000000e+04 1.349728391598910093e+01 8.280000000000000000e+02
-4.700000000000000000e+01 5.100000000000000000e+01 2.000000000000000000e+00 4.442400000000000000e+04 4.844400000000000000e+04 4.699500000000000000e+04 4.740100000000000000e+04 1.350731308999820612e+01 8.280000000000000000e+02
-2.800000000000000000e+01 4.000000000000000000e+01 7.000000000000000000e+00 4.148700000000000000e+04 4.737100000000000000e+04 4.920600000000000000e+04 4.857900000000000000e+04 1.351725442000315525e+01 8.280000000000000000e+02
-1.600000000000000000e+01 6.400000000000000000e+01 9.000000000000000000e+00 4.440700000000000000e+04 4.756700000000000000e+04 4.695400000000000000e+04 4.820200000000000000e+04 1.352682825099327601e+01 8.280000000000000000e+02
9.000000000000000000e+00 4.600000000000000000e+01 1.300000000000000000e+01 4.453500000000000000e+04 4.957500000000000000e+04 4.704000000000000000e+04 4.596600000000000000e+04 1.353721308900276199e+01 8.280000000000000000e+02
2.100000000000000000e+01 5.400000000000000000e+01 1.200000000000000000e+01 4.377200000000000000e+04 4.796600000000000000e+04 4.782400000000000000e+04 4.774300000000000000e+04 1.354753503299434669e+01 8.300000000000000000e+02
6.400000000000000000e+01 2.700000000000000000e+01 1.200000000000000000e+01 4.435400000000000000e+04 4.909200000000000000e+04 4.716100000000000000e+04 4.657000000000000000e+04 1.355730230500921607e+01 8.300000000000000000e+02
1.170000000000000000e+02 1.000000000000000000e+01 1.600000000000000000e+01 4.549500000000000000e+04 4.828700000000000000e+04 4.597800000000000000e+04 4.740700000000000000e+04 1.356738807199872099e+01 8.300000000000000000e+02
1.280000000000000000e+02 -1.300000000000000000e+01 4.000000000000000000e+00 4.494500000000000000e+04 4.909000000000000000e+04 4.650100000000000000e+04 4.638500000000000000e+04 1.357726803701370955e+01 8.300000000000000000e+02
1.090000000000000000e+02 1.100000000000000000e+01 1.500000000000000000e+01 4.567900000000000000e+04 4.963800000000000000e+04 4.625000000000000000e+04 4.601400000000000000e+04 1.358707236999180168e+01 8.260000000000000000e+02
1.010000000000000000e+02 -1.800000000000000000e+01 1.200000000000000000e+01 4.524800000000000000e+04 4.940600000000000000e+04 4.667200000000000000e+04 4.628200000000000000e+04 1.359670671299681999e+01 8.260000000000000000e+02
7.200000000000000000e+01 -4.000000000000000000e+01 1.500000000000000000e+01 4.434200000000000000e+04 4.920700000000000000e+04 4.748100000000000000e+04 4.656100000000000000e+04 1.360680852198856883e+01 8.260000000000000000e+02
5.700000000000000000e+01 -1.200000000000000000e+01 1.700000000000000000e+01 4.521200000000000000e+04 4.879800000000000000e+04 4.688600000000000000e+04 4.703900000000000000e+04 1.361731228599091992e+01 8.260000000000000000e+02
1.100000000000000000e+01 -1.100000000000000000e+01 1.300000000000000000e+01 4.456600000000000000e+04 4.922200000000000000e+04 4.745300000000000000e+04 4.658400000000000000e+04 1.362754913599928841e+01 8.280000000000000000e+02
5.000000000000000000e+00 -2.500000000000000000e+01 4.000000000000000000e+00 4.442400000000000000e+04 4.883900000000000000e+04 4.747300000000000000e+04 4.716300000000000000e+04 1.363720843600458466e+01 8.280000000000000000e+02
-1.400000000000000000e+01 -1.000000000000000000e+01 3.000000000000000000e+00 4.583200000000000000e+04 5.037800000000000000e+04 4.621200000000000000e+04 4.533800000000000000e+04 1.364739514200482517e+01 8.280000000000000000e+02
-5.100000000000000000e+01 0.000000000000000000e+00 1.000000000000000000e+00 4.321600000000000000e+04 4.802800000000000000e+04 4.834300000000000000e+04 4.817400000000000000e+04 1.365688254698761739e+01 8.280000000000000000e+02
-6.500000000000000000e+01 1.100000000000000000e+01 9.000000000000000000e+00 4.402500000000000000e+04 4.860100000000000000e+04 4.764700000000000000e+04 4.759000000000000000e+04 1.366665711501264013e+01 8.280000000000000000e+02
-2.800000000000000000e+01 2.500000000000000000e+01 -2.000000000000000000e+00 4.425400000000000000e+04 4.864000000000000000e+04 4.747100000000000000e+04 4.731700000000000000e+04 1.367722906800918281e+01 8.280000000000000000e+02
-8.000000000000000000e+00 9.000000000000000000e+00 0.000000000000000000e+00 4.328100000000000000e+04 4.855800000000000000e+04 4.813300000000000000e+04 4.746900000000000000e+04 1.368748147800215520e+01 8.280000000000000000e+02
3.200000000000000000e+01 -1.000000000000000000e+01 4.000000000000000000e+00 4.577900000000000000e+04 5.016900000000000000e+04 4.575500000000000000e+04 4.527300000000000000e+04 1.369654557001194917e+01 8.280000000000000000e+02
3.800000000000000000e+01 1.700000000000000000e+01 8.000000000000000000e+00 4.372100000000000000e+04 4.833800000000000000e+04 4.754400000000000000e+04 4.740000000000000000e+04 1.370714921801118180e+01 8.280000000000000000e+02
6.300000000000000000e+01 1.400000000000000000e+01 5.000000000000000000e+00 4.659200000000000000e+04 5.098600000000000000e+04 4.494300000000000000e+04 4.403700000000000000e+04 1.371711057200445794e+01 8.280000000000000000e+02
7.300000000000000000e+01 0.000000000000000000e+00 9.000000000000000000e+00 4.264900000000000000e+04 5.129400000000000000e+04 4.857400000000000000e+04 4.361200000000000000e+04 1.372702053299872205e+01 8.280000000000000000e+02
2.700000000000000000e+01 2.100000000000000000e+01 -3.000000000000000000e+00 4.402200000000000000e+04 4.919700000000000000e+04 4.730600000000000000e+04 4.621000000000000000e+04 1.373676974800764583e+01 8.280000000000000000e+02
-1.900000000000000000e+01 7.200000000000000000e+01 -1.000000000000000000e+00 4.616300000000000000e+04 4.712700000000000000e+04 4.497600000000000000e+04 4.845000000000000000e+04 1.374665576498955488e+01 8.280000000000000000e+02
-4.800000000000000000e+01 8.500000000000000000e+01 -1.500000000000000000e+01 4.366600000000000000e+04 4.785500000000000000e+04 4.732900000000000000e+04 4.793700000000000000e+04 1.375645505599095486e+01 8.270000000000000000e+02
-8.600000000000000000e+01 6.000000000000000000e+01 -3.000000000000000000e+00 4.310200000000000000e+04 4.766800000000000000e+04 4.776100000000000000e+04 4.828800000000000000e+04 1.376809212600346655e+01 8.270000000000000000e+02
-6.700000000000000000e+01 2.800000000000000000e+01 5.000000000000000000e+00 4.537800000000000000e+04 4.961200000000000000e+04 4.588100000000000000e+04 4.599400000000000000e+04 1.377715938398614526e+01 8.270000000000000000e+02
-9.600000000000000000e+01 4.000000000000000000e+01 -1.000000000000000000e+01 4.187300000000000000e+04 4.795800000000000000e+04 4.883900000000000000e+04 4.774800000000000000e+04 1.378719843199360184e+01 8.270000000000000000e+02
-5.500000000000000000e+01 1.100000000000000000e+01 -2.000000000000000000e+01 4.424000000000000000e+04 4.811500000000000000e+04 4.643700000000000000e+04 4.781100000000000000e+04 1.379617952799890190e+01 8.270000000000000000e+02
-1.100000000000000000e+01 1.400000000000000000e+01 -9.000000000000000000e+00 4.048500000000000000e+04 5.040900000000000000e+04 4.942600000000000000e+04 4.522600000000000000e+04 1.380681426401133649e+01 8.290000000000000000e+02
-9.000000000000000000e+00 0.000000000000000000e+00 -9.000000000000000000e+00 4.480900000000000000e+04 4.845300000000000000e+04 4.583800000000000000e+04 4.710900000000000000e+04 1.381633816799148917e+01 8.290000000000000000e+02
2.100000000000000000e+01 1.500000000000000000e+01 -1.000000000000000000e+00 4.464400000000000000e+04 4.740200000000000000e+04 4.595200000000000000e+04 4.823500000000000000e+04 1.382773886198992841e+01 8.290000000000000000e+02
4.100000000000000000e+01 3.300000000000000000e+01 -1.000000000000000000e+00 4.468100000000000000e+04 4.899100000000000000e+04 4.612800000000000000e+04 4.643400000000000000e+04 1.383704121600021608e+01 8.290000000000000000e+02
4.600000000000000000e+01 1.800000000000000000e+01 1.000000000000000000e+00 4.440300000000000000e+04 4.893800000000000000e+04 4.663700000000000000e+04 4.672200000000000000e+04 1.384831647700048052e+01 8.260000000000000000e+02
6.200000000000000000e+01 5.000000000000000000e+00 5.000000000000000000e+00 4.316600000000000000e+04 4.833500000000000000e+04 4.764300000000000000e+04 4.731200000000000000e+04 1.385711923099006526e+01 8.260000000000000000e+02
4.200000000000000000e+01 -2.500000000000000000e+01 0.000000000000000000e+00 4.610000000000000000e+04 5.116600000000000000e+04 4.493100000000000000e+04 4.388900000000000000e+04 1.386669965801411308e+01 8.260000000000000000e+02
2.100000000000000000e+01 -1.000000000000000000e+01 -7.000000000000000000e+00 4.460100000000000000e+04 5.011700000000000000e+04 4.625500000000000000e+04 4.541700000000000000e+04 1.387659881400759332e+01 8.260000000000000000e+02
3.000000000000000000e+00 0.000000000000000000e+00 -4.000000000000000000e+00 4.417800000000000000e+04 4.919900000000000000e+04 4.643500000000000000e+04 4.638800000000000000e+04 1.388720682798884809e+01 8.290000000000000000e+02
-2.600000000000000000e+01 -9.000000000000000000e+00 -1.000000000000000000e+00 4.400300000000000000e+04 4.896400000000000000e+04 4.652800000000000000e+04 4.657600000000000000e+04 1.389774616700015031e+01 8.290000000000000000e+02
-7.900000000000000000e+01 -1.500000000000000000e+01 -1.100000000000000000e+01 4.379400000000000000e+04 4.827900000000000000e+04 4.674500000000000000e+04 4.727600000000000000e+04 1.390613690798636526e+01 8.290000000000000000e+02
-9.400000000000000000e+01 -1.200000000000000000e+01 -1.700000000000000000e+01 4.305100000000000000e+04 4.807900000000000000e+04 4.726900000000000000e+04 4.761100000000000000e+04 1.391669099399587139e+01 8.290000000000000000e+02
-1.040000000000000000e+02 -1.600000000000000000e+01 -1.400000000000000000e+01 4.029100000000000000e+04 4.654900000000000000e+04 4.928200000000000000e+04 4.924600000000000000e+04 1.392690106699592434e+01 8.300000000000000000e+02
-8.000000000000000000e+01 -8.000000000000000000e+00 -5.000000000000000000e+00 5.359300000000000000e+04 4.498100000000000000e+04 3.327300000000000000e+04 5.021300000000000000e+04 1.393634358799317852e+01 8.300000000000000000e+02
-5.500000000000000000e+01 -5.000000000000000000e+01 -1.600000000000000000e+01 4.464200000000000000e+04 4.749900000000000000e+04 4.567800000000000000e+04 4.798400000000000000e+04 1.394653723700321279e+01 8.300000000000000000e+02
-3.000000000000000000e+01 -1.120000000000000000e+02 -9.000000000000000000e+00 4.452000000000000000e+04 4.813800000000000000e+04 4.557000000000000000e+04 4.739700000000000000e+04 1.395652650800184347e+01 8.300000000000000000e+02
-2.200000000000000000e+01 -2.140000000000000000e+02 -8.000000000000000000e+00 4.369000000000000000e+04 4.947000000000000000e+04 4.646900000000000000e+04 4.585600000000000000e+04 1.396670957800233737e+01 8.300000000000000000e+02
-4.500000000000000000e+01 -2.890000000000000000e+02 -7.000000000000000000e+00 4.424900000000000000e+04 4.926300000000000000e+04 4.626800000000000000e+04 4.634000000000000000e+04 1.397636375800357200e+01 8.270000000000000000e+02
-4.800000000000000000e+01 -3.430000000000000000e+02 -1.000000000000000000e+01 4.259200000000000000e+04 4.985200000000000000e+04 4.758800000000000000e+04 4.572300000000000000e+04 1.398683317701215856e+01 8.270000000000000000e+02
-9.800000000000000000e+01 -3.680000000000000000e+02 -1.400000000000000000e+01 4.720200000000000000e+04 4.875100000000000000e+04 4.311600000000000000e+04 4.692200000000000000e+04 1.399714952899375930e+01 8.270000000000000000e+02
-1.060000000000000000e+02 -3.660000000000000000e+02 -1.700000000000000000e+01 4.129600000000000000e+04 4.944300000000000000e+04 4.856100000000000000e+04 4.630200000000000000e+04 1.400678840599721298e+01 8.270000000000000000e+02
-1.330000000000000000e+02 -3.760000000000000000e+02 -2.000000000000000000e+01 4.081300000000000000e+04 5.004000000000000000e+04 4.889100000000000000e+04 4.553100000000000000e+04 1.401729261199943721e+01 8.290000000000000000e+02
-1.350000000000000000e+02 -3.570000000000000000e+02 -1.400000000000000000e+01 4.381100000000000000e+04 4.826500000000000000e+04 4.616600000000000000e+04 4.765300000000000000e+04 1.402653777299565263e+01 8.290000000000000000e+02
-1.150000000000000000e+02 -3.340000000000000000e+02 -1.000000000000000000e+01 4.138800000000000000e+04 4.969100000000000000e+04 4.822100000000000000e+04 4.597500000000000000e+04 1.403711899800691754e+01 8.290000000000000000e+02
-1.050000000000000000e+02 -2.990000000000000000e+02 4.000000000000000000e+00 4.291700000000000000e+04 4.958200000000000000e+04 4.710100000000000000e+04 4.581900000000000000e+04 1.404664048401173204e+01 8.290000000000000000e+02
-1.310000000000000000e+02 -2.480000000000000000e+02 -2.000000000000000000e+00 4.289500000000000000e+04 4.890600000000000000e+04 4.733500000000000000e+04 4.617400000000000000e+04 1.405698914700769819e+01 8.300000000000000000e+02
-1.050000000000000000e+02 -1.910000000000000000e+02 -1.000000000000000000e+00 4.516800000000000000e+04 4.704300000000000000e+04 4.522100000000000000e+04 4.800700000000000000e+04 1.406692656700033695e+01 8.300000000000000000e+02
-7.400000000000000000e+01 -1.930000000000000000e+02 -8.000000000000000000e+00 4.298600000000000000e+04 4.904500000000000000e+04 4.710200000000000000e+04 4.587000000000000000e+04 1.407669621999957599e+01 8.300000000000000000e+02
-6.600000000000000000e+01 -1.770000000000000000e+02 -1.400000000000000000e+01 4.318400000000000000e+04 4.877100000000000000e+04 4.673000000000000000e+04 4.631800000000000000e+04 1.408688811000320129e+01 8.300000000000000000e+02
-5.900000000000000000e+01 -1.720000000000000000e+02 -5.000000000000000000e+00 4.374600000000000000e+04 4.849700000000000000e+04 4.628000000000000000e+04 4.656200000000000000e+04 1.409696410599281080e+01 8.300000000000000000e+02
-4.200000000000000000e+01 -1.790000000000000000e+02 -4.000000000000000000e+00 4.419500000000000000e+04 4.824100000000000000e+04 4.589500000000000000e+04 4.693900000000000000e+04 1.410662003498873673e+01 8.290000000000000000e+02
4.000000000000000000e+00 -2.190000000000000000e+02 -3.000000000000000000e+00 4.384400000000000000e+04 4.823700000000000000e+04 4.617800000000000000e+04 4.689000000000000000e+04 1.411640440899645910e+01 8.290000000000000000e+02
-8.000000000000000000e+00 -2.590000000000000000e+02 -3.000000000000000000e+00 4.376200000000000000e+04 4.900100000000000000e+04 4.635600000000000000e+04 4.616900000000000000e+04 1.412665610600379296e+01 8.290000000000000000e+02
5.100000000000000000e+01 -2.670000000000000000e+02 -6.000000000000000000e+00 4.323600000000000000e+04 4.876100000000000000e+04 4.681300000000000000e+04 4.634700000000000000e+04 1.413647255199612118e+01 8.290000000000000000e+02
5.200000000000000000e+01 -2.800000000000000000e+02 -5.000000000000000000e+00 4.334800000000000000e+04 4.875800000000000000e+04 4.671000000000000000e+04 4.634500000000000000e+04 1.414655259798746556e+01 1.050000000000000000e+02
6.400000000000000000e+01 -2.810000000000000000e+02 9.000000000000000000e+00 4.229200000000000000e+04 4.774000000000000000e+04 4.498600000000000000e+04 4.458500000000000000e+04 1.415667374499025755e+01 1.050000000000000000e+02
6.600000000000000000e+01 -2.270000000000000000e+02 1.000000000000000000e+01 4.192300000000000000e+04 4.684100000000000000e+04 4.507000000000000000e+04 4.513200000000000000e+04 1.416750456200679764e+01 1.050000000000000000e+02
6.000000000000000000e+01 -2.400000000000000000e+02 1.500000000000000000e+01 4.168100000000000000e+04 4.583800000000000000e+04 4.511600000000000000e+04 4.557300000000000000e+04 1.417932503699557856e+01 1.050000000000000000e+02
1.180000000000000000e+02 -2.790000000000000000e+02 1.000000000000000000e+01 4.009600000000000000e+04 4.534500000000000000e+04 4.649700000000000000e+04 4.603900000000000000e+04 1.418618889499339275e+01 5.900000000000000000e+01
1.770000000000000000e+02 -2.350000000000000000e+02 3.100000000000000000e+01 4.266300000000000000e+04 4.640000000000000000e+04 4.789400000000000000e+04 4.881800000000000000e+04 1.419621915501193143e+01 5.900000000000000000e+01
3.400000000000000000e+02 -2.730000000000000000e+02 2.800000000000000000e+01 4.319000000000000000e+04 4.694600000000000000e+04 4.792000000000000000e+04 4.799400000000000000e+04 1.420622860800358467e+01 5.900000000000000000e+01
4.990000000000000000e+02 -2.990000000000000000e+02 3.100000000000000000e+01 4.422300000000000000e+04 4.766000000000000000e+04 4.746000000000000000e+04 4.836400000000000000e+04 1.421653683600015938e+01 5.900000000000000000e+01
6.970000000000000000e+02 -3.540000000000000000e+02 2.700000000000000000e+01 4.552600000000000000e+04 5.032300000000000000e+04 4.643600000000000000e+04 4.576700000000000000e+04 1.422692770999856293e+01 5.900000000000000000e+01
8.250000000000000000e+02 -3.720000000000000000e+02 2.800000000000000000e+01 4.601500000000000000e+04 5.061600000000000000e+04 4.632100000000000000e+04 4.542700000000000000e+04 1.423710848699556664e+01 8.600000000000000000e+01
8.810000000000000000e+02 -3.500000000000000000e+02 4.700000000000000000e+01 4.552700000000000000e+04 5.051300000000000000e+04 4.608200000000000000e+04 4.471300000000000000e+04 1.424715036799898371e+01 8.600000000000000000e+01
8.320000000000000000e+02 -2.970000000000000000e+02 2.800000000000000000e+01 4.620500000000000000e+04 5.127900000000000000e+04 4.537000000000000000e+04 4.382400000000000000e+04 1.425699601499945857e+01 8.600000000000000000e+01
7.300000000000000000e+02 -2.490000000000000000e+02 2.500000000000000000e+01 4.558400000000000000e+04 5.127500000000000000e+04 4.593700000000000000e+04 4.390400000000000000e+04 1.426637153999763541e+01 8.600000000000000000e+01
5.340000000000000000e+02 -1.610000000000000000e+02 3.300000000000000000e+01 4.493800000000000000e+04 5.018600000000000000e+04 4.622400000000000000e+04 4.553100000000000000e+04 1.427680085500469431e+01 9.000000000000000000e+01
3.330000000000000000e+02 -4.500000000000000000e+01 3.800000000000000000e+01 4.416900000000000000e+04 4.877300000000000000e+04 4.614600000000000000e+04 4.570600000000000000e+04 1.428633237999747507e+01 9.000000000000000000e+01
1.120000000000000000e+02 9.300000000000000000e+01 3.900000000000000000e+01 4.371800000000000000e+04 4.715100000000000000e+04 4.669300000000000000e+04 4.735300000000000000e+04 1.429693978399154730e+01 9.000000000000000000e+01
-8.200000000000000000e+01 1.950000000000000000e+02 2.500000000000000000e+01 4.299100000000000000e+04 4.616700000000000000e+04 4.707400000000000000e+04 4.831000000000000000e+04 1.430625920399324968e+01 9.000000000000000000e+01
-2.040000000000000000e+02 2.780000000000000000e+02 1.700000000000000000e+01 4.307600000000000000e+04 4.521200000000000000e+04 4.714900000000000000e+04 4.891800000000000000e+04 1.431617593401460908e+01 9.000000000000000000e+01
-2.480000000000000000e+02 3.160000000000000000e+02 2.000000000000000000e+01 4.287500000000000000e+04 4.475100000000000000e+04 4.735000000000000000e+04 4.942000000000000000e+04 1.432622708400595002e+01 9.000000000000000000e+01
-2.170000000000000000e+02 3.200000000000000000e+02 1.200000000000000000e+01 4.330900000000000000e+04 4.470600000000000000e+04 4.646100000000000000e+04 4.903200000000000000e+04 1.433594502499909140e+01 9.000000000000000000e+01
-1.440000000000000000e+02 3.300000000000000000e+02 2.300000000000000000e+01 4.356900000000000000e+04 4.513000000000000000e+04 4.624100000000000000e+04 4.875000000000000000e+04 1.434626899700378999e+01 9.000000000000000000e+01
-2.700000000000000000e+01 2.990000000000000000e+02 1.900000000000000000e+01 4.414800000000000000e+04 4.674000000000000000e+04 4.530000000000000000e+04 4.737600000000000000e+04 1.435605260299053043e+01 9.000000000000000000e+01
9.500000000000000000e+01 2.410000000000000000e+02 3.000000000000000000e+01 4.476800000000000000e+04 4.813100000000000000e+04 4.504500000000000000e+04 4.547500000000000000e+04 1.436592488401220180e+01 8.600000000000000000e+01
1.280000000000000000e+02 1.330000000000000000e+02 3.300000000000000000e+01 4.390800000000000000e+04 4.784700000000000000e+04 4.618000000000000000e+04 4.570100000000000000e+04 1.437693935399875045e+01 8.600000000000000000e+01
1.680000000000000000e+02 5.700000000000000000e+01 2.800000000000000000e+01 4.407800000000000000e+04 4.910100000000000000e+04 4.588100000000000000e+04 4.451600000000000000e+04 1.438619537098566070e+01 8.600000000000000000e+01
1.890000000000000000e+02 2.000000000000000000e+00 2.700000000000000000e+01 4.385600000000000000e+04 4.956800000000000000e+04 4.613500000000000000e+04 4.383200000000000000e+04 1.439641656499588862e+01 8.600000000000000000e+01
2.040000000000000000e+02 3.000000000000000000e+00 2.100000000000000000e+01 4.399500000000000000e+04 5.006600000000000000e+04 4.584200000000000000e+04 4.332700000000000000e+04 1.440671973599819466e+01 8.600000000000000000e+01
1.100000000000000000e+02 8.000000000000000000e+00 2.200000000000000000e+01 4.310700000000000000e+04 4.936200000000000000e+04 4.699100000000000000e+04 4.425100000000000000e+04 1.441636396900867112e+01 8.600000000000000000e+01
-8.000000000000000000e+00 7.300000000000000000e+01 2.900000000000000000e+01 4.372700000000000000e+04 4.846800000000000000e+04 4.645100000000000000e+04 4.539100000000000000e+04 1.442675292398780584e+01 8.600000000000000000e+01
-1.520000000000000000e+02 1.580000000000000000e+02 3.600000000000000000e+01 4.316400000000000000e+04 4.654700000000000000e+04 4.769400000000000000e+04 4.681900000000000000e+04 1.443625936799799092e+01 8.600000000000000000e+01
-2.650000000000000000e+02 2.620000000000000000e+02 4.900000000000000000e+01 4.330900000000000000e+04 4.554900000000000000e+04 4.729100000000000000e+04 4.823900000000000000e+04 1.444586398100364022e+01 8.600000000000000000e+01
-3.020000000000000000e+02 2.930000000000000000e+02 4.500000000000000000e+01 4.257300000000000000e+04 4.553800000000000000e+04 4.811800000000000000e+04 4.821200000000000000e+04 1.445605953299673274e+01 8.400000000000000000e+01
-2.880000000000000000e+02 2.830000000000000000e+02 4.000000000000000000e+01 4.375200000000000000e+04 4.645000000000000000e+04 4.762800000000000000e+04 4.777900000000000000e+04 1.446648210700368509e+01 8.400000000000000000e+01
-2.750000000000000000e+02 2.490000000000000000e+02 3.900000000000000000e+01 4.356000000000000000e+04 4.642600000000000000e+04 4.771400000000000000e+04 4.804400000000000000e+04 1.447650227000121959e+01 8.400000000000000000e+01
-1.590000000000000000e+02 1.680000000000000000e+02 3.100000000000000000e+01 4.419800000000000000e+04 4.789200000000000000e+04 4.722800000000000000e+04 4.656800000000000000e+04 1.448588506499072537e+01 8.400000000000000000e+01
-4.200000000000000000e+01 1.500000000000000000e+02 3.400000000000000000e+01 4.480000000000000000e+04 4.855900000000000000e+04 4.667900000000000000e+04 4.580900000000000000e+04 1.449598558899015188e+01 8.200000000000000000e+01
3.500000000000000000e+01 1.700000000000000000e+02 4.200000000000000000e+01 4.558600000000000000e+04 4.812100000000000000e+04 4.659400000000000000e+04 4.627900000000000000e+04 1.450728660699678585e+01 8.200000000000000000e+01
5.900000000000000000e+01 1.970000000000000000e+02 3.700000000000000000e+01 4.539200000000000000e+04 4.840700000000000000e+04 4.658100000000000000e+04 4.642400000000000000e+04 1.451619459100766107e+01 8.200000000000000000e+01
2.100000000000000000e+01 2.610000000000000000e+02 3.300000000000000000e+01 4.553300000000000000e+04 4.706900000000000000e+04 4.643600000000000000e+04 4.774100000000000000e+04 1.452648914398741908e+01 8.200000000000000000e+01
-1.100000000000000000e+01 2.500000000000000000e+02 3.900000000000000000e+01 4.547100000000000000e+04 4.771200000000000000e+04 4.639800000000000000e+04 4.731100000000000000e+04 1.453580285501084290e+01 8.200000000000000000e+01
-7.000000000000000000e+00 2.000000000000000000e+02 4.600000000000000000e+01 4.595100000000000000e+04 4.842400000000000000e+04 4.615300000000000000e+04 4.641200000000000000e+04 1.454596515098819509e+01 7.800000000000000000e+01
-4.400000000000000000e+01 1.340000000000000000e+02 5.000000000000000000e+01 4.534900000000000000e+04 4.815700000000000000e+04 4.788900000000000000e+04 4.657100000000000000e+04 1.455606584099587053e+01 7.800000000000000000e+01
-8.700000000000000000e+01 4.800000000000000000e+01 4.800000000000000000e+01 4.447500000000000000e+04 4.861700000000000000e+04 4.809400000000000000e+04 4.677700000000000000e+04 1.456627744701108895e+01 7.800000000000000000e+01
-1.310000000000000000e+02 -2.100000000000000000e+01 2.100000000000000000e+01 4.363800000000000000e+04 4.850100000000000000e+04 4.918200000000000000e+04 4.662400000000000000e+04 1.457614561601076275e+01 7.800000000000000000e+01
-1.850000000000000000e+02 -4.800000000000000000e+01 2.800000000000000000e+01 4.358600000000000000e+04 4.882200000000000000e+04 4.907700000000000000e+04 4.684700000000000000e+04 1.458646621700609103e+01 7.200000000000000000e+01
-2.600000000000000000e+02 -5.400000000000000000e+01 1.600000000000000000e+01 4.339300000000000000e+04 4.827500000000000000e+04 5.032400000000000000e+04 4.777900000000000000e+04 1.459614956300356425e+01 7.200000000000000000e+01
-2.440000000000000000e+02 -5.500000000000000000e+01 1.400000000000000000e+01 4.310800000000000000e+04 4.936600000000000000e+04 5.001200000000000000e+04 4.761600000000000000e+04 1.460633409299771301e+01 7.200000000000000000e+01
-1.890000000000000000e+02 -1.300000000000000000e+01 1.600000000000000000e+01 4.479900000000000000e+04 4.928600000000000000e+04 4.912100000000000000e+04 4.731900000000000000e+04 1.461574802800896578e+01 7.200000000000000000e+01
-1.440000000000000000e+02 7.200000000000000000e+01 -5.000000000000000000e+00 4.538100000000000000e+04 4.976100000000000000e+04 4.789100000000000000e+04 4.744400000000000000e+04 1.462741136099793948e+01 7.200000000000000000e+01
-1.330000000000000000e+02 1.860000000000000000e+02 1.200000000000000000e+01 4.660600000000000000e+04 4.871400000000000000e+04 4.736800000000000000e+04 4.829900000000000000e+04 1.463631333300145343e+01 7.200000000000000000e+01
-1.210000000000000000e+02 3.480000000000000000e+02 1.900000000000000000e+01 4.790200000000000000e+04 4.829600000000000000e+04 4.567600000000000000e+04 4.892600000000000000e+04 1.464584812801331282e+01 7.200000000000000000e+01
-1.060000000000000000e+02 4.660000000000000000e+02 3.900000000000000000e+01 4.884200000000000000e+04 4.661700000000000000e+04 4.524900000000000000e+04 4.981800000000000000e+04 1.465644104100647382e+01 7.200000000000000000e+01
-1.100000000000000000e+02 4.130000000000000000e+02 1.500000000000000000e+01 4.770900000000000000e+04 4.790700000000000000e+04 4.635700000000000000e+04 4.866500000000000000e+04 1.468512618698878214e+01 7.200000000000000000e+01
-1.450000000000000000e+02 2.930000000000000000e+02 2.000000000000000000e+00 4.699900000000000000e+04 4.879100000000000000e+04 4.644800000000000000e+04 4.822700000000000000e+04 1.469181237000157125e+01 7.100000000000000000e+01
-2.550000000000000000e+02 1.560000000000000000e+02 -1.000000000000000000e+00 4.544400000000000000e+04 4.816300000000000000e+04 4.867000000000000000e+04 4.798000000000000000e+04 1.469361156600643881e+01 7.100000000000000000e+01
-2.950000000000000000e+02 9.500000000000000000e+01 -1.800000000000000000e+01 4.509600000000000000e+04 4.786500000000000000e+04 4.811200000000000000e+04 4.859100000000000000e+04 1.469661425400408916e+01 7.100000000000000000e+01
-3.350000000000000000e+02 8.500000000000000000e+01 -1.400000000000000000e+01 4.515100000000000000e+04 4.725400000000000000e+04 4.820800000000000000e+04 4.888800000000000000e+04 1.470551236000028439e+01 7.100000000000000000e+01
-2.960000000000000000e+02 6.000000000000000000e+01 7.000000000000000000e+00 4.547500000000000000e+04 4.881600000000000000e+04 4.690100000000000000e+04 4.827700000000000000e+04 1.471647229400696233e+01 6.900000000000000000e+01
-3.280000000000000000e+02 2.900000000000000000e+01 8.000000000000000000e+00 4.547900000000000000e+04 4.807200000000000000e+04 4.793100000000000000e+04 4.814400000000000000e+04 1.472734356200089678e+01 6.900000000000000000e+01
-3.430000000000000000e+02 -7.700000000000000000e+01 -1.300000000000000000e+01 4.427600000000000000e+04 4.842600000000000000e+04 4.894100000000000000e+04 4.759800000000000000e+04 1.473635403701337054e+01 6.900000000000000000e+01
-3.780000000000000000e+02 -1.790000000000000000e+02 -3.100000000000000000e+01 4.255900000000000000e+04 4.856300000000000000e+04 4.969800000000000000e+04 4.779500000000000000e+04 1.474695225400500931e+01 6.900000000000000000e+01
-3.150000000000000000e+02 -2.240000000000000000e+02 -3.000000000000000000e+01 4.284300000000000000e+04 4.864300000000000000e+04 4.937900000000000000e+04 4.755300000000000000e+04 1.475593950500478968e+01 6.900000000000000000e+01
-2.800000000000000000e+02 -1.260000000000000000e+02 -3.200000000000000000e+01 4.411200000000000000e+04 4.776300000000000000e+04 4.887400000000000000e+04 4.842700000000000000e+04 1.476596592599526048e+01 6.500000000000000000e+01
-1.220000000000000000e+02 -6.100000000000000000e+01 -2.500000000000000000e+01 4.457900000000000000e+04 4.830000000000000000e+04 4.815000000000000000e+04 4.806600000000000000e+04 1.477672707798774354e+01 6.500000000000000000e+01
-9.000000000000000000e+00 -7.000000000000000000e+00 -3.500000000000000000e+01 4.549500000000000000e+04 4.864300000000000000e+04 4.729400000000000000e+04 4.756900000000000000e+04 1.478569542401237413e+01 6.500000000000000000e+01
1.600000000000000000e+02 1.500000000000000000e+01 -3.300000000000000000e+01 4.619700000000000000e+04 4.975200000000000000e+04 4.642700000000000000e+04 4.633100000000000000e+04 1.479628468898590654e+01 6.500000000000000000e+01
2.630000000000000000e+02 -6.000000000000000000e+00 -2.500000000000000000e+01 4.661700000000000000e+04 5.084900000000000000e+04 4.583900000000000000e+04 4.496500000000000000e+04 1.480626688199117780e+01 6.400000000000000000e+01
3.490000000000000000e+02 -1.400000000000000000e+01 -3.800000000000000000e+01 4.660700000000000000e+04 5.119200000000000000e+04 4.577400000000000000e+04 4.470500000000000000e+04 1.481710041500627995e+01 6.400000000000000000e+01
3.590000000000000000e+02 3.400000000000000000e+01 -2.400000000000000000e+01 4.738300000000000000e+04 5.081100000000000000e+04 4.518000000000000000e+04 4.517500000000000000e+04 1.482612743601202965e+01 6.400000000000000000e+01
3.210000000000000000e+02 8.200000000000000000e+01 8.000000000000000000e+00 4.778300000000000000e+04 5.047400000000000000e+04 4.479200000000000000e+04 4.530300000000000000e+04 1.483644838898908347e+01 6.400000000000000000e+01
1.540000000000000000e+02 1.130000000000000000e+02 3.100000000000000000e+01 4.662900000000000000e+04 4.922000000000000000e+04 4.604300000000000000e+04 4.611500000000000000e+04 1.484594376600580290e+01 6.500000000000000000e+01
-1.300000000000000000e+01 9.900000000000000000e+01 4.300000000000000000e+01 4.540900000000000000e+04 4.776300000000000000e+04 4.753100000000000000e+04 4.707800000000000000e+04 1.485577426099916920e+01 6.500000000000000000e+01
-1.090000000000000000e+02 8.000000000000000000e+01 3.300000000000000000e+01 4.488800000000000000e+04 4.730400000000000000e+04 4.764900000000000000e+04 4.772500000000000000e+04 1.486641902700648643e+01 6.500000000000000000e+01
-1.980000000000000000e+02 4.400000000000000000e+01 3.700000000000000000e+01 4.411400000000000000e+04 4.713000000000000000e+04 4.827900000000000000e+04 4.776600000000000000e+04 1.487548240300384350e+01 6.500000000000000000e+01
-2.420000000000000000e+02 -1.700000000000000000e+01 4.300000000000000000e+01 4.359600000000000000e+04 4.777400000000000000e+04 4.852000000000000000e+04 4.702100000000000000e+04 1.488569065000046976e+01 6.500000000000000000e+01
-2.350000000000000000e+02 -6.300000000000000000e+01 4.100000000000000000e+01 4.325000000000000000e+04 4.771600000000000000e+04 4.913900000000000000e+04 4.647700000000000000e+04 1.489611594099551439e+01 6.500000000000000000e+01
-2.270000000000000000e+02 -8.100000000000000000e+01 4.000000000000000000e+01 4.277000000000000000e+04 4.768900000000000000e+04 4.933200000000000000e+04 4.668900000000000000e+04 1.490611448400886729e+01 6.500000000000000000e+01
-1.620000000000000000e+02 -5.800000000000000000e+01 4.900000000000000000e+01 4.296300000000000000e+04 4.831900000000000000e+04 4.890200000000000000e+04 4.605000000000000000e+04 1.491584339900873601e+01 6.500000000000000000e+01
-1.280000000000000000e+02 4.000000000000000000e+00 4.600000000000000000e+01 4.361400000000000000e+04 4.689500000000000000e+04 4.863100000000000000e+04 4.679400000000000000e+04 1.492634495900711045e+01 6.500000000000000000e+01
-5.600000000000000000e+01 1.160000000000000000e+02 4.000000000000000000e+01 4.495900000000000000e+04 4.729000000000000000e+04 4.687200000000000000e+04 4.664600000000000000e+04 1.493607398800668307e+01 6.600000000000000000e+01
1.000000000000000000e+01 2.070000000000000000e+02 3.900000000000000000e+01 4.546900000000000000e+04 4.650600000000000000e+04 4.616000000000000000e+04 4.689800000000000000e+04 1.494581745201139711e+01 6.600000000000000000e+01
9.300000000000000000e+01 2.340000000000000000e+02 3.300000000000000000e+01 4.527700000000000000e+04 4.699400000000000000e+04 4.603700000000000000e+04 4.633100000000000000e+04 1.495583550399169326e+01 6.600000000000000000e+01
1.520000000000000000e+02 2.640000000000000000e+02 2.700000000000000000e+01 4.621200000000000000e+04 4.714400000000000000e+04 4.516400000000000000e+04 4.588700000000000000e+04 1.496556091000093147e+01 6.600000000000000000e+01
1.540000000000000000e+02 2.510000000000000000e+02 4.100000000000000000e+01 4.633400000000000000e+04 4.737400000000000000e+04 4.472100000000000000e+04 4.589300000000000000e+04 1.497527757298666984e+01 6.600000000000000000e+01
1.680000000000000000e+02 1.600000000000000000e+02 2.900000000000000000e+01 4.565900000000000000e+04 4.759600000000000000e+04 4.526000000000000000e+04 4.524200000000000000e+04 1.498588015401037410e+01 6.900000000000000000e+01
1.750000000000000000e+02 8.300000000000000000e+01 2.000000000000000000e+01 4.553400000000000000e+04 4.717000000000000000e+04 4.530900000000000000e+04 4.563900000000000000e+04 1.499815750098787248e+01 6.900000000000000000e+01
6.800000000000000000e+01 1.400000000000000000e+01 8.000000000000000000e+00 4.324600000000000000e+04 4.707900000000000000e+04 4.702000000000000000e+04 4.602600000000000000e+04 1.500557994900736958e+01 6.900000000000000000e+01
1.800000000000000000e+01 1.100000000000000000e+01 -1.700000000000000000e+01 4.371600000000000000e+04 4.618000000000000000e+04 4.717500000000000000e+04 4.641500000000000000e+04 1.501556313800392672e+01 6.900000000000000000e+01
4.400000000000000000e+01 8.000000000000000000e+00 -3.000000000000000000e+01 4.316900000000000000e+04 4.693900000000000000e+04 4.693000000000000000e+04 4.657300000000000000e+04 1.502556628201273270e+01 6.900000000000000000e+01
1.060000000000000000e+02 -1.300000000000000000e+01 -2.000000000000000000e+01 4.406300000000000000e+04 4.642200000000000000e+04 4.638300000000000000e+04 4.709100000000000000e+04 1.503520518299774267e+01 6.900000000000000000e+01
1.120000000000000000e+02 2.200000000000000000e+01 -2.100000000000000000e+01 4.427700000000000000e+04 4.619200000000000000e+04 4.637700000000000000e+04 4.737200000000000000e+04 1.504574142000637949e+01 6.900000000000000000e+01
1.420000000000000000e+02 0.000000000000000000e+00 -1.800000000000000000e+01 4.431000000000000000e+04 4.764200000000000000e+04 4.633600000000000000e+04 4.641200000000000000e+04 1.505542659599450417e+01 6.900000000000000000e+01
1.590000000000000000e+02 -1.600000000000000000e+01 0.000000000000000000e+00 4.440000000000000000e+04 4.745100000000000000e+04 4.644400000000000000e+04 4.623400000000000000e+04 1.506525192499975674e+01 7.200000000000000000e+01
1.570000000000000000e+02 -7.300000000000000000e+01 -1.800000000000000000e+01 4.437100000000000000e+04 4.745300000000000000e+04 4.666400000000000000e+04 4.617700000000000000e+04 1.507594003999838606e+01 7.200000000000000000e+01
1.800000000000000000e+02 -9.000000000000000000e+01 -5.000000000000000000e+00 4.402600000000000000e+04 4.849300000000000000e+04 4.694000000000000000e+04 4.529200000000000000e+04 1.508525235598790459e+01 7.200000000000000000e+01
1.850000000000000000e+02 -1.210000000000000000e+02 -2.000000000000000000e+00 4.404900000000000000e+04 4.818100000000000000e+04 4.694700000000000000e+04 4.563400000000000000e+04 1.509522308199666440e+01 7.200000000000000000e+01
