4.200000000000000000e+01 1.600000000000000000e+01 9.000000000000000000e+00 4.461100000000000000e+04 4.774600000000000000e+04 4.668200000000000000e+04 4.448800000000000000e+04 2.460071736795362085e+01 8.010000000000000000e+02
4.100000000000000000e+01 -1.000000000000000000e+00 -1.000000000000000000e+00 4.484500000000000000e+04 4.771100000000000000e+04 4.646500000000000000e+04 4.456500000000000000e+04 2.461085474496940151e+01 8.010000000000000000e+02
7.100000000000000000e+01 4.700000000000000000e+01 -1.700000000000000000e+01 4.484800000000000000e+04 4.774000000000000000e+04 4.628000000000000000e+04 4.475900000000000000e+04 2.462086273595923558e+01 8.010000000000000000e+02
1.060000000000000000e+02 4.300000000000000000e+01 -1.000000000000000000e+01 4.600900000000000000e+04 4.779100000000000000e+04 4.508600000000000000e+04 4.480400000000000000e+04 2.463070681999670342e+01 8.020000000000000000e+02
8.900000000000000000e+01 3.300000000000000000e+01 -1.800000000000000000e+01 4.649400000000000000e+04 4.820200000000000000e+04 4.463600000000000000e+04 4.420700000000000000e+04 2.464032892097020522e+01 8.020000000000000000e+02
7.900000000000000000e+01 -3.000000000000000000e+00 -1.700000000000000000e+01 4.459600000000000000e+04 4.788400000000000000e+04 4.651700000000000000e+04 4.452700000000000000e+04 2.465075492998585105e+01 8.020000000000000000e+02
3.400000000000000000e+01 -6.300000000000000000e+01 -1.600000000000000000e+01 4.374800000000000000e+04 4.796900000000000000e+04 4.712300000000000000e+04 4.450200000000000000e+04 2.466046337294392288e+01 8.020000000000000000e+02
-2.000000000000000000e+00 -9.200000000000000000e+01 -2.300000000000000000e+01 4.384700000000000000e+04 4.806700000000000000e+04 4.693500000000000000e+04 4.436800000000000000e+04 2.467084878898458555e+01 8.020000000000000000e+02
-2.800000000000000000e+01 -1.020000000000000000e+02 -3.800000000000000000e+01 4.373200000000000000e+04 4.887900000000000000e+04 4.688800000000000000e+04 4.346100000000000000e+04 2.468053712195251137e+01 8.020000000000000000e+02
-5.500000000000000000e+01 -7.600000000000000000e+01 -3.600000000000000000e+01 4.286300000000000000e+04 4.876600000000000000e+04 4.767700000000000000e+04 4.357300000000000000e+04 2.469128150696633384e+01 8.020000000000000000e+02
-7.400000000000000000e+01 -6.600000000000000000e+01 -3.300000000000000000e+01 4.211100000000000000e+04 4.789700000000000000e+04 4.817600000000000000e+04 4.469300000000000000e+04 2.470183132297825068e+01 8.020000000000000000e+02
-6.600000000000000000e+01 -5.000000000000000000e+01 -3.300000000000000000e+01 4.537300000000000000e+04 4.959600000000000000e+04 4.523900000000000000e+04 4.260000000000000000e+04 2.471092013799352571e+01 8.020000000000000000e+02
-5.400000000000000000e+01 -2.500000000000000000e+01 -3.900000000000000000e+01 4.126400000000000000e+04 4.663500000000000000e+04 4.846800000000000000e+04 4.589000000000000000e+04 2.472080828499747440e+01 8.050000000000000000e+02
-3.700000000000000000e+01 2.500000000000000000e+01 -3.600000000000000000e+01 4.438600000000000000e+04 4.896800000000000000e+04 4.584900000000000000e+04 4.320000000000000000e+04 2.473106380295939744e+01 8.050000000000000000e+02
-8.000000000000000000e+00 5.400000000000000000e+01 -3.100000000000000000e+01 4.466000000000000000e+04 4.696500000000000000e+04 4.554700000000000000e+04 4.554600000000000000e+04 2.474119976599467918e+01 8.050000000000000000e+02
2.100000000000000000e+01 8.100000000000000000e+01 -5.100000000000000000e+01 4.393500000000000000e+04 4.855400000000000000e+04 4.611900000000000000e+04 4.399900000000000000e+04 2.475052292895270512e+01 8.050000000000000000e+02
5.100000000000000000e+01 7.400000000000000000e+01 -5.800000000000000000e+01 4.437600000000000000e+04 4.876100000000000000e+04 4.546600000000000000e+04 4.358800000000000000e+04 2.476048505696235225e+01 8.060000000000000000e+02
6.000000000000000000e+01 7.600000000000000000e+01 -5.500000000000000000e+01 4.542500000000000000e+04 4.744900000000000000e+04 4.430900000000000000e+04 4.506500000000000000e+04 2.477052400796674192e+01 8.060000000000000000e+02
5.400000000000000000e+01 7.400000000000000000e+01 -4.900000000000000000e+01 4.444600000000000000e+04 4.869300000000000000e+04 4.540900000000000000e+04 4.372500000000000000e+04 2.478058755898382515e+01 8.060000000000000000e+02
3.800000000000000000e+01 5.800000000000000000e+01 -5.600000000000000000e+01 4.430500000000000000e+04 4.816700000000000000e+04 4.553300000000000000e+04 4.460600000000000000e+04 2.479093540995381773e+01 8.060000000000000000e+02
2.200000000000000000e+01 2.800000000000000000e+01 -4.300000000000000000e+01 4.428100000000000000e+04 4.796300000000000000e+04 4.578000000000000000e+04 4.503900000000000000e+04 2.480109083198476583e+01 8.030000000000000000e+02
-2.000000000000000000e+00 -6.000000000000000000e+00 -5.700000000000000000e+01 4.189400000000000000e+04 4.820600000000000000e+04 4.790600000000000000e+04 4.476600000000000000e+04 2.481117185496259481e+01 8.030000000000000000e+02
-1.900000000000000000e+01 -2.900000000000000000e+01 -4.700000000000000000e+01 4.487700000000000000e+04 4.838000000000000000e+04 4.536500000000000000e+04 4.478900000000000000e+04 2.482040666096145287e+01 8.030000000000000000e+02
-2.400000000000000000e+01 -4.700000000000000000e+01 -4.200000000000000000e+01 4.232600000000000000e+04 4.784400000000000000e+04 4.768300000000000000e+04 4.532700000000000000e+04 2.483042142895283177e+01 8.030000000000000000e+02
-3.100000000000000000e+01 -4.200000000000000000e+01 -4.300000000000000000e+01 4.271300000000000000e+04 4.823100000000000000e+04 4.729600000000000000e+04 4.485300000000000000e+04 2.484049619897268713e+01 8.060000000000000000e+02
-2.000000000000000000e+01 -1.200000000000000000e+01 -5.400000000000000000e+01 4.361500000000000000e+04 4.829400000000000000e+04 4.620600000000000000e+04 4.467200000000000000e+04 2.485054874495835975e+01 8.060000000000000000e+02
7.000000000000000000e+00 -8.000000000000000000e+00 -4.200000000000000000e+01 4.341500000000000000e+04 4.882800000000000000e+04 4.638000000000000000e+04 4.415000000000000000e+04 2.486035830894252285e+01 8.060000000000000000e+02
4.400000000000000000e+01 2.900000000000000000e+01 -4.000000000000000000e+01 4.443100000000000000e+04 4.896900000000000000e+04 4.553100000000000000e+04 4.406000000000000000e+04 2.487077289196895435e+01 8.060000000000000000e+02
7.200000000000000000e+01 3.100000000000000000e+01 -3.600000000000000000e+01 4.344000000000000000e+04 4.837700000000000000e+04 4.640400000000000000e+04 4.471600000000000000e+04 2.488053971296176314e+01 8.060000000000000000e+02
6.600000000000000000e+01 2.600000000000000000e+01 -4.900000000000000000e+01 4.572700000000000000e+04 5.068300000000000000e+04 4.468600000000000000e+04 4.248800000000000000e+04 2.489080986694898456e+01 8.010000000000000000e+02
5.600000000000000000e+01 3.000000000000000000e+01 -4.800000000000000000e+01 4.309800000000000000e+04 4.932500000000000000e+04 4.725600000000000000e+04 4.432400000000000000e+04 2.490030487295007333e+01 8.010000000000000000e+02
5.600000000000000000e+01 4.800000000000000000e+01 -3.500000000000000000e+01 4.546000000000000000e+04 4.898600000000000000e+04 4.506500000000000000e+04 4.470400000000000000e+04 2.491056123195448890e+01 8.010000000000000000e+02
2.100000000000000000e+01 6.700000000000000000e+01 -4.300000000000000000e+01 4.390700000000000000e+04 4.957800000000000000e+04 4.667600000000000000e+04 4.421300000000000000e+04 2.492057902197120711e+01 8.010000000000000000e+02
-1.200000000000000000e+01 6.500000000000000000e+01 -3.600000000000000000e+01 4.402400000000000000e+04 4.879100000000000000e+04 4.650200000000000000e+04 4.523900000000000000e+04 2.493065222195582464e+01 8.050000000000000000e+02
-4.100000000000000000e+01 8.600000000000000000e+01 -3.600000000000000000e+01 4.426400000000000000e+04 4.836900000000000000e+04 4.618400000000000000e+04 4.547800000000000000e+04 2.494041730399476364e+01 8.050000000000000000e+02
-4.200000000000000000e+01 6.600000000000000000e+01 -3.200000000000000000e+01 4.352800000000000000e+04 4.801400000000000000e+04 4.681500000000000000e+04 4.597800000000000000e+04 2.495051291096024215e+01 8.050000000000000000e+02
-4.800000000000000000e+01 7.000000000000000000e+01 -4.300000000000000000e+01 4.461700000000000000e+04 4.818700000000000000e+04 4.588000000000000000e+04 4.576600000000000000e+04 2.496053464297438040e+01 8.050000000000000000e+02
-1.000000000000000000e+00 4.400000000000000000e+01 -3.700000000000000000e+01 4.445700000000000000e+04 4.854500000000000000e+04 4.608400000000000000e+04 4.532400000000000000e+04 2.497063559194793925e+01 8.040000000000000000e+02
5.300000000000000000e+01 1.700000000000000000e+01 -1.700000000000000000e+01 4.421000000000000000e+04 4.879700000000000000e+04 4.615100000000000000e+04 4.496400000000000000e+04 2.498063048295443878e+01 8.040000000000000000e+02
9.000000000000000000e+01 -3.000000000000000000e+00 -3.000000000000000000e+01 4.403900000000000000e+04 4.918200000000000000e+04 4.632300000000000000e+04 4.447200000000000000e+04 2.499095335195306689e+01 8.040000000000000000e+02
1.110000000000000000e+02 -5.400000000000000000e+01 -3.000000000000000000e+01 4.394800000000000000e+04 4.975600000000000000e+04 4.628100000000000000e+04 4.365600000000000000e+04 2.500105798197910190e+01 8.040000000000000000e+02
1.080000000000000000e+02 -5.400000000000000000e+01 -2.600000000000000000e+01 4.368900000000000000e+04 4.959600000000000000e+04 4.650200000000000000e+04 4.392900000000000000e+04 2.501034770795376971e+01 8.040000000000000000e+02
1.050000000000000000e+02 -9.100000000000000000e+01 -2.300000000000000000e+01 4.385800000000000000e+04 4.977400000000000000e+04 4.641200000000000000e+04 4.367200000000000000e+04 2.502034533495316282e+01 8.020000000000000000e+02
6.300000000000000000e+01 -6.800000000000000000e+01 -2.600000000000000000e+01 4.359400000000000000e+04 4.936800000000000000e+04 4.667700000000000000e+04 4.427800000000000000e+04 2.503052200295496732e+01 8.020000000000000000e+02
5.000000000000000000e+00 -3.900000000000000000e+01 -2.000000000000000000e+01 4.363600000000000000e+04 4.910900000000000000e+04 4.667100000000000000e+04 4.453800000000000000e+04 2.504024445696268231e+01 8.020000000000000000e+02
-1.000000000000000000e+01 -1.500000000000000000e+01 -2.200000000000000000e+01 4.350000000000000000e+04 4.880800000000000000e+04 4.675400000000000000e+04 4.492800000000000000e+04 2.505017713597044349e+01 8.020000000000000000e+02
-6.500000000000000000e+01 1.900000000000000000e+01 -2.000000000000000000e+01 4.327700000000000000e+04 4.856300000000000000e+04 4.707100000000000000e+04 4.543800000000000000e+04 2.506022200000006706e+01 8.040000000000000000e+02
-7.200000000000000000e+01 4.200000000000000000e+01 -2.000000000000000000e+01 4.364200000000000000e+04 4.860600000000000000e+04 4.644900000000000000e+04 4.507500000000000000e+04 2.507015977299306542e+01 8.040000000000000000e+02
-6.600000000000000000e+01 4.900000000000000000e+01 -2.100000000000000000e+01 4.405000000000000000e+04 4.879300000000000000e+04 4.614100000000000000e+04 4.499200000000000000e+04 2.507991957798367366e+01 8.040000000000000000e+02
-6.700000000000000000e+01 8.200000000000000000e+01 -2.900000000000000000e+01 4.408400000000000000e+04 4.859300000000000000e+04 4.613600000000000000e+04 4.527100000000000000e+04 2.509057473397115245e+01 8.040000000000000000e+02
-5.700000000000000000e+01 6.400000000000000000e+01 -1.200000000000000000e+01 4.409000000000000000e+04 4.836700000000000000e+04 4.612400000000000000e+04 4.551500000000000000e+04 2.510020834399620071e+01 8.030000000000000000e+02
-4.900000000000000000e+01 9.600000000000000000e+01 -6.000000000000000000e+00 4.399200000000000000e+04 4.864400000000000000e+04 4.621100000000000000e+04 4.504300000000000000e+04 2.511065143498126417e+01 8.030000000000000000e+02
-2.500000000000000000e+01 1.050000000000000000e+02 -1.100000000000000000e+01 4.438600000000000000e+04 4.875800000000000000e+04 4.593200000000000000e+04 4.482700000000000000e+04 2.512015873397467658e+01 8.030000000000000000e+02
-2.000000000000000000e+00 8.200000000000000000e+01 -8.000000000000000000e+00 4.484400000000000000e+04 4.864900000000000000e+04 4.555500000000000000e+04 4.489000000000000000e+04 2.513020180398598313e+01 8.030000000000000000e+02
4.400000000000000000e+01 4.200000000000000000e+01 -6.000000000000000000e+00 4.456800000000000000e+04 4.930900000000000000e+04 4.568600000000000000e+04 4.422400000000000000e+04 2.514040029095485806e+01 8.030000000000000000e+02
6.800000000000000000e+01 2.300000000000000000e+01 -3.000000000000000000e+00 4.487300000000000000e+04 4.914200000000000000e+04 4.548800000000000000e+04 4.433900000000000000e+04 2.515052103699417785e+01 8.050000000000000000e+02
1.130000000000000000e+02 -3.000000000000000000e+00 -8.000000000000000000e+00 4.437700000000000000e+04 4.973100000000000000e+04 4.571700000000000000e+04 4.331800000000000000e+04 2.516069529799278826e+01 8.050000000000000000e+02
8.400000000000000000e+01 -2.400000000000000000e+01 6.000000000000000000e+00 4.385700000000000000e+04 4.940200000000000000e+04 4.615600000000000000e+04 4.383900000000000000e+04 2.517001698695821688e+01 8.050000000000000000e+02
5.800000000000000000e+01 -3.600000000000000000e+01 9.000000000000000000e+00 4.381900000000000000e+04 4.915600000000000000e+04 4.633800000000000000e+04 4.404500000000000000e+04 2.518059368699323386e+01 8.050000000000000000e+02
3.800000000000000000e+01 -1.500000000000000000e+01 4.000000000000000000e+00 4.407100000000000000e+04 4.906500000000000000e+04 4.617900000000000000e+04 4.407500000000000000e+04 2.519073195598321036e+01 8.040000000000000000e+02
-1.400000000000000000e+01 1.400000000000000000e+01 1.000000000000000000e+01 4.351500000000000000e+04 4.868000000000000000e+04 4.655500000000000000e+04 4.445300000000000000e+04 2.520012204797239974e+01 8.040000000000000000e+02
-4.800000000000000000e+01 1.400000000000000000e+01 1.600000000000000000e+01 4.351200000000000000e+04 4.833300000000000000e+04 4.661700000000000000e+04 4.483700000000000000e+04 2.520996766496682540e+01 8.040000000000000000e+02
-9.000000000000000000e+01 3.000000000000000000e+01 2.300000000000000000e+01 4.385400000000000000e+04 4.798500000000000000e+04 4.638200000000000000e+04 4.517700000000000000e+04 2.522045911999884993e+01 8.040000000000000000e+02
-8.500000000000000000e+01 2.300000000000000000e+01 2.000000000000000000e+01 4.353000000000000000e+04 4.834600000000000000e+04 4.662700000000000000e+04 4.473000000000000000e+04 2.522989279299508780e+01 8.070000000000000000e+02
-7.200000000000000000e+01 4.000000000000000000e+00 1.200000000000000000e+01 4.327200000000000000e+04 4.827400000000000000e+04 4.636100000000000000e+04 4.440700000000000000e+04 2.524071007198654115e+01 8.070000000000000000e+02
-6.300000000000000000e+01 -7.000000000000000000e+00 8.000000000000000000e+00 4.343900000000000000e+04 4.830300000000000000e+04 4.621100000000000000e+04 4.427300000000000000e+04 2.525046208896674216e+01 8.070000000000000000e+02
-3.000000000000000000e+01 -3.400000000000000000e+01 2.400000000000000000e+01 4.314800000000000000e+04 4.839700000000000000e+04 4.627800000000000000e+04 4.394600000000000000e+04 2.526031762699130923e+01 8.070000000000000000e+02
-6.000000000000000000e+00 -3.000000000000000000e+01 2.800000000000000000e+01 4.309800000000000000e+04 4.842400000000000000e+04 4.635900000000000000e+04 4.382300000000000000e+04 2.527029850595863536e+01 8.070000000000000000e+02
-1.000000000000000000e+00 -6.100000000000000000e+01 1.800000000000000000e+01 4.285700000000000000e+04 4.849000000000000000e+04 4.645900000000000000e+04 4.347000000000000000e+04 2.528111811296548694e+01 8.070000000000000000e+02
4.400000000000000000e+01 -3.300000000000000000e+01 3.400000000000000000e+01 4.348600000000000000e+04 4.847600000000000000e+04 4.587500000000000000e+04 4.350000000000000000e+04 2.529018388694385067e+01 8.070000000000000000e+02
5.000000000000000000e+01 -4.900000000000000000e+01 2.300000000000000000e+01 4.355300000000000000e+04 4.873300000000000000e+04 4.578900000000000000e+04 4.318300000000000000e+04 2.530003082199255005e+01 8.070000000000000000e+02
6.200000000000000000e+01 2.000000000000000000e+00 1.400000000000000000e+01 4.324900000000000000e+04 4.878500000000000000e+04 4.609900000000000000e+04 4.307700000000000000e+04 2.530975691997446120e+01 8.070000000000000000e+02
7.000000000000000000e+01 2.900000000000000000e+01 3.100000000000000000e+01 4.424100000000000000e+04 4.882300000000000000e+04 4.513800000000000000e+04 4.310200000000000000e+04 2.532027021999238059e+01 8.050000000000000000e+02
6.400000000000000000e+01 4.000000000000000000e+01 2.700000000000000000e+01 4.384700000000000000e+04 4.837600000000000000e+04 4.572100000000000000e+04 4.383800000000000000e+04 2.533023262396454811e+01 8.050000000000000000e+02
1.200000000000000000e+01 7.600000000000000000e+01 2.600000000000000000e+01 4.359500000000000000e+04 4.829300000000000000e+04 4.597400000000000000e+04 4.400700000000000000e+04 2.534008230199106038e+01 8.050000000000000000e+02
-3.300000000000000000e+01 8.200000000000000000e+01 1.600000000000000000e+01 4.379400000000000000e+04 4.773600000000000000e+04 4.582600000000000000e+04 4.475600000000000000e+04 2.534999385796254501e+01 8.050000000000000000e+02
-5.300000000000000000e+01 6.300000000000000000e+01 2.300000000000000000e+01 4.413100000000000000e+04 4.806700000000000000e+04 4.581500000000000000e+04 4.422500000000000000e+04 2.535979606094770133e+01 8.070000000000000000e+02
-7.100000000000000000e+01 5.500000000000000000e+01 3.100000000000000000e+01 4.399700000000000000e+04 4.780500000000000000e+04 4.574600000000000000e+04 4.457700000000000000e+04 2.537039939296664670e+01 8.070000000000000000e+02
-9.100000000000000000e+01 1.400000000000000000e+01 1.500000000000000000e+01 4.298100000000000000e+04 4.774600000000000000e+04 4.671100000000000000e+04 4.471000000000000000e+04 2.538018694898346439e+01 8.070000000000000000e+02
-5.700000000000000000e+01 -3.600000000000000000e+01 2.500000000000000000e+01 4.315100000000000000e+04 4.870700000000000000e+04 4.670500000000000000e+04 4.361400000000000000e+04 2.539005693094804883e+01 8.070000000000000000e+02
-5.700000000000000000e+01 -6.700000000000000000e+01 2.400000000000000000e+01 4.265900000000000000e+04 4.875600000000000000e+04 4.731100000000000000e+04 4.378200000000000000e+04 2.539997737994417548e+01 8.080000000000000000e+02
3.000000000000000000e+00 -9.800000000000000000e+01 3.400000000000000000e+01 4.368300000000000000e+04 4.942200000000000000e+04 4.627500000000000000e+04 4.271700000000000000e+04 2.541034250997472554e+01 8.080000000000000000e+02
-1.000000000000000000e+00 -1.140000000000000000e+02 3.100000000000000000e+01 4.307000000000000000e+04 4.880300000000000000e+04 4.688400000000000000e+04 4.332600000000000000e+04 2.542077060899464414e+01 8.080000000000000000e+02
3.400000000000000000e+01 -8.000000000000000000e+01 3.900000000000000000e+01 4.372500000000000000e+04 4.893200000000000000e+04 4.632900000000000000e+04 4.313800000000000000e+04 2.543005446897586808e+01 8.080000000000000000e+02
1.800000000000000000e+01 -5.900000000000000000e+01 3.100000000000000000e+01 4.294300000000000000e+04 4.873700000000000000e+04 4.707800000000000000e+04 4.327900000000000000e+04 2.543995007395278662e+01 8.080000000000000000e+02
4.000000000000000000e+01 -1.800000000000000000e+01 2.000000000000000000e+01 4.359600000000000000e+04 4.857600000000000000e+04 4.628400000000000000e+04 4.364200000000000000e+04 2.544979403598699719e+01 8.060000000000000000e+02
6.200000000000000000e+01 4.100000000000000000e+01 1.100000000000000000e+01 4.439000000000000000e+04 4.867200000000000000e+04 4.564500000000000000e+04 4.358800000000000000e+04 2.545980370795587078e+01 8.060000000000000000e+02
6.000000000000000000e+01 7.000000000000000000e+00 2.200000000000000000e+01 4.374500000000000000e+04 4.895200000000000000e+04 4.621200000000000000e+04 4.279000000000000000e+04 2.546954380796523765e+01 8.060000000000000000e+02
2.300000000000000000e+01 3.700000000000000000e+01 2.600000000000000000e+01 4.388400000000000000e+04 4.851100000000000000e+04 4.623300000000000000e+04 4.344400000000000000e+04 2.548013281094608828e+01 8.060000000000000000e+02
2.000000000000000000e+00 6.100000000000000000e+01 3.000000000000000000e+01 4.414900000000000000e+04 4.809200000000000000e+04 4.598900000000000000e+04 4.402600000000000000e+04 2.548995969298994169e+01 8.050000000000000000e+02
-5.400000000000000000e+01 5.600000000000000000e+01 2.400000000000000000e+01 4.352900000000000000e+04 4.832700000000000000e+04 4.683200000000000000e+04 4.394800000000000000e+04 2.550007354398258030e+01 8.050000000000000000e+02
-1.140000000000000000e+02 4.700000000000000000e+01 3.700000000000000000e+01 4.330400000000000000e+04 4.793200000000000000e+04 4.704500000000000000e+04 4.442500000000000000e+04 2.550985225994372740e+01 8.050000000000000000e+02
-1.070000000000000000e+02 2.100000000000000000e+01 3.300000000000000000e+01 4.310500000000000000e+04 4.857100000000000000e+04 4.721000000000000000e+04 4.381200000000000000e+04 2.551952912297565490e+01 8.050000000000000000e+02
-1.340000000000000000e+02 -6.000000000000000000e+00 1.100000000000000000e+01 4.255200000000000000e+04 4.794400000000000000e+04 4.771600000000000000e+04 4.458900000000000000e+04 2.553014053398510441e+01 8.070000000000000000e+02
-6.600000000000000000e+01 2.200000000000000000e+01 1.900000000000000000e+01 4.405200000000000000e+04 4.807700000000000000e+04 4.650900000000000000e+04 4.429200000000000000e+04 2.554003383795497939e+01 8.070000000000000000e+02
-5.000000000000000000e+00 1.900000000000000000e+01 3.200000000000000000e+01 4.383300000000000000e+04 4.845600000000000000e+04 4.678600000000000000e+04 4.399800000000000000e+04 2.554992344795027748e+01 8.070000000000000000e+02
1.500000000000000000e+01 3.400000000000000000e+01 2.600000000000000000e+01 4.406800000000000000e+04 4.860100000000000000e+04 4.669100000000000000e+04 4.390700000000000000e+04 2.555982928996672854e+01 8.070000000000000000e+02
6.700000000000000000e+01 2.300000000000000000e+01 3.000000000000000000e+01 4.420400000000000000e+04 4.926300000000000000e+04 4.664200000000000000e+04 4.306300000000000000e+04 2.556953429797431454e+01 8.070000000000000000e+02
1.100000000000000000e+02 1.800000000000000000e+01 2.600000000000000000e+01 4.494900000000000000e+04 4.932400000000000000e+04 4.591400000000000000e+04 4.291600000000000000e+04 2.558008855796651915e+01 3.700000000000000000e+02
1.060000000000000000e+02 -4.600000000000000000e+01 2.800000000000000000e+01 4.310300000000000000e+04 5.044200000000000000e+04 4.757900000000000000e+04 4.147200000000000000e+04 2.559000083495629951e+01 3.700000000000000000e+02
7.300000000000000000e+01 -1.000000000000000000e+00 1.800000000000000000e+01 4.398100000000000000e+04 4.964300000000000000e+04 4.698100000000000000e+04 4.275900000000000000e+04 2.560031307494500652e+01 3.700000000000000000e+02
2.200000000000000000e+01 2.600000000000000000e+01 7.000000000000000000e+00 4.396900000000000000e+04 4.857800000000000000e+04 4.677900000000000000e+04 4.403500000000000000e+04 2.561011407198384404e+01 3.700000000000000000e+02
8.000000000000000000e+00 7.400000000000000000e+01 1.300000000000000000e+01 4.382700000000000000e+04 4.726900000000000000e+04 4.683900000000000000e+04 4.559600000000000000e+04 2.562036055896896869e+01 1.400000000000000000e+01
1.500000000000000000e+01 9.000000000000000000e+01 2.200000000000000000e+01 4.638300000000000000e+04 4.800200000000000000e+04 4.876500000000000000e+04 4.891400000000000000e+04 2.563056530698668212e+01 1.400000000000000000e+01
1.050000000000000000e+02 8.900000000000000000e+01 2.300000000000000000e+01 4.701200000000000000e+04 4.909900000000000000e+04 4.844700000000000000e+04 4.802200000000000000e+04 2.564046398596838117e+01 1.400000000000000000e+01
2.020000000000000000e+02 9.800000000000000000e+01 2.700000000000000000e+01 4.822400000000000000e+04 4.916400000000000000e+04 4.792200000000000000e+04 4.866400000000000000e+04 2.565015219198539853e+01 1.400000000000000000e+01
3.130000000000000000e+02 4.900000000000000000e+01 3.800000000000000000e+01 4.871200000000000000e+04 5.053000000000000000e+04 4.773400000000000000e+04 4.724800000000000000e+04 2.566015985998092219e+01 6.000000000000000000e+01
3.930000000000000000e+02 3.100000000000000000e+01 2.800000000000000000e+01 4.809100000000000000e+04 4.959000000000000000e+04 4.599800000000000000e+04 4.590800000000000000e+04 2.567001751699717715e+01 6.000000000000000000e+01
4.230000000000000000e+02 1.600000000000000000e+01 1.600000000000000000e+01 4.720100000000000000e+04 5.012100000000000000e+04 4.646700000000000000e+04 4.486100000000000000e+04 2.567986399796791375e+01 6.000000000000000000e+01
3.820000000000000000e+02 -6.400000000000000000e+01 4.000000000000000000e+00 4.757000000000000000e+04 5.040400000000000000e+04 4.596800000000000000e+04 4.424800000000000000e+04 2.568997333699371666e+01 6.000000000000000000e+01
2.520000000000000000e+02 -1.370000000000000000e+02 7.000000000000000000e+00 4.670500000000000000e+04 5.012600000000000000e+04 4.645200000000000000e+04 4.433600000000000000e+04 2.570005448994925246e+01 6.000000000000000000e+01
9.300000000000000000e+01 -2.370000000000000000e+02 1.100000000000000000e+01 4.551300000000000000e+04 4.945500000000000000e+04 4.730200000000000000e+04 4.494900000000000000e+04 2.571040783397620544e+01 5.700000000000000000e+01
-7.200000000000000000e+01 -3.740000000000000000e+02 -5.000000000000000000e+00 4.324100000000000000e+04 4.902200000000000000e+04 4.769700000000000000e+04 4.398100000000000000e+04 2.572028224798850715e+01 5.700000000000000000e+01
-2.630000000000000000e+02 -4.700000000000000000e+02 -5.300000000000000000e+01 4.035200000000000000e+04 4.825500000000000000e+04 4.938900000000000000e+04 4.467300000000000000e+04 2.573039437696570531e+01 5.700000000000000000e+01
-3.600000000000000000e+02 -5.670000000000000000e+02 -5.100000000000000000e+01 3.897000000000000000e+04 4.874400000000000000e+04 5.000700000000000000e+04 4.403000000000000000e+04 2.574025607499061152e+01 5.700000000000000000e+01
-3.990000000000000000e+02 -5.600000000000000000e+02 -5.000000000000000000e+01 3.891800000000000000e+04 4.818700000000000000e+04 4.984900000000000000e+04 4.464400000000000000e+04 2.575044120999518782e+01 6.000000000000000000e+01
-3.120000000000000000e+02 -4.570000000000000000e+02 -2.600000000000000000e+01 3.953400000000000000e+04 4.823400000000000000e+04 4.827100000000000000e+04 4.316000000000000000e+04 2.575966525496914983e+01 6.000000000000000000e+01
-2.480000000000000000e+02 -2.830000000000000000e+02 -3.300000000000000000e+01 4.039300000000000000e+04 4.681100000000000000e+04 4.761700000000000000e+04 4.449100000000000000e+04 2.577005796198500320e+01 6.000000000000000000e+01
-1.210000000000000000e+02 -1.190000000000000000e+02 -1.000000000000000000e+01 4.198800000000000000e+04 4.706200000000000000e+04 4.617700000000000000e+04 4.379600000000000000e+04 2.578019492398016155e+01 6.000000000000000000e+01
-1.700000000000000000e+01 4.700000000000000000e+01 -2.200000000000000000e+01 4.309300000000000000e+04 4.652500000000000000e+04 4.478700000000000000e+04 4.418600000000000000e+04 2.579005832294933498e+01 6.000000000000000000e+01
6.500000000000000000e+01 1.200000000000000000e+02 -1.100000000000000000e+01 4.310300000000000000e+04 4.606700000000000000e+04 4.405500000000000000e+04 4.363500000000000000e+04 2.580022437497973442e+01 6.100000000000000000e+01
1.210000000000000000e+02 1.910000000000000000e+02 -1.700000000000000000e+01 4.390100000000000000e+04 4.613500000000000000e+04 4.323600000000000000e+04 4.341500000000000000e+04 2.581028496799990535e+01 6.100000000000000000e+01
1.880000000000000000e+02 1.830000000000000000e+02 4.000000000000000000e+00 4.429900000000000000e+04 4.692000000000000000e+04 4.260800000000000000e+04 4.229100000000000000e+04 2.581974612496560439e+01 6.100000000000000000e+01
1.730000000000000000e+02 1.370000000000000000e+02 1.200000000000000000e+01 4.271800000000000000e+04 4.685400000000000000e+04 4.411500000000000000e+04 4.220900000000000000e+04 2.582999061397276819e+01 6.100000000000000000e+01
1.380000000000000000e+02 6.900000000000000000e+01 4.000000000000000000e+00 4.237700000000000000e+04 4.661900000000000000e+04 4.430000000000000000e+04 4.243700000000000000e+04 2.583976773999165744e+01 6.500000000000000000e+01
1.350000000000000000e+02 1.300000000000000000e+01 8.000000000000000000e+00 4.268300000000000000e+04 4.634100000000000000e+04 4.350200000000000000e+04 4.215100000000000000e+04 2.585083137999754399e+01 6.500000000000000000e+01
1.080000000000000000e+02 1.900000000000000000e+01 3.000000000000000000e+00 4.198000000000000000e+04 4.696300000000000000e+04 4.419300000000000000e+04 4.142100000000000000e+04 2.585975539596984163e+01 6.500000000000000000e+01
9.700000000000000000e+01 -3.000000000000000000e+01 3.000000000000000000e+00 4.164800000000000000e+04 4.759800000000000000e+04 4.456200000000000000e+04 4.065900000000000000e+04 2.586942815798101947e+01 6.500000000000000000e+01
-3.000000000000000000e+00 -4.000000000000000000e+01 -1.000000000000000000e+00 4.302100000000000000e+04 4.767400000000000000e+04 4.347200000000000000e+04 4.071600000000000000e+04 2.587976384296780452e+01 7.000000000000000000e+01
-1.650000000000000000e+02 -5.700000000000000000e+01 -7.000000000000000000e+00 4.151000000000000000e+04 4.663700000000000000e+04 4.450100000000000000e+04 4.160400000000000000e+04 2.588937805098248646e+01 7.000000000000000000e+01
-3.070000000000000000e+02 -3.700000000000000000e+01 1.300000000000000000e+01 4.032900000000000000e+04 4.575800000000000000e+04 4.557000000000000000e+04 4.273800000000000000e+04 2.589994879299774766e+01 7.000000000000000000e+01
-3.920000000000000000e+02 5.000000000000000000e+00 3.000000000000000000e+00 4.016300000000000000e+04 4.580800000000000000e+04 4.583600000000000000e+04 4.271700000000000000e+04 2.590977343899430707e+01 7.000000000000000000e+01
-4.790000000000000000e+02 2.900000000000000000e+01 1.000000000000000000e+00 3.980900000000000000e+04 4.474300000000000000e+04 4.626200000000000000e+04 4.401700000000000000e+04 2.591983589099254459e+01 7.000000000000000000e+01
-5.120000000000000000e+02 5.100000000000000000e+01 -1.600000000000000000e+01 3.910700000000000000e+04 4.445300000000000000e+04 4.690100000000000000e+04 4.459900000000000000e+04 2.592971323995152488e+01 6.900000000000000000e+01
-4.320000000000000000e+02 1.300000000000000000e+02 1.000000000000000000e+00 4.007500000000000000e+04 4.527800000000000000e+04 4.636300000000000000e+04 4.404700000000000000e+04 2.594034311798168346e+01 6.900000000000000000e+01
-3.110000000000000000e+02 1.620000000000000000e+02 -5.000000000000000000e+00 4.140600000000000000e+04 4.519200000000000000e+04 4.545300000000000000e+04 4.431800000000000000e+04 2.594976054894505069e+01 6.900000000000000000e+01
-1.670000000000000000e+02 1.910000000000000000e+02 0.000000000000000000e+00 4.290200000000000000e+04 4.561700000000000000e+04 4.430000000000000000e+04 4.414000000000000000e+04 2.595981133799068630e+01 6.900000000000000000e+01
-4.500000000000000000e+01 1.690000000000000000e+02 2.100000000000000000e+01 4.325400000000000000e+04 4.642500000000000000e+04 4.433600000000000000e+04 4.336200000000000000e+04 2.596996766899246722e+01 7.100000000000000000e+01
1.100000000000000000e+02 1.070000000000000000e+02 3.200000000000000000e+01 4.324800000000000000e+04 4.802800000000000000e+04 4.467300000000000000e+04 4.142800000000000000e+04 2.597997392399702221e+01 7.100000000000000000e+01
2.390000000000000000e+02 6.700000000000000000e+01 3.800000000000000000e+01 4.465700000000000000e+04 4.838700000000000000e+04 4.351000000000000000e+04 4.088600000000000000e+04 2.599020183098036796e+01 7.100000000000000000e+01
2.850000000000000000e+02 2.400000000000000000e+01 4.300000000000000000e+01 4.404000000000000000e+04 4.884000000000000000e+04 4.462700000000000000e+04 4.054400000000000000e+04 2.600029452797025442e+01 7.100000000000000000e+01
3.100000000000000000e+02 9.000000000000000000e+00 2.700000000000000000e+01 4.511100000000000000e+04 4.867500000000000000e+04 4.369300000000000000e+04 4.108100000000000000e+04 2.601042636897182092e+01 7.200000000000000000e+01
2.170000000000000000e+02 -2.700000000000000000e+01 2.000000000000000000e+01 4.415500000000000000e+04 4.876800000000000000e+04 4.468400000000000000e+04 4.134400000000000000e+04 2.601965081295929849e+01 7.200000000000000000e+01
1.160000000000000000e+02 -4.200000000000000000e+01 -5.000000000000000000e+00 4.318900000000000000e+04 4.799800000000000000e+04 4.553400000000000000e+04 4.272200000000000000e+04 2.602997512294678017e+01 7.200000000000000000e+01
7.400000000000000000e+01 -4.700000000000000000e+01 4.000000000000000000e+00 4.322800000000000000e+04 4.880700000000000000e+04 4.568800000000000000e+04 4.207500000000000000e+04 2.604013404296711087e+01 7.200000000000000000e+01
-2.700000000000000000e+01 -2.200000000000000000e+01 8.000000000000000000e+00 4.342100000000000000e+04 4.801000000000000000e+04 4.581800000000000000e+04 4.306600000000000000e+04 2.604997646994888783e+01 7.200000000000000000e+01
-1.790000000000000000e+02 1.000000000000000000e+02 1.800000000000000000e+01 4.313200000000000000e+04 4.638800000000000000e+04 4.633800000000000000e+04 4.482200000000000000e+04 2.606000000296626240e+01 6.700000000000000000e+01
-2.770000000000000000e+02 1.590000000000000000e+02 2.400000000000000000e+01 4.293500000000000000e+04 4.570100000000000000e+04 4.715500000000000000e+04 4.614700000000000000e+04 2.606997864099685103e+01 6.700000000000000000e+01
-3.800000000000000000e+02 1.610000000000000000e+02 1.000000000000000000e+01 4.232300000000000000e+04 4.518700000000000000e+04 4.794900000000000000e+04 4.702300000000000000e+04 2.608045258198399097e+01 6.700000000000000000e+01
-3.660000000000000000e+02 1.250000000000000000e+02 1.800000000000000000e+01 4.266300000000000000e+04 4.586800000000000000e+04 4.786200000000000000e+04 4.649300000000000000e+04 2.608987819199683145e+01 6.700000000000000000e+01
-3.150000000000000000e+02 1.190000000000000000e+02 2.000000000000000000e+01 4.329400000000000000e+04 4.596200000000000000e+04 4.758300000000000000e+04 4.673600000000000000e+04 2.609992813895223662e+01 6.500000000000000000e+01
-2.250000000000000000e+02 1.070000000000000000e+02 2.200000000000000000e+01 4.333400000000000000e+04 4.711300000000000000e+04 4.797500000000000000e+04 4.592500000000000000e+04 2.610967595694819465e+01 6.500000000000000000e+01
-8.000000000000000000e+01 7.600000000000000000e+01 2.000000000000000000e+01 4.428200000000000000e+04 4.787800000000000000e+04 4.733000000000000000e+04 4.523100000000000000e+04 2.611971187999006361e+01 6.500000000000000000e+01
1.100000000000000000e+02 3.100000000000000000e+01 2.500000000000000000e+01 4.539300000000000000e+04 4.940200000000000000e+04 4.643400000000000000e+04 4.354900000000000000e+04 2.612967398698674515e+01 6.500000000000000000e+01
3.240000000000000000e+02 -8.000000000000000000e+00 4.400000000000000000e+01 4.736200000000000000e+04 5.021000000000000000e+04 4.491600000000000000e+04 4.247800000000000000e+04 2.613959562499076128e+01 6.500000000000000000e+01
4.310000000000000000e+02 -7.600000000000000000e+01 5.900000000000000000e+01 4.808800000000000000e+04 5.013300000000000000e+04 4.460500000000000000e+04 4.273200000000000000e+04 2.614950954099185765e+01 6.200000000000000000e+01
4.150000000000000000e+02 -1.270000000000000000e+02 3.900000000000000000e+01 4.813700000000000000e+04 4.933500000000000000e+04 4.456900000000000000e+04 4.382800000000000000e+04 2.615965303295524791e+01 6.200000000000000000e+01
3.460000000000000000e+02 -2.130000000000000000e+02 1.000000000000000000e+01 4.650200000000000000e+04 5.051800000000000000e+04 4.598100000000000000e+04 4.265900000000000000e+04 2.616995010199025273e+01 6.200000000000000000e+01
2.430000000000000000e+02 -2.250000000000000000e+02 -5.000000000000000000e+00 4.570300000000000000e+04 5.025000000000000000e+04 4.651400000000000000e+04 4.331100000000000000e+04 2.618011626595398411e+01 6.200000000000000000e+01
1.660000000000000000e+02 -2.510000000000000000e+02 -2.000000000000000000e+01 4.525200000000000000e+04 5.022400000000000000e+04 4.689000000000000000e+04 4.342300000000000000e+04 2.618945208599325269e+01 5.900000000000000000e+01
7.000000000000000000e+00 -2.580000000000000000e+02 -3.500000000000000000e+01 4.388300000000000000e+04 4.900100000000000000e+04 4.819800000000000000e+04 4.535000000000000000e+04 2.619964445696678013e+01 5.900000000000000000e+01
-2.040000000000000000e+02 -3.020000000000000000e+02 -4.500000000000000000e+01 4.197000000000000000e+04 4.906900000000000000e+04 4.966100000000000000e+04 4.564400000000000000e+04 2.620986373396590352e+01 5.900000000000000000e+01
-3.790000000000000000e+02 -4.000000000000000000e+02 -4.800000000000000000e+01 4.030900000000000000e+04 4.932800000000000000e+04 5.107800000000000000e+04 4.569300000000000000e+04 2.621978324197698385e+01 5.900000000000000000e+01
-5.040000000000000000e+02 -5.330000000000000000e+02 -7.100000000000000000e+01 3.804000000000000000e+04 5.011200000000000000e+04 5.233400000000000000e+04 4.521000000000000000e+04 2.622996750799939036e+01 3.540000000000000000e+02
-5.060000000000000000e+02 -6.490000000000000000e+02 -1.170000000000000000e+02 3.700100000000000000e+04 5.052100000000000000e+04 5.253500000000000000e+04 4.502800000000000000e+04 2.623984356294386089e+01 3.540000000000000000e+02
-4.810000000000000000e+02 -6.790000000000000000e+02 -1.300000000000000000e+02 3.571700000000000000e+04 5.141600000000000000e+04 5.317600000000000000e+04 4.446600000000000000e+04 2.624929261195939034e+01 3.540000000000000000e+02
-3.800000000000000000e+02 -6.100000000000000000e+02 -1.370000000000000000e+02 3.714700000000000000e+04 5.155600000000000000e+04 5.238700000000000000e+04 4.444600000000000000e+04 2.625952376698842272e+01 3.540000000000000000e+02
-2.210000000000000000e+02 -3.600000000000000000e+02 -1.350000000000000000e+02 3.992700000000000000e+04 5.160600000000000000e+04 5.061900000000000000e+04 4.440000000000000000e+04 2.626940351398661733e+01 3.540000000000000000e+02
1.300000000000000000e+01 -9.300000000000000000e+01 -1.120000000000000000e+02 4.210900000000000000e+04 5.090000000000000000e+04 4.876400000000000000e+04 4.468700000000000000e+04 2.627967044297838584e+01 7.970000000000000000e+02
4.400000000000000000e+02 2.550000000000000000e+02 -7.100000000000000000e+01 4.751800000000000000e+04 5.198400000000000000e+04 4.387100000000000000e+04 4.263100000000000000e+04 2.628982473298674449e+01 7.970000000000000000e+02
8.310000000000000000e+02 5.100000000000000000e+02 -3.200000000000000000e+01 5.063500000000000000e+04 5.186500000000000000e+04 3.981300000000000000e+04 4.211000000000000000e+04 2.630091148294741288e+01 7.970000000000000000e+02
9.800000000000000000e+02 6.570000000000000000e+02 -2.700000000000000000e+01 5.097500000000000000e+04 5.165800000000000000e+04 3.888500000000000000e+04 4.210400000000000000e+04 2.631006416596937925e+01 7.970000000000000000e+02
9.200000000000000000e+02 6.490000000000000000e+02 -8.000000000000000000e+00 5.080000000000000000e+04 5.196600000000000000e+04 3.933600000000000000e+04 4.152500000000000000e+04 2.631933247798588127e+01 7.950000000000000000e+02
6.180000000000000000e+02 5.410000000000000000e+02 1.000000000000000000e+00 4.819500000000000000e+04 5.059900000000000000e+04 4.228600000000000000e+04 4.275400000000000000e+04 2.632993724895641208e+01 7.950000000000000000e+02
2.340000000000000000e+02 3.720000000000000000e+02 1.000000000000000000e+00 4.609000000000000000e+04 4.906900000000000000e+04 4.463800000000000000e+04 4.431700000000000000e+04 2.633984844799851999e+01 7.950000000000000000e+02
-2.240000000000000000e+02 2.410000000000000000e+02 1.600000000000000000e+01 4.221100000000000000e+04 4.707200000000000000e+04 4.835500000000000000e+04 4.635400000000000000e+04 2.635000014997785911e+01 7.950000000000000000e+02
-5.970000000000000000e+02 1.480000000000000000e+02 4.000000000000000000e+00 4.028300000000000000e+04 4.538600000000000000e+04 4.970000000000000000e+04 4.781200000000000000e+04 2.636010883998824283e+01 7.950000000000000000e+02
-8.590000000000000000e+02 4.100000000000000000e+01 1.600000000000000000e+01 3.763100000000000000e+04 4.432800000000000000e+04 5.097900000000000000e+04 4.816900000000000000e+04 2.636939453799277544e+01 7.950000000000000000e+02
-9.140000000000000000e+02 -5.200000000000000000e+01 3.500000000000000000e+01 3.755900000000000000e+04 4.491000000000000000e+04 5.113300000000000000e+04 4.759400000000000000e+04 2.638099080498795956e+01 7.950000000000000000e+02
-8.580000000000000000e+02 -1.260000000000000000e+02 2.600000000000000000e+01 3.850900000000000000e+04 4.588400000000000000e+04 5.038500000000000000e+04 4.650200000000000000e+04 2.638957438699435443e+01 7.950000000000000000e+02
-6.530000000000000000e+02 -1.510000000000000000e+02 -2.000000000000000000e+00 3.772400000000000000e+04 4.495600000000000000e+04 5.092600000000000000e+04 4.684100000000000000e+04 2.639977375598391518e+01 7.950000000000000000e+02
-3.970000000000000000e+02 -2.050000000000000000e+02 -3.200000000000000000e+01 3.773900000000000000e+04 4.724200000000000000e+04 4.994400000000000000e+04 4.469800000000000000e+04 2.640994073799811304e+01 7.920000000000000000e+02
-1.320000000000000000e+02 -1.890000000000000000e+02 -3.400000000000000000e+01 3.992100000000000000e+04 4.891000000000000000e+04 4.748500000000000000e+04 4.292700000000000000e+04 2.641919571097241715e+01 7.920000000000000000e+02
8.900000000000000000e+01 -1.680000000000000000e+02 -4.300000000000000000e+01 4.080900000000000000e+04 5.002800000000000000e+04 4.620000000000000000e+04 4.111000000000000000e+04 2.642949875799240544e+01 7.920000000000000000e+02
2.960000000000000000e+02 -1.260000000000000000e+02 -3.000000000000000000e+01 4.326000000000000000e+04 5.051700000000000000e+04 4.370600000000000000e+04 4.015800000000000000e+04 2.643967477895785123e+01 7.920000000000000000e+02
3.400000000000000000e+02 -1.180000000000000000e+02 -2.200000000000000000e+01 4.347200000000000000e+04 5.071700000000000000e+04 4.330500000000000000e+04 3.931600000000000000e+04 2.644977067399304360e+01 7.920000000000000000e+02
3.200000000000000000e+02 -5.900000000000000000e+01 -2.800000000000000000e+01 4.466100000000000000e+04 5.016300000000000000e+04 4.186400000000000000e+04 3.958100000000000000e+04 2.645989522995660082e+01 7.920000000000000000e+02
1.550000000000000000e+02 -3.400000000000000000e+01 -5.600000000000000000e+01 4.220300000000000000e+04 4.926300000000000000e+04 4.387800000000000000e+04 4.112400000000000000e+04 2.646983370796078816e+01 7.920000000000000000e+02
0.000000000000000000e+00 1.900000000000000000e+01 -8.900000000000000000e+01 4.145500000000000000e+04 4.792700000000000000e+04 4.364400000000000000e+04 4.372300000000000000e+04 2.647994971298612654e+01 7.920000000000000000e+02
-1.670000000000000000e+02 3.300000000000000000e+01 -1.040000000000000000e+02 3.947600000000000000e+04 4.722100000000000000e+04 4.462000000000000000e+04 4.529500000000000000e+04 2.648927424295106903e+01 7.950000000000000000e+02
-2.510000000000000000e+02 4.400000000000000000e+01 -1.010000000000000000e+02 3.943400000000000000e+04 4.643500000000000000e+04 4.443500000000000000e+04 4.676400000000000000e+04 2.649936102196807042e+01 7.950000000000000000e+02
-2.760000000000000000e+02 1.800000000000000000e+01 -1.320000000000000000e+02 3.892200000000000000e+04 4.665300000000000000e+04 4.435900000000000000e+04 4.705300000000000000e+04 2.650952395296189934e+01 7.950000000000000000e+02
-2.560000000000000000e+02 -3.000000000000000000e+00 -1.210000000000000000e+02 3.819300000000000000e+04 4.709800000000000000e+04 4.445600000000000000e+04 4.708300000000000000e+04 2.651959616696694866e+01 7.950000000000000000e+02
-1.880000000000000000e+02 -1.190000000000000000e+02 -1.290000000000000000e+02 3.732300000000000000e+04 4.867100000000000000e+04 4.509900000000000000e+04 4.543800000000000000e+04 2.652928055595839396e+01 7.950000000000000000e+02
-6.600000000000000000e+01 -1.840000000000000000e+02 -1.240000000000000000e+02 3.817900000000000000e+04 4.972200000000000000e+04 4.480700000000000000e+04 4.469800000000000000e+04 2.653991064295405522e+01 7.930000000000000000e+02
4.600000000000000000e+01 -2.430000000000000000e+02 -1.230000000000000000e+02 3.841100000000000000e+04 5.035900000000000000e+04 4.457400000000000000e+04 4.401100000000000000e+04 2.654913975298404694e+01 7.930000000000000000e+02
1.720000000000000000e+02 -2.460000000000000000e+02 -1.060000000000000000e+02 3.926000000000000000e+04 5.157000000000000000e+04 4.398400000000000000e+04 4.226800000000000000e+04 2.655931730399606749e+01 7.930000000000000000e+02
2.430000000000000000e+02 -2.100000000000000000e+02 -8.600000000000000000e+01 4.013200000000000000e+04 5.185500000000000000e+04 4.375700000000000000e+04 4.138900000000000000e+04 2.656951533694518730e+01 7.930000000000000000e+02
2.860000000000000000e+02 -1.950000000000000000e+02 -7.600000000000000000e+01 4.120400000000000000e+04 5.232800000000000000e+04 4.354500000000000000e+04 4.040300000000000000e+04 2.657938260794617236e+01 7.940000000000000000e+02
2.430000000000000000e+02 -1.220000000000000000e+02 -6.500000000000000000e+01 4.129000000000000000e+04 5.160400000000000000e+04 4.374300000000000000e+04 4.112000000000000000e+04 2.658967984799528494e+01 7.940000000000000000e+02
