3.900000000000000000e+01 -2.800000000000000000e+01 -4.100000000000000000e+01 4.196300000000000000e+04 4.555200000000000000e+04 4.452800000000000000e+04 4.305800000000000000e+04 6.576983649499015883e+01 8.010000000000000000e+02
1.130000000000000000e+02 4.000000000000000000e+00 -4.300000000000000000e+01 4.244300000000000000e+04 4.553400000000000000e+04 4.401700000000000000e+04 4.313400000000000000e+04 6.578050966700538993e+01 8.010000000000000000e+02
1.280000000000000000e+02 2.200000000000000000e+01 -3.600000000000000000e+01 4.216300000000000000e+04 4.567600000000000000e+04 4.433100000000000000e+04 4.292100000000000000e+04 6.579035815200768411e+01 8.010000000000000000e+02
1.410000000000000000e+02 6.500000000000000000e+01 -4.900000000000000000e+01 4.278800000000000000e+04 4.582100000000000000e+04 4.358600000000000000e+04 4.295100000000000000e+04 6.580029770400142297e+01 8.010000000000000000e+02
1.170000000000000000e+02 1.040000000000000000e+02 -5.600000000000000000e+01 4.252100000000000000e+04 4.521100000000000000e+04 4.387700000000000000e+04 4.355800000000000000e+04 6.581074616298428737e+01 8.030000000000000000e+02
9.300000000000000000e+01 1.110000000000000000e+02 -5.200000000000000000e+01 4.284000000000000000e+04 4.570500000000000000e+04 4.341100000000000000e+04 4.302300000000000000e+04 6.581983307300833985e+01 8.030000000000000000e+02
3.800000000000000000e+01 9.900000000000000000e+01 -4.800000000000000000e+01 4.298800000000000000e+04 4.482700000000000000e+04 4.325400000000000000e+04 4.398700000000000000e+04 6.583047155800159089e+01 8.030000000000000000e+02
-1.300000000000000000e+01 7.800000000000000000e+01 -4.400000000000000000e+01 4.209800000000000000e+04 4.528000000000000000e+04 4.413100000000000000e+04 4.348300000000000000e+04 6.584014166099950671e+01 8.030000000000000000e+02
-8.700000000000000000e+01 7.800000000000000000e+01 -3.600000000000000000e+01 4.172900000000000000e+04 4.438600000000000000e+04 4.436600000000000000e+04 4.447500000000000000e+04 6.585057858299114741e+01 8.000000000000000000e+02
-1.120000000000000000e+02 6.400000000000000000e+01 -5.100000000000000000e+01 4.227800000000000000e+04 4.473600000000000000e+04 4.416400000000000000e+04 4.436500000000000000e+04 6.586047024000436068e+01 8.000000000000000000e+02
-1.340000000000000000e+02 3.600000000000000000e+01 -6.100000000000000000e+01 4.107500000000000000e+04 4.477200000000000000e+04 4.501100000000000000e+04 4.451800000000000000e+04 6.587025966699002311e+01 8.000000000000000000e+02
-1.050000000000000000e+02 -2.500000000000000000e+01 -6.400000000000000000e+01 4.095700000000000000e+04 4.535200000000000000e+04 4.510300000000000000e+04 4.398200000000000000e+04 6.588116968699614517e+01 8.000000000000000000e+02
-6.800000000000000000e+01 -2.300000000000000000e+01 -5.900000000000000000e+01 4.121500000000000000e+04 4.549400000000000000e+04 4.463900000000000000e+04 4.371600000000000000e+04 6.589013521999004297e+01 8.000000000000000000e+02
-3.600000000000000000e+01 -5.600000000000000000e+01 -5.400000000000000000e+01 4.170100000000000000e+04 4.591800000000000000e+04 4.434700000000000000e+04 4.337800000000000000e+04 6.590058375798980705e+01 8.000000000000000000e+02
1.800000000000000000e+01 -3.400000000000000000e+01 -6.200000000000000000e+01 4.213100000000000000e+04 4.551300000000000000e+04 4.401500000000000000e+04 4.378600000000000000e+04 6.591033797399722971e+01 8.000000000000000000e+02
7.300000000000000000e+01 -3.900000000000000000e+01 -3.600000000000000000e+01 4.199400000000000000e+04 4.600400000000000000e+04 4.410500000000000000e+04 4.329200000000000000e+04 6.592083938399446197e+01 8.000000000000000000e+02
9.600000000000000000e+01 -5.900000000000000000e+01 -7.400000000000000000e+01 4.191800000000000000e+04 4.665400000000000000e+04 4.335100000000000000e+04 4.337700000000000000e+04 6.593001312299747951e+01 8.000000000000000000e+02
1.290000000000000000e+02 -1.200000000000000000e+01 -4.600000000000000000e+01 4.287200000000000000e+04 4.667400000000000000e+04 4.263200000000000000e+04 4.393700000000000000e+04 6.593968615098856390e+01 7.960000000000000000e+02
1.170000000000000000e+02 2.300000000000000000e+01 -5.500000000000000000e+01 4.293400000000000000e+04 4.602700000000000000e+04 4.360400000000000000e+04 4.369600000000000000e+04 6.595032919399091043e+01 7.960000000000000000e+02
1.140000000000000000e+02 -1.200000000000000000e+01 -3.600000000000000000e+01 4.186200000000000000e+04 4.682400000000000000e+04 4.347400000000000000e+04 4.367700000000000000e+04 6.595999782200669870e+01 7.960000000000000000e+02
6.500000000000000000e+01 -1.900000000000000000e+01 -5.400000000000000000e+01 4.148300000000000000e+04 4.601300000000000000e+04 4.376400000000000000e+04 4.450000000000000000e+04 6.596975681500043720e+01 7.960000000000000000e+02
1.400000000000000000e+01 -8.000000000000000000e+00 -6.700000000000000000e+01 4.164400000000000000e+04 4.561100000000000000e+04 4.451100000000000000e+04 4.408500000000000000e+04 6.598093937200610526e+01 7.990000000000000000e+02
-5.300000000000000000e+01 -7.000000000000000000e+00 -3.400000000000000000e+01 4.211800000000000000e+04 4.563500000000000000e+04 4.405100000000000000e+04 4.401200000000000000e+04 6.599071964799077250e+01 7.990000000000000000e+02
-8.500000000000000000e+01 -2.400000000000000000e+01 -4.400000000000000000e+01 4.080700000000000000e+04 4.597500000000000000e+04 4.463700000000000000e+04 4.455700000000000000e+04 6.599975161900511011e+01 7.990000000000000000e+02
-1.120000000000000000e+02 -4.000000000000000000e+01 -5.600000000000000000e+01 4.048800000000000000e+04 4.532400000000000000e+04 4.470400000000000000e+04 4.535600000000000000e+04 6.601023255800828338e+01 7.990000000000000000e+02
-1.230000000000000000e+02 -1.070000000000000000e+02 -5.300000000000000000e+01 3.991700000000000000e+04 4.656800000000000000e+04 4.493600000000000000e+04 4.423600000000000000e+04 6.602002019499195740e+01 7.990000000000000000e+02
-1.290000000000000000e+02 -7.200000000000000000e+01 -3.200000000000000000e+01 4.028100000000000000e+04 4.524400000000000000e+04 4.470900000000000000e+04 4.548800000000000000e+04 6.602972342300927266e+01 7.990000000000000000e+02
-1.080000000000000000e+02 -6.000000000000000000e+01 -1.800000000000000000e+01 4.034500000000000000e+04 4.556000000000000000e+04 4.507500000000000000e+04 4.480700000000000000e+04 6.603962483699433506e+01 7.990000000000000000e+02
-4.600000000000000000e+01 -6.000000000000000000e+01 -2.700000000000000000e+01 4.087100000000000000e+04 4.543400000000000000e+04 4.488200000000000000e+04 4.462000000000000000e+04 6.605021960000158288e+01 7.990000000000000000e+02
-1.300000000000000000e+01 -3.300000000000000000e+01 -2.200000000000000000e+01 4.172500000000000000e+04 4.585500000000000000e+04 4.401100000000000000e+04 4.408900000000000000e+04 6.606001555200782605e+01 7.990000000000000000e+02
5.200000000000000000e+01 -2.200000000000000000e+01 -2.000000000000000000e+01 4.216700000000000000e+04 4.598400000000000000e+04 4.357100000000000000e+04 4.394100000000000000e+04 6.606988577201263979e+01 7.970000000000000000e+02
1.090000000000000000e+02 1.100000000000000000e+01 -3.000000000000000000e+01 4.221200000000000000e+04 4.635400000000000000e+04 4.333500000000000000e+04 4.364200000000000000e+04 6.608014063999871723e+01 7.970000000000000000e+02
1.510000000000000000e+02 2.200000000000000000e+01 -4.400000000000000000e+01 4.256500000000000000e+04 4.676700000000000000e+04 4.272300000000000000e+04 4.325600000000000000e+04 6.609016236799652688e+01 7.970000000000000000e+02
1.440000000000000000e+02 4.000000000000000000e+01 -4.500000000000000000e+01 4.218600000000000000e+04 4.690200000000000000e+04 4.289800000000000000e+04 4.317100000000000000e+04 6.610039995799888857e+01 7.970000000000000000e+02
1.430000000000000000e+02 1.700000000000000000e+01 -2.200000000000000000e+01 4.269700000000000000e+04 4.674600000000000000e+04 4.230800000000000000e+04 4.295900000000000000e+04 6.611027730099158362e+01 8.000000000000000000e+02
8.100000000000000000e+01 2.400000000000000000e+01 -2.400000000000000000e+01 4.174000000000000000e+04 4.583900000000000000e+04 4.359200000000000000e+04 4.323000000000000000e+04 6.612014258798444644e+01 8.000000000000000000e+02
2.800000000000000000e+01 -1.600000000000000000e+01 -4.100000000000000000e+01 4.087000000000000000e+04 4.631400000000000000e+04 4.381500000000000000e+04 4.326900000000000000e+04 6.612995991899515502e+01 8.000000000000000000e+02
-1.500000000000000000e+01 1.800000000000000000e+01 -2.700000000000000000e+01 4.233900000000000000e+04 4.548500000000000000e+04 4.289200000000000000e+04 4.352100000000000000e+04 6.613977261100080796e+01 8.000000000000000000e+02
-5.900000000000000000e+01 4.000000000000000000e+01 -2.700000000000000000e+01 4.106900000000000000e+04 4.530300000000000000e+04 4.348300000000000000e+04 4.430300000000000000e+04 6.614965257400763221e+01 8.030000000000000000e+02
-6.200000000000000000e+01 5.200000000000000000e+01 -6.700000000000000000e+01 4.057400000000000000e+04 4.545800000000000000e+04 4.416000000000000000e+04 4.345500000000000000e+04 6.615944595201290213e+01 8.030000000000000000e+02
-9.400000000000000000e+01 4.000000000000000000e+01 -3.900000000000000000e+01 4.024900000000000000e+04 4.496600000000000000e+04 4.359700000000000000e+04 4.480200000000000000e+04 6.617007164898677729e+01 8.030000000000000000e+02
-1.290000000000000000e+02 4.300000000000000000e+01 -3.300000000000000000e+01 4.051100000000000000e+04 4.431200000000000000e+04 4.399800000000000000e+04 4.445900000000000000e+04 6.617991419098689221e+01 8.030000000000000000e+02
-1.040000000000000000e+02 5.500000000000000000e+01 -5.300000000000000000e+01 3.990500000000000000e+04 4.503300000000000000e+04 4.364900000000000000e+04 4.457500000000000000e+04 6.619022205600049347e+01 8.010000000000000000e+02
-7.000000000000000000e+01 2.700000000000000000e+01 -2.600000000000000000e+01 4.059600000000000000e+04 4.513500000000000000e+04 4.390800000000000000e+04 4.378300000000000000e+04 6.620085340799414553e+01 8.010000000000000000e+02
-5.700000000000000000e+01 4.700000000000000000e+01 -2.000000000000000000e+01 4.032300000000000000e+04 4.511400000000000000e+04 4.366400000000000000e+04 4.443100000000000000e+04 6.621075336998910643e+01 8.010000000000000000e+02
-9.000000000000000000e+00 4.400000000000000000e+01 -1.000000000000000000e+00 4.110900000000000000e+04 4.503400000000000000e+04 4.335400000000000000e+04 4.412700000000000000e+04 6.621987149398773909e+01 8.010000000000000000e+02
3.200000000000000000e+01 6.100000000000000000e+01 -1.200000000000000000e+01 4.171900000000000000e+04 4.495400000000000000e+04 4.294500000000000000e+04 4.388600000000000000e+04 6.622999989098752849e+01 8.010000000000000000e+02
4.800000000000000000e+01 2.600000000000000000e+01 -1.400000000000000000e+01 4.076200000000000000e+04 4.551200000000000000e+04 4.380800000000000000e+04 4.325200000000000000e+04 6.624039631598861888e+01 8.020000000000000000e+02
1.180000000000000000e+02 5.200000000000000000e+01 -2.400000000000000000e+01 4.237300000000000000e+04 4.542300000000000000e+04 4.203200000000000000e+04 4.353500000000000000e+04 6.625014104999718256e+01 8.020000000000000000e+02
1.450000000000000000e+02 1.900000000000000000e+01 -1.300000000000000000e+01 4.191800000000000000e+04 4.583200000000000000e+04 4.226200000000000000e+04 4.329500000000000000e+04 6.625987933500437066e+01 8.020000000000000000e+02
1.310000000000000000e+02 1.000000000000000000e+01 -2.700000000000000000e+01 4.167300000000000000e+04 4.603000000000000000e+04 4.254700000000000000e+04 4.310900000000000000e+04 6.627036319600301795e+01 8.020000000000000000e+02
1.050000000000000000e+02 -4.700000000000000000e+01 -2.800000000000000000e+01 4.097500000000000000e+04 4.664800000000000000e+04 4.310300000000000000e+04 4.263800000000000000e+04 6.627988283199374564e+01 8.040000000000000000e+02
8.700000000000000000e+01 -6.300000000000000000e+01 -5.100000000000000000e+01 4.159400000000000000e+04 4.630800000000000000e+04 4.225300000000000000e+04 4.312500000000000000e+04 6.628965708898613229e+01 8.040000000000000000e+02
7.400000000000000000e+01 -5.200000000000000000e+01 -4.600000000000000000e+01 4.067100000000000000e+04 4.652500000000000000e+04 4.279100000000000000e+04 4.324800000000000000e+04 6.629943985099089332e+01 8.040000000000000000e+02
2.000000000000000000e+00 -8.400000000000000000e+01 -5.200000000000000000e+01 4.068700000000000000e+04 4.640600000000000000e+04 4.260900000000000000e+04 4.348600000000000000e+04 6.631001159100560471e+01 8.040000000000000000e+02
-6.600000000000000000e+01 -3.100000000000000000e+01 -3.000000000000000000e+01 3.978600000000000000e+04 4.552800000000000000e+04 4.344600000000000000e+04 4.429300000000000000e+04 6.631988189500407316e+01 8.040000000000000000e+02
-1.140000000000000000e+02 -4.800000000000000000e+01 -4.900000000000000000e+01 3.955900000000000000e+04 4.500800000000000000e+04 4.360600000000000000e+04 4.491400000000000000e+04 6.633032005498535000e+01 8.040000000000000000e+02
-1.260000000000000000e+02 -5.600000000000000000e+01 -5.400000000000000000e+01 3.939300000000000000e+04 4.545100000000000000e+04 4.352400000000000000e+04 4.453500000000000000e+04 6.634154568699887022e+01 8.040000000000000000e+02
-1.540000000000000000e+02 -3.300000000000000000e+01 -4.400000000000000000e+01 3.871500000000000000e+04 4.469600000000000000e+04 4.419300000000000000e+04 4.547300000000000000e+04 6.634998552600154653e+01 8.040000000000000000e+02
-1.310000000000000000e+02 -3.600000000000000000e+01 -3.100000000000000000e+01 3.922800000000000000e+04 4.515100000000000000e+04 4.416900000000000000e+04 4.471400000000000000e+04 6.635967521299608052e+01 8.040000000000000000e+02
-1.230000000000000000e+02 -2.900000000000000000e+01 1.000000000000000000e+00 3.975200000000000000e+04 4.493600000000000000e+04 4.436200000000000000e+04 4.450300000000000000e+04 6.636950604699086398e+01 8.020000000000000000e+02
-6.100000000000000000e+01 1.400000000000000000e+01 -3.000000000000000000e+00 4.093500000000000000e+04 4.470300000000000000e+04 4.368100000000000000e+04 4.441200000000000000e+04 6.637947027498739772e+01 8.020000000000000000e+02
7.000000000000000000e+00 3.300000000000000000e+01 -1.000000000000000000e+01 4.117100000000000000e+04 4.465000000000000000e+04 4.362200000000000000e+04 4.470800000000000000e+04 6.639004826301243156e+01 8.020000000000000000e+02
1.180000000000000000e+02 2.900000000000000000e+01 -2.600000000000000000e+01 4.199700000000000000e+04 4.572000000000000000e+04 4.254000000000000000e+04 4.401100000000000000e+04 6.639973176500643604e+01 8.020000000000000000e+02
2.110000000000000000e+02 2.600000000000000000e+01 -4.100000000000000000e+01 4.126500000000000000e+04 4.667400000000000000e+04 4.249400000000000000e+04 4.294600000000000000e+04 6.640944024099735543e+01 8.070000000000000000e+02
2.520000000000000000e+02 2.000000000000000000e+01 -3.900000000000000000e+01 4.250000000000000000e+04 4.683200000000000000e+04 4.081000000000000000e+04 4.291500000000000000e+04 6.642001636800705455e+01 8.070000000000000000e+02
2.610000000000000000e+02 1.900000000000000000e+01 -5.200000000000000000e+01 4.228100000000000000e+04 4.682500000000000000e+04 4.083700000000000000e+04 4.301500000000000000e+04 6.643053001500084065e+01 8.070000000000000000e+02
2.090000000000000000e+02 1.900000000000000000e+01 -3.900000000000000000e+01 4.155500000000000000e+04 4.700500000000000000e+04 4.169700000000000000e+04 4.288300000000000000e+04 6.643967288100975566e+01 8.070000000000000000e+02
1.240000000000000000e+02 -3.700000000000000000e+01 -4.100000000000000000e+01 4.076600000000000000e+04 4.708500000000000000e+04 4.251400000000000000e+04 4.266800000000000000e+04 6.644951451799715869e+01 8.030000000000000000e+02
2.300000000000000000e+01 -2.600000000000000000e+01 -3.500000000000000000e+01 3.995100000000000000e+04 4.655200000000000000e+04 4.330800000000000000e+04 4.385000000000000000e+04 6.645929023998905905e+01 8.030000000000000000e+02
-8.200000000000000000e+01 -2.600000000000000000e+01 -2.400000000000000000e+01 3.990000000000000000e+04 4.588600000000000000e+04 4.367100000000000000e+04 4.458200000000000000e+04 6.646996203999151476e+01 8.030000000000000000e+02
-1.660000000000000000e+02 -2.700000000000000000e+01 -2.000000000000000000e+01 3.973200000000000000e+04 4.561200000000000000e+04 4.415100000000000000e+04 4.454400000000000000e+04 6.647919515898684040e+01 8.030000000000000000e+02
-2.040000000000000000e+02 -2.700000000000000000e+01 -3.800000000000000000e+01 3.879800000000000000e+04 4.495000000000000000e+04 4.482300000000000000e+04 4.534500000000000000e+04 6.648976141799357720e+01 8.030000000000000000e+02
-1.990000000000000000e+02 -5.300000000000000000e+01 -5.800000000000000000e+01 3.916900000000000000e+04 4.532400000000000000e+04 4.460800000000000000e+04 4.443000000000000000e+04 6.649951549401157536e+01 8.080000000000000000e+02
-1.580000000000000000e+02 -1.700000000000000000e+01 -5.600000000000000000e+01 3.914300000000000000e+04 4.578500000000000000e+04 4.362700000000000000e+04 4.492200000000000000e+04 6.650925085999188013e+01 8.080000000000000000e+02
-1.060000000000000000e+02 -1.800000000000000000e+01 -7.500000000000000000e+01 3.995100000000000000e+04 4.552000000000000000e+04 4.335400000000000000e+04 4.436400000000000000e+04 6.651983442300115712e+01 8.080000000000000000e+02
-5.800000000000000000e+01 9.000000000000000000e+00 -4.300000000000000000e+01 3.948400000000000000e+04 4.570600000000000000e+04 4.267200000000000000e+04 4.517600000000000000e+04 6.652958536098594777e+01 8.080000000000000000e+02
7.000000000000000000e+00 3.200000000000000000e+01 -3.900000000000000000e+01 4.092300000000000000e+04 4.604800000000000000e+04 4.322100000000000000e+04 4.394000000000000000e+04 6.653944395200232975e+01 8.030000000000000000e+02
5.600000000000000000e+01 2.100000000000000000e+01 -5.700000000000000000e+01 4.056200000000000000e+04 4.640100000000000000e+04 4.269400000000000000e+04 4.436500000000000000e+04 6.654919302300550044e+01 8.030000000000000000e+02
8.800000000000000000e+01 2.200000000000000000e+01 -5.500000000000000000e+01 4.132000000000000000e+04 4.644900000000000000e+04 4.271000000000000000e+04 4.380900000000000000e+04 6.655956916199647821e+01 8.030000000000000000e+02
1.210000000000000000e+02 5.000000000000000000e+00 -3.100000000000000000e+01 4.096800000000000000e+04 4.710900000000000000e+04 4.319500000000000000e+04 4.302700000000000000e+04 6.656949518600595184e+01 8.030000000000000000e+02
1.120000000000000000e+02 2.400000000000000000e+01 -1.400000000000000000e+01 4.128200000000000000e+04 4.658600000000000000e+04 4.328600000000000000e+04 4.356200000000000000e+04 6.657932545299991034e+01 8.030000000000000000e+02
8.300000000000000000e+01 3.700000000000000000e+01 -1.600000000000000000e+01 4.110400000000000000e+04 4.616900000000000000e+04 4.334900000000000000e+04 4.400000000000000000e+04 6.658975767198717222e+01 8.030000000000000000e+02
7.400000000000000000e+01 5.700000000000000000e+01 -1.300000000000000000e+01 4.128700000000000000e+04 4.600100000000000000e+04 4.330200000000000000e+04 4.416600000000000000e+04 6.660170984501019120e+01 8.030000000000000000e+02
2.600000000000000000e+01 6.400000000000000000e+01 -2.000000000000000000e+01 4.127100000000000000e+04 4.584800000000000000e+04 4.333200000000000000e+04 4.445100000000000000e+04 6.660971945800702088e+01 8.030000000000000000e+02
1.200000000000000000e+01 4.400000000000000000e+01 -3.600000000000000000e+01 4.086000000000000000e+04 4.618600000000000000e+04 4.355500000000000000e+04 4.417100000000000000e+04 6.662061184100457467e+01 8.030000000000000000e+02
2.000000000000000000e+01 5.800000000000000000e+01 -3.500000000000000000e+01 4.103900000000000000e+04 4.632700000000000000e+04 4.339800000000000000e+04 4.426800000000000000e+04 6.662951660799444653e+01 8.030000000000000000e+02
8.000000000000000000e+00 3.200000000000000000e+01 -3.900000000000000000e+01 4.087000000000000000e+04 4.618300000000000000e+04 4.334400000000000000e+04 4.430500000000000000e+04 6.664000930398469791e+01 8.030000000000000000e+02
2.000000000000000000e+00 6.000000000000000000e+00 -2.800000000000000000e+01 4.062900000000000000e+04 4.610300000000000000e+04 4.354200000000000000e+04 4.439900000000000000e+04 6.665342446800787002e+01 8.030000000000000000e+02
-1.400000000000000000e+01 -9.000000000000000000e+00 -7.000000000000000000e+00 4.031100000000000000e+04 4.615400000000000000e+04 4.390300000000000000e+04 4.413600000000000000e+04 6.666099755201139487e+01 8.030000000000000000e+02
-2.200000000000000000e+01 -2.300000000000000000e+01 1.300000000000000000e+01 4.049200000000000000e+04 4.595700000000000000e+04 4.397600000000000000e+04 4.416100000000000000e+04 6.667139979801140726e+01 8.030000000000000000e+02
-4.500000000000000000e+01 -3.500000000000000000e+01 1.000000000000000000e+01 4.027600000000000000e+04 4.606700000000000000e+04 4.428700000000000000e+04 4.398300000000000000e+04 6.667922138900030404e+01 8.030000000000000000e+02
-2.800000000000000000e+01 -3.700000000000000000e+01 -3.000000000000000000e+00 4.045300000000000000e+04 4.585600000000000000e+04 4.399300000000000000e+04 4.435200000000000000e+04 6.668978068299475126e+01 8.030000000000000000e+02
4.600000000000000000e+01 -5.000000000000000000e+01 -2.700000000000000000e+01 4.112000000000000000e+04 4.619300000000000000e+04 4.317700000000000000e+04 4.417200000000000000e+04 6.669956748600816354e+01 8.030000000000000000e+02
5.700000000000000000e+01 -9.200000000000000000e+01 -4.000000000000000000e+01 3.990600000000000000e+04 4.664500000000000000e+04 4.397300000000000000e+04 4.453500000000000000e+04 6.671109979800530709e+01 7.990000000000000000e+02
7.300000000000000000e+01 -8.800000000000000000e+01 -1.600000000000000000e+01 4.188200000000000000e+04 4.809300000000000000e+04 4.176800000000000000e+04 4.297000000000000000e+04 6.672090527400723659e+01 7.990000000000000000e+02
1.170000000000000000e+02 -5.900000000000000000e+01 -1.800000000000000000e+01 4.024300000000000000e+04 4.629200000000000000e+04 4.366600000000000000e+04 4.504900000000000000e+04 6.673000548500567675e+01 7.990000000000000000e+02
3.500000000000000000e+01 -9.000000000000000000e+00 1.000000000000000000e+00 4.184800000000000000e+04 4.742800000000000000e+04 4.230300000000000000e+04 4.349100000000000000e+04 6.673972922100801952e+01 7.990000000000000000e+02
4.000000000000000000e+01 -3.000000000000000000e+01 7.000000000000000000e+00 4.188500000000000000e+04 4.790200000000000000e+04 4.273000000000000000e+04 4.225600000000000000e+04 6.674957436299882829e+01 7.980000000000000000e+02
-3.400000000000000000e+01 1.800000000000000000e+01 2.500000000000000000e+01 4.075300000000000000e+04 4.583900000000000000e+04 4.455000000000000000e+04 4.468800000000000000e+04 6.675948690398945473e+01 7.980000000000000000e+02
-7.000000000000000000e+01 3.200000000000000000e+01 1.600000000000000000e+01 3.978000000000000000e+04 4.455700000000000000e+04 4.568800000000000000e+04 4.574600000000000000e+04 6.676914199400926009e+01 7.980000000000000000e+02
-8.200000000000000000e+01 4.100000000000000000e+01 1.000000000000000000e+00 3.908700000000000000e+04 4.681400000000000000e+04 4.597500000000000000e+04 4.368800000000000000e+04 6.677972219401272014e+01 7.980000000000000000e+02
-6.800000000000000000e+01 4.400000000000000000e+01 -2.200000000000000000e+01 4.618400000000000000e+04 4.830500000000000000e+04 3.822700000000000000e+04 4.229700000000000000e+04 6.678948824899271131e+01 7.980000000000000000e+02
-6.100000000000000000e+01 3.100000000000000000e+01 3.000000000000000000e+00 4.240000000000000000e+04 4.490200000000000000e+04 4.310500000000000000e+04 4.704200000000000000e+04 6.679926586398505606e+01 4.100000000000000000e+01
-8.000000000000000000e+01 2.300000000000000000e+01 9.000000000000000000e+00 4.248400000000000000e+04 4.787600000000000000e+04 4.313400000000000000e+04 4.385600000000000000e+04 6.680907035400741734e+01 4.100000000000000000e+01
-1.290000000000000000e+02 4.500000000000000000e+01 1.900000000000000000e+01 4.100600000000000000e+04 4.395400000000000000e+04 4.507100000000000000e+04 4.756900000000000000e+04 6.681971522700041533e+01 4.100000000000000000e+01
-1.670000000000000000e+02 5.600000000000000000e+01 4.800000000000000000e+01 4.282500000000000000e+04 3.919700000000000000e+04 4.399400000000000000e+04 5.035300000000000000e+04 6.682953439300763421e+01 4.100000000000000000e+01
-1.360000000000000000e+02 1.900000000000000000e+01 6.100000000000000000e+01 4.327900000000000000e+04 4.570200000000000000e+04 4.645900000000000000e+04 4.693800000000000000e+04 6.683922702498966828e+01 1.900000000000000000e+01
-6.900000000000000000e+01 -6.300000000000000000e+01 4.600000000000000000e+01 4.296400000000000000e+04 4.622400000000000000e+04 4.677900000000000000e+04 4.635600000000000000e+04 6.684911509498488158e+01 1.900000000000000000e+01
8.000000000000000000e+00 -1.220000000000000000e+02 2.500000000000000000e+01 4.380600000000000000e+04 4.695500000000000000e+04 4.580900000000000000e+04 4.586100000000000000e+04 6.685883980800281279e+01 1.900000000000000000e+01
8.600000000000000000e+01 -1.870000000000000000e+02 1.900000000000000000e+01 4.317100000000000000e+04 4.882000000000000000e+04 4.592900000000000000e+04 4.503400000000000000e+04 6.686950634900131263e+01 1.900000000000000000e+01
1.400000000000000000e+02 -2.130000000000000000e+02 2.300000000000000000e+01 4.365900000000000000e+04 4.898300000000000000e+04 4.546800000000000000e+04 4.470700000000000000e+04 6.688027741500991397e+01 5.100000000000000000e+01
1.380000000000000000e+02 -1.820000000000000000e+02 3.200000000000000000e+01 4.005900000000000000e+04 4.932200000000000000e+04 4.674700000000000000e+04 4.239700000000000000e+04 6.688923469401197508e+01 5.100000000000000000e+01
1.140000000000000000e+02 -1.470000000000000000e+02 3.400000000000000000e+01 4.275700000000000000e+04 4.377900000000000000e+04 4.473700000000000000e+04 4.740400000000000000e+04 6.689997053000843152e+01 5.100000000000000000e+01
1.030000000000000000e+02 -1.420000000000000000e+02 2.500000000000000000e+01 4.223100000000000000e+04 4.898000000000000000e+04 4.441600000000000000e+04 4.203000000000000000e+04 6.690874857601011172e+01 5.100000000000000000e+01
9.200000000000000000e+01 -8.800000000000000000e+01 1.200000000000000000e+01 4.467900000000000000e+04 4.559000000000000000e+04 4.183300000000000000e+04 4.519200000000000000e+04 6.691930580500047654e+01 5.100000000000000000e+01
7.600000000000000000e+01 -6.700000000000000000e+01 3.100000000000000000e+01 4.075000000000000000e+04 4.683200000000000000e+04 4.400400000000000000e+04 4.298600000000000000e+04 6.692889620899222791e+01 5.100000000000000000e+01
4.700000000000000000e+01 -3.600000000000000000e+01 4.500000000000000000e+01 4.193000000000000000e+04 4.596500000000000000e+04 4.272000000000000000e+04 4.361800000000000000e+04 6.693960415999754332e+01 5.100000000000000000e+01
1.500000000000000000e+01 -2.900000000000000000e+01 2.200000000000000000e+01 4.188800000000000000e+04 4.472500000000000000e+04 4.219100000000000000e+04 4.450600000000000000e+04 6.694941736001055688e+01 5.100000000000000000e+01
2.000000000000000000e+00 -3.900000000000000000e+01 1.100000000000000000e+01 3.877000000000000000e+04 4.470400000000000000e+04 4.449800000000000000e+04 4.426500000000000000e+04 6.695914791998802684e+01 5.100000000000000000e+01
-1.100000000000000000e+01 -9.400000000000000000e+01 1.900000000000000000e+01 4.015600000000000000e+04 4.663600000000000000e+04 4.209500000000000000e+04 4.085800000000000000e+04 6.696971821799525060e+01 5.400000000000000000e+01
2.300000000000000000e+01 -1.180000000000000000e+02 3.100000000000000000e+01 4.046300000000000000e+04 4.492800000000000000e+04 4.166200000000000000e+04 4.250300000000000000e+04 6.698014435000368394e+01 5.400000000000000000e+01
-2.200000000000000000e+01 -6.100000000000000000e+01 3.100000000000000000e+01 3.852200000000000000e+04 4.632500000000000000e+04 4.327500000000000000e+04 4.052500000000000000e+04 6.698921894398517907e+01 5.400000000000000000e+01
-7.700000000000000000e+01 -6.800000000000000000e+01 5.400000000000000000e+01 3.906800000000000000e+04 4.420000000000000000e+04 4.263800000000000000e+04 4.238300000000000000e+04 6.699969037101254798e+01 5.400000000000000000e+01
-7.000000000000000000e+01 -8.300000000000000000e+01 5.800000000000000000e+01 3.659400000000000000e+04 4.290800000000000000e+04 4.458900000000000000e+04 4.331000000000000000e+04 6.700958785400143825e+01 5.400000000000000000e+01
1.800000000000000000e+01 -6.200000000000000000e+01 4.500000000000000000e+01 3.792800000000000000e+04 4.470600000000000000e+04 4.282600000000000000e+04 4.052700000000000000e+04 6.702016706101130694e+01 5.800000000000000000e+01
4.900000000000000000e+01 -8.900000000000000000e+01 4.000000000000000000e+01 3.963400000000000000e+04 4.404500000000000000e+04 4.105300000000000000e+04 4.138000000000000000e+04 6.703010897900094278e+01 5.800000000000000000e+01
9.700000000000000000e+01 -8.100000000000000000e+01 3.300000000000000000e+01 3.961500000000000000e+04 4.576000000000000000e+04 4.088200000000000000e+04 3.938800000000000000e+04 6.703987691999645904e+01 5.800000000000000000e+01
8.200000000000000000e+01 -4.600000000000000000e+01 2.300000000000000000e+01 3.937800000000000000e+04 4.312300000000000000e+04 4.103200000000000000e+04 4.230800000000000000e+04 6.704900526799610816e+01 5.800000000000000000e+01
1.340000000000000000e+02 -3.200000000000000000e+01 3.500000000000000000e+01 4.026700000000000000e+04 4.519600000000000000e+04 4.007900000000000000e+04 3.987500000000000000e+04 6.705880326899932697e+01 5.900000000000000000e+01
8.100000000000000000e+01 3.600000000000000000e+01 3.000000000000000000e+01 3.677700000000000000e+04 4.472100000000000000e+04 4.318900000000000000e+04 4.023000000000000000e+04 6.706939502101158723e+01 5.900000000000000000e+01
7.000000000000000000e+01 8.500000000000000000e+01 5.000000000000000000e+01 4.177100000000000000e+04 4.328400000000000000e+04 3.831900000000000000e+04 4.177200000000000000e+04 6.708022834599250928e+01 5.900000000000000000e+01
5.600000000000000000e+01 1.240000000000000000e+02 5.100000000000000000e+01 3.781200000000000000e+04 4.484400000000000000e+04 4.232600000000000000e+04 3.970000000000000000e+04 6.709072195299086161e+01 5.900000000000000000e+01
2.000000000000000000e+00 1.360000000000000000e+02 5.100000000000000000e+01 4.038600000000000000e+04 4.102100000000000000e+04 4.001800000000000000e+04 4.361700000000000000e+04 6.709902349198819138e+01 6.200000000000000000e+01
-2.700000000000000000e+01 5.500000000000000000e+01 2.400000000000000000e+01 3.731500000000000000e+04 4.462500000000000000e+04 4.297500000000000000e+04 4.038200000000000000e+04 6.710953692899784073e+01 6.200000000000000000e+01
-2.300000000000000000e+01 9.000000000000000000e+00 9.000000000000000000e+00 3.921700000000000000e+04 4.562400000000000000e+04 4.108800000000000000e+04 3.949700000000000000e+04 6.711960822099354118e+01 6.200000000000000000e+01
-1.500000000000000000e+01 1.000000000000000000e+01 3.000000000000000000e+00 3.892700000000000000e+04 4.164400000000000000e+04 4.132500000000000000e+04 4.401400000000000000e+04 6.712941531901014969e+01 6.200000000000000000e+01
-7.800000000000000000e+01 6.800000000000000000e+01 3.200000000000000000e+01 3.923300000000000000e+04 4.356500000000000000e+04 4.139700000000000000e+04 4.191700000000000000e+04 6.713924497898551635e+01 6.200000000000000000e+01
-9.600000000000000000e+01 1.060000000000000000e+02 2.700000000000000000e+01 3.922000000000000000e+04 4.278400000000000000e+04 4.173600000000000000e+04 4.279700000000000000e+04 6.714924418699229136e+01 6.600000000000000000e+01
-1.680000000000000000e+02 1.780000000000000000e+02 4.700000000000000000e+01 3.929500000000000000e+04 4.193000000000000000e+04 4.188700000000000000e+04 4.368200000000000000e+04 6.715898489201208577e+01 6.600000000000000000e+01
-1.730000000000000000e+02 1.670000000000000000e+02 5.200000000000000000e+01 4.022800000000000000e+04 4.334500000000000000e+04 4.115400000000000000e+04 4.238600000000000000e+04 6.716951899198465981e+01 6.600000000000000000e+01
-1.330000000000000000e+02 1.340000000000000000e+02 5.700000000000000000e+01 3.792700000000000000e+04 4.479400000000000000e+04 4.363800000000000000e+04 4.083100000000000000e+04 6.717922798398649320e+01 6.600000000000000000e+01
-8.800000000000000000e+01 7.000000000000000000e+01 5.000000000000000000e+01 4.072300000000000000e+04 4.164500000000000000e+04 4.144600000000000000e+04 4.445700000000000000e+04 6.718898188701132312e+01 6.800000000000000000e+01
2.400000000000000000e+01 3.900000000000000000e+01 3.700000000000000000e+01 3.827100000000000000e+04 4.541100000000000000e+04 4.379000000000000000e+04 4.071200000000000000e+04 6.719961775699630380e+01 6.800000000000000000e+01
7.000000000000000000e+01 -1.900000000000000000e+01 5.600000000000000000e+01 4.037100000000000000e+04 4.564000000000000000e+04 4.223000000000000000e+04 4.054900000000000000e+04 6.720942309900419787e+01 6.800000000000000000e+01
1.220000000000000000e+02 -9.800000000000000000e+01 6.400000000000000000e+01 3.962800000000000000e+04 4.527900000000000000e+04 4.328100000000000000e+04 4.084800000000000000e+04 6.721926785900723189e+01 6.800000000000000000e+01
1.350000000000000000e+02 -1.380000000000000000e+02 6.300000000000000000e+01 4.164200000000000000e+04 4.742700000000000000e+04 4.160100000000000000e+04 3.849900000000000000e+04 6.722908519100747071e+01 6.800000000000000000e+01
1.290000000000000000e+02 -2.070000000000000000e+02 6.600000000000000000e+01 3.961700000000000000e+04 4.353200000000000000e+04 4.494900000000000000e+04 4.195400000000000000e+04 6.723883044900139794e+01 7.000000000000000000e+01
1.040000000000000000e+02 -1.490000000000000000e+02 5.500000000000000000e+01 3.981000000000000000e+04 4.783300000000000000e+04 4.365500000000000000e+04 3.779400000000000000e+04 6.725025168998399749e+01 7.000000000000000000e+01
8.800000000000000000e+01 -7.700000000000000000e+01 5.200000000000000000e+01 4.224200000000000000e+04 4.555900000000000000e+04 4.278100000000000000e+04 4.036500000000000000e+04 6.725906413100892678e+01 7.000000000000000000e+01
3.400000000000000000e+01 5.000000000000000000e+01 4.600000000000000000e+01 4.206100000000000000e+04 4.462700000000000000e+04 4.175800000000000000e+04 4.241200000000000000e+04 6.726972459501121193e+01 7.000000000000000000e+01
1.100000000000000000e+01 2.100000000000000000e+02 4.100000000000000000e+01 4.415800000000000000e+04 4.434500000000000000e+04 4.085000000000000000e+04 4.227000000000000000e+04 6.727898156800074503e+01 6.800000000000000000e+01
-7.600000000000000000e+01 3.350000000000000000e+02 6.500000000000000000e+01 3.994300000000000000e+04 4.349600000000000000e+04 4.426100000000000000e+04 4.408500000000000000e+04 6.729025900899432600e+01 6.800000000000000000e+01
-6.200000000000000000e+01 3.610000000000000000e+02 8.700000000000000000e+01 4.405000000000000000e+04 4.096000000000000000e+04 4.195900000000000000e+04 4.533900000000000000e+04 6.729920618399046361e+01 6.800000000000000000e+01
-9.800000000000000000e+01 3.090000000000000000e+02 1.060000000000000000e+02 4.570900000000000000e+04 4.141800000000000000e+04 4.105700000000000000e+04 4.438600000000000000e+04 6.730914507500710897e+01 6.800000000000000000e+01
-1.010000000000000000e+02 2.340000000000000000e+02 5.600000000000000000e+01 4.488700000000000000e+04 4.299800000000000000e+04 4.227200000000000000e+04 4.362800000000000000e+04 6.731891147000715137e+01 6.600000000000000000e+01
-1.020000000000000000e+02 1.730000000000000000e+02 3.500000000000000000e+01 3.688200000000000000e+04 4.015000000000000000e+04 4.827600000000000000e+04 4.690600000000000000e+04 6.732942783299949951e+01 6.600000000000000000e+01
-2.800000000000000000e+01 1.190000000000000000e+02 3.500000000000000000e+01 4.408300000000000000e+04 4.378000000000000000e+04 4.208900000000000000e+04 4.429000000000000000e+04 6.733915481698932126e+01 6.600000000000000000e+01
5.400000000000000000e+01 2.000000000000000000e+00 2.200000000000000000e+01 4.129400000000000000e+04 4.534100000000000000e+04 4.478900000000000000e+04 4.280200000000000000e+04 6.734914470199146308e+01 6.600000000000000000e+01
7.500000000000000000e+01 -1.240000000000000000e+02 1.900000000000000000e+01 4.158800000000000000e+04 4.542500000000000000e+04 4.454300000000000000e+04 4.268600000000000000e+04 6.735895863999030553e+01 6.600000000000000000e+01
1.410000000000000000e+02 -2.190000000000000000e+02 3.400000000000000000e+01 4.078100000000000000e+04 4.722200000000000000e+04 4.579200000000000000e+04 4.067000000000000000e+04 6.736950285400962457e+01 6.200000000000000000e+01
1.880000000000000000e+02 -2.930000000000000000e+02 2.700000000000000000e+01 4.198500000000000000e+04 4.766400000000000000e+04 4.478700000000000000e+04 3.991200000000000000e+04 6.737920428800862283e+01 6.200000000000000000e+01
2.080000000000000000e+02 -3.200000000000000000e+02 2.800000000000000000e+01 4.094400000000000000e+04 4.884800000000000000e+04 4.588400000000000000e+04 3.824300000000000000e+04 6.738968704600119963e+01 6.200000000000000000e+01
1.460000000000000000e+02 -2.690000000000000000e+02 3.600000000000000000e+01 4.198700000000000000e+04 4.826800000000000000e+04 4.487000000000000000e+04 3.901900000000000000e+04 6.739949715600232594e+01 6.200000000000000000e+01
1.110000000000000000e+02 -2.300000000000000000e+02 3.100000000000000000e+01 4.159100000000000000e+04 4.703400000000000000e+04 4.462700000000000000e+04 4.144600000000000000e+04 6.740861165800015442e+01 5.800000000000000000e+01
5.900000000000000000e+01 -1.100000000000000000e+02 4.000000000000000000e+01 4.172900000000000000e+04 4.666800000000000000e+04 4.481700000000000000e+04 4.245600000000000000e+04 6.741962162699201144e+01 5.800000000000000000e+01
-1.400000000000000000e+01 2.300000000000000000e+01 5.000000000000000000e+01 4.196800000000000000e+04 4.584700000000000000e+04 4.465000000000000000e+04 4.328900000000000000e+04 6.742858783798874356e+01 5.800000000000000000e+01
-1.060000000000000000e+02 8.200000000000000000e+01 7.400000000000000000e+01 4.147800000000000000e+04 4.501400000000000000e+04 4.511100000000000000e+04 4.401900000000000000e+04 6.743919109698617831e+01 5.800000000000000000e+01
-1.760000000000000000e+02 1.400000000000000000e+02 8.600000000000000000e+01 4.174500000000000000e+04 4.475400000000000000e+04 4.517400000000000000e+04 4.387500000000000000e+04 6.744898522598668933e+01 5.800000000000000000e+01
-2.490000000000000000e+02 1.770000000000000000e+02 8.400000000000000000e+01 4.135500000000000000e+04 4.378400000000000000e+04 4.560400000000000000e+04 4.475800000000000000e+04 6.745952470900374465e+01 5.400000000000000000e+01
-2.440000000000000000e+02 2.050000000000000000e+02 8.000000000000000000e+01 4.315400000000000000e+04 4.022400000000000000e+04 4.566000000000000000e+04 4.685800000000000000e+04 6.747019407799234614e+01 5.400000000000000000e+01
-1.750000000000000000e+02 2.950000000000000000e+02 6.300000000000000000e+01 4.316800000000000000e+04 4.348100000000000000e+04 4.431000000000000000e+04 4.541800000000000000e+04 6.747864034000667743e+01 5.400000000000000000e+01
-6.400000000000000000e+01 3.020000000000000000e+02 4.900000000000000000e+01 4.436000000000000000e+04 4.421400000000000000e+04 4.304300000000000000e+04 4.491500000000000000e+04 6.748848154200823046e+01 5.400000000000000000e+01
1.100000000000000000e+02 2.960000000000000000e+02 4.200000000000000000e+01 4.481000000000000000e+04 4.481700000000000000e+04 4.229200000000000000e+04 4.413200000000000000e+04 6.749840149100054987e+01 5.300000000000000000e+01
2.400000000000000000e+02 2.130000000000000000e+02 3.500000000000000000e+01 4.488200000000000000e+04 4.624500000000000000e+04 4.221300000000000000e+04 4.285200000000000000e+04 6.750877530398429371e+01 5.300000000000000000e+01
2.760000000000000000e+02 1.500000000000000000e+02 1.800000000000000000e+01 4.468500000000000000e+04 4.677900000000000000e+04 4.225900000000000000e+04 4.206200000000000000e+04 6.751877162398886867e+01 5.300000000000000000e+01
2.100000000000000000e+02 7.100000000000000000e+01 2.900000000000000000e+01 4.367800000000000000e+04 4.724300000000000000e+04 4.329300000000000000e+04 4.144400000000000000e+04 6.752935261599486694e+01 5.300000000000000000e+01
8.600000000000000000e+01 -1.200000000000000000e+01 5.300000000000000000e+01 4.371100000000000000e+04 4.587300000000000000e+04 4.334000000000000000e+04 4.281200000000000000e+04 6.753989440901204944e+01 5.200000000000000000e+01
-1.300000000000000000e+01 -8.600000000000000000e+01 5.100000000000000000e+01 4.209500000000000000e+04 4.602200000000000000e+04 4.499100000000000000e+04 4.251500000000000000e+04 6.754897424401133321e+01 5.200000000000000000e+01
-1.290000000000000000e+02 -1.250000000000000000e+02 4.500000000000000000e+01 4.122900000000000000e+04 4.566500000000000000e+04 4.557900000000000000e+04 4.270900000000000000e+04 6.755965395001112483e+01 5.200000000000000000e+01
-2.260000000000000000e+02 -2.000000000000000000e+02 4.800000000000000000e+01 4.000900000000000000e+04 4.595500000000000000e+04 4.663100000000000000e+04 4.227500000000000000e+04 6.756865447698510252e+01 5.200000000000000000e+01
-3.210000000000000000e+02 -2.400000000000000000e+02 4.700000000000000000e+01 4.070600000000000000e+04 4.553800000000000000e+04 4.582300000000000000e+04 4.273200000000000000e+04 6.758137152998824604e+01 5.200000000000000000e+01
-3.560000000000000000e+02 -2.590000000000000000e+02 3.600000000000000000e+01 3.939300000000000000e+04 4.538900000000000000e+04 4.685000000000000000e+04 4.288200000000000000e+04 6.758881125701009296e+01 5.300000000000000000e+01
-3.480000000000000000e+02 -2.300000000000000000e+02 3.500000000000000000e+01 3.904700000000000000e+04 4.436400000000000000e+04 4.677700000000000000e+04 4.361300000000000000e+04 6.760003157000755891e+01 5.300000000000000000e+01
-2.760000000000000000e+02 -1.620000000000000000e+02 3.600000000000000000e+01 4.027300000000000000e+04 4.514300000000000000e+04 4.587500000000000000e+04 4.274300000000000000e+04 6.760829852501046844e+01 5.300000000000000000e+01
-2.360000000000000000e+02 -1.300000000000000000e+01 4.300000000000000000e+01 3.950000000000000000e+04 4.373400000000000000e+04 4.602100000000000000e+04 4.365300000000000000e+04 6.761968967999564484e+01 5.300000000000000000e+01
-8.900000000000000000e+01 1.300000000000000000e+02 5.500000000000000000e+01 4.236100000000000000e+04 4.356700000000000000e+04 4.371100000000000000e+04 4.368200000000000000e+04 6.762895810900954530e+01 5.100000000000000000e+01
7.900000000000000000e+01 3.000000000000000000e+02 4.900000000000000000e+01 4.336800000000000000e+04 4.389700000000000000e+04 4.249600000000000000e+04 4.299800000000000000e+04 6.763953723100712523e+01 5.100000000000000000e+01
1.870000000000000000e+02 3.270000000000000000e+02 3.600000000000000000e+01 4.404400000000000000e+04 4.465800000000000000e+04 4.160900000000000000e+04 4.208700000000000000e+04 6.764853625898831524e+01 5.100000000000000000e+01
2.630000000000000000e+02 3.070000000000000000e+02 4.700000000000000000e+01 4.636600000000000000e+04 4.524300000000000000e+04 3.863800000000000000e+04 4.111500000000000000e+04 6.765985006300616078e+01 5.100000000000000000e+01
2.240000000000000000e+02 2.270000000000000000e+02 3.000000000000000000e+01 4.311300000000000000e+04 4.473100000000000000e+04 4.233200000000000000e+04 4.186100000000000000e+04 6.766892029601149261e+01 5.100000000000000000e+01
1.270000000000000000e+02 1.440000000000000000e+02 4.200000000000000000e+01 4.205600000000000000e+04 4.471900000000000000e+04 4.322200000000000000e+04 4.179900000000000000e+04 6.767944975499995053e+01 5.500000000000000000e+01
5.500000000000000000e+01 8.300000000000000000e+01 2.200000000000000000e+01 4.187600000000000000e+04 4.431000000000000000e+04 4.312500000000000000e+04 4.199200000000000000e+04 6.768849648800096475e+01 5.500000000000000000e+01
-2.000000000000000000e+01 1.000000000000000000e+01 4.200000000000000000e+01 4.068700000000000000e+04 4.349800000000000000e+04 4.403300000000000000e+04 4.260700000000000000e+04 6.769819091600948013e+01 5.500000000000000000e+01
-4.400000000000000000e+01 -5.000000000000000000e+01 4.700000000000000000e+01 4.067000000000000000e+04 4.398700000000000000e+04 4.399500000000000000e+04 4.174200000000000000e+04 6.770869251698604785e+01 5.500000000000000000e+01
-6.300000000000000000e+01 -8.600000000000000000e+01 6.000000000000000000e+01 4.008900000000000000e+04 4.460200000000000000e+04 4.448600000000000000e+04 4.078800000000000000e+04 6.771863068098900840e+01 5.500000000000000000e+01
-7.900000000000000000e+01 -1.230000000000000000e+02 4.100000000000000000e+01 3.981200000000000000e+04 4.347400000000000000e+04 4.474100000000000000e+04 4.209600000000000000e+04 6.772914864399353974e+01 5.500000000000000000e+01
-1.100000000000000000e+01 -1.430000000000000000e+02 2.300000000000000000e+01 4.039900000000000000e+04 4.466900000000000000e+04 4.401600000000000000e+04 4.074200000000000000e+04 6.773962170598679222e+01 5.500000000000000000e+01
-3.000000000000000000e+00 -1.700000000000000000e+02 2.400000000000000000e+01 3.969500000000000000e+04 4.484200000000000000e+04 4.448100000000000000e+04 4.055000000000000000e+04 6.774897165098809637e+01 5.500000000000000000e+01
-4.400000000000000000e+01 -2.040000000000000000e+02 2.100000000000000000e+01 3.917500000000000000e+04 4.454900000000000000e+04 4.488000000000000000e+04 4.093900000000000000e+04 6.775870073799160309e+01 5.500000000000000000e+01
