1.800000000000000000e+01 2.600000000000000000e+01 -1.600000000000000000e+01 4.219100000000000000e+04 4.601600000000000000e+04 4.456100000000000000e+04 4.312400000000000000e+04 1.630616854698746465e+01 8.290000000000000000e+02
6.200000000000000000e+01 2.500000000000000000e+01 -2.100000000000000000e+01 4.261800000000000000e+04 4.612000000000000000e+04 4.412100000000000000e+04 4.315500000000000000e+04 1.631629651499679312e+01 8.290000000000000000e+02
9.400000000000000000e+01 2.900000000000000000e+01 -1.900000000000000000e+01 4.301100000000000000e+04 4.602500000000000000e+04 4.373600000000000000e+04 4.319900000000000000e+04 1.632593992599868216e+01 8.310000000000000000e+02
7.300000000000000000e+01 4.300000000000000000e+01 -2.100000000000000000e+01 4.239900000000000000e+04 4.598400000000000000e+04 4.415000000000000000e+04 4.291500000000000000e+04 1.633633528198697604e+01 8.310000000000000000e+02
7.800000000000000000e+01 4.800000000000000000e+01 -2.500000000000000000e+01 4.277900000000000000e+04 4.608900000000000000e+04 4.357400000000000000e+04 4.280900000000000000e+04 1.634732849098509178e+01 8.310000000000000000e+02
4.600000000000000000e+01 6.000000000000000000e+01 -3.000000000000000000e+00 4.210900000000000000e+04 4.512200000000000000e+04 4.420800000000000000e+04 4.380600000000000000e+04 1.635615953398519196e+01 8.310000000000000000e+02
3.100000000000000000e+01 3.700000000000000000e+01 -1.800000000000000000e+01 4.237200000000000000e+04 4.568100000000000000e+04 4.401000000000000000e+04 4.325000000000000000e+04 1.636669764298130758e+01 8.350000000000000000e+02
-8.000000000000000000e+00 3.800000000000000000e+01 -2.300000000000000000e+01 4.184000000000000000e+04 4.474700000000000000e+04 4.389300000000000000e+04 4.370600000000000000e+04 1.637602255298406817e+01 8.350000000000000000e+02
3.000000000000000000e+00 6.000000000000000000e+00 -1.600000000000000000e+01 4.147600000000000000e+04 4.555200000000000000e+04 4.405600000000000000e+04 4.287000000000000000e+04 1.638708699899143539e+01 8.350000000000000000e+02
-1.700000000000000000e+01 -1.200000000000000000e+01 -2.600000000000000000e+01 4.193500000000000000e+04 4.511300000000000000e+04 4.357700000000000000e+04 4.323100000000000000e+04 1.639614584599621594e+01 8.350000000000000000e+02
-2.000000000000000000e+01 -3.000000000000000000e+01 -1.400000000000000000e+01 4.184200000000000000e+04 4.579800000000000000e+04 4.362900000000000000e+04 4.244300000000000000e+04 1.640710605500498787e+01 8.350000000000000000e+02
-2.800000000000000000e+01 -5.800000000000000000e+01 -2.000000000000000000e+01 4.110300000000000000e+04 4.581800000000000000e+04 4.432600000000000000e+04 4.239500000000000000e+04 1.641711544498684816e+01 8.310000000000000000e+02
-1.100000000000000000e+01 -3.800000000000000000e+01 -2.900000000000000000e+01 4.184900000000000000e+04 4.519300000000000000e+04 4.369700000000000000e+04 4.323900000000000000e+04 1.642615761698107235e+01 8.310000000000000000e+02
-2.000000000000000000e+00 -3.400000000000000000e+01 -2.300000000000000000e+01 4.119100000000000000e+04 4.533700000000000000e+04 4.425500000000000000e+04 4.304700000000000000e+04 1.643693680700380355e+01 8.310000000000000000e+02
2.000000000000000000e+01 -1.100000000000000000e+01 -1.600000000000000000e+01 4.156400000000000000e+04 4.568800000000000000e+04 4.389300000000000000e+04 4.280000000000000000e+04 1.644671446899883449e+01 8.310000000000000000e+02
5.800000000000000000e+01 -1.100000000000000000e+01 -1.800000000000000000e+01 4.189000000000000000e+04 4.583800000000000000e+04 4.363100000000000000e+04 4.272000000000000000e+04 1.645685093197971582e+01 8.340000000000000000e+02
8.600000000000000000e+01 -1.100000000000000000e+01 -2.100000000000000000e+01 4.196700000000000000e+04 4.548100000000000000e+04 4.346400000000000000e+04 4.287500000000000000e+04 1.646624447999056429e+01 8.340000000000000000e+02
1.040000000000000000e+02 2.600000000000000000e+01 -2.300000000000000000e+01 4.185600000000000000e+04 4.546000000000000000e+04 4.345400000000000000e+04 4.286500000000000000e+04 1.647617826898931526e+01 8.340000000000000000e+02
9.800000000000000000e+01 6.000000000000000000e+01 -1.000000000000000000e+01 4.242000000000000000e+04 4.512400000000000000e+04 4.290900000000000000e+04 4.315700000000000000e+04 1.648643915000138804e+01 8.340000000000000000e+02
1.090000000000000000e+02 3.000000000000000000e+01 -4.000000000000000000e+00 4.209700000000000000e+04 4.575500000000000000e+04 4.321600000000000000e+04 4.251300000000000000e+04 1.649614866898627952e+01 8.350000000000000000e+02
8.900000000000000000e+01 4.300000000000000000e+01 -8.000000000000000000e+00 4.229000000000000000e+04 4.521900000000000000e+04 4.304600000000000000e+04 4.298900000000000000e+04 1.650621572899399325e+01 8.350000000000000000e+02
7.000000000000000000e+01 6.500000000000000000e+01 -1.500000000000000000e+01 4.231200000000000000e+04 4.526200000000000000e+04 4.297800000000000000e+04 4.304700000000000000e+04 1.651607561999117024e+01 8.350000000000000000e+02
3.900000000000000000e+01 5.800000000000000000e+01 -1.100000000000000000e+01 4.231400000000000000e+04 4.525000000000000000e+04 4.297800000000000000e+04 4.307000000000000000e+04 1.652598284897976555e+01 8.350000000000000000e+02
-4.800000000000000000e+01 1.000000000000000000e+00 -7.000000000000000000e+00 4.110000000000000000e+04 4.483600000000000000e+04 4.426800000000000000e+04 4.339100000000000000e+04 1.653604459500638768e+01 8.360000000000000000e+02
-4.200000000000000000e+01 -1.200000000000000000e+01 -1.700000000000000000e+01 4.157300000000000000e+04 4.526100000000000000e+04 4.352200000000000000e+04 4.289600000000000000e+04 1.654654241199023090e+01 8.360000000000000000e+02
-7.500000000000000000e+01 -3.700000000000000000e+01 -7.000000000000000000e+00 4.081400000000000000e+04 4.492200000000000000e+04 4.428800000000000000e+04 4.316800000000000000e+04 1.655637116698198952e+01 8.360000000000000000e+02
-8.000000000000000000e+01 -3.800000000000000000e+01 -1.300000000000000000e+01 4.108600000000000000e+04 4.521800000000000000e+04 4.413400000000000000e+04 4.292700000000000000e+04 1.656602725698030554e+01 8.360000000000000000e+02
-7.500000000000000000e+01 -3.700000000000000000e+01 -2.200000000000000000e+01 4.099600000000000000e+04 4.501700000000000000e+04 4.405600000000000000e+04 4.340900000000000000e+04 1.657606424699770287e+01 8.360000000000000000e+02
-5.700000000000000000e+01 -3.700000000000000000e+01 -2.400000000000000000e+01 4.126300000000000000e+04 4.567000000000000000e+04 4.387900000000000000e+04 4.267600000000000000e+04 1.658585832698736340e+01 8.330000000000000000e+02
-3.700000000000000000e+01 -2.900000000000000000e+01 -2.500000000000000000e+01 4.187100000000000000e+04 4.566500000000000000e+04 4.365500000000000000e+04 4.303300000000000000e+04 1.659630274999653921e+01 8.330000000000000000e+02
-1.800000000000000000e+01 -4.000000000000000000e+00 -2.300000000000000000e+01 4.231600000000000000e+04 4.551400000000000000e+04 4.325900000000000000e+04 4.322300000000000000e+04 1.660620545499841683e+01 8.330000000000000000e+02
-1.100000000000000000e+01 3.000000000000000000e+00 -2.200000000000000000e+01 4.190700000000000000e+04 4.517400000000000000e+04 4.361800000000000000e+04 4.369500000000000000e+04 1.661645466400659643e+01 8.330000000000000000e+02
1.800000000000000000e+01 -3.400000000000000000e+01 -1.500000000000000000e+01 4.172600000000000000e+04 4.577700000000000000e+04 4.386400000000000000e+04 4.308200000000000000e+04 1.662611773199751042e+01 8.320000000000000000e+02
2.400000000000000000e+01 -3.900000000000000000e+01 -3.000000000000000000e+00 4.157900000000000000e+04 4.551100000000000000e+04 4.444800000000000000e+04 4.379000000000000000e+04 1.663568534498335794e+01 8.320000000000000000e+02
5.900000000000000000e+01 -7.000000000000000000e+00 -1.300000000000000000e+01 4.223800000000000000e+04 4.598900000000000000e+04 4.389200000000000000e+04 4.312800000000000000e+04 1.664764162799110636e+01 8.320000000000000000e+02
8.000000000000000000e+01 2.200000000000000000e+01 -7.000000000000000000e+00 4.224900000000000000e+04 4.599700000000000000e+04 4.397400000000000000e+04 4.324700000000000000e+04 1.667345290299272165e+01 8.320000000000000000e+02
7.400000000000000000e+01 -3.100000000000000000e+01 7.000000000000000000e+00 4.199200000000000000e+04 4.621300000000000000e+04 4.431400000000000000e+04 4.288400000000000000e+04 1.667720458499388769e+01 8.300000000000000000e+02
1.080000000000000000e+02 -1.200000000000000000e+01 1.100000000000000000e+01 4.302700000000000000e+04 4.623600000000000000e+04 4.370700000000000000e+04 4.312500000000000000e+04 1.667922980498406105e+01 8.300000000000000000e+02
7.400000000000000000e+01 -1.000000000000000000e+00 2.100000000000000000e+01 4.272200000000000000e+04 4.646300000000000000e+04 4.412400000000000000e+04 4.281600000000000000e+04 1.668739456299226731e+01 8.300000000000000000e+02
4.000000000000000000e+01 3.000000000000000000e+00 2.800000000000000000e+01 4.273800000000000000e+04 4.594400000000000000e+04 4.423900000000000000e+04 4.331600000000000000e+04 1.669707036999170668e+01 8.300000000000000000e+02
4.000000000000000000e+01 -4.000000000000000000e+00 2.900000000000000000e+01 4.283000000000000000e+04 4.638200000000000000e+04 4.419500000000000000e+04 4.294900000000000000e+04 1.670668415198451839e+01 8.300000000000000000e+02
2.200000000000000000e+01 -1.300000000000000000e+01 2.200000000000000000e+01 4.260400000000000000e+04 4.632700000000000000e+04 4.454000000000000000e+04 4.315900000000000000e+04 1.671593826499884017e+01 8.300000000000000000e+02
-6.000000000000000000e+00 -2.800000000000000000e+01 1.500000000000000000e+01 4.178200000000000000e+04 4.593000000000000000e+04 4.530800000000000000e+04 4.353900000000000000e+04 1.672587354399729520e+01 8.300000000000000000e+02
-4.900000000000000000e+01 -1.900000000000000000e+01 3.000000000000000000e+01 4.225600000000000000e+04 4.551500000000000000e+04 4.492500000000000000e+04 4.405200000000000000e+04 1.673605872498592362e+01 8.300000000000000000e+02
-4.500000000000000000e+01 -3.000000000000000000e+00 2.500000000000000000e+01 4.267400000000000000e+04 4.557000000000000000e+04 4.475200000000000000e+04 4.421100000000000000e+04 1.674631878800573759e+01 8.300000000000000000e+02
2.000000000000000000e+00 -1.000000000000000000e+00 3.000000000000000000e+01 4.288800000000000000e+04 4.631700000000000000e+04 4.478200000000000000e+04 4.326900000000000000e+04 1.675604066599044017e+01 8.260000000000000000e+02
-5.000000000000000000e+00 2.700000000000000000e+01 3.600000000000000000e+01 4.209500000000000000e+04 4.569400000000000000e+04 4.566200000000000000e+04 4.436200000000000000e+04 1.676599204898229800e+01 8.260000000000000000e+02
3.300000000000000000e+01 1.300000000000000000e+01 1.800000000000000000e+01 4.234600000000000000e+04 4.599300000000000000e+04 4.531200000000000000e+04 4.403600000000000000e+04 1.677661955598159693e+01 8.260000000000000000e+02
8.300000000000000000e+01 -4.000000000000000000e+00 1.400000000000000000e+01 4.291600000000000000e+04 4.632000000000000000e+04 4.482600000000000000e+04 4.372200000000000000e+04 1.678689732099883258e+01 8.260000000000000000e+02
1.190000000000000000e+02 1.100000000000000000e+01 1.900000000000000000e+01 4.323100000000000000e+04 4.633100000000000000e+04 4.452400000000000000e+04 4.360200000000000000e+04 1.679657139498158358e+01 8.280000000000000000e+02
1.390000000000000000e+02 -2.200000000000000000e+01 2.100000000000000000e+01 4.328200000000000000e+04 4.649300000000000000e+04 4.417500000000000000e+04 4.313800000000000000e+04 1.680620436798199080e+01 8.280000000000000000e+02
1.360000000000000000e+02 -6.800000000000000000e+01 3.300000000000000000e+01 4.289400000000000000e+04 4.644800000000000000e+04 4.459500000000000000e+04 4.313700000000000000e+04 1.681614306199480779e+01 8.280000000000000000e+02
1.580000000000000000e+02 -5.200000000000000000e+01 2.800000000000000000e+01 4.301500000000000000e+04 4.645700000000000000e+04 4.451000000000000000e+04 4.314900000000000000e+04 1.682626981197972782e+01 8.280000000000000000e+02
1.020000000000000000e+02 -5.600000000000000000e+01 2.800000000000000000e+01 4.263400000000000000e+04 4.631100000000000000e+04 4.495500000000000000e+04 4.322000000000000000e+04 1.683580192798399366e+01 8.280000000000000000e+02
7.500000000000000000e+01 -7.400000000000000000e+01 3.300000000000000000e+01 4.301600000000000000e+04 4.629900000000000000e+04 4.465200000000000000e+04 4.322500000000000000e+04 1.684571786498418078e+01 8.250000000000000000e+02
1.400000000000000000e+01 -1.010000000000000000e+02 3.200000000000000000e+01 4.285900000000000000e+04 4.582300000000000000e+04 4.478600000000000000e+04 4.364000000000000000e+04 1.685567816399270669e+01 8.250000000000000000e+02
-1.400000000000000000e+01 -1.110000000000000000e+02 1.600000000000000000e+01 4.218900000000000000e+04 4.581100000000000000e+04 4.526100000000000000e+04 4.375200000000000000e+04 1.686606465998920612e+01 8.250000000000000000e+02
-5.600000000000000000e+01 -1.380000000000000000e+02 9.000000000000000000e+00 4.209000000000000000e+04 4.602800000000000000e+04 4.530800000000000000e+04 4.353800000000000000e+04 1.687577143698581494e+01 8.250000000000000000e+02
-9.300000000000000000e+01 -1.410000000000000000e+02 0.000000000000000000e+00 4.168100000000000000e+04 4.604200000000000000e+04 4.555600000000000000e+04 4.358100000000000000e+04 1.688592945100390352e+01 8.270000000000000000e+02
-8.300000000000000000e+01 -1.270000000000000000e+02 -9.000000000000000000e+00 4.224300000000000000e+04 4.574100000000000000e+04 4.471400000000000000e+04 4.382600000000000000e+04 1.689651833899552003e+01 8.270000000000000000e+02
-9.000000000000000000e+01 -1.380000000000000000e+02 -5.000000000000000000e+00 4.164800000000000000e+04 4.573700000000000000e+04 4.529000000000000000e+04 4.372500000000000000e+04 1.690579727399745025e+01 8.270000000000000000e+02
-6.900000000000000000e+01 -1.510000000000000000e+02 5.000000000000000000e+00 4.223500000000000000e+04 4.601800000000000000e+04 4.470900000000000000e+04 4.330500000000000000e+04 1.691702624500612728e+01 8.270000000000000000e+02
-5.800000000000000000e+01 -1.600000000000000000e+02 -1.200000000000000000e+01 4.207700000000000000e+04 4.615600000000000000e+04 4.462700000000000000e+04 4.292900000000000000e+04 1.692698388200369664e+01 8.240000000000000000e+02
-2.300000000000000000e+01 -1.380000000000000000e+02 -4.000000000000000000e+00 4.226700000000000000e+04 4.619800000000000000e+04 4.453900000000000000e+04 4.315400000000000000e+04 1.693518537300406024e+01 8.240000000000000000e+02
3.500000000000000000e+01 -1.400000000000000000e+02 -2.300000000000000000e+01 4.221600000000000000e+04 4.663900000000000000e+04 4.435700000000000000e+04 4.260600000000000000e+04 1.694617365498561412e+01 8.240000000000000000e+02
4.400000000000000000e+01 -1.100000000000000000e+02 -2.900000000000000000e+01 4.281700000000000000e+04 4.634700000000000000e+04 4.384300000000000000e+04 4.314700000000000000e+04 1.695612832400365733e+01 8.240000000000000000e+02
5.700000000000000000e+01 -9.300000000000000000e+01 -4.000000000000000000e+01 4.338700000000000000e+04 4.666800000000000000e+04 4.302500000000000000e+04 4.278800000000000000e+04 1.696593163398210891e+01 8.160000000000000000e+02
4.600000000000000000e+01 -7.900000000000000000e+01 -4.100000000000000000e+01 4.297800000000000000e+04 4.678600000000000000e+04 4.418400000000000000e+04 4.338800000000000000e+04 1.697636594899813645e+01 8.160000000000000000e+02
4.400000000000000000e+01 -7.400000000000000000e+01 -2.800000000000000000e+01 4.370900000000000000e+04 4.730200000000000000e+04 4.338600000000000000e+04 4.270400000000000000e+04 1.698525244998745620e+01 8.160000000000000000e+02
4.100000000000000000e+01 -1.040000000000000000e+02 -2.600000000000000000e+01 4.324600000000000000e+04 4.703200000000000000e+04 4.388900000000000000e+04 4.301200000000000000e+04 1.699753604200668633e+01 8.160000000000000000e+02
4.000000000000000000e+00 -7.700000000000000000e+01 -3.100000000000000000e+01 4.379800000000000000e+04 4.613900000000000000e+04 4.309200000000000000e+04 4.401200000000000000e+04 1.700559726599021815e+01 8.160000000000000000e+02
-1.000000000000000000e+01 -1.080000000000000000e+02 -2.100000000000000000e+01 4.367300000000000000e+04 4.677400000000000000e+04 4.368800000000000000e+04 4.368900000000000000e+04 1.701544527898658998e+01 8.150000000000000000e+02
-4.700000000000000000e+01 -1.400000000000000000e+02 -1.200000000000000000e+01 4.247800000000000000e+04 4.637800000000000000e+04 4.487600000000000000e+04 4.387700000000000000e+04 1.702584190998459235e+01 8.150000000000000000e+02
-1.130000000000000000e+02 -1.770000000000000000e+02 -8.000000000000000000e+00 4.190000000000000000e+04 4.643000000000000000e+04 4.532600000000000000e+04 4.373400000000000000e+04 1.703784687898587435e+01 8.150000000000000000e+02
-9.600000000000000000e+01 -1.690000000000000000e+02 -1.000000000000000000e+00 4.279700000000000000e+04 4.679900000000000000e+04 4.457700000000000000e+04 4.312000000000000000e+04 1.704652096697827801e+01 8.150000000000000000e+02
-1.110000000000000000e+02 -1.520000000000000000e+02 -1.000000000000000000e+00 4.258400000000000000e+04 4.616000000000000000e+04 4.464900000000000000e+04 4.389500000000000000e+04 1.705663503200048581e+01 8.070000000000000000e+02
-1.370000000000000000e+02 -1.920000000000000000e+02 5.000000000000000000e+00 4.253500000000000000e+04 4.685900000000000000e+04 4.569100000000000000e+04 4.405500000000000000e+04 1.706657519799773581e+01 8.070000000000000000e+02
-1.490000000000000000e+02 -2.030000000000000000e+02 2.900000000000000000e+01 4.249100000000000000e+04 4.692300000000000000e+04 4.570100000000000000e+04 4.381200000000000000e+04 1.707561105999047868e+01 8.070000000000000000e+02
-1.210000000000000000e+02 -1.840000000000000000e+02 2.600000000000000000e+01 4.325200000000000000e+04 4.688000000000000000e+04 4.525200000000000000e+04 4.386900000000000000e+04 1.708615427499171346e+01 8.070000000000000000e+02
-8.400000000000000000e+01 -1.630000000000000000e+02 1.900000000000000000e+01 4.335500000000000000e+04 4.704900000000000000e+04 4.515600000000000000e+04 4.373000000000000000e+04 1.709559869900112972e+01 8.140000000000000000e+02
-1.070000000000000000e+02 -1.680000000000000000e+02 2.200000000000000000e+01 4.289600000000000000e+04 4.666500000000000000e+04 4.539500000000000000e+04 4.404700000000000000e+04 1.710838196400436573e+01 8.140000000000000000e+02
-6.800000000000000000e+01 -1.480000000000000000e+02 1.800000000000000000e+01 4.394000000000000000e+04 4.680600000000000000e+04 4.456700000000000000e+04 4.369800000000000000e+04 1.711542329500662163e+01 8.140000000000000000e+02
-6.600000000000000000e+01 -1.310000000000000000e+02 2.600000000000000000e+01 4.292300000000000000e+04 4.641600000000000000e+04 4.549300000000000000e+04 4.412500000000000000e+04 1.712631235099979676e+01 8.140000000000000000e+02
-5.000000000000000000e+01 -1.040000000000000000e+02 2.000000000000000000e+01 4.298700000000000000e+04 4.664700000000000000e+04 4.541900000000000000e+04 4.382900000000000000e+04 1.713734172098338604e+01 8.140000000000000000e+02
-5.700000000000000000e+01 -1.000000000000000000e+02 3.100000000000000000e+01 4.362800000000000000e+04 4.647300000000000000e+04 4.454800000000000000e+04 4.361500000000000000e+04 1.714554868399864063e+01 8.150000000000000000e+02
-5.700000000000000000e+01 -7.000000000000000000e+01 2.800000000000000000e+01 4.350500000000000000e+04 4.601900000000000000e+04 4.445500000000000000e+04 4.400300000000000000e+04 1.715655408898601308e+01 8.150000000000000000e+02
-4.900000000000000000e+01 -7.600000000000000000e+01 3.900000000000000000e+01 4.345500000000000000e+04 4.651800000000000000e+04 4.435800000000000000e+04 4.328100000000000000e+04 1.716622842999640852e+01 8.150000000000000000e+02
-7.500000000000000000e+01 -7.100000000000000000e+01 3.400000000000000000e+01 4.317100000000000000e+04 4.591500000000000000e+04 4.473500000000000000e+04 4.367500000000000000e+04 1.717575798599864356e+01 8.150000000000000000e+02
-6.500000000000000000e+01 -9.700000000000000000e+01 4.500000000000000000e+01 4.296900000000000000e+04 4.654000000000000000e+04 4.459300000000000000e+04 4.275100000000000000e+04 1.718772865299251862e+01 8.200000000000000000e+02
-7.400000000000000000e+01 -1.040000000000000000e+02 3.200000000000000000e+01 4.253200000000000000e+04 4.583500000000000000e+04 4.418800000000000000e+04 4.274900000000000000e+04 1.719662334400345571e+01 8.200000000000000000e+02
-9.300000000000000000e+01 -1.040000000000000000e+02 2.500000000000000000e+01 4.230700000000000000e+04 4.520500000000000000e+04 4.432900000000000000e+04 4.328700000000000000e+04 1.720545329898595810e+01 8.200000000000000000e+02
-1.080000000000000000e+02 -1.420000000000000000e+02 1.800000000000000000e+01 4.198000000000000000e+04 4.530200000000000000e+04 4.451600000000000000e+04 4.312300000000000000e+04 1.721775652098585851e+01 8.200000000000000000e+02
-8.800000000000000000e+01 -1.580000000000000000e+02 2.300000000000000000e+01 4.133500000000000000e+04 4.565700000000000000e+04 4.489500000000000000e+04 4.252200000000000000e+04 1.722546833998057991e+01 6.110000000000000000e+02
-6.000000000000000000e+01 -1.850000000000000000e+02 2.300000000000000000e+01 4.143500000000000000e+04 4.565700000000000000e+04 4.437100000000000000e+04 4.226300000000000000e+04 1.723588440200546756e+01 6.110000000000000000e+02
-4.700000000000000000e+01 -1.590000000000000000e+02 7.000000000000000000e+00 4.146300000000000000e+04 4.505600000000000000e+04 4.422500000000000000e+04 4.267100000000000000e+04 1.724698936298955232e+01 6.110000000000000000e+02
-3.700000000000000000e+01 -1.470000000000000000e+02 1.000000000000000000e+01 4.202400000000000000e+04 4.533100000000000000e+04 4.343300000000000000e+04 4.238100000000000000e+04 1.725518331897910684e+01 6.110000000000000000e+02
1.700000000000000000e+01 -1.450000000000000000e+02 1.600000000000000000e+01 4.194700000000000000e+04 4.479900000000000000e+04 4.346600000000000000e+04 4.275000000000000000e+04 1.726568829099414870e+01 6.110000000000000000e+02
1.100000000000000000e+01 -1.660000000000000000e+02 1.700000000000000000e+01 4.297800000000000000e+04 4.504100000000000000e+04 4.391600000000000000e+04 4.397500000000000000e+04 1.727680473300279118e+01 5.300000000000000000e+01
5.300000000000000000e+01 -1.980000000000000000e+02 2.100000000000000000e+01 4.216500000000000000e+04 4.456500000000000000e+04 4.469500000000000000e+04 4.425800000000000000e+04 1.728678044897969812e+01 5.300000000000000000e+01
1.480000000000000000e+02 -2.140000000000000000e+02 1.600000000000000000e+01 4.260900000000000000e+04 4.510300000000000000e+04 4.422100000000000000e+04 4.364900000000000000e+04 1.729617883800528944e+01 5.300000000000000000e+01
2.260000000000000000e+02 -2.360000000000000000e+02 1.700000000000000000e+01 4.252100000000000000e+04 4.598100000000000000e+04 4.447800000000000000e+04 4.278500000000000000e+04 1.730532016998040490e+01 5.300000000000000000e+01
2.750000000000000000e+02 -2.670000000000000000e+02 2.000000000000000000e+01 4.285200000000000000e+04 4.655000000000000000e+04 4.435000000000000000e+04 4.227200000000000000e+04 1.731593028799397871e+01 9.100000000000000000e+01
3.520000000000000000e+02 -2.110000000000000000e+02 1.900000000000000000e+01 4.197300000000000000e+04 4.553800000000000000e+04 4.256900000000000000e+04 4.053000000000000000e+04 1.732642414598376490e+01 9.100000000000000000e+01
3.230000000000000000e+02 -1.880000000000000000e+02 3.300000000000000000e+01 4.130600000000000000e+04 4.602200000000000000e+04 4.319800000000000000e+04 3.981000000000000000e+04 1.733601413998985663e+01 9.100000000000000000e+01
3.030000000000000000e+02 -1.440000000000000000e+02 3.300000000000000000e+01 4.140000000000000000e+04 4.556800000000000000e+04 4.302000000000000000e+04 4.027800000000000000e+04 1.734670273898518644e+01 9.100000000000000000e+01
2.130000000000000000e+02 -4.400000000000000000e+01 3.600000000000000000e+01 4.220200000000000000e+04 4.462400000000000000e+04 4.200500000000000000e+04 4.077000000000000000e+04 1.735657409898703918e+01 1.070000000000000000e+02
1.330000000000000000e+02 3.600000000000000000e+01 3.700000000000000000e+01 3.995900000000000000e+04 4.298300000000000000e+04 4.112800000000000000e+04 3.956600000000000000e+04 1.736625071798334830e+01 1.070000000000000000e+02
4.400000000000000000e+01 1.090000000000000000e+02 2.800000000000000000e+01 3.990100000000000000e+04 4.213500000000000000e+04 4.102400000000000000e+04 4.025900000000000000e+04 1.737510227499296889e+01 1.070000000000000000e+02
-3.700000000000000000e+01 1.790000000000000000e+02 2.900000000000000000e+01 3.938900000000000000e+04 4.097900000000000000e+04 4.125100000000000000e+04 4.106900000000000000e+04 1.738577289599925280e+01 1.070000000000000000e+02
-1.020000000000000000e+02 2.420000000000000000e+02 3.100000000000000000e+01 3.932200000000000000e+04 4.074100000000000000e+04 4.132200000000000000e+04 4.122700000000000000e+04 1.739563339899177663e+01 1.070000000000000000e+02
-1.880000000000000000e+02 2.730000000000000000e+02 3.300000000000000000e+01 3.779700000000000000e+04 3.930300000000000000e+04 4.149900000000000000e+04 4.144000000000000000e+04 1.740690186398569494e+01 1.050000000000000000e+02
-1.890000000000000000e+02 2.530000000000000000e+02 2.000000000000000000e+01 3.797700000000000000e+04 4.032500000000000000e+04 4.122800000000000000e+04 4.053200000000000000e+04 1.741513874797965400e+01 1.050000000000000000e+02
-2.040000000000000000e+02 2.150000000000000000e+02 1.300000000000000000e+01 3.727600000000000000e+04 3.972700000000000000e+04 4.195800000000000000e+04 4.115500000000000000e+04 1.742482842999743298e+01 1.050000000000000000e+02
-1.470000000000000000e+02 1.980000000000000000e+02 1.900000000000000000e+01 3.825300000000000000e+04 4.037700000000000000e+04 4.091100000000000000e+04 4.061400000000000000e+04 1.743639807798899710e+01 1.050000000000000000e+02
-9.900000000000000000e+01 1.520000000000000000e+02 1.900000000000000000e+01 3.801100000000000000e+04 4.057800000000000000e+04 4.136600000000000000e+04 4.066300000000000000e+04 1.744597429799614474e+01 1.070000000000000000e+02
-1.100000000000000000e+01 1.440000000000000000e+02 2.000000000000000000e+01 3.849500000000000000e+04 4.115400000000000000e+04 4.089400000000000000e+04 3.984000000000000000e+04 1.745502460098941810e+01 1.070000000000000000e+02
1.010000000000000000e+02 1.110000000000000000e+02 -1.000000000000000000e+00 3.851200000000000000e+04 4.215800000000000000e+04 4.083900000000000000e+04 3.895200000000000000e+04 1.746535541600314900e+01 1.070000000000000000e+02
1.540000000000000000e+02 6.100000000000000000e+01 -5.000000000000000000e+00 3.869800000000000000e+04 4.261200000000000000e+04 4.091200000000000000e+04 3.879700000000000000e+04 1.747509912200621329e+01 1.070000000000000000e+02
2.130000000000000000e+02 8.100000000000000000e+01 -1.500000000000000000e+01 3.946600000000000000e+04 4.334000000000000000e+04 4.027000000000000000e+04 3.827100000000000000e+04 1.748489628999959677e+01 1.070000000000000000e+02
2.400000000000000000e+02 5.200000000000000000e+01 -9.000000000000000000e+00 3.929400000000000000e+04 4.378600000000000000e+04 4.078400000000000000e+04 3.809400000000000000e+04 1.749605592299485579e+01 1.090000000000000000e+02
2.050000000000000000e+02 5.500000000000000000e+01 -8.000000000000000000e+00 3.945700000000000000e+04 4.381100000000000000e+04 4.095800000000000000e+04 3.839300000000000000e+04 1.750480484098079614e+01 1.090000000000000000e+02
1.670000000000000000e+02 7.300000000000000000e+01 -5.000000000000000000e+00 3.969400000000000000e+04 4.428700000000000000e+04 4.100600000000000000e+04 3.811300000000000000e+04 1.751600146500277333e+01 1.090000000000000000e+02
1.070000000000000000e+02 1.200000000000000000e+02 -9.000000000000000000e+00 3.994400000000000000e+04 4.356200000000000000e+04 4.118600000000000000e+04 3.945900000000000000e+04 1.752501297098933719e+01 1.090000000000000000e+02
4.100000000000000000e+01 1.340000000000000000e+02 -2.000000000000000000e+00 3.969700000000000000e+04 4.367800000000000000e+04 4.173400000000000000e+04 3.976900000000000000e+04 1.753548101600608788e+01 1.050000000000000000e+02
-6.200000000000000000e+01 1.550000000000000000e+02 -2.000000000000000000e+00 3.965900000000000000e+04 4.326000000000000000e+04 4.299800000000000000e+04 4.143100000000000000e+04 1.754457755398470908e+01 1.050000000000000000e+02
-1.470000000000000000e+02 2.100000000000000000e+02 -7.000000000000000000e+00 4.043300000000000000e+04 4.236900000000000000e+04 4.260500000000000000e+04 4.273800000000000000e+04 1.755508110197843052e+01 1.050000000000000000e+02
-1.810000000000000000e+02 2.350000000000000000e+02 -2.000000000000000000e+00 4.068300000000000000e+04 4.280700000000000000e+04 4.294200000000000000e+04 4.278000000000000000e+04 1.756479265398229472e+01 1.050000000000000000e+02
-2.350000000000000000e+02 2.520000000000000000e+02 5.000000000000000000e+00 4.014100000000000000e+04 4.203900000000000000e+04 4.388200000000000000e+04 4.373300000000000000e+04 1.757518751898896880e+01 1.020000000000000000e+02
-2.040000000000000000e+02 2.420000000000000000e+02 1.100000000000000000e+01 4.135300000000000000e+04 4.310100000000000000e+04 4.384600000000000000e+04 4.381700000000000000e+04 1.758509976099594496e+01 1.020000000000000000e+02
-1.750000000000000000e+02 2.430000000000000000e+02 1.100000000000000000e+01 4.149500000000000000e+04 4.312500000000000000e+04 4.421800000000000000e+04 4.426000000000000000e+04 1.759566041300422512e+01 1.020000000000000000e+02
-9.600000000000000000e+01 2.020000000000000000e+02 1.500000000000000000e+01 4.143800000000000000e+04 4.390200000000000000e+04 4.470200000000000000e+04 4.395300000000000000e+04 1.760569044598378241e+01 1.020000000000000000e+02
5.000000000000000000e+00 1.620000000000000000e+02 1.700000000000000000e+01 4.220300000000000000e+04 4.482900000000000000e+04 4.428100000000000000e+04 4.328900000000000000e+04 1.761512838900671341e+01 1.020000000000000000e+02
8.600000000000000000e+01 1.290000000000000000e+02 2.300000000000000000e+01 4.326200000000000000e+04 4.554900000000000000e+04 4.448800000000000000e+04 4.350900000000000000e+04 1.762698099500266835e+01 9.600000000000000000e+01
1.580000000000000000e+02 5.900000000000000000e+01 3.000000000000000000e+00 4.332200000000000000e+04 4.593300000000000000e+04 4.455300000000000000e+04 4.350500000000000000e+04 1.763560904099722393e+01 9.600000000000000000e+01
2.390000000000000000e+02 1.500000000000000000e+01 2.000000000000000000e+00 4.390300000000000000e+04 4.706000000000000000e+04 4.422300000000000000e+04 4.251300000000000000e+04 1.764669923597830348e+01 9.600000000000000000e+01
2.610000000000000000e+02 4.300000000000000000e+01 -1.000000000000000000e+00 4.419100000000000000e+04 4.741800000000000000e+04 4.450900000000000000e+04 4.261100000000000000e+04 1.765492273698328063e+01 9.600000000000000000e+01
2.520000000000000000e+02 4.300000000000000000e+01 7.000000000000000000e+00 4.432800000000000000e+04 4.792000000000000000e+04 4.451100000000000000e+04 4.233200000000000000e+04 1.766489885299233720e+01 9.300000000000000000e+01
2.460000000000000000e+02 1.000000000000000000e+01 0.000000000000000000e+00 4.466800000000000000e+04 4.808500000000000000e+04 4.449900000000000000e+04 4.241100000000000000e+04 1.767513880899059586e+01 9.300000000000000000e+01
1.320000000000000000e+02 -6.000000000000000000e+00 -3.000000000000000000e+00 4.370800000000000000e+04 4.757100000000000000e+04 4.564800000000000000e+04 4.360200000000000000e+04 1.768473696400178596e+01 9.300000000000000000e+01
-3.000000000000000000e+00 1.500000000000000000e+01 -1.600000000000000000e+01 4.366700000000000000e+04 4.699600000000000000e+04 4.587100000000000000e+04 4.436700000000000000e+04 1.769647970399819314e+01 9.300000000000000000e+01
-7.400000000000000000e+01 4.800000000000000000e+01 -2.800000000000000000e+01 4.355400000000000000e+04 4.709000000000000000e+04 4.587600000000000000e+04 4.456900000000000000e+04 1.770495856099296361e+01 9.300000000000000000e+01
-2.000000000000000000e+02 1.330000000000000000e+02 -3.500000000000000000e+01 4.384500000000000000e+04 4.613600000000000000e+04 4.619100000000000000e+04 4.628600000000000000e+04 1.771496626100270078e+01 8.300000000000000000e+01
-3.020000000000000000e+02 2.370000000000000000e+02 -3.300000000000000000e+01 4.410700000000000000e+04 4.517100000000000000e+04 4.605600000000000000e+04 4.730900000000000000e+04 1.772507736398256384e+01 8.300000000000000000e+01
-3.220000000000000000e+02 3.330000000000000000e+02 -3.100000000000000000e+01 4.397600000000000000e+04 4.485100000000000000e+04 4.635200000000000000e+04 4.781000000000000000e+04 1.773630172898992896e+01 8.300000000000000000e+01
-2.970000000000000000e+02 3.900000000000000000e+02 -3.300000000000000000e+01 4.470200000000000000e+04 4.415100000000000000e+04 4.573100000000000000e+04 4.830100000000000000e+04 1.774600474699400365e+01 8.300000000000000000e+01
-2.050000000000000000e+02 3.550000000000000000e+02 -1.500000000000000000e+01 4.499500000000000000e+04 4.507300000000000000e+04 4.544300000000000000e+04 4.741100000000000000e+04 1.775495264399796724e+01 7.300000000000000000e+01
-1.220000000000000000e+02 3.410000000000000000e+02 -1.000000000000000000e+00 4.584400000000000000e+04 4.554100000000000000e+04 4.529000000000000000e+04 4.743900000000000000e+04 1.776524325899663381e+01 7.300000000000000000e+01
8.000000000000000000e+00 2.580000000000000000e+02 8.000000000000000000e+00 4.634500000000000000e+04 4.656100000000000000e+04 4.492500000000000000e+04 4.631800000000000000e+04 1.777524196598096751e+01 7.300000000000000000e+01
1.470000000000000000e+02 2.360000000000000000e+02 1.400000000000000000e+01 4.680200000000000000e+04 4.693100000000000000e+04 4.448600000000000000e+04 4.587100000000000000e+04 1.778549355798168108e+01 7.300000000000000000e+01
2.130000000000000000e+02 1.380000000000000000e+02 2.300000000000000000e+01 4.740500000000000000e+04 4.711500000000000000e+04 4.389800000000000000e+04 4.545300000000000000e+04 1.779512631898978725e+01 6.300000000000000000e+01
2.040000000000000000e+02 3.700000000000000000e+01 3.500000000000000000e+01 4.721300000000000000e+04 4.787400000000000000e+04 4.498200000000000000e+04 4.510400000000000000e+04 1.780560363997938111e+01 6.300000000000000000e+01
2.050000000000000000e+02 -7.800000000000000000e+01 4.200000000000000000e+01 4.594900000000000000e+04 4.864100000000000000e+04 4.655300000000000000e+04 4.368800000000000000e+04 1.781520357797853649e+01 6.300000000000000000e+01
2.270000000000000000e+02 -1.910000000000000000e+02 4.000000000000000000e+01 4.554800000000000000e+04 4.907300000000000000e+04 4.703400000000000000e+04 4.275000000000000000e+04 1.782618979999097064e+01 6.300000000000000000e+01
2.920000000000000000e+02 -2.020000000000000000e+02 4.700000000000000000e+01 4.660800000000000000e+04 4.977800000000000000e+04 4.605000000000000000e+04 4.170200000000000000e+04 1.783603062000474893e+01 6.300000000000000000e+01
2.180000000000000000e+02 -1.080000000000000000e+02 5.700000000000000000e+01 4.654800000000000000e+04 4.888900000000000000e+04 4.664000000000000000e+04 4.303600000000000000e+04 1.784519224398536608e+01 5.800000000000000000e+01
9.500000000000000000e+01 -4.300000000000000000e+01 6.200000000000000000e+01 4.688500000000000000e+04 4.740500000000000000e+04 4.619500000000000000e+04 4.433100000000000000e+04 1.785564080098993145e+01 5.800000000000000000e+01
-2.100000000000000000e+01 -7.000000000000000000e+01 5.900000000000000000e+01 4.561100000000000000e+04 4.681800000000000000e+04 4.754300000000000000e+04 4.472900000000000000e+04 1.786532613498275168e+01 5.800000000000000000e+01
-1.390000000000000000e+02 -9.500000000000000000e+01 4.400000000000000000e+01 4.480600000000000000e+04 4.686900000000000000e+04 4.790300000000000000e+04 4.457700000000000000e+04 1.787498805997893214e+01 5.800000000000000000e+01
-2.240000000000000000e+02 -1.180000000000000000e+02 5.800000000000000000e+01 4.365900000000000000e+04 4.543900000000000000e+04 4.855600000000000000e+04 4.595100000000000000e+04 1.788623129299958237e+01 4.800000000000000000e+01
-2.780000000000000000e+02 -1.450000000000000000e+02 7.800000000000000000e+01 4.216000000000000000e+04 4.376900000000000000e+04 5.029000000000000000e+04 4.746700000000000000e+04 1.789488386898301542e+01 4.800000000000000000e+01
-2.280000000000000000e+02 -1.080000000000000000e+02 7.900000000000000000e+01 4.352900000000000000e+04 4.278100000000000000e+04 4.945600000000000000e+04 4.776400000000000000e+04 1.790606714799650945e+01 4.800000000000000000e+01
-7.000000000000000000e+01 -9.700000000000000000e+01 8.200000000000000000e+01 4.421200000000000000e+04 4.194500000000000000e+04 4.886000000000000000e+04 4.808100000000000000e+04 1.791590973100392148e+01 4.800000000000000000e+01
1.690000000000000000e+02 -1.780000000000000000e+02 7.700000000000000000e+01 4.442800000000000000e+04 4.367400000000000000e+04 4.846500000000000000e+04 4.628100000000000000e+04 1.792925041800481267e+01 4.800000000000000000e+01
4.170000000000000000e+02 -3.040000000000000000e+02 6.300000000000000000e+01 4.544800000000000000e+04 4.622900000000000000e+04 4.765700000000000000e+04 4.398600000000000000e+04 1.793598679298884235e+01 4.400000000000000000e+01
5.690000000000000000e+02 -4.070000000000000000e+02 4.400000000000000000e+01 4.574300000000000000e+04 4.796400000000000000e+04 4.681700000000000000e+04 4.186300000000000000e+04 1.794490858298377134e+01 4.400000000000000000e+01
6.420000000000000000e+02 -4.570000000000000000e+02 5.200000000000000000e+01 4.535300000000000000e+04 4.910200000000000000e+04 4.660700000000000000e+04 3.999900000000000000e+04 1.795485703297890723e+01 4.400000000000000000e+01
7.540000000000000000e+02 -4.970000000000000000e+02 4.200000000000000000e+01 4.573900000000000000e+04 4.988900000000000000e+04 4.572500000000000000e+04 3.859500000000000000e+04 1.796476146898930892e+01 4.400000000000000000e+01
7.520000000000000000e+02 -4.500000000000000000e+02 4.300000000000000000e+01 4.570400000000000000e+04 4.968800000000000000e+04 4.539100000000000000e+04 3.868600000000000000e+04 1.797456209399388172e+01 4.500000000000000000e+01
7.230000000000000000e+02 -3.710000000000000000e+02 4.000000000000000000e+01 4.564100000000000000e+04 5.012000000000000000e+04 4.478800000000000000e+04 3.740600000000000000e+04 1.798436070798197761e+01 4.500000000000000000e+01
5.650000000000000000e+02 -2.830000000000000000e+02 2.500000000000000000e+01 4.525600000000000000e+04 4.891400000000000000e+04 4.466500000000000000e+04 3.913100000000000000e+04 1.799591476999921724e+01 4.500000000000000000e+01
3.200000000000000000e+02 -1.780000000000000000e+02 7.000000000000000000e+00 4.424100000000000000e+04 4.700300000000000000e+04 4.509500000000000000e+04 4.171700000000000000e+04 1.800515631699818186e+01 4.500000000000000000e+01
1.520000000000000000e+02 -6.600000000000000000e+01 -7.000000000000000000e+00 4.345500000000000000e+04 4.629500000000000000e+04 4.501800000000000000e+04 4.263900000000000000e+04 1.801508749500499107e+01 4.600000000000000000e+01
-1.300000000000000000e+01 1.020000000000000000e+02 -2.100000000000000000e+01 4.305700000000000000e+04 4.449000000000000000e+04 4.503100000000000000e+04 4.453800000000000000e+04 1.802550307600176893e+01 4.600000000000000000e+01
-1.300000000000000000e+02 2.540000000000000000e+02 -1.600000000000000000e+01 4.385800000000000000e+04 4.226800000000000000e+04 4.392000000000000000e+04 4.623500000000000000e+04 1.803641356498701498e+01 4.600000000000000000e+01
-1.860000000000000000e+02 3.580000000000000000e+02 -3.600000000000000000e+01 4.321400000000000000e+04 4.064700000000000000e+04 4.414200000000000000e+04 4.740500000000000000e+04 1.804493680299492553e+01 4.600000000000000000e+01
-2.150000000000000000e+02 3.280000000000000000e+02 -5.400000000000000000e+01 4.283700000000000000e+04 4.101100000000000000e+04 4.396700000000000000e+04 4.717900000000000000e+04 1.805473246998735704e+01 4.600000000000000000e+01
-2.030000000000000000e+02 2.800000000000000000e+02 -5.400000000000000000e+01 4.184300000000000000e+04 4.129000000000000000e+04 4.387700000000000000e+04 4.704300000000000000e+04 1.806440263599506579e+01 5.000000000000000000e+01
-1.800000000000000000e+02 2.240000000000000000e+02 -4.000000000000000000e+01 4.080600000000000000e+04 4.038800000000000000e+04 4.478800000000000000e+04 4.728400000000000000e+04 1.807557216499117203e+01 5.000000000000000000e+01
-4.000000000000000000e+01 8.300000000000000000e+01 -2.100000000000000000e+01 4.188500000000000000e+04 4.299300000000000000e+04 4.367700000000000000e+04 4.451000000000000000e+04 1.808460592798655853e+01 5.000000000000000000e+01
8.600000000000000000e+01 -8.400000000000000000e+01 -2.900000000000000000e+01 4.148500000000000000e+04 4.474200000000000000e+04 4.373900000000000000e+04 4.250800000000000000e+04 1.809492839997983538e+01 5.000000000000000000e+01
1.740000000000000000e+02 -2.400000000000000000e+02 -3.300000000000000000e+01 4.122800000000000000e+04 4.605200000000000000e+04 4.356900000000000000e+04 4.072900000000000000e+04 1.810490643899538554e+01 5.500000000000000000e+01
2.120000000000000000e+02 -3.470000000000000000e+02 -2.400000000000000000e+01 3.969300000000000000e+04 4.713000000000000000e+04 4.423600000000000000e+04 3.909300000000000000e+04 1.811452703998656943e+01 5.500000000000000000e+01
2.860000000000000000e+02 -3.050000000000000000e+02 -1.700000000000000000e+01 4.081600000000000000e+04 4.736900000000000000e+04 4.314900000000000000e+04 3.863800000000000000e+04 1.812500948199885897e+01 5.500000000000000000e+01
2.880000000000000000e+02 -2.580000000000000000e+02 -4.000000000000000000e+00 4.083400000000000000e+04 4.723900000000000000e+04 4.335400000000000000e+04 3.822000000000000000e+04 1.813481038098689169e+01 5.500000000000000000e+01
2.020000000000000000e+02 -1.700000000000000000e+02 1.200000000000000000e+01 4.132000000000000000e+04 4.587000000000000000e+04 4.312200000000000000e+04 3.938100000000000000e+04 1.814456702099414542e+01 5.500000000000000000e+01
1.620000000000000000e+02 -4.600000000000000000e+01 1.500000000000000000e+01 4.152000000000000000e+04 4.551200000000000000e+04 4.235100000000000000e+04 3.888700000000000000e+04 1.815577081599622034e+01 6.200000000000000000e+01
8.000000000000000000e+01 4.000000000000000000e+01 1.100000000000000000e+01 4.196600000000000000e+04 4.440400000000000000e+04 4.204300000000000000e+04 3.993400000000000000e+04 1.816475836100289598e+01 6.200000000000000000e+01
-2.600000000000000000e+01 1.330000000000000000e+02 1.900000000000000000e+01 4.194200000000000000e+04 4.314000000000000000e+04 4.225600000000000000e+04 4.112900000000000000e+04 1.817457904698676430e+01 6.200000000000000000e+01
-1.240000000000000000e+02 2.590000000000000000e+02 1.400000000000000000e+01 4.225500000000000000e+04 4.122100000000000000e+04 4.200200000000000000e+04 4.274100000000000000e+04 1.818438667498412542e+01 6.200000000000000000e+01
-1.990000000000000000e+02 4.390000000000000000e+02 6.000000000000000000e+00 4.305100000000000000e+04 3.855700000000000000e+04 4.056600000000000000e+04 4.449000000000000000e+04 1.819429797600605525e+01 6.800000000000000000e+01
-2.350000000000000000e+02 4.940000000000000000e+02 0.000000000000000000e+00 4.315900000000000000e+04 3.900000000000000000e+04 4.047300000000000000e+04 4.408600000000000000e+04 1.820416813300107606e+01 6.800000000000000000e+01
-2.370000000000000000e+02 4.710000000000000000e+02 -5.000000000000000000e+00 4.330800000000000000e+04 3.793400000000000000e+04 4.029800000000000000e+04 4.512800000000000000e+04 1.821458815599908121e+01 6.800000000000000000e+01
-2.280000000000000000e+02 3.940000000000000000e+02 -6.000000000000000000e+00 4.253200000000000000e+04 3.773300000000000000e+04 4.097700000000000000e+04 4.545500000000000000e+04 1.822587798599852249e+01 6.800000000000000000e+01
-2.220000000000000000e+02 2.480000000000000000e+02 -1.400000000000000000e+01 4.140000000000000000e+04 3.944900000000000000e+04 4.208100000000000000e+04 4.425200000000000000e+04 1.823458399600349367e+01 7.100000000000000000e+01
-1.560000000000000000e+02 1.200000000000000000e+02 -2.100000000000000000e+01 4.133200000000000000e+04 4.119900000000000000e+04 4.178900000000000000e+04 4.292900000000000000e+04 1.824438954499782994e+01 7.100000000000000000e+01
-1.250000000000000000e+02 -7.000000000000000000e+01 -1.900000000000000000e+01 3.996500000000000000e+04 4.335500000000000000e+04 4.298200000000000000e+04 4.106300000000000000e+04 1.825526617598370649e+01 7.100000000000000000e+01
-1.060000000000000000e+02 -1.790000000000000000e+02 -7.000000000000000000e+00 3.896000000000000000e+04 4.367000000000000000e+04 4.390800000000000000e+04 4.094300000000000000e+04 1.826434858699212782e+01 7.100000000000000000e+01
-6.400000000000000000e+01 -2.260000000000000000e+02 -5.000000000000000000e+00 3.925300000000000000e+04 4.436600000000000000e+04 4.388600000000000000e+04 4.024700000000000000e+04 1.827464640498510562e+01 7.100000000000000000e+01
1.500000000000000000e+01 -2.900000000000000000e+02 0.000000000000000000e+00 3.898200000000000000e+04 4.596900000000000000e+04 4.419200000000000000e+04 3.801000000000000000e+04 1.828458333600428887e+01 7.700000000000000000e+01
2.900000000000000000e+01 -2.590000000000000000e+02 1.600000000000000000e+01 3.970300000000000000e+04 4.573100000000000000e+04 4.380300000000000000e+04 3.837200000000000000e+04 1.829539437999483198e+01 7.700000000000000000e+01
