1.800000000000000000e+01 0.000000000000000000e+00 -4.300000000000000000e+01 4.355200000000000000e+04 4.736200000000000000e+04 4.520600000000000000e+04 4.449600000000000000e+04 2.160192496899981052e+01 8.090000000000000000e+02
4.200000000000000000e+01 -1.800000000000000000e+01 -3.200000000000000000e+01 4.396300000000000000e+04 4.761000000000000000e+04 4.480800000000000000e+04 4.415600000000000000e+04 2.161168473400175571e+01 8.090000000000000000e+02
3.800000000000000000e+01 -1.120000000000000000e+02 -3.100000000000000000e+01 4.262400000000000000e+04 4.829400000000000000e+04 4.615000000000000000e+04 4.315100000000000000e+04 2.162151351204374805e+01 8.120000000000000000e+02
8.400000000000000000e+01 -2.700000000000000000e+01 -5.000000000000000000e+01 4.440900000000000000e+04 4.719900000000000000e+04 4.382600000000000000e+04 4.453100000000000000e+04 2.163197195000248030e+01 8.120000000000000000e+02
6.400000000000000000e+01 -6.600000000000000000e+01 -4.800000000000000000e+01 4.333000000000000000e+04 4.808700000000000000e+04 4.505200000000000000e+04 4.324100000000000000e+04 2.164629789302125573e+01 8.120000000000000000e+02
6.600000000000000000e+01 -5.800000000000000000e+01 -3.400000000000000000e+01 4.383300000000000000e+04 4.764500000000000000e+04 4.440200000000000000e+04 4.384600000000000000e+04 2.165230164903914556e+01 8.120000000000000000e+02
6.200000000000000000e+01 -2.700000000000000000e+01 -4.400000000000000000e+01 4.389200000000000000e+04 4.745500000000000000e+04 4.415700000000000000e+04 4.389500000000000000e+04 2.166171340702567250e+01 8.120000000000000000e+02
6.900000000000000000e+01 -5.000000000000000000e+00 -3.600000000000000000e+01 4.356500000000000000e+04 4.733100000000000000e+04 4.460200000000000000e+04 4.419200000000000000e+04 2.167186504200799391e+01 8.100000000000000000e+02
2.800000000000000000e+01 1.400000000000000000e+01 -2.800000000000000000e+01 4.347900000000000000e+04 4.707900000000000000e+04 4.473700000000000000e+04 4.460600000000000000e+04 2.168242817901773378e+01 8.100000000000000000e+02
7.000000000000000000e+00 0.000000000000000000e+00 -2.700000000000000000e+01 4.406000000000000000e+04 4.726600000000000000e+04 4.430100000000000000e+04 4.434800000000000000e+04 2.169222372304648161e+01 8.100000000000000000e+02
1.000000000000000000e+00 1.900000000000000000e+01 -6.000000000000000000e+00 4.412000000000000000e+04 4.718600000000000000e+04 4.432800000000000000e+04 4.445600000000000000e+04 2.170248585799708962e+01 8.100000000000000000e+02
-2.300000000000000000e+01 2.300000000000000000e+01 -3.000000000000000000e+00 4.422400000000000000e+04 4.716400000000000000e+04 4.431900000000000000e+04 4.444300000000000000e+04 2.171213256003102288e+01 8.130000000000000000e+02
-4.500000000000000000e+01 1.100000000000000000e+01 4.000000000000000000e+00 4.371300000000000000e+04 4.677300000000000000e+04 4.461000000000000000e+04 4.451500000000000000e+04 2.172236037603579462e+01 8.130000000000000000e+02
-6.600000000000000000e+01 8.000000000000000000e+00 8.000000000000000000e+00 4.364300000000000000e+04 4.686800000000000000e+04 4.470600000000000000e+04 4.421000000000000000e+04 2.173188647703500465e+01 8.130000000000000000e+02
-8.400000000000000000e+01 -1.400000000000000000e+01 7.000000000000000000e+00 4.261200000000000000e+04 4.680900000000000000e+04 4.577600000000000000e+04 4.411400000000000000e+04 2.174178808904252946e+01 8.130000000000000000e+02
-9.900000000000000000e+01 2.000000000000000000e+01 1.000000000000000000e+01 4.348900000000000000e+04 4.660500000000000000e+04 4.502400000000000000e+04 4.441400000000000000e+04 2.175221917004091665e+01 8.090000000000000000e+02
-1.090000000000000000e+02 2.100000000000000000e+01 1.400000000000000000e+01 4.343000000000000000e+04 4.689800000000000000e+04 4.538800000000000000e+04 4.445900000000000000e+04 2.176184503000695258e+01 8.090000000000000000e+02
-8.600000000000000000e+01 3.200000000000000000e+01 1.800000000000000000e+01 4.400000000000000000e+04 4.703400000000000000e+04 4.494300000000000000e+04 4.423400000000000000e+04 2.177222296001855284e+01 8.090000000000000000e+02
-6.900000000000000000e+01 2.800000000000000000e+01 1.800000000000000000e+01 4.421500000000000000e+04 4.725800000000000000e+04 4.476700000000000000e+04 4.397300000000000000e+04 2.178197048802394420e+01 8.090000000000000000e+02
-3.400000000000000000e+01 3.100000000000000000e+01 1.000000000000000000e+01 4.447100000000000000e+04 4.713600000000000000e+04 4.452100000000000000e+04 4.407500000000000000e+04 2.179164648201549426e+01 8.120000000000000000e+02
-1.700000000000000000e+01 4.000000000000000000e+00 1.600000000000000000e+01 4.434200000000000000e+04 4.759500000000000000e+04 4.453800000000000000e+04 4.347900000000000000e+04 2.180127377004828304e+01 8.120000000000000000e+02
6.000000000000000000e+00 -5.000000000000000000e+00 2.000000000000000000e+01 4.449600000000000000e+04 4.721000000000000000e+04 4.452900000000000000e+04 4.380000000000000000e+04 2.181167896103579551e+01 8.120000000000000000e+02
2.700000000000000000e+01 -9.000000000000000000e+00 2.000000000000000000e+01 4.375300000000000000e+04 4.697900000000000000e+04 4.525600000000000000e+04 4.404000000000000000e+04 2.182138704002136365e+01 8.120000000000000000e+02
4.100000000000000000e+01 -5.000000000000000000e+00 2.800000000000000000e+01 4.416300000000000000e+04 4.728300000000000000e+04 4.477300000000000000e+04 4.372400000000000000e+04 2.183170266699744388e+01 8.120000000000000000e+02
4.500000000000000000e+01 -2.900000000000000000e+01 1.200000000000000000e+01 4.391400000000000000e+04 4.798800000000000000e+04 4.491100000000000000e+04 4.298200000000000000e+04 2.184155578899662942e+01 8.130000000000000000e+02
2.400000000000000000e+01 -4.700000000000000000e+01 2.000000000000000000e+01 4.398200000000000000e+04 4.756400000000000000e+04 4.474500000000000000e+04 4.335300000000000000e+04 2.185238762001972646e+01 8.130000000000000000e+02
-1.700000000000000000e+01 -3.200000000000000000e+01 2.900000000000000000e+01 4.379600000000000000e+04 4.703900000000000000e+04 4.511600000000000000e+04 4.388900000000000000e+04 2.186127540003508329e+01 8.130000000000000000e+02
-4.000000000000000000e+01 -3.600000000000000000e+01 2.300000000000000000e+01 4.340500000000000000e+04 4.725700000000000000e+04 4.559700000000000000e+04 4.351500000000000000e+04 2.187098659004550427e+01 8.130000000000000000e+02
-5.600000000000000000e+01 1.000000000000000000e+01 3.500000000000000000e+01 4.422500000000000000e+04 4.708400000000000000e+04 4.467200000000000000e+04 4.379500000000000000e+04 2.188222404301632196e+01 8.070000000000000000e+02
-6.300000000000000000e+01 -1.900000000000000000e+01 2.300000000000000000e+01 4.346400000000000000e+04 4.764600000000000000e+04 4.605500000000000000e+04 4.350400000000000000e+04 2.189118221501121297e+01 8.070000000000000000e+02
-9.600000000000000000e+01 -1.800000000000000000e+01 3.600000000000000000e+01 4.352300000000000000e+04 4.706800000000000000e+04 4.596500000000000000e+04 4.414800000000000000e+04 2.190168780402746052e+01 8.070000000000000000e+02
-7.000000000000000000e+01 2.000000000000000000e+00 4.100000000000000000e+01 4.416800000000000000e+04 4.725400000000000000e+04 4.547700000000000000e+04 4.413800000000000000e+04 2.191153819003375247e+01 8.070000000000000000e+02
-7.400000000000000000e+01 1.700000000000000000e+01 2.500000000000000000e+01 4.393500000000000000e+04 4.667000000000000000e+04 4.593200000000000000e+04 4.483700000000000000e+04 2.192264950403477997e+01 8.070000000000000000e+02
-7.600000000000000000e+01 -2.300000000000000000e+01 2.100000000000000000e+01 4.350500000000000000e+04 4.716300000000000000e+04 4.673300000000000000e+04 4.464900000000000000e+04 2.193151933402987197e+01 8.070000000000000000e+02
-3.900000000000000000e+01 -3.700000000000000000e+01 4.000000000000000000e+01 4.363100000000000000e+04 4.763400000000000000e+04 4.656900000000000000e+04 4.425100000000000000e+04 2.194116556202061474e+01 8.070000000000000000e+02
-1.700000000000000000e+01 -1.500000000000000000e+01 2.600000000000000000e+01 4.498100000000000000e+04 4.749200000000000000e+04 4.546900000000000000e+04 4.441800000000000000e+04 2.195155306003289297e+01 8.070000000000000000e+02
5.400000000000000000e+01 2.100000000000000000e+01 7.000000000000000000e+00 4.561200000000000000e+04 4.799300000000000000e+04 4.458300000000000000e+04 4.386100000000000000e+04 2.196129334002034739e+01 8.070000000000000000e+02
6.600000000000000000e+01 1.000000000000000000e+01 2.400000000000000000e+01 4.456100000000000000e+04 4.739500000000000000e+04 4.565500000000000000e+04 4.423200000000000000e+04 2.197252985200611874e+01 8.100000000000000000e+02
6.800000000000000000e+01 1.000000000000000000e+00 3.500000000000000000e+01 4.464100000000000000e+04 4.757800000000000000e+04 4.567500000000000000e+04 4.390200000000000000e+04 2.198149558302247897e+01 8.100000000000000000e+02
1.070000000000000000e+02 -1.600000000000000000e+01 2.800000000000000000e+01 4.455100000000000000e+04 4.760600000000000000e+04 4.561400000000000000e+04 4.387200000000000000e+04 2.199183980800444260e+01 8.100000000000000000e+02
1.000000000000000000e+02 -5.000000000000000000e+01 2.900000000000000000e+01 4.372000000000000000e+04 4.801200000000000000e+04 4.632500000000000000e+04 4.358500000000000000e+04 2.200147567200474441e+01 8.100000000000000000e+02
1.010000000000000000e+02 -2.400000000000000000e+01 1.700000000000000000e+01 4.478600000000000000e+04 4.827900000000000000e+04 4.568400000000000000e+04 4.329800000000000000e+04 2.201203368103597313e+01 8.070000000000000000e+02
8.300000000000000000e+01 -5.000000000000000000e+00 2.400000000000000000e+01 4.464400000000000000e+04 4.764500000000000000e+04 4.577700000000000000e+04 4.406700000000000000e+04 2.202244816999882460e+01 8.070000000000000000e+02
4.700000000000000000e+01 3.900000000000000000e+01 2.100000000000000000e+01 4.419400000000000000e+04 4.737300000000000000e+04 4.630000000000000000e+04 4.431200000000000000e+04 2.203141755703836679e+01 8.070000000000000000e+02
2.500000000000000000e+01 4.200000000000000000e+01 2.900000000000000000e+01 4.421100000000000000e+04 4.745400000000000000e+04 4.598300000000000000e+04 4.405900000000000000e+04 2.204112831404199824e+01 8.070000000000000000e+02
1.700000000000000000e+01 7.600000000000000000e+01 1.900000000000000000e+01 4.421900000000000000e+04 4.739100000000000000e+04 4.603200000000000000e+04 4.393500000000000000e+04 2.205122257699258626e+01 8.090000000000000000e+02
-2.000000000000000000e+00 1.000000000000000000e+02 3.200000000000000000e+01 4.447400000000000000e+04 4.661400000000000000e+04 4.558200000000000000e+04 4.451400000000000000e+04 2.206216375803342089e+01 8.090000000000000000e+02
-4.100000000000000000e+01 1.000000000000000000e+02 2.400000000000000000e+01 4.406600000000000000e+04 4.682500000000000000e+04 4.581800000000000000e+04 4.432300000000000000e+04 2.207174399599898607e+01 8.090000000000000000e+02
-2.500000000000000000e+01 1.050000000000000000e+02 2.900000000000000000e+01 4.442800000000000000e+04 4.707500000000000000e+04 4.551100000000000000e+04 4.389700000000000000e+04 2.208144377300050110e+01 8.090000000000000000e+02
-4.900000000000000000e+01 1.090000000000000000e+02 3.200000000000000000e+01 4.396200000000000000e+04 4.663000000000000000e+04 4.598400000000000000e+04 4.430900000000000000e+04 2.209201501001371071e+01 8.090000000000000000e+02
-3.400000000000000000e+01 5.100000000000000000e+01 2.600000000000000000e+01 4.428800000000000000e+04 4.692600000000000000e+04 4.559200000000000000e+04 4.391300000000000000e+04 2.210111238702666014e+01 8.090000000000000000e+02
-4.000000000000000000e+00 -8.000000000000000000e+00 2.800000000000000000e+01 4.371300000000000000e+04 4.702900000000000000e+04 4.619900000000000000e+04 4.384900000000000000e+04 2.211231581500032917e+01 8.090000000000000000e+02
1.000000000000000000e+01 -3.100000000000000000e+01 1.800000000000000000e+01 4.354100000000000000e+04 4.742200000000000000e+04 4.646200000000000000e+04 4.341000000000000000e+04 2.212218525400385261e+01 8.090000000000000000e+02
3.100000000000000000e+01 -5.800000000000000000e+01 1.500000000000000000e+01 4.367400000000000000e+04 4.801900000000000000e+04 4.630500000000000000e+04 4.292400000000000000e+04 2.213164214300923049e+01 8.090000000000000000e+02
-5.000000000000000000e+00 -7.800000000000000000e+01 1.900000000000000000e+01 4.348700000000000000e+04 4.753400000000000000e+04 4.647600000000000000e+04 4.346000000000000000e+04 2.214159215503605083e+01 8.080000000000000000e+02
7.000000000000000000e+00 -2.900000000000000000e+01 1.100000000000000000e+01 4.418500000000000000e+04 4.744800000000000000e+04 4.573300000000000000e+04 4.351600000000000000e+04 2.215211197600001469e+01 8.080000000000000000e+02
0.000000000000000000e+00 9.000000000000000000e+00 1.000000000000000000e+01 4.408300000000000000e+04 4.734900000000000000e+04 4.573300000000000000e+04 4.366700000000000000e+04 2.216164420999120921e+01 8.080000000000000000e+02
-3.000000000000000000e+01 1.400000000000000000e+01 2.700000000000000000e+01 4.376500000000000000e+04 4.713600000000000000e+04 4.627200000000000000e+04 4.368600000000000000e+04 2.217130024801008403e+01 8.080000000000000000e+02
-2.100000000000000000e+01 8.100000000000000000e+01 1.300000000000000000e+01 4.463100000000000000e+04 4.657900000000000000e+04 4.541800000000000000e+04 4.438700000000000000e+04 2.218097146099898964e+01 8.080000000000000000e+02
8.000000000000000000e+00 7.100000000000000000e+01 3.000000000000000000e+01 4.451200000000000000e+04 4.692200000000000000e+04 4.561700000000000000e+04 4.396600000000000000e+04 2.219128272903617471e+01 8.080000000000000000e+02
-5.000000000000000000e+00 7.100000000000000000e+01 9.000000000000000000e+00 4.401500000000000000e+04 4.689300000000000000e+04 4.606100000000000000e+04 4.405000000000000000e+04 2.220094449102180079e+01 8.080000000000000000e+02
1.400000000000000000e+01 6.800000000000000000e+01 3.200000000000000000e+01 4.454200000000000000e+04 4.664900000000000000e+04 4.569600000000000000e+04 4.419700000000000000e+04 2.221125079400371760e+01 8.080000000000000000e+02
1.900000000000000000e+01 1.000000000000000000e+02 2.900000000000000000e+01 4.516500000000000000e+04 4.658300000000000000e+04 4.506100000000000000e+04 4.425700000000000000e+04 2.222146730404347181e+01 8.070000000000000000e+02
1.600000000000000000e+01 8.800000000000000000e+01 3.200000000000000000e+01 4.436700000000000000e+04 4.666500000000000000e+04 4.594000000000000000e+04 4.422100000000000000e+04 2.223124724399531260e+01 8.070000000000000000e+02
1.500000000000000000e+01 2.600000000000000000e+01 2.800000000000000000e+01 4.472100000000000000e+04 4.674400000000000000e+04 4.562300000000000000e+04 4.408000000000000000e+04 2.224083163001341745e+01 8.070000000000000000e+02
2.700000000000000000e+01 -1.700000000000000000e+01 3.300000000000000000e+01 4.488900000000000000e+04 4.514400000000000000e+04 4.551000000000000000e+04 4.574800000000000000e+04 2.225148440699558705e+01 8.070000000000000000e+02
6.200000000000000000e+01 -9.000000000000000000e+01 3.700000000000000000e+01 4.443200000000000000e+04 4.673600000000000000e+04 4.602900000000000000e+04 4.402400000000000000e+04 2.226184435101458803e+01 8.070000000000000000e+02
1.000000000000000000e+02 -1.820000000000000000e+02 2.900000000000000000e+01 4.471500000000000000e+04 4.697100000000000000e+04 4.575400000000000000e+04 4.383700000000000000e+04 2.227091640001162887e+01 8.080000000000000000e+02
1.160000000000000000e+02 -2.710000000000000000e+02 3.800000000000000000e+01 4.389200000000000000e+04 4.735100000000000000e+04 4.654800000000000000e+04 4.322400000000000000e+04 2.228140037099365145e+01 8.080000000000000000e+02
1.580000000000000000e+02 -3.380000000000000000e+02 3.600000000000000000e+01 4.369300000000000000e+04 4.817300000000000000e+04 4.661500000000000000e+04 4.220400000000000000e+04 2.229091589804738760e+01 8.080000000000000000e+02
1.480000000000000000e+02 -3.700000000000000000e+02 3.200000000000000000e+01 4.407300000000000000e+04 4.800800000000000000e+04 4.623800000000000000e+04 4.227100000000000000e+04 2.230144080100581050e+01 8.080000000000000000e+02
1.190000000000000000e+02 -4.310000000000000000e+02 2.400000000000000000e+01 4.381300000000000000e+04 4.826600000000000000e+04 4.636300000000000000e+04 4.187300000000000000e+04 2.231091777904657647e+01 8.090000000000000000e+02
7.100000000000000000e+01 -4.180000000000000000e+02 1.500000000000000000e+01 4.377900000000000000e+04 4.736800000000000000e+04 4.619800000000000000e+04 4.284500000000000000e+04 2.232156746304826811e+01 8.090000000000000000e+02
3.000000000000000000e+01 -4.010000000000000000e+02 1.500000000000000000e+01 4.330900000000000000e+04 4.774700000000000000e+04 4.666000000000000000e+04 4.234500000000000000e+04 2.233134209999116138e+01 8.090000000000000000e+02
-4.400000000000000000e+01 -3.860000000000000000e+02 2.000000000000000000e+01 4.343200000000000000e+04 4.704700000000000000e+04 4.662100000000000000e+04 4.321500000000000000e+04 2.234102374501526356e+01 8.090000000000000000e+02
-6.900000000000000000e+01 -3.030000000000000000e+02 5.000000000000000000e+00 4.422900000000000000e+04 4.644400000000000000e+04 4.583400000000000000e+04 4.409900000000000000e+04 2.235164447803981602e+01 8.080000000000000000e+02
-1.090000000000000000e+02 -2.500000000000000000e+02 1.800000000000000000e+01 4.336600000000000000e+04 4.648100000000000000e+04 4.671700000000000000e+04 4.412400000000000000e+04 2.236149974801810458e+01 8.080000000000000000e+02
-1.150000000000000000e+02 -2.260000000000000000e+02 3.000000000000000000e+00 4.358000000000000000e+04 4.636600000000000000e+04 4.653200000000000000e+04 4.437300000000000000e+04 2.237191277201054618e+01 8.080000000000000000e+02
-5.900000000000000000e+01 -1.700000000000000000e+02 -4.000000000000000000e+00 4.428800000000000000e+04 4.697300000000000000e+04 4.603900000000000000e+04 4.367800000000000000e+04 2.238139235402923077e+01 8.080000000000000000e+02
-6.700000000000000000e+01 -1.790000000000000000e+02 5.000000000000000000e+00 4.365100000000000000e+04 4.678100000000000000e+04 4.649400000000000000e+04 4.423200000000000000e+04 2.239169141900492832e+01 8.080000000000000000e+02
-4.500000000000000000e+01 -1.420000000000000000e+02 1.000000000000000000e+01 4.424700000000000000e+04 4.703100000000000000e+04 4.618800000000000000e+04 4.367800000000000000e+04 2.240152220899472013e+01 8.090000000000000000e+02
-2.200000000000000000e+01 -1.410000000000000000e+02 1.000000000000000000e+00 4.472600000000000000e+04 4.653000000000000000e+04 4.570900000000000000e+04 4.435800000000000000e+04 2.241213655902538449e+01 8.090000000000000000e+02
-1.900000000000000000e+01 -1.960000000000000000e+02 -4.000000000000000000e+00 4.417400000000000000e+04 4.757700000000000000e+04 4.614800000000000000e+04 4.331800000000000000e+04 2.242111997201573104e+01 8.090000000000000000e+02
-1.400000000000000000e+01 -2.230000000000000000e+02 -2.000000000000000000e+00 4.417400000000000000e+04 4.746000000000000000e+04 4.618300000000000000e+04 4.341500000000000000e+04 2.243134387600002810e+01 8.090000000000000000e+02
-2.000000000000000000e+01 -2.360000000000000000e+02 6.000000000000000000e+00 4.421000000000000000e+04 4.767500000000000000e+04 4.620200000000000000e+04 4.313600000000000000e+04 2.244159379904158413e+01 8.060000000000000000e+02
-6.000000000000000000e+00 -2.520000000000000000e+02 2.300000000000000000e+01 4.455000000000000000e+04 4.814300000000000000e+04 4.621800000000000000e+04 4.271800000000000000e+04 2.245156445499742404e+01 8.060000000000000000e+02
-2.600000000000000000e+01 -1.960000000000000000e+02 1.000000000000000000e+01 4.490900000000000000e+04 4.734300000000000000e+04 4.587600000000000000e+04 4.366900000000000000e+04 2.246127094101393595e+01 8.060000000000000000e+02
-7.700000000000000000e+01 -1.970000000000000000e+02 3.000000000000000000e+00 4.387600000000000000e+04 4.726600000000000000e+04 4.674200000000000000e+04 4.381900000000000000e+04 2.247170973004540429e+01 8.060000000000000000e+02
-8.900000000000000000e+01 -1.790000000000000000e+02 2.200000000000000000e+01 4.414200000000000000e+04 4.736500000000000000e+04 4.656600000000000000e+04 4.363200000000000000e+04 2.248135636100778356e+01 8.070000000000000000e+02
-1.470000000000000000e+02 -1.810000000000000000e+02 1.400000000000000000e+01 4.357300000000000000e+04 4.692200000000000000e+04 4.715000000000000000e+04 4.426000000000000000e+04 2.249167958204634488e+01 8.070000000000000000e+02
-1.440000000000000000e+02 -1.530000000000000000e+02 1.100000000000000000e+01 4.386500000000000000e+04 4.687300000000000000e+04 4.691700000000000000e+04 4.421400000000000000e+04 2.250196430803043768e+01 8.070000000000000000e+02
-1.500000000000000000e+02 -1.070000000000000000e+02 1.500000000000000000e+01 4.379300000000000000e+04 4.664700000000000000e+04 4.701000000000000000e+04 4.445200000000000000e+04 2.251162201300030574e+01 8.070000000000000000e+02
-1.470000000000000000e+02 -1.200000000000000000e+02 5.000000000000000000e+00 4.374400000000000000e+04 4.711700000000000000e+04 4.687600000000000000e+04 4.382700000000000000e+04 2.252138614200521260e+01 8.070000000000000000e+02
-1.430000000000000000e+02 -8.700000000000000000e+01 1.500000000000000000e+01 4.372100000000000000e+04 4.657700000000000000e+04 4.659700000000000000e+04 4.399600000000000000e+04 2.253128191601717845e+01 8.100000000000000000e+02
-1.030000000000000000e+02 -9.600000000000000000e+01 1.300000000000000000e+01 4.446400000000000000e+04 4.691600000000000000e+04 4.581300000000000000e+04 4.357700000000000000e+04 2.254080999200232327e+01 8.100000000000000000e+02
-5.900000000000000000e+01 -6.000000000000000000e+01 7.000000000000000000e+00 4.434600000000000000e+04 4.670400000000000000e+04 4.598400000000000000e+04 4.361400000000000000e+04 2.255122975603444502e+01 8.100000000000000000e+02
-3.500000000000000000e+01 -7.600000000000000000e+01 1.100000000000000000e+01 4.393900000000000000e+04 4.705900000000000000e+04 4.600600000000000000e+04 4.312100000000000000e+04 2.256098455202300102e+01 8.100000000000000000e+02
1.300000000000000000e+01 -1.030000000000000000e+02 0.000000000000000000e+00 4.442700000000000000e+04 4.760900000000000000e+04 4.544600000000000000e+04 4.239300000000000000e+04 2.257115876802708954e+01 8.130000000000000000e+02
1.000000000000000000e+01 -1.170000000000000000e+02 -7.000000000000000000e+00 4.401300000000000000e+04 4.713400000000000000e+04 4.526500000000000000e+04 4.238700000000000000e+04 2.258090495999203995e+01 8.130000000000000000e+02
1.800000000000000000e+01 -1.050000000000000000e+02 2.000000000000000000e+00 4.413700000000000000e+04 4.699300000000000000e+04 4.522400000000000000e+04 4.238700000000000000e+04 2.259062461100984365e+01 8.130000000000000000e+02
-1.000000000000000000e+01 -6.000000000000000000e+01 1.000000000000000000e+00 4.374000000000000000e+04 4.614600000000000000e+04 4.549800000000000000e+04 4.334400000000000000e+04 2.260097776900511235e+01 8.130000000000000000e+02
-3.200000000000000000e+01 -9.400000000000000000e+01 -9.000000000000000000e+00 4.399500000000000000e+04 4.688300000000000000e+04 4.517300000000000000e+04 4.256500000000000000e+04 2.261187730601523072e+01 8.050000000000000000e+02
-5.900000000000000000e+01 -5.300000000000000000e+01 -1.000000000000000000e+00 4.443300000000000000e+04 4.660200000000000000e+04 4.542400000000000000e+04 4.326900000000000000e+04 2.262084323499584571e+01 8.050000000000000000e+02
-1.040000000000000000e+02 -3.800000000000000000e+01 -4.000000000000000000e+00 4.359300000000000000e+04 4.686100000000000000e+04 4.622500000000000000e+04 4.332100000000000000e+04 2.263136966503225267e+01 8.050000000000000000e+02
-1.140000000000000000e+02 -1.500000000000000000e+01 1.700000000000000000e+01 4.386300000000000000e+04 4.565200000000000000e+04 4.618900000000000000e+04 4.452800000000000000e+04 2.264096814300864935e+01 8.050000000000000000e+02
-1.210000000000000000e+02 -3.500000000000000000e+01 6.000000000000000000e+00 4.471600000000000000e+04 4.616500000000000000e+04 4.553100000000000000e+04 4.416800000000000000e+04 2.265102209401084110e+01 8.100000000000000000e+02
-1.450000000000000000e+02 -1.400000000000000000e+01 4.000000000000000000e+00 4.368000000000000000e+04 4.552600000000000000e+04 4.629800000000000000e+04 4.480000000000000000e+04 2.266064248199108988e+01 8.100000000000000000e+02
-1.580000000000000000e+02 -1.900000000000000000e+01 1.300000000000000000e+01 4.326700000000000000e+04 4.619900000000000000e+04 4.661400000000000000e+04 4.380400000000000000e+04 2.267112998303491622e+01 8.100000000000000000e+02
-1.310000000000000000e+02 -3.100000000000000000e+01 6.000000000000000000e+00 4.369100000000000000e+04 4.637500000000000000e+04 4.639300000000000000e+04 4.368200000000000000e+04 2.268080595799256116e+01 8.100000000000000000e+02
-1.080000000000000000e+02 -4.900000000000000000e+01 1.500000000000000000e+01 4.379600000000000000e+04 4.634400000000000000e+04 4.625300000000000000e+04 4.372800000000000000e+04 2.269048741704318672e+01 8.100000000000000000e+02
-5.100000000000000000e+01 -5.800000000000000000e+01 -5.000000000000000000e+00 4.402800000000000000e+04 4.641400000000000000e+04 4.588700000000000000e+04 4.367200000000000000e+04 2.270140193402767181e+01 8.090000000000000000e+02
-3.200000000000000000e+01 -4.700000000000000000e+01 -2.000000000000000000e+01 4.389600000000000000e+04 4.619500000000000000e+04 4.594600000000000000e+04 4.401500000000000000e+04 2.271116971800802276e+01 8.090000000000000000e+02
4.100000000000000000e+01 -3.800000000000000000e+01 -2.200000000000000000e+01 4.432900000000000000e+04 4.653100000000000000e+04 4.536800000000000000e+04 4.376500000000000000e+04 2.272087121399817988e+01 8.090000000000000000e+02
6.800000000000000000e+01 -7.700000000000000000e+01 0.000000000000000000e+00 4.398000000000000000e+04 4.700700000000000000e+04 4.590600000000000000e+04 4.311100000000000000e+04 2.273141893802676350e+01 8.090000000000000000e+02
1.400000000000000000e+02 -9.400000000000000000e+01 -1.200000000000000000e+01 4.491300000000000000e+04 4.633300000000000000e+04 4.505800000000000000e+04 4.395700000000000000e+04 2.274115166504634544e+01 7.900000000000000000e+01
1.970000000000000000e+02 -1.180000000000000000e+02 -1.300000000000000000e+01 4.383100000000000000e+04 4.542500000000000000e+04 4.402500000000000000e+04 4.286500000000000000e+04 2.275101862900191918e+01 7.900000000000000000e+01
2.380000000000000000e+02 -1.430000000000000000e+02 -1.300000000000000000e+01 4.224600000000000000e+04 4.467400000000000000e+04 4.533500000000000000e+04 4.342800000000000000e+04 2.276122916000895202e+01 7.900000000000000000e+01
3.260000000000000000e+02 -1.810000000000000000e+02 -1.500000000000000000e+01 4.301700000000000000e+04 4.581900000000000000e+04 4.462900000000000000e+04 4.217400000000000000e+04 2.277098652301356196e+01 7.900000000000000000e+01
4.010000000000000000e+02 -1.970000000000000000e+02 -3.000000000000000000e+00 4.346100000000000000e+04 4.618700000000000000e+04 4.413700000000000000e+04 4.169600000000000000e+04 2.278133854799671099e+01 3.900000000000000000e+01
4.540000000000000000e+02 -1.640000000000000000e+02 -1.700000000000000000e+01 4.494000000000000000e+04 4.767700000000000000e+04 4.560300000000000000e+04 4.295300000000000000e+04 2.279098094900837168e+01 3.900000000000000000e+01
4.890000000000000000e+02 -1.490000000000000000e+02 -1.300000000000000000e+01 4.482200000000000000e+04 4.792200000000000000e+04 4.581800000000000000e+04 4.302400000000000000e+04 2.280151442100759596e+01 3.900000000000000000e+01
4.960000000000000000e+02 -1.150000000000000000e+02 -3.000000000000000000e+01 4.510600000000000000e+04 4.877700000000000000e+04 4.601900000000000000e+04 4.253600000000000000e+04 2.281110558699583635e+01 3.900000000000000000e+01
4.000000000000000000e+02 -6.900000000000000000e+01 -2.100000000000000000e+01 4.506200000000000000e+04 4.824700000000000000e+04 4.618700000000000000e+04 4.335900000000000000e+04 2.282153474300866947e+01 3.900000000000000000e+01
3.020000000000000000e+02 -1.200000000000000000e+01 -1.100000000000000000e+01 4.504200000000000000e+04 4.819200000000000000e+04 4.643400000000000000e+04 4.375200000000000000e+04 2.283141527802217752e+01 6.600000000000000000e+01
1.830000000000000000e+02 1.010000000000000000e+02 -1.800000000000000000e+01 4.505500000000000000e+04 4.691400000000000000e+04 4.548700000000000000e+04 4.437300000000000000e+04 2.286160960700362921e+01 6.600000000000000000e+01
5.800000000000000000e+01 1.860000000000000000e+02 -1.500000000000000000e+01 4.430600000000000000e+04 4.586100000000000000e+04 4.629100000000000000e+04 4.536100000000000000e+04 2.286664848501095548e+01 6.600000000000000000e+01
-9.000000000000000000e+00 1.740000000000000000e+02 -2.500000000000000000e+01 4.348700000000000000e+04 4.635100000000000000e+04 4.665300000000000000e+04 4.482600000000000000e+04 2.286881903099128976e+01 6.600000000000000000e+01
-9.000000000000000000e+01 2.310000000000000000e+02 -3.000000000000000000e+01 4.324900000000000000e+04 4.515500000000000000e+04 4.682100000000000000e+04 4.604600000000000000e+04 2.287165371002629399e+01 6.600000000000000000e+01
-1.250000000000000000e+02 3.220000000000000000e+02 -2.600000000000000000e+01 4.358600000000000000e+04 4.473100000000000000e+04 4.593000000000000000e+04 4.574100000000000000e+04 2.288222409400623292e+01 6.600000000000000000e+01
-9.000000000000000000e+01 3.600000000000000000e+02 -2.600000000000000000e+01 4.402500000000000000e+04 4.449600000000000000e+04 4.550500000000000000e+04 4.582800000000000000e+04 2.289164504403015599e+01 6.600000000000000000e+01
1.900000000000000000e+01 3.170000000000000000e+02 -1.400000000000000000e+01 4.503400000000000000e+04 4.547700000000000000e+04 4.463800000000000000e+04 4.482900000000000000e+04 2.290241937903920189e+01 6.600000000000000000e+01
1.500000000000000000e+02 2.640000000000000000e+02 -5.000000000000000000e+00 4.505600000000000000e+04 4.595600000000000000e+04 4.435100000000000000e+04 4.453500000000000000e+04 2.291108761099167168e+01 6.600000000000000000e+01
1.910000000000000000e+02 1.740000000000000000e+02 6.000000000000000000e+00 4.508300000000000000e+04 4.675500000000000000e+04 4.396000000000000000e+04 4.260900000000000000e+04 2.292262902099173516e+01 6.700000000000000000e+01
1.750000000000000000e+02 8.100000000000000000e+01 1.800000000000000000e+01 4.500900000000000000e+04 4.704600000000000000e+04 4.432700000000000000e+04 4.184200000000000000e+04 2.293071661802241579e+01 6.700000000000000000e+01
1.220000000000000000e+02 -1.900000000000000000e+01 2.400000000000000000e+01 4.435800000000000000e+04 4.719200000000000000e+04 4.518900000000000000e+04 4.143300000000000000e+04 2.296763162600109354e+01 6.700000000000000000e+01
7.000000000000000000e+01 -2.800000000000000000e+01 3.300000000000000000e+01 4.335400000000000000e+04 4.729700000000000000e+04 4.617600000000000000e+04 4.102800000000000000e+04 2.297756684501655400e+01 6.700000000000000000e+01
2.400000000000000000e+01 6.200000000000000000e+01 3.700000000000000000e+01 4.360000000000000000e+04 4.611500000000000000e+04 4.601300000000000000e+04 4.232600000000000000e+04 2.297980180801823735e+01 6.400000000000000000e+01
-5.800000000000000000e+01 1.490000000000000000e+02 1.300000000000000000e+01 4.329300000000000000e+04 4.611300000000000000e+04 4.629400000000000000e+04 4.235500000000000000e+04 2.298159995104651898e+01 6.400000000000000000e+01
-1.250000000000000000e+02 2.590000000000000000e+02 1.500000000000000000e+01 4.288900000000000000e+04 4.483800000000000000e+04 4.636900000000000000e+04 4.394100000000000000e+04 2.298310449399286881e+01 6.400000000000000000e+01
-1.590000000000000000e+02 3.540000000000000000e+02 4.000000000000000000e+00 4.346600000000000000e+04 4.388400000000000000e+04 4.605300000000000000e+04 4.489000000000000000e+04 2.299103052302962169e+01 6.400000000000000000e+01
-1.520000000000000000e+02 4.160000000000000000e+02 2.200000000000000000e+01 4.401600000000000000e+04 4.399700000000000000e+04 4.559000000000000000e+04 4.485100000000000000e+04 2.300185222999425605e+01 6.700000000000000000e+01
-9.800000000000000000e+01 4.140000000000000000e+02 1.200000000000000000e+01 4.470600000000000000e+04 4.372700000000000000e+04 4.486900000000000000e+04 4.489600000000000000e+04 2.301137405901681632e+01 6.700000000000000000e+01
-6.700000000000000000e+01 3.680000000000000000e+02 2.500000000000000000e+01 4.492600000000000000e+04 4.496600000000000000e+04 4.459700000000000000e+04 4.375700000000000000e+04 2.302074923203326762e+01 6.700000000000000000e+01
1.700000000000000000e+01 3.350000000000000000e+02 2.500000000000000000e+01 4.522400000000000000e+04 4.485100000000000000e+04 4.434000000000000000e+04 4.379300000000000000e+04 2.303088607604149729e+01 6.700000000000000000e+01
4.400000000000000000e+01 3.430000000000000000e+02 2.700000000000000000e+01 4.575500000000000000e+04 4.487900000000000000e+04 4.388400000000000000e+04 4.369000000000000000e+04 2.304123045504093170e+01 6.700000000000000000e+01
5.100000000000000000e+01 3.770000000000000000e+02 2.600000000000000000e+01 4.642700000000000000e+04 4.482700000000000000e+04 4.323400000000000000e+04 4.362100000000000000e+04 2.305065544199896976e+01 6.200000000000000000e+01
4.500000000000000000e+01 3.910000000000000000e+02 -4.000000000000000000e+00 4.636800000000000000e+04 4.453800000000000000e+04 4.366500000000000000e+04 4.450000000000000000e+04 2.306155800900887698e+01 6.200000000000000000e+01
2.900000000000000000e+01 2.930000000000000000e+02 -1.400000000000000000e+01 4.491500000000000000e+04 4.532800000000000000e+04 4.471700000000000000e+04 4.430500000000000000e+04 2.307118351699318737e+01 6.200000000000000000e+01
4.500000000000000000e+01 1.460000000000000000e+02 -9.000000000000000000e+00 4.483100000000000000e+04 4.668700000000000000e+04 4.452100000000000000e+04 4.324900000000000000e+04 2.308112982404418290e+01 6.200000000000000000e+01
-5.900000000000000000e+01 5.900000000000000000e+01 -3.400000000000000000e+01 4.361400000000000000e+04 4.670600000000000000e+04 4.552000000000000000e+04 4.354200000000000000e+04 2.309074935404350981e+01 6.300000000000000000e+01
-1.140000000000000000e+02 1.140000000000000000e+02 -3.400000000000000000e+01 4.386100000000000000e+04 4.604700000000000000e+04 4.506200000000000000e+04 4.490200000000000000e+04 2.310127839300548658e+01 6.300000000000000000e+01
-1.150000000000000000e+02 1.400000000000000000e+02 -5.100000000000000000e+01 4.380700000000000000e+04 4.562100000000000000e+04 4.517300000000000000e+04 4.568400000000000000e+04 2.311101359000895172e+01 6.300000000000000000e+01
-7.400000000000000000e+01 1.430000000000000000e+02 -4.300000000000000000e+01 4.391100000000000000e+04 4.643100000000000000e+04 4.518700000000000000e+04 4.486300000000000000e+04 2.312199042004067451e+01 6.300000000000000000e+01
-6.300000000000000000e+01 1.470000000000000000e+02 -5.100000000000000000e+01 4.444900000000000000e+04 4.616900000000000000e+04 4.469200000000000000e+04 4.520300000000000000e+04 2.313038999302079901e+01 6.300000000000000000e+01
-6.100000000000000000e+01 1.820000000000000000e+02 -2.200000000000000000e+01 4.439700000000000000e+04 4.608100000000000000e+04 4.505600000000000000e+04 4.555600000000000000e+04 2.314096300001256168e+01 6.100000000000000000e+01
-6.400000000000000000e+01 2.010000000000000000e+02 -1.500000000000000000e+01 4.414700000000000000e+04 4.579300000000000000e+04 4.552700000000000000e+04 4.566600000000000000e+04 2.315147489000810310e+01 6.100000000000000000e+01
-2.700000000000000000e+01 2.350000000000000000e+02 -2.000000000000000000e+01 4.543800000000000000e+04 4.567200000000000000e+04 4.446100000000000000e+04 4.563400000000000000e+04 2.316129790403647348e+01 6.100000000000000000e+01
-3.900000000000000000e+01 1.900000000000000000e+02 -1.500000000000000000e+01 4.505500000000000000e+04 4.543200000000000000e+04 4.521300000000000000e+04 4.553800000000000000e+04 2.317099505604710430e+01 6.100000000000000000e+01
2.400000000000000000e+01 1.710000000000000000e+02 7.000000000000000000e+00 4.604100000000000000e+04 4.605400000000000000e+04 4.408000000000000000e+04 4.512500000000000000e+04 2.318061930703697726e+01 6.000000000000000000e+01
8.600000000000000000e+01 1.220000000000000000e+02 -6.000000000000000000e+00 4.638100000000000000e+04 4.643800000000000000e+04 4.443400000000000000e+04 4.469600000000000000e+04 2.319105377403320745e+01 6.000000000000000000e+01
9.600000000000000000e+01 1.400000000000000000e+01 -1.300000000000000000e+01 4.589900000000000000e+04 4.761800000000000000e+04 4.493700000000000000e+04 4.356000000000000000e+04 2.320080261200200766e+01 6.000000000000000000e+01
1.120000000000000000e+02 -1.060000000000000000e+02 -4.000000000000000000e+00 4.454600000000000000e+04 4.835400000000000000e+04 4.648600000000000000e+04 4.272900000000000000e+04 2.321126412303419784e+01 6.000000000000000000e+01
1.390000000000000000e+02 -2.540000000000000000e+02 -8.000000000000000000e+00 4.424300000000000000e+04 4.996600000000000000e+04 4.662200000000000000e+04 4.076800000000000000e+04 2.322098506800830364e+01 5.800000000000000000e+01
1.160000000000000000e+02 -2.660000000000000000e+02 -1.800000000000000000e+01 4.460200000000000000e+04 4.959900000000000000e+04 4.639000000000000000e+04 4.163100000000000000e+04 2.323142730200197548e+01 5.800000000000000000e+01
7.300000000000000000e+01 -1.900000000000000000e+02 -8.000000000000000000e+00 4.421900000000000000e+04 4.949600000000000000e+04 4.685900000000000000e+04 4.201600000000000000e+04 2.324096147401724011e+01 5.800000000000000000e+01
-2.400000000000000000e+01 -1.480000000000000000e+02 -5.000000000000000000e+00 4.355400000000000000e+04 4.864100000000000000e+04 4.749300000000000000e+04 4.308200000000000000e+04 2.325076668802648783e+01 5.800000000000000000e+01
-9.800000000000000000e+01 -1.500000000000000000e+01 -2.000000000000000000e+01 4.385800000000000000e+04 4.692400000000000000e+04 4.719300000000000000e+04 4.506200000000000000e+04 2.326120462501421571e+01 5.800000000000000000e+01
-1.740000000000000000e+02 8.400000000000000000e+01 -2.100000000000000000e+01 4.474500000000000000e+04 4.639400000000000000e+04 4.636800000000000000e+04 4.591100000000000000e+04 2.327084735501557589e+01 5.600000000000000000e+01
-2.500000000000000000e+02 1.210000000000000000e+02 -1.900000000000000000e+01 4.446300000000000000e+04 4.575100000000000000e+04 4.642400000000000000e+04 4.645100000000000000e+04 2.328190989902941510e+01 5.600000000000000000e+01
-2.570000000000000000e+02 1.830000000000000000e+02 -2.100000000000000000e+01 4.456500000000000000e+04 4.504900000000000000e+04 4.652100000000000000e+04 4.714200000000000000e+04 2.329114731401205063e+01 5.600000000000000000e+01
-2.320000000000000000e+02 2.330000000000000000e+02 -1.700000000000000000e+01 4.463200000000000000e+04 4.507800000000000000e+04 4.631600000000000000e+04 4.718000000000000000e+04 2.330129345704335719e+01 5.600000000000000000e+01
-1.480000000000000000e+02 2.870000000000000000e+02 -7.000000000000000000e+00 4.530700000000000000e+04 4.521300000000000000e+04 4.553000000000000000e+04 4.686000000000000000e+04 2.331060530600370839e+01 5.500000000000000000e+01
-8.800000000000000000e+01 2.250000000000000000e+02 -1.200000000000000000e+01 4.562000000000000000e+04 4.516800000000000000e+04 4.519500000000000000e+04 4.692400000000000000e+04 2.332108740101102740e+01 5.500000000000000000e+01
-3.000000000000000000e+00 1.870000000000000000e+02 -8.000000000000000000e+00 4.626900000000000000e+04 4.599000000000000000e+04 4.434600000000000000e+04 4.615800000000000000e+04 2.333072716702008620e+01 5.500000000000000000e+01
7.000000000000000000e+00 1.230000000000000000e+02 -2.000000000000000000e+00 4.599200000000000000e+04 4.622800000000000000e+04 4.471900000000000000e+04 4.570900000000000000e+04 2.334048367600189522e+01 5.500000000000000000e+01
2.300000000000000000e+01 4.000000000000000000e+00 -4.000000000000000000e+00 4.514400000000000000e+04 4.663300000000000000e+04 4.574700000000000000e+04 4.507700000000000000e+04 2.335100200300803408e+01 5.500000000000000000e+01
7.300000000000000000e+01 -1.040000000000000000e+02 -2.000000000000000000e+00 4.504700000000000000e+04 4.753600000000000000e+04 4.553400000000000000e+04 4.391400000000000000e+04 2.336060167499817908e+01 5.700000000000000000e+01
8.700000000000000000e+01 -1.870000000000000000e+02 -1.700000000000000000e+01 4.358500000000000000e+04 4.843100000000000000e+04 4.682100000000000000e+04 4.264700000000000000e+04 2.337098407803568989e+01 5.700000000000000000e+01
1.010000000000000000e+02 -2.340000000000000000e+02 -1.800000000000000000e+01 4.371400000000000000e+04 4.914800000000000000e+04 4.633300000000000000e+04 4.188500000000000000e+04 2.338108858600025997e+01 5.700000000000000000e+01
1.060000000000000000e+02 -2.130000000000000000e+02 -2.100000000000000000e+01 4.328400000000000000e+04 5.000300000000000000e+04 4.641300000000000000e+04 4.060700000000000000e+04 2.339150535903172567e+01 5.700000000000000000e+01
3.500000000000000000e+01 -1.670000000000000000e+02 -2.200000000000000000e+01 4.346600000000000000e+04 4.988200000000000000e+04 4.613400000000000000e+04 4.092100000000000000e+04 2.340133553702617064e+01 5.300000000000000000e+01
-6.100000000000000000e+01 -2.200000000000000000e+01 -3.700000000000000000e+01 4.352400000000000000e+04 4.840800000000000000e+04 4.595600000000000000e+04 4.294900000000000000e+04 2.341041199199389666e+01 5.300000000000000000e+01
-1.780000000000000000e+02 1.080000000000000000e+02 -3.700000000000000000e+01 4.339800000000000000e+04 4.666400000000000000e+04 4.582600000000000000e+04 4.501800000000000000e+04 2.342015044402796775e+01 5.300000000000000000e+01
-2.600000000000000000e+02 2.700000000000000000e+02 -3.400000000000000000e+01 4.439300000000000000e+04 4.510600000000000000e+04 4.466400000000000000e+04 4.666200000000000000e+04 2.342981709603918716e+01 5.300000000000000000e+01
-3.570000000000000000e+02 3.630000000000000000e+02 -4.700000000000000000e+01 4.385700000000000000e+04 4.378500000000000000e+04 4.519400000000000000e+04 4.783500000000000000e+04 2.344118309300392866e+01 5.600000000000000000e+01
-3.780000000000000000e+02 4.000000000000000000e+02 -2.700000000000000000e+01 4.402400000000000000e+04 4.358600000000000000e+04 4.501300000000000000e+04 4.771400000000000000e+04 2.345082881004782394e+01 5.600000000000000000e+01
-3.340000000000000000e+02 4.500000000000000000e+02 -1.400000000000000000e+01 4.474000000000000000e+04 4.283100000000000000e+04 4.449700000000000000e+04 4.809700000000000000e+04 2.346076135500334203e+01 5.600000000000000000e+01
-2.620000000000000000e+02 4.640000000000000000e+02 -5.000000000000000000e+00 4.535400000000000000e+04 4.277000000000000000e+04 4.394900000000000000e+04 4.799700000000000000e+04 2.347068635403411463e+01 5.600000000000000000e+01
-1.590000000000000000e+02 3.470000000000000000e+02 1.300000000000000000e+01 4.576300000000000000e+04 4.379400000000000000e+04 4.391800000000000000e+04 4.672500000000000000e+04 2.347991817502770573e+01 5.600000000000000000e+01
-1.200000000000000000e+01 1.970000000000000000e+02 2.300000000000000000e+01 4.601200000000000000e+04 4.535100000000000000e+04 4.375700000000000000e+04 4.458900000000000000e+04 2.349049939500400797e+01 5.800000000000000000e+01
1.260000000000000000e+02 3.500000000000000000e+01 1.400000000000000000e+01 4.374800000000000000e+04 4.750400000000000000e+04 4.628100000000000000e+04 4.178400000000000000e+04 2.350025163200916722e+01 5.800000000000000000e+01
2.390000000000000000e+02 -5.500000000000000000e+01 8.000000000000000000e+00 4.368300000000000000e+04 4.856500000000000000e+04 4.601900000000000000e+04 4.024000000000000000e+04 2.351156913902377710e+01 5.800000000000000000e+01
3.250000000000000000e+02 -1.130000000000000000e+02 2.600000000000000000e+01 4.484300000000000000e+04 5.002000000000000000e+04 4.495300000000000000e+04 3.820800000000000000e+04 2.352067811501910910e+01 5.800000000000000000e+01
3.180000000000000000e+02 -1.180000000000000000e+02 3.100000000000000000e+01 4.454800000000000000e+04 4.937300000000000000e+04 4.511900000000000000e+04 3.932000000000000000e+04 2.353037699003471062e+01 5.800000000000000000e+01
2.290000000000000000e+02 -4.200000000000000000e+01 2.000000000000000000e+01 4.484200000000000000e+04 4.891400000000000000e+04 4.504600000000000000e+04 3.948300000000000000e+04 2.354069779004203156e+01 5.800000000000000000e+01
7.200000000000000000e+01 -1.600000000000000000e+01 1.800000000000000000e+01 4.363500000000000000e+04 4.705500000000000000e+04 4.576100000000000000e+04 4.217800000000000000e+04 2.355108631303301081e+01 5.800000000000000000e+01
-1.110000000000000000e+02 4.900000000000000000e+01 1.500000000000000000e+01 4.301800000000000000e+04 4.556200000000000000e+04 4.646500000000000000e+04 4.342800000000000000e+04 2.356081034202361479e+01 5.800000000000000000e+01
-3.220000000000000000e+02 9.200000000000000000e+01 -3.000000000000000000e+00 4.176200000000000000e+04 4.478900000000000000e+04 4.707300000000000000e+04 4.453300000000000000e+04 2.357055403303820640e+01 5.800000000000000000e+01
-4.410000000000000000e+02 1.800000000000000000e+02 3.000000000000000000e+00 3.937800000000000000e+04 4.209400000000000000e+04 4.861800000000000000e+04 4.687700000000000000e+04 2.358051306102424860e+01 6.200000000000000000e+01
-4.070000000000000000e+02 3.030000000000000000e+02 -9.000000000000000000e+00 4.197600000000000000e+04 4.236900000000000000e+04 4.676300000000000000e+04 4.694000000000000000e+04 2.359102049400098622e+01 6.200000000000000000e+01
