-3.500000000000000000e+01 1.300000000000000000e+01 2.200000000000000000e+01 4.506100000000000000e+04 4.684000000000000000e+04 4.662700000000000000e+04 4.429300000000000000e+04 2.749727708095451817e+01 7.970000000000000000e+02
-1.900000000000000000e+01 2.900000000000000000e+01 1.500000000000000000e+01 4.481100000000000000e+04 4.713800000000000000e+04 4.665300000000000000e+04 4.415900000000000000e+04 2.750723820098210126e+01 7.970000000000000000e+02
-1.900000000000000000e+01 5.400000000000000000e+01 2.200000000000000000e+01 4.511200000000000000e+04 4.669300000000000000e+04 4.641100000000000000e+04 4.446400000000000000e+04 2.751702758896863088e+01 7.970000000000000000e+02
-1.200000000000000000e+01 3.300000000000000000e+01 1.000000000000000000e+01 4.487900000000000000e+04 4.670700000000000000e+04 4.677300000000000000e+04 4.428900000000000000e+04 2.752684396697441116e+01 7.970000000000000000e+02
2.800000000000000000e+01 5.500000000000000000e+01 2.100000000000000000e+01 4.552600000000000000e+04 4.694300000000000000e+04 4.609800000000000000e+04 4.418600000000000000e+04 2.753680936497403309e+01 7.970000000000000000e+02
4.000000000000000000e+01 9.700000000000000000e+01 2.700000000000000000e+01 4.591900000000000000e+04 4.659200000000000000e+04 4.599400000000000000e+04 4.426500000000000000e+04 2.754737075598677620e+01 7.970000000000000000e+02
4.700000000000000000e+01 1.080000000000000000e+02 2.300000000000000000e+01 4.582700000000000000e+04 4.660700000000000000e+04 4.588700000000000000e+04 4.449900000000000000e+04 2.755730472097638994e+01 7.970000000000000000e+02
2.100000000000000000e+01 9.300000000000000000e+01 9.000000000000000000e+00 4.537400000000000000e+04 4.650500000000000000e+04 4.623300000000000000e+04 4.476600000000000000e+04 2.756720360898179933e+01 8.010000000000000000e+02
2.600000000000000000e+01 6.300000000000000000e+01 1.800000000000000000e+01 4.562700000000000000e+04 4.673800000000000000e+04 4.604700000000000000e+04 4.394500000000000000e+04 2.757701782800722867e+01 8.010000000000000000e+02
3.300000000000000000e+01 3.800000000000000000e+01 7.000000000000000000e+00 4.576100000000000000e+04 4.678600000000000000e+04 4.592700000000000000e+04 4.390400000000000000e+04 2.758738172799348831e+01 8.010000000000000000e+02
1.600000000000000000e+01 2.000000000000000000e+01 1.400000000000000000e+01 4.503500000000000000e+04 4.663000000000000000e+04 4.645600000000000000e+04 4.417600000000000000e+04 2.759719048399711028e+01 8.010000000000000000e+02
-6.000000000000000000e+00 -1.800000000000000000e+01 9.000000000000000000e+00 4.513900000000000000e+04 4.672800000000000000e+04 4.636100000000000000e+04 4.393700000000000000e+04 2.760692012199433520e+01 8.010000000000000000e+02
-2.500000000000000000e+01 -2.200000000000000000e+01 9.000000000000000000e+00 4.441800000000000000e+04 4.653900000000000000e+04 4.679000000000000000e+04 4.420600000000000000e+04 2.761690513300709426e+01 8.010000000000000000e+02
-8.000000000000000000e+00 -4.800000000000000000e+01 -1.000000000000000000e+00 4.493000000000000000e+04 4.693100000000000000e+04 4.633000000000000000e+04 4.381400000000000000e+04 2.762678902701009065e+01 8.010000000000000000e+02
-2.600000000000000000e+01 -9.300000000000000000e+01 -8.000000000000000000e+00 4.434500000000000000e+04 4.696000000000000000e+04 4.651000000000000000e+04 4.396100000000000000e+04 2.763720122096128762e+01 8.010000000000000000e+02
-2.900000000000000000e+01 -9.200000000000000000e+01 -4.000000000000000000e+00 4.429500000000000000e+04 4.712800000000000000e+04 4.650400000000000000e+04 4.372400000000000000e+04 2.764773276395862922e+01 8.010000000000000000e+02
-5.200000000000000000e+01 -8.400000000000000000e+01 -9.000000000000000000e+00 4.369100000000000000e+04 4.703000000000000000e+04 4.720200000000000000e+04 4.379400000000000000e+04 2.765737932699266821e+01 8.000000000000000000e+02
-3.100000000000000000e+01 -8.700000000000000000e+01 -2.000000000000000000e+00 4.421900000000000000e+04 4.694400000000000000e+04 4.668600000000000000e+04 4.387800000000000000e+04 2.766744954296154901e+01 8.000000000000000000e+02
-4.000000000000000000e+00 -3.800000000000000000e+01 9.000000000000000000e+00 4.476200000000000000e+04 4.712400000000000000e+04 4.634600000000000000e+04 4.392200000000000000e+04 2.767726555495755747e+01 8.000000000000000000e+02
-3.100000000000000000e+01 -2.800000000000000000e+01 -5.000000000000000000e+00 4.440400000000000000e+04 4.689700000000000000e+04 4.690700000000000000e+04 4.403100000000000000e+04 2.768707151798298582e+01 8.000000000000000000e+02
5.000000000000000000e+00 2.800000000000000000e+01 -7.000000000000000000e+00 4.527500000000000000e+04 4.687200000000000000e+04 4.578100000000000000e+04 4.441000000000000000e+04 2.769690519396681339e+01 8.030000000000000000e+02
-5.000000000000000000e+00 1.400000000000000000e+01 -1.000000000000000000e+01 4.482900000000000000e+04 4.684000000000000000e+04 4.615400000000000000e+04 4.417600000000000000e+04 2.770744920399738476e+01 8.030000000000000000e+02
-2.000000000000000000e+00 4.300000000000000000e+01 1.000000000000000000e+00 4.579900000000000000e+04 4.627800000000000000e+04 4.516400000000000000e+04 4.477200000000000000e+04 2.771688550600083545e+01 8.030000000000000000e+02
7.000000000000000000e+00 4.500000000000000000e+01 -3.000000000000000000e+00 4.352500000000000000e+04 4.819300000000000000e+04 4.735600000000000000e+04 4.251200000000000000e+04 2.772665851400233805e+01 8.030000000000000000e+02
2.100000000000000000e+01 6.200000000000000000e+01 7.000000000000000000e+00 4.627000000000000000e+04 4.539400000000000000e+04 4.478400000000000000e+04 4.559300000000000000e+04 2.773681970697361976e+01 8.030000000000000000e+02
-1.000000000000000000e+00 4.300000000000000000e+01 4.000000000000000000e+00 4.474400000000000000e+04 4.557500000000000000e+04 4.652700000000000000e+04 4.562300000000000000e+04 2.774727915396215394e+01 8.010000000000000000e+02
-1.800000000000000000e+01 1.600000000000000000e+01 -6.000000000000000000e+00 4.286600000000000000e+04 4.723700000000000000e+04 4.808000000000000000e+04 4.370400000000000000e+04 2.775726580497575924e+01 8.010000000000000000e+02
1.900000000000000000e+01 2.900000000000000000e+01 7.000000000000000000e+00 4.546400000000000000e+04 4.617800000000000000e+04 4.592200000000000000e+04 4.503300000000000000e+04 2.776702056196518242e+01 8.010000000000000000e+02
1.900000000000000000e+01 -1.800000000000000000e+01 8.000000000000000000e+00 4.402200000000000000e+04 4.798900000000000000e+04 4.725900000000000000e+04 4.303300000000000000e+04 2.777678983699297532e+01 8.010000000000000000e+02
2.500000000000000000e+01 -3.300000000000000000e+01 8.000000000000000000e+00 4.616000000000000000e+04 4.662200000000000000e+04 4.531200000000000000e+04 4.457800000000000000e+04 2.778732821595622227e+01 8.020000000000000000e+02
3.000000000000000000e+01 -2.100000000000000000e+01 -1.000000000000000000e+00 4.381900000000000000e+04 4.762800000000000000e+04 4.768200000000000000e+04 4.323600000000000000e+04 2.779713819199241698e+01 8.020000000000000000e+02
4.400000000000000000e+01 -4.600000000000000000e+01 1.000000000000000000e+01 4.480300000000000000e+04 4.770100000000000000e+04 4.666800000000000000e+04 4.330400000000000000e+04 2.780682861199602485e+01 8.020000000000000000e+02
3.800000000000000000e+01 6.000000000000000000e+00 0.000000000000000000e+00 4.458000000000000000e+04 4.792500000000000000e+04 4.687500000000000000e+04 4.299400000000000000e+04 2.781723792699631304e+01 8.020000000000000000e+02
5.700000000000000000e+01 3.000000000000000000e+01 -4.000000000000000000e+00 4.536300000000000000e+04 4.730200000000000000e+04 4.614400000000000000e+04 4.426500000000000000e+04 2.782842169801006094e+01 8.000000000000000000e+02
3.300000000000000000e+01 2.800000000000000000e+01 1.300000000000000000e+01 4.546600000000000000e+04 4.678200000000000000e+04 4.626500000000000000e+04 4.471100000000000000e+04 2.783665321097942069e+01 8.000000000000000000e+02
-1.800000000000000000e+01 4.100000000000000000e+01 -3.000000000000000000e+00 4.512400000000000000e+04 4.674200000000000000e+04 4.668100000000000000e+04 4.477700000000000000e+04 2.784644594596466050e+01 8.000000000000000000e+02
-2.300000000000000000e+01 4.800000000000000000e+01 -1.600000000000000000e+01 4.422900000000000000e+04 4.659800000000000000e+04 4.722200000000000000e+04 4.524000000000000000e+04 2.785843713895883411e+01 8.000000000000000000e+02
1.000000000000000000e+00 6.200000000000000000e+01 -5.000000000000000000e+00 4.522000000000000000e+04 4.647400000000000000e+04 4.625900000000000000e+04 4.546400000000000000e+04 2.786669549997895956e+01 8.000000000000000000e+02
-3.000000000000000000e+01 4.000000000000000000e+01 -1.700000000000000000e+01 4.500300000000000000e+04 4.630700000000000000e+04 4.602400000000000000e+04 4.519400000000000000e+04 2.787655986100435257e+01 8.060000000000000000e+02
1.000000000000000000e+00 3.700000000000000000e+01 -1.100000000000000000e+01 4.497800000000000000e+04 4.663800000000000000e+04 4.624600000000000000e+04 4.462700000000000000e+04 2.788706923596328124e+01 8.060000000000000000e+02
6.000000000000000000e+00 1.500000000000000000e+01 -2.000000000000000000e+01 4.455400000000000000e+04 4.647400000000000000e+04 4.624500000000000000e+04 4.519900000000000000e+04 2.789692073495825753e+01 8.060000000000000000e+02
2.500000000000000000e+01 -1.100000000000000000e+01 -2.100000000000000000e+01 4.462700000000000000e+04 4.728500000000000000e+04 4.642200000000000000e+04 4.404600000000000000e+04 2.790667499596020207e+01 8.060000000000000000e+02
5.000000000000000000e+01 -4.600000000000000000e+01 -3.000000000000000000e+01 4.506700000000000000e+04 4.700500000000000000e+04 4.554000000000000000e+04 4.472000000000000000e+04 2.791701866500079632e+01 8.030000000000000000e+02
7.000000000000000000e+01 -6.900000000000000000e+01 -2.100000000000000000e+01 4.461900000000000000e+04 4.764100000000000000e+04 4.631200000000000000e+04 4.362600000000000000e+04 2.792683023097924888e+01 8.030000000000000000e+02
9.100000000000000000e+01 -6.300000000000000000e+01 -8.000000000000000000e+00 4.592300000000000000e+04 4.833100000000000000e+04 4.472300000000000000e+04 4.296000000000000000e+04 2.793661835900275037e+01 8.030000000000000000e+02
6.300000000000000000e+01 -8.900000000000000000e+01 -1.800000000000000000e+01 4.447000000000000000e+04 4.800000000000000000e+04 4.659500000000000000e+04 4.317400000000000000e+04 2.794656734296586365e+01 8.030000000000000000e+02
4.700000000000000000e+01 -8.800000000000000000e+01 -1.500000000000000000e+01 4.479600000000000000e+04 4.852300000000000000e+04 4.641500000000000000e+04 4.330300000000000000e+04 2.795714905997738242e+01 8.000000000000000000e+02
2.000000000000000000e+01 -5.200000000000000000e+01 -2.100000000000000000e+01 4.478100000000000000e+04 4.747800000000000000e+04 4.660500000000000000e+04 4.434500000000000000e+04 2.796714774600695819e+01 8.000000000000000000e+02
-9.000000000000000000e+00 -6.200000000000000000e+01 -2.300000000000000000e+01 4.337000000000000000e+04 4.674200000000000000e+04 4.801000000000000000e+04 4.513400000000000000e+04 2.797691040398785844e+01 8.000000000000000000e+02
-3.400000000000000000e+01 -1.100000000000000000e+01 -2.000000000000000000e+01 4.478300000000000000e+04 4.694600000000000000e+04 4.660000000000000000e+04 4.510000000000000000e+04 2.798666918498929590e+01 8.000000000000000000e+02
-2.900000000000000000e+01 2.200000000000000000e+01 -1.000000000000000000e+01 4.416300000000000000e+04 4.745600000000000000e+04 4.704100000000000000e+04 4.453500000000000000e+04 2.799723880796227604e+01 8.040000000000000000e+02
-2.100000000000000000e+01 1.100000000000000000e+01 -1.200000000000000000e+01 4.438400000000000000e+04 4.727200000000000000e+04 4.671100000000000000e+04 4.440900000000000000e+04 2.800646965898340568e+01 8.040000000000000000e+02
-7.000000000000000000e+00 8.000000000000000000e+00 -8.000000000000000000e+00 4.611000000000000000e+04 4.798800000000000000e+04 4.488400000000000000e+04 4.373900000000000000e+04 2.801704371097730473e+01 8.040000000000000000e+02
1.500000000000000000e+01 6.000000000000000000e+01 -1.400000000000000000e+01 4.575400000000000000e+04 4.681100000000000000e+04 4.550800000000000000e+04 4.480400000000000000e+04 2.802718146395636722e+01 8.040000000000000000e+02
1.400000000000000000e+01 6.100000000000000000e+01 -1.200000000000000000e+01 4.241400000000000000e+04 4.877700000000000000e+04 4.822200000000000000e+04 4.286500000000000000e+04 2.803706765297101811e+01 8.040000000000000000e+02
-9.000000000000000000e+00 3.800000000000000000e+01 -1.500000000000000000e+01 4.434400000000000000e+04 4.751500000000000000e+04 4.657100000000000000e+04 4.454900000000000000e+04 2.804671396798221394e+01 8.020000000000000000e+02
-1.000000000000000000e+01 4.900000000000000000e+01 -1.600000000000000000e+01 4.539400000000000000e+04 4.619900000000000000e+04 4.536400000000000000e+04 4.596100000000000000e+04 2.805652237997855991e+01 8.020000000000000000e+02
-1.300000000000000000e+01 4.300000000000000000e+01 -8.000000000000000000e+00 4.467300000000000000e+04 4.719200000000000000e+04 4.648100000000000000e+04 4.447300000000000000e+04 2.806699466798454523e+01 8.020000000000000000e+02
-1.200000000000000000e+01 5.400000000000000000e+01 -4.000000000000000000e+00 4.477300000000000000e+04 4.558400000000000000e+04 4.596300000000000000e+04 4.639100000000000000e+04 2.807688981399405748e+01 8.020000000000000000e+02
-2.000000000000000000e+00 5.600000000000000000e+01 -7.000000000000000000e+00 4.461900000000000000e+04 4.660500000000000000e+04 4.646500000000000000e+04 4.512700000000000000e+04 2.808671555097680539e+01 8.020000000000000000e+02
1.800000000000000000e+01 3.200000000000000000e+01 1.000000000000000000e+00 4.584300000000000000e+04 4.805800000000000000e+04 4.527800000000000000e+04 4.356300000000000000e+04 2.809663229598663747e+01 8.020000000000000000e+02
-9.000000000000000000e+00 -2.000000000000000000e+01 -1.200000000000000000e+01 4.439200000000000000e+04 4.715200000000000000e+04 4.681700000000000000e+04 4.445700000000000000e+04 2.810656950098928064e+01 8.020000000000000000e+02
1.000000000000000000e+01 -4.600000000000000000e+01 -6.000000000000000000e+00 4.558700000000000000e+04 4.817600000000000000e+04 4.553500000000000000e+04 4.349500000000000000e+04 2.811669630097458139e+01 8.020000000000000000e+02
-1.900000000000000000e+01 -4.000000000000000000e+01 -1.300000000000000000e+01 4.481100000000000000e+04 4.858400000000000000e+04 4.668400000000000000e+04 4.332400000000000000e+04 2.812645153998164460e+01 7.990000000000000000e+02
-2.800000000000000000e+01 -2.400000000000000000e+01 3.000000000000000000e+00 4.496500000000000000e+04 4.755900000000000000e+04 4.637100000000000000e+04 4.469200000000000000e+04 2.813702341099269688e+01 7.990000000000000000e+02
-2.700000000000000000e+01 -4.800000000000000000e+01 -1.300000000000000000e+01 4.478800000000000000e+04 4.794000000000000000e+04 4.676100000000000000e+04 4.401400000000000000e+04 2.814638592698611319e+01 7.990000000000000000e+02
-7.100000000000000000e+01 -2.000000000000000000e+01 -1.200000000000000000e+01 4.283900000000000000e+04 4.569900000000000000e+04 4.824800000000000000e+04 4.663900000000000000e+04 2.815701532398816198e+01 7.990000000000000000e+02
-6.900000000000000000e+01 -5.000000000000000000e+01 -2.200000000000000000e+01 4.494300000000000000e+04 4.817600000000000000e+04 4.652800000000000000e+04 4.398400000000000000e+04 2.816683354898123071e+01 7.990000000000000000e+02
-8.800000000000000000e+01 -2.100000000000000000e+01 -1.500000000000000000e+01 4.395900000000000000e+04 4.725500000000000000e+04 4.709500000000000000e+04 4.531700000000000000e+04 2.817645522195380181e+01 8.030000000000000000e+02
-4.200000000000000000e+01 2.500000000000000000e+01 -1.600000000000000000e+01 4.400200000000000000e+04 4.730700000000000000e+04 4.718800000000000000e+04 4.515600000000000000e+04 2.818632867699488997e+01 8.030000000000000000e+02
-3.500000000000000000e+01 2.800000000000000000e+01 -1.000000000000000000e+01 4.446700000000000000e+04 4.726900000000000000e+04 4.674500000000000000e+04 4.524300000000000000e+04 2.819690382695989683e+01 8.030000000000000000e+02
-2.500000000000000000e+01 2.700000000000000000e+01 -1.000000000000000000e+01 4.554600000000000000e+04 4.772400000000000000e+04 4.593700000000000000e+04 4.445200000000000000e+04 2.820661801495589316e+01 8.030000000000000000e+02
6.000000000000000000e+00 1.500000000000000000e+01 -1.400000000000000000e+01 4.459700000000000000e+04 4.748200000000000000e+04 4.670400000000000000e+04 4.464000000000000000e+04 2.821616007899865508e+01 8.020000000000000000e+02
3.100000000000000000e+01 3.900000000000000000e+01 -8.000000000000000000e+00 4.598400000000000000e+04 4.725700000000000000e+04 4.532200000000000000e+04 4.480800000000000000e+04 2.822671813896158710e+01 8.020000000000000000e+02
3.600000000000000000e+01 3.000000000000000000e+01 5.000000000000000000e+00 4.368900000000000000e+04 4.796500000000000000e+04 4.740700000000000000e+04 4.394400000000000000e+04 2.823633722896920517e+01 8.020000000000000000e+02
2.300000000000000000e+01 5.400000000000000000e+01 6.000000000000000000e+00 4.544400000000000000e+04 4.684700000000000000e+04 4.574600000000000000e+04 4.477500000000000000e+04 2.824709066498326138e+01 8.020000000000000000e+02
3.000000000000000000e+01 1.700000000000000000e+01 -1.000000000000000000e+00 4.603900000000000000e+04 4.797000000000000000e+04 4.535300000000000000e+04 4.383500000000000000e+04 2.825618896598462015e+01 7.990000000000000000e+02
3.400000000000000000e+01 4.300000000000000000e+01 -1.000000000000000000e+00 4.519800000000000000e+04 4.750300000000000000e+04 4.618200000000000000e+04 4.444900000000000000e+04 2.826670996099710464e+01 7.990000000000000000e+02
1.500000000000000000e+01 3.000000000000000000e+01 -3.000000000000000000e+00 4.470000000000000000e+04 4.681500000000000000e+04 4.669800000000000000e+04 4.520000000000000000e+04 2.827661582099972293e+01 7.990000000000000000e+02
-1.900000000000000000e+01 2.100000000000000000e+01 -8.000000000000000000e+00 4.517900000000000000e+04 4.760100000000000000e+04 4.622400000000000000e+04 4.433000000000000000e+04 2.828642338397912681e+01 7.990000000000000000e+02
-1.700000000000000000e+01 -1.100000000000000000e+01 -2.000000000000000000e+00 4.402000000000000000e+04 4.740800000000000000e+04 4.707900000000000000e+04 4.468700000000000000e+04 2.829698046197881922e+01 7.990000000000000000e+02
-3.600000000000000000e+01 -9.000000000000000000e+00 -3.000000000000000000e+00 4.270000000000000000e+04 4.749900000000000000e+04 4.786200000000000000e+04 4.422500000000000000e+04 2.830702211696188897e+01 8.040000000000000000e+02
-1.600000000000000000e+01 1.700000000000000000e+01 -5.000000000000000000e+00 4.574100000000000000e+04 4.721800000000000000e+04 4.538900000000000000e+04 4.421400000000000000e+04 2.831742882000980899e+01 8.040000000000000000e+02
-3.300000000000000000e+01 2.800000000000000000e+01 -8.000000000000000000e+00 4.387200000000000000e+04 4.645200000000000000e+04 4.685000000000000000e+04 4.525000000000000000e+04 2.832672138896305114e+01 8.040000000000000000e+02
-2.900000000000000000e+01 1.000000000000000000e+01 -1.000000000000000000e+00 4.405800000000000000e+04 4.735600000000000000e+04 4.676900000000000000e+04 4.416600000000000000e+04 2.833646691695321351e+01 8.040000000000000000e+02
8.000000000000000000e+00 1.200000000000000000e+01 -1.200000000000000000e+01 4.441300000000000000e+04 4.703900000000000000e+04 4.649900000000000000e+04 4.473200000000000000e+04 2.834668030397733673e+01 8.000000000000000000e+02
8.000000000000000000e+00 2.100000000000000000e+01 -2.000000000000000000e+00 4.417300000000000000e+04 4.706800000000000000e+04 4.681200000000000000e+04 4.459900000000000000e+04 2.835646312899189070e+01 8.000000000000000000e+02
2.900000000000000000e+01 1.000000000000000000e+01 -5.000000000000000000e+00 4.511200000000000000e+04 4.753000000000000000e+04 4.568200000000000000e+04 4.428900000000000000e+04 2.836625218798872083e+01 8.000000000000000000e+02
-2.000000000000000000e+00 -4.000000000000000000e+01 -5.000000000000000000e+00 4.365200000000000000e+04 4.759000000000000000e+04 4.723200000000000000e+04 4.399600000000000000e+04 2.837683839496457949e+01 8.000000000000000000e+02
3.900000000000000000e+01 4.000000000000000000e+00 -7.000000000000000000e+00 4.546200000000000000e+04 4.729000000000000000e+04 4.552900000000000000e+04 4.438600000000000000e+04 2.838644411199493334e+01 8.020000000000000000e+02
5.100000000000000000e+01 -1.400000000000000000e+01 -8.000000000000000000e+00 4.542100000000000000e+04 4.749600000000000000e+04 4.556000000000000000e+04 4.413500000000000000e+04 2.839734790695365518e+01 8.020000000000000000e+02
7.200000000000000000e+01 -2.900000000000000000e+01 -7.000000000000000000e+00 4.516500000000000000e+04 4.858000000000000000e+04 4.575900000000000000e+04 4.276200000000000000e+04 2.840681225596927106e+01 8.020000000000000000e+02
5.300000000000000000e+01 -1.500000000000000000e+01 3.000000000000000000e+00 4.568500000000000000e+04 4.874900000000000000e+04 4.541400000000000000e+04 4.228900000000000000e+04 2.841643994400510564e+01 8.020000000000000000e+02
2.800000000000000000e+01 1.100000000000000000e+01 1.500000000000000000e+01 4.342500000000000000e+04 4.658700000000000000e+04 4.738200000000000000e+04 4.500900000000000000e+04 2.842749725497560576e+01 8.040000000000000000e+02
2.600000000000000000e+01 2.200000000000000000e+01 0.000000000000000000e+00 3.885100000000000000e+04 4.936700000000000000e+04 5.040700000000000000e+04 4.164500000000000000e+04 2.843674169195583090e+01 8.040000000000000000e+02
-9.000000000000000000e+00 0.000000000000000000e+00 -6.000000000000000000e+00 4.315100000000000000e+04 4.747300000000000000e+04 4.729800000000000000e+04 4.363100000000000000e+04 2.844650790095329285e+01 8.040000000000000000e+02
1.300000000000000000e+01 7.700000000000000000e+01 1.500000000000000000e+01 4.494700000000000000e+04 4.623200000000000000e+04 4.570300000000000000e+04 4.490900000000000000e+04 2.845731907396111637e+01 8.040000000000000000e+02
-1.700000000000000000e+01 5.900000000000000000e+01 -3.000000000000000000e+00 4.460900000000000000e+04 4.686200000000000000e+04 4.609900000000000000e+04 4.418100000000000000e+04 2.846651364798890427e+01 8.040000000000000000e+02
-1.600000000000000000e+01 8.300000000000000000e+01 1.200000000000000000e+01 4.400500000000000000e+04 4.698000000000000000e+04 4.630500000000000000e+04 4.446100000000000000e+04 2.847749204398132861e+01 8.030000000000000000e+02
-2.200000000000000000e+01 6.100000000000000000e+01 -5.000000000000000000e+00 4.360200000000000000e+04 4.676900000000000000e+04 4.699000000000000000e+04 4.443800000000000000e+04 2.848702790797688067e+01 8.030000000000000000e+02
2.800000000000000000e+01 7.600000000000000000e+01 -1.000000000000000000e+00 4.474800000000000000e+04 4.714000000000000000e+04 4.587300000000000000e+04 4.416100000000000000e+04 2.849645190197043121e+01 8.030000000000000000e+02
2.900000000000000000e+01 2.700000000000000000e+01 2.000000000000000000e+00 4.445700000000000000e+04 4.708700000000000000e+04 4.656900000000000000e+04 4.412700000000000000e+04 2.850659407698549330e+01 8.030000000000000000e+02
4.300000000000000000e+01 4.900000000000000000e+01 3.000000000000000000e+00 4.468900000000000000e+04 4.756300000000000000e+04 4.600000000000000000e+04 4.359600000000000000e+04 2.851680218597175553e+01 4.030000000000000000e+02
3.900000000000000000e+01 1.000000000000000000e+01 1.300000000000000000e+01 4.455500000000000000e+04 4.765600000000000000e+04 4.625100000000000000e+04 4.337100000000000000e+04 2.852649166097398847e+01 4.030000000000000000e+02
7.800000000000000000e+01 5.000000000000000000e+00 -5.000000000000000000e+00 4.479700000000000000e+04 4.729600000000000000e+04 4.585000000000000000e+04 4.394000000000000000e+04 2.853670512500684708e+01 4.030000000000000000e+02
7.400000000000000000e+01 -1.400000000000000000e+01 1.000000000000000000e+01 4.481600000000000000e+04 4.739800000000000000e+04 4.604100000000000000e+04 4.397600000000000000e+04 2.854625223600305617e+01 4.030000000000000000e+02
8.000000000000000000e+01 -5.000000000000000000e+00 1.300000000000000000e+01 4.520400000000000000e+04 4.779600000000000000e+04 4.603000000000000000e+04 4.317000000000000000e+04 2.855665996100287884e+01 5.000000000000000000e+00
6.900000000000000000e+01 -3.400000000000000000e+01 -2.000000000000000000e+00 4.368000000000000000e+04 4.734600000000000000e+04 4.652300000000000000e+04 4.471000000000000000e+04 2.856632646796060726e+01 5.000000000000000000e+00
4.800000000000000000e+01 -2.300000000000000000e+01 1.500000000000000000e+01 4.407900000000000000e+04 4.572900000000000000e+04 4.674100000000000000e+04 4.597700000000000000e+04 2.857684251200407743e+01 5.000000000000000000e+00
6.800000000000000000e+01 -3.400000000000000000e+01 -4.000000000000000000e+00 4.428000000000000000e+04 4.660400000000000000e+04 4.660800000000000000e+04 4.502500000000000000e+04 2.858652675396297127e+01 5.000000000000000000e+00
1.100000000000000000e+02 -8.100000000000000000e+01 -3.000000000000000000e+00 4.485000000000000000e+04 4.694300000000000000e+04 4.624900000000000000e+04 4.448600000000000000e+04 2.859599380096187815e+01 5.000000000000000000e+00
1.690000000000000000e+02 -1.330000000000000000e+02 -1.200000000000000000e+01 4.477400000000000000e+04 4.836700000000000000e+04 4.624500000000000000e+04 4.291200000000000000e+04 2.860726791498018429e+01 6.100000000000000000e+01
2.160000000000000000e+02 -1.330000000000000000e+02 -1.900000000000000000e+01 4.504900000000000000e+04 4.867000000000000000e+04 4.588300000000000000e+04 4.274600000000000000e+04 2.861636149295372888e+01 6.100000000000000000e+01
1.810000000000000000e+02 -1.600000000000000000e+02 -2.800000000000000000e+01 4.481400000000000000e+04 4.868100000000000000e+04 4.587800000000000000e+04 4.296400000000000000e+04 2.862679581996053457e+01 6.100000000000000000e+01
1.200000000000000000e+02 -9.200000000000000000e+01 -2.200000000000000000e+01 4.467300000000000000e+04 4.745400000000000000e+04 4.608100000000000000e+04 4.430600000000000000e+04 2.863736638997215778e+01 6.100000000000000000e+01
6.200000000000000000e+01 -6.200000000000000000e+01 -3.400000000000000000e+01 4.404000000000000000e+04 4.747900000000000000e+04 4.644600000000000000e+04 4.446100000000000000e+04 2.864696168998489156e+01 5.800000000000000000e+01
-1.000000000000000000e+00 -7.100000000000000000e+01 -4.600000000000000000e+01 4.373800000000000000e+04 4.783700000000000000e+04 4.695200000000000000e+04 4.386100000000000000e+04 2.865649711200967431e+01 5.800000000000000000e+01
-4.100000000000000000e+01 1.700000000000000000e+01 -3.800000000000000000e+01 4.430300000000000000e+04 4.678500000000000000e+04 4.598000000000000000e+04 4.549600000000000000e+04 2.866625399596523494e+01 5.800000000000000000e+01
-5.700000000000000000e+01 3.800000000000000000e+01 -3.300000000000000000e+01 4.351200000000000000e+04 4.672500000000000000e+04 4.698500000000000000e+04 4.513100000000000000e+04 2.867616882995935157e+01 5.800000000000000000e+01
-5.100000000000000000e+01 7.100000000000000000e+01 -5.000000000000000000e+00 4.453800000000000000e+04 4.586700000000000000e+04 4.614400000000000000e+04 4.591400000000000000e+04 2.868681998096872121e+01 5.800000000000000000e+01
-2.100000000000000000e+01 8.400000000000000000e+01 3.000000000000000000e+00 4.475100000000000000e+04 4.590400000000000000e+04 4.594300000000000000e+04 4.574200000000000000e+04 2.869647906499449164e+01 5.700000000000000000e+01
-3.400000000000000000e+01 9.700000000000000000e+01 2.600000000000000000e+01 4.409400000000000000e+04 4.563100000000000000e+04 4.641600000000000000e+04 4.625500000000000000e+04 2.870633285096846521e+01 5.700000000000000000e+01
2.900000000000000000e+01 5.500000000000000000e+01 2.500000000000000000e+01 4.446700000000000000e+04 4.636600000000000000e+04 4.657300000000000000e+04 4.493200000000000000e+04 2.871628497395431623e+01 5.700000000000000000e+01
1.280000000000000000e+02 3.000000000000000000e+00 4.200000000000000000e+01 4.542400000000000000e+04 4.723600000000000000e+04 4.585900000000000000e+04 4.375200000000000000e+04 2.872857009299332276e+01 5.700000000000000000e+01
1.930000000000000000e+02 -8.400000000000000000e+01 4.100000000000000000e+01 4.445600000000000000e+04 4.776100000000000000e+04 4.659600000000000000e+04 4.329600000000000000e+04 2.873705479595810175e+01 5.700000000000000000e+01
2.060000000000000000e+02 -1.490000000000000000e+02 2.700000000000000000e+01 4.430500000000000000e+04 4.801100000000000000e+04 4.684600000000000000e+04 4.278700000000000000e+04 2.874609913397580385e+01 5.700000000000000000e+01
2.120000000000000000e+02 -1.290000000000000000e+02 1.500000000000000000e+01 4.481000000000000000e+04 4.819400000000000000e+04 4.602600000000000000e+04 4.271600000000000000e+04 2.875651326699880883e+01 5.700000000000000000e+01
1.480000000000000000e+02 -8.200000000000000000e+01 4.000000000000000000e+00 4.360400000000000000e+04 4.754600000000000000e+04 4.676500000000000000e+04 4.373800000000000000e+04 2.876616897596977651e+01 5.700000000000000000e+01
7.700000000000000000e+01 3.000000000000000000e+00 -1.000000000000000000e+01 4.410400000000000000e+04 4.691400000000000000e+04 4.635000000000000000e+04 4.443000000000000000e+04 2.877672680799150839e+01 5.900000000000000000e+01
6.700000000000000000e+01 6.600000000000000000e+01 -8.000000000000000000e+00 4.435800000000000000e+04 4.655600000000000000e+04 4.614600000000000000e+04 4.485900000000000000e+04 2.878643733396893367e+01 5.900000000000000000e+01
8.400000000000000000e+01 1.520000000000000000e+02 2.000000000000000000e+00 4.543700000000000000e+04 4.655500000000000000e+04 4.535000000000000000e+04 4.503800000000000000e+04 2.879669515899149701e+01 5.900000000000000000e+01
8.100000000000000000e+01 1.460000000000000000e+02 -5.000000000000000000e+00 4.553900000000000000e+04 4.714700000000000000e+04 4.532200000000000000e+04 4.434600000000000000e+04 2.880699204199481755e+01 5.900000000000000000e+01
2.900000000000000000e+01 8.300000000000000000e+01 -3.000000000000000000e+00 4.424900000000000000e+04 4.744400000000000000e+04 4.654300000000000000e+04 4.399000000000000000e+04 2.881634479796048254e+01 5.900000000000000000e+01
2.500000000000000000e+01 6.400000000000000000e+01 3.000000000000000000e+00 4.419800000000000000e+04 4.761800000000000000e+04 4.651300000000000000e+04 4.372900000000000000e+04 2.882736318296520039e+01 6.000000000000000000e+01
3.300000000000000000e+01 7.200000000000000000e+01 2.600000000000000000e+01 4.427100000000000000e+04 4.731300000000000000e+04 4.666200000000000000e+04 4.379200000000000000e+04 2.883684765000361949e+01 6.000000000000000000e+01
3.900000000000000000e+01 7.700000000000000000e+01 3.600000000000000000e+01 4.471300000000000000e+04 4.734200000000000000e+04 4.628700000000000000e+04 4.373000000000000000e+04 2.884623446298064664e+01 6.000000000000000000e+01
-1.200000000000000000e+01 4.800000000000000000e+01 4.700000000000000000e+01 4.491200000000000000e+04 4.662900000000000000e+04 4.614800000000000000e+04 4.454900000000000000e+04 2.885661286499816924e+01 6.000000000000000000e+01
-2.800000000000000000e+01 9.000000000000000000e+00 5.200000000000000000e+01 4.449800000000000000e+04 4.683200000000000000e+04 4.686700000000000000e+04 4.410600000000000000e+04 2.886667237500660121e+01 5.800000000000000000e+01
-7.100000000000000000e+01 -7.200000000000000000e+01 4.000000000000000000e+01 4.382000000000000000e+04 4.766200000000000000e+04 4.764300000000000000e+04 4.318200000000000000e+04 2.887598497199360281e+01 5.800000000000000000e+01
-5.400000000000000000e+01 -7.200000000000000000e+01 3.800000000000000000e+01 4.463500000000000000e+04 4.715800000000000000e+04 4.660700000000000000e+04 4.401300000000000000e+04 2.888581584597704932e+01 5.800000000000000000e+01
-8.300000000000000000e+01 -4.400000000000000000e+01 1.500000000000000000e+01 4.411800000000000000e+04 4.673300000000000000e+04 4.713400000000000000e+04 4.429000000000000000e+04 2.889630636497167870e+01 5.800000000000000000e+01
-9.600000000000000000e+01 -4.100000000000000000e+01 1.900000000000000000e+01 4.423400000000000000e+04 4.727500000000000000e+04 4.709500000000000000e+04 4.368600000000000000e+04 2.890625243395334110e+01 5.800000000000000000e+01
-1.060000000000000000e+02 1.700000000000000000e+01 2.300000000000000000e+01 4.378600000000000000e+04 4.709500000000000000e+04 4.728800000000000000e+04 4.426400000000000000e+04 2.891639495495473966e+01 6.300000000000000000e+01
-9.200000000000000000e+01 4.400000000000000000e+01 2.200000000000000000e+01 4.523700000000000000e+04 4.668600000000000000e+04 4.605400000000000000e+04 4.479700000000000000e+04 2.892619685095269233e+01 6.300000000000000000e+01
-1.090000000000000000e+02 1.020000000000000000e+02 1.100000000000000000e+01 4.566700000000000000e+04 4.622000000000000000e+04 4.575100000000000000e+04 4.519100000000000000e+04 2.893597143096849322e+01 6.300000000000000000e+01
-1.100000000000000000e+02 1.540000000000000000e+02 2.200000000000000000e+01 4.472600000000000000e+04 4.588800000000000000e+04 4.680200000000000000e+04 4.541100000000000000e+04 2.894715889700455591e+01 6.300000000000000000e+01
-1.490000000000000000e+02 1.740000000000000000e+02 1.700000000000000000e+01 4.420000000000000000e+04 4.582900000000000000e+04 4.700400000000000000e+04 4.572300000000000000e+04 2.895667787495767698e+01 6.100000000000000000e+01
-1.540000000000000000e+02 1.330000000000000000e+02 -8.000000000000000000e+00 4.451100000000000000e+04 4.602800000000000000e+04 4.670800000000000000e+04 4.547000000000000000e+04 2.896571135899284855e+01 6.100000000000000000e+01
-1.060000000000000000e+02 1.360000000000000000e+02 -1.000000000000000000e+00 4.511900000000000000e+04 4.666300000000000000e+04 4.583300000000000000e+04 4.507400000000000000e+04 2.897619388299062848e+01 6.100000000000000000e+01
-8.400000000000000000e+01 7.700000000000000000e+01 -7.000000000000000000e+00 4.527100000000000000e+04 4.630800000000000000e+04 4.611400000000000000e+04 4.499400000000000000e+04 2.898645629599923268e+01 6.100000000000000000e+01
-5.500000000000000000e+01 -5.100000000000000000e+01 -7.000000000000000000e+00 4.409900000000000000e+04 4.741000000000000000e+04 4.696200000000000000e+04 4.407800000000000000e+04 2.899598783499095589e+01 6.400000000000000000e+01
-4.600000000000000000e+01 -1.400000000000000000e+02 -1.000000000000000000e+01 4.322400000000000000e+04 4.757100000000000000e+04 4.769000000000000000e+04 4.409300000000000000e+04 2.900599757797317579e+01 6.400000000000000000e+01
-1.700000000000000000e+01 -1.990000000000000000e+02 -5.000000000000000000e+00 4.377200000000000000e+04 4.803400000000000000e+04 4.757800000000000000e+04 4.333500000000000000e+04 2.901625832199351862e+01 6.400000000000000000e+01
5.000000000000000000e+00 -1.870000000000000000e+02 -1.100000000000000000e+01 4.357600000000000000e+04 4.846100000000000000e+04 4.762500000000000000e+04 4.300000000000000000e+04 2.902596677595283836e+01 6.400000000000000000e+01
4.500000000000000000e+01 -1.270000000000000000e+02 -1.600000000000000000e+01 4.424100000000000000e+04 4.861400000000000000e+04 4.705700000000000000e+04 4.274200000000000000e+04 2.903730046900454909e+01 6.400000000000000000e+01
1.600000000000000000e+01 -1.070000000000000000e+02 -2.100000000000000000e+01 4.329300000000000000e+04 4.844300000000000000e+04 4.770500000000000000e+04 4.316400000000000000e+04 2.904708693997235969e+01 6.200000000000000000e+01
6.900000000000000000e+01 -8.200000000000000000e+01 -1.600000000000000000e+01 4.446100000000000000e+04 4.829800000000000000e+04 4.646900000000000000e+04 4.342500000000000000e+04 2.905587084300350398e+01 6.200000000000000000e+01
7.200000000000000000e+01 9.000000000000000000e+00 -3.600000000000000000e+01 4.522600000000000000e+04 4.782700000000000000e+04 4.581200000000000000e+04 4.390900000000000000e+04 2.906642781198024750e+01 6.200000000000000000e+01
1.050000000000000000e+02 7.800000000000000000e+01 -3.900000000000000000e+01 4.577200000000000000e+04 4.760100000000000000e+04 4.511100000000000000e+04 4.433200000000000000e+04 2.907593716698465869e+01 6.200000000000000000e+01
7.700000000000000000e+01 1.200000000000000000e+02 -3.200000000000000000e+01 4.510100000000000000e+04 4.722700000000000000e+04 4.590500000000000000e+04 4.462300000000000000e+04 2.908646061195759103e+01 5.900000000000000000e+01
6.300000000000000000e+01 1.770000000000000000e+02 -2.800000000000000000e+01 4.603200000000000000e+04 4.763400000000000000e+04 4.494200000000000000e+04 4.394600000000000000e+04 2.909610330499708652e+01 5.900000000000000000e+01
2.400000000000000000e+01 2.110000000000000000e+02 -3.600000000000000000e+01 4.610600000000000000e+04 4.667700000000000000e+04 4.431400000000000000e+04 4.555300000000000000e+04 2.910594785196008161e+01 5.900000000000000000e+01
-1.230000000000000000e+02 2.480000000000000000e+02 -2.500000000000000000e+01 4.480800000000000000e+04 4.547200000000000000e+04 4.597600000000000000e+04 4.640000000000000000e+04 2.911630824196618050e+01 5.900000000000000000e+01
-2.470000000000000000e+02 2.540000000000000000e+02 -1.600000000000000000e+01 4.384200000000000000e+04 4.486200000000000000e+04 4.711700000000000000e+04 4.690200000000000000e+04 2.912604760000249371e+01 5.900000000000000000e+01
-2.810000000000000000e+02 1.750000000000000000e+02 -4.100000000000000000e+01 4.361500000000000000e+04 4.555400000000000000e+04 4.707500000000000000e+04 4.670800000000000000e+04 2.913639859098475426e+01 6.400000000000000000e+01
-2.940000000000000000e+02 3.300000000000000000e+01 -5.500000000000000000e+01 4.246000000000000000e+04 4.650700000000000000e+04 4.804400000000000000e+04 4.587700000000000000e+04 2.914585437695495784e+01 6.400000000000000000e+01
-2.520000000000000000e+02 -9.000000000000000000e+01 -5.900000000000000000e+01 4.258300000000000000e+04 4.697500000000000000e+04 4.779000000000000000e+04 4.575900000000000000e+04 2.915584791399305686e+01 6.400000000000000000e+01
-1.810000000000000000e+02 -1.560000000000000000e+02 -6.000000000000000000e+01 4.287400000000000000e+04 4.770900000000000000e+04 4.754500000000000000e+04 4.490800000000000000e+04 2.916607848496641964e+01 6.400000000000000000e+01
-2.500000000000000000e+01 -2.090000000000000000e+02 -5.300000000000000000e+01 4.282000000000000000e+04 4.892500000000000000e+04 4.760400000000000000e+04 4.353800000000000000e+04 2.917648087796987966e+01 6.400000000000000000e+01
1.130000000000000000e+02 -2.190000000000000000e+02 -5.300000000000000000e+01 4.300400000000000000e+04 4.944900000000000000e+04 4.738100000000000000e+04 4.301900000000000000e+04 2.918628645699936897e+01 6.400000000000000000e+01
2.170000000000000000e+02 -1.970000000000000000e+02 -4.000000000000000000e+01 4.499900000000000000e+04 4.962300000000000000e+04 4.586300000000000000e+04 4.259600000000000000e+04 2.919593259599059820e+01 6.400000000000000000e+01
2.950000000000000000e+02 -1.360000000000000000e+02 -6.000000000000000000e+01 4.587300000000000000e+04 5.013200000000000000e+04 4.513000000000000000e+04 4.178400000000000000e+04 2.920553302898770198e+01 6.400000000000000000e+01
3.010000000000000000e+02 -3.000000000000000000e+01 -4.800000000000000000e+01 4.562900000000000000e+04 4.936200000000000000e+04 4.514200000000000000e+04 4.309900000000000000e+04 2.921653802698710933e+01 6.200000000000000000e+01
2.200000000000000000e+02 9.900000000000000000e+01 -4.600000000000000000e+01 4.597900000000000000e+04 4.817200000000000000e+04 4.482400000000000000e+04 4.447200000000000000e+04 2.922639584698481485e+01 6.200000000000000000e+01
6.500000000000000000e+01 1.610000000000000000e+02 -3.800000000000000000e+01 4.574500000000000000e+04 4.715500000000000000e+04 4.508700000000000000e+04 4.565400000000000000e+04 2.923764742398634553e+01 6.200000000000000000e+01
-4.600000000000000000e+01 2.080000000000000000e+02 -2.900000000000000000e+01 4.546300000000000000e+04 4.637500000000000000e+04 4.532500000000000000e+04 4.649300000000000000e+04 2.924600949097657576e+01 6.200000000000000000e+01
-1.330000000000000000e+02 1.970000000000000000e+02 -1.900000000000000000e+01 4.466600000000000000e+04 4.623900000000000000e+04 4.611200000000000000e+04 4.661900000000000000e+04 2.925605357898166403e+01 6.200000000000000000e+01
-1.220000000000000000e+02 1.490000000000000000e+02 -2.000000000000000000e+01 4.429700000000000000e+04 4.746000000000000000e+04 4.667700000000000000e+04 4.518300000000000000e+04 2.926611197995953262e+01 6.300000000000000000e+01
-1.160000000000000000e+02 1.500000000000000000e+01 -2.100000000000000000e+01 4.354400000000000000e+04 4.775300000000000000e+04 4.719800000000000000e+04 4.482500000000000000e+04 2.927614654396893457e+01 6.300000000000000000e+01
-1.130000000000000000e+02 -1.030000000000000000e+02 -2.900000000000000000e+01 4.266600000000000000e+04 4.835800000000000000e+04 4.764700000000000000e+04 4.434500000000000000e+04 2.928572135797003284e+01 6.300000000000000000e+01
-1.410000000000000000e+02 -1.410000000000000000e+02 -3.300000000000000000e+01 4.259000000000000000e+04 4.778500000000000000e+04 4.787500000000000000e+04 4.474400000000000000e+04 2.929569460498169065e+01 6.300000000000000000e+01
-5.300000000000000000e+01 -1.290000000000000000e+02 -2.100000000000000000e+01 4.331400000000000000e+04 4.904400000000000000e+04 4.705300000000000000e+04 4.338800000000000000e+04 2.930631186498794705e+01 6.600000000000000000e+01
3.000000000000000000e+00 -9.800000000000000000e+01 -3.100000000000000000e+01 4.367800000000000000e+04 4.848000000000000000e+04 4.659200000000000000e+04 4.376100000000000000e+04 2.931572549999691546e+01 6.600000000000000000e+01
4.700000000000000000e+01 -6.800000000000000000e+01 -1.700000000000000000e+01 4.435700000000000000e+04 4.831900000000000000e+04 4.593000000000000000e+04 4.389600000000000000e+04 2.932633140700636432e+01 6.600000000000000000e+01
1.210000000000000000e+02 -1.500000000000000000e+01 8.000000000000000000e+00 4.472500000000000000e+04 4.861600000000000000e+04 4.573600000000000000e+04 4.330600000000000000e+04 2.933591906900983304e+01 6.600000000000000000e+01
1.180000000000000000e+02 5.000000000000000000e+00 5.000000000000000000e+00 4.534600000000000000e+04 4.839600000000000000e+04 4.526800000000000000e+04 4.339900000000000000e+04 2.934537639695918187e+01 6.600000000000000000e+01
1.030000000000000000e+02 6.500000000000000000e+01 2.500000000000000000e+01 4.520700000000000000e+04 4.790400000000000000e+04 4.546000000000000000e+04 4.392100000000000000e+04 2.935596626898040995e+01 6.500000000000000000e+01
1.130000000000000000e+02 1.390000000000000000e+02 2.100000000000000000e+01 4.590300000000000000e+04 4.767300000000000000e+04 4.475700000000000000e+04 4.418000000000000000e+04 2.936601467698346823e+01 6.500000000000000000e+01
1.690000000000000000e+02 1.620000000000000000e+02 1.800000000000000000e+01 4.620200000000000000e+04 4.791100000000000000e+04 4.439500000000000000e+04 4.385100000000000000e+04 2.937566575099481270e+01 6.500000000000000000e+01
1.690000000000000000e+02 1.990000000000000000e+02 2.500000000000000000e+01 4.696600000000000000e+04 4.763800000000000000e+04 4.353700000000000000e+04 4.392100000000000000e+04 2.938557751895859838e+01 6.500000000000000000e+01
8.700000000000000000e+01 1.590000000000000000e+02 1.100000000000000000e+01 4.595400000000000000e+04 4.735200000000000000e+04 4.442400000000000000e+04 4.437300000000000000e+04 2.939543620700715110e+01 6.500000000000000000e+01
-4.500000000000000000e+01 1.360000000000000000e+02 2.000000000000000000e+00 4.517000000000000000e+04 4.673900000000000000e+04 4.533800000000000000e+04 4.512700000000000000e+04 2.940534428996033967e+01 6.500000000000000000e+01
-1.600000000000000000e+02 1.230000000000000000e+02 2.100000000000000000e+01 4.406700000000000000e+04 4.615100000000000000e+04 4.660700000000000000e+04 4.567900000000000000e+04 2.941649357700953260e+01 6.500000000000000000e+01
-2.630000000000000000e+02 8.800000000000000000e+01 1.700000000000000000e+01 4.389600000000000000e+04 4.533600000000000000e+04 4.654300000000000000e+04 4.669400000000000000e+04 2.942550737899728119e+01 6.500000000000000000e+01
-3.020000000000000000e+02 9.600000000000000000e+01 4.300000000000000000e+01 4.395500000000000000e+04 4.485300000000000000e+04 4.701900000000000000e+04 4.678300000000000000e+04 2.943676546699134633e+01 6.500000000000000000e+01
-3.090000000000000000e+02 6.500000000000000000e+01 4.500000000000000000e+01 4.400900000000000000e+04 4.474100000000000000e+04 4.702000000000000000e+04 4.685500000000000000e+04 2.944587440998293459e+01 6.500000000000000000e+01
-2.660000000000000000e+02 -2.900000000000000000e+01 5.500000000000000000e+01 4.369900000000000000e+04 4.601700000000000000e+04 4.760600000000000000e+04 4.556100000000000000e+04 2.945573744300054386e+01 6.500000000000000000e+01
-2.550000000000000000e+02 -1.280000000000000000e+02 5.900000000000000000e+01 4.279400000000000000e+04 4.680600000000000000e+04 4.854800000000000000e+04 4.479500000000000000e+04 2.946538190997671336e+01 6.500000000000000000e+01
-2.150000000000000000e+02 -1.610000000000000000e+02 5.100000000000000000e+01 4.222700000000000000e+04 4.684800000000000000e+04 4.875800000000000000e+04 4.504400000000000000e+04 2.947588035196531564e+01 6.500000000000000000e+01
-1.570000000000000000e+02 -2.150000000000000000e+02 2.700000000000000000e+01 4.220300000000000000e+04 4.701900000000000000e+04 4.893400000000000000e+04 4.480900000000000000e+04 2.948565098200924695e+01 6.500000000000000000e+01
