4.100000000000000000e+01 8.800000000000000000e+01 -4.500000000000000000e+01 5.359700000000000000e+04 4.922800000000000000e+04 5.328500000000000000e+04 5.128200000000000000e+04 2.190459651709534228e+01 7.740000000000000000e+02
-3.000000000000000000e+00 3.600000000000000000e+01 -6.100000000000000000e+01 5.321800000000000000e+04 4.937700000000000000e+04 5.384200000000000000e+04 5.135000000000000000e+04 2.191391768900211900e+01 7.740000000000000000e+02
1.100000000000000000e+01 2.200000000000000000e+01 -4.800000000000000000e+01 5.317600000000000000e+04 4.964500000000000000e+04 5.384700000000000000e+04 5.112400000000000000e+04 2.192450598604045808e+01 7.740000000000000000e+02
6.000000000000000000e+00 -6.500000000000000000e+01 -5.100000000000000000e+01 5.240800000000000000e+04 4.972900000000000000e+04 5.453300000000000000e+04 5.108300000000000000e+04 2.193550862208940089e+01 7.760000000000000000e+02
2.900000000000000000e+01 -9.500000000000000000e+01 -6.300000000000000000e+01 5.204900000000000000e+04 5.005000000000000000e+04 5.445200000000000000e+04 5.044400000000000000e+04 2.194478748901747167e+01 7.760000000000000000e+02
2.500000000000000000e+01 -1.710000000000000000e+02 -3.800000000000000000e+01 5.227400000000000000e+04 5.051900000000000000e+04 5.431200000000000000e+04 4.990500000000000000e+04 2.195456072804518044e+01 7.760000000000000000e+02
8.800000000000000000e+01 -1.430000000000000000e+02 -5.000000000000000000e+01 5.242400000000000000e+04 5.083000000000000000e+04 5.410200000000000000e+04 4.969700000000000000e+04 2.196444633009377867e+01 7.760000000000000000e+02
9.900000000000000000e+01 -1.890000000000000000e+02 -4.100000000000000000e+01 5.240200000000000000e+04 5.093700000000000000e+04 5.418900000000000000e+04 4.955700000000000000e+04 2.197486890701111406e+01 7.760000000000000000e+02
3.600000000000000000e+01 -1.390000000000000000e+02 -5.000000000000000000e+01 5.210100000000000000e+04 5.041200000000000000e+04 5.437800000000000000e+04 5.014900000000000000e+04 2.198392552509903908e+01 7.760000000000000000e+02
8.400000000000000000e+01 -9.400000000000000000e+01 -4.400000000000000000e+01 5.243100000000000000e+04 5.088500000000000000e+04 5.405400000000000000e+04 4.963000000000000000e+04 2.199413951404858381e+01 7.770000000000000000e+02
3.600000000000000000e+01 -8.800000000000000000e+01 -4.100000000000000000e+01 5.246800000000000000e+04 5.063500000000000000e+04 5.396000000000000000e+04 4.982300000000000000e+04 2.200430313008837402e+01 7.770000000000000000e+02
1.800000000000000000e+01 -4.000000000000000000e+00 -3.800000000000000000e+01 5.230900000000000000e+04 4.971400000000000000e+04 5.406600000000000000e+04 5.080500000000000000e+04 2.201443541201297194e+01 7.770000000000000000e+02
1.800000000000000000e+01 -5.000000000000000000e+00 -4.700000000000000000e+01 5.222800000000000000e+04 4.949700000000000000e+04 5.418700000000000000e+04 5.098100000000000000e+04 2.202474579110275954e+01 7.770000000000000000e+02
-1.500000000000000000e+01 8.600000000000000000e+01 -3.800000000000000000e+01 5.257200000000000000e+04 4.953800000000000000e+04 5.384100000000000000e+04 5.095800000000000000e+04 2.203390497004147619e+01 7.780000000000000000e+02
2.000000000000000000e+01 5.300000000000000000e+01 -3.500000000000000000e+01 5.209200000000000000e+04 4.917000000000000000e+04 5.380400000000000000e+04 5.080500000000000000e+04 2.204398396506439894e+01 7.780000000000000000e+02
3.900000000000000000e+01 7.800000000000000000e+01 -5.100000000000000000e+01 5.273200000000000000e+04 4.980600000000000000e+04 5.316100000000000000e+04 5.027900000000000000e+04 2.205447435704991221e+01 7.780000000000000000e+02
7.000000000000000000e+00 7.000000000000000000e+01 -5.200000000000000000e+01 5.222500000000000000e+04 4.948700000000000000e+04 5.359000000000000000e+04 5.065500000000000000e+04 2.206451008201111108e+01 7.780000000000000000e+02
5.600000000000000000e+01 4.500000000000000000e+01 -4.200000000000000000e+01 5.234400000000000000e+04 5.014500000000000000e+04 5.351200000000000000e+04 4.997900000000000000e+04 2.207436576508916914e+01 7.780000000000000000e+02
2.700000000000000000e+01 1.600000000000000000e+01 -5.400000000000000000e+01 5.188700000000000000e+04 4.996900000000000000e+04 5.391500000000000000e+04 5.016400000000000000e+04 2.208498080610297620e+01 7.780000000000000000e+02
1.000000000000000000e+01 2.100000000000000000e+01 -4.300000000000000000e+01 5.238100000000000000e+04 4.981100000000000000e+04 5.344500000000000000e+04 5.034700000000000000e+04 2.209446988301351666e+01 7.710000000000000000e+02
4.000000000000000000e+01 2.500000000000000000e+01 -4.700000000000000000e+01 5.272600000000000000e+04 5.017400000000000000e+04 5.383900000000000000e+04 5.081400000000000000e+04 2.210569742007646710e+01 7.710000000000000000e+02
1.600000000000000000e+01 2.000000000000000000e+00 -3.700000000000000000e+01 5.277200000000000000e+04 5.080600000000000000e+04 5.402900000000000000e+04 5.033400000000000000e+04 2.211457383702509105e+01 7.710000000000000000e+02
1.000000000000000000e+01 2.400000000000000000e+01 -3.900000000000000000e+01 5.230400000000000000e+04 5.053200000000000000e+04 5.448800000000000000e+04 5.069400000000000000e+04 2.212351082009263337e+01 7.710000000000000000e+02
-1.800000000000000000e+01 -3.800000000000000000e+01 -4.100000000000000000e+01 5.234000000000000000e+04 5.031000000000000000e+04 5.446000000000000000e+04 5.105900000000000000e+04 2.213473450904712081e+01 7.780000000000000000e+02
-1.200000000000000000e+01 1.700000000000000000e+01 -4.000000000000000000e+01 5.231600000000000000e+04 5.048700000000000000e+04 5.415000000000000000e+04 5.055800000000000000e+04 2.214449852600228041e+01 7.780000000000000000e+02
-5.000000000000000000e+00 -1.900000000000000000e+01 -3.100000000000000000e+01 5.249800000000000000e+04 5.028200000000000000e+04 5.378500000000000000e+04 5.069900000000000000e+04 2.215450225910171866e+01 7.780000000000000000e+02
-1.200000000000000000e+01 1.000000000000000000e+01 -5.200000000000000000e+01 5.235600000000000000e+04 5.007700000000000000e+04 5.396200000000000000e+04 5.090700000000000000e+04 2.216377289907541126e+01 7.780000000000000000e+02
2.000000000000000000e+00 2.800000000000000000e+01 -2.200000000000000000e+01 5.226000000000000000e+04 5.020700000000000000e+04 5.411600000000000000e+04 5.076400000000000000e+04 2.217378281406126916e+01 7.780000000000000000e+02
6.000000000000000000e+00 1.400000000000000000e+01 -3.600000000000000000e+01 5.227100000000000000e+04 5.018300000000000000e+04 5.414700000000000000e+04 5.079100000000000000e+04 2.218496257707010955e+01 7.780000000000000000e+02
-1.000000000000000000e+01 -9.000000000000000000e+00 -4.600000000000000000e+01 5.208400000000000000e+04 5.010700000000000000e+04 5.429400000000000000e+04 5.092300000000000000e+04 2.219404984102584422e+01 7.760000000000000000e+02
3.000000000000000000e+00 -3.000000000000000000e+00 -2.600000000000000000e+01 5.260200000000000000e+04 5.036800000000000000e+04 5.398200000000000000e+04 5.070500000000000000e+04 2.220394369401037693e+01 7.760000000000000000e+02
4.200000000000000000e+01 -2.000000000000000000e+00 -4.100000000000000000e+01 5.295000000000000000e+04 5.012600000000000000e+04 5.359800000000000000e+04 5.095400000000000000e+04 2.221371908800210804e+01 7.760000000000000000e+02
6.000000000000000000e+00 2.200000000000000000e+01 -2.300000000000000000e+01 5.278600000000000000e+04 5.014400000000000000e+04 5.374600000000000000e+04 5.096500000000000000e+04 2.222344971704296768e+01 7.760000000000000000e+02
-1.000000000000000000e+00 3.000000000000000000e+00 -2.200000000000000000e+01 5.242100000000000000e+04 5.044400000000000000e+04 5.410500000000000000e+04 5.068200000000000000e+04 2.223505783302243799e+01 7.750000000000000000e+02
2.500000000000000000e+01 -2.500000000000000000e+01 -2.600000000000000000e+01 5.249900000000000000e+04 5.076200000000000000e+04 5.392400000000000000e+04 5.028600000000000000e+04 2.224485925503540784e+01 7.750000000000000000e+02
-2.700000000000000000e+01 -1.600000000000000000e+01 -3.000000000000000000e+01 5.243900000000000000e+04 5.015500000000000000e+04 5.395000000000000000e+04 5.088600000000000000e+04 2.225379067310132086e+01 7.750000000000000000e+02
-1.100000000000000000e+01 -1.300000000000000000e+01 -1.700000000000000000e+01 5.221300000000000000e+04 5.022800000000000000e+04 5.414800000000000000e+04 5.087100000000000000e+04 2.226667251600883901e+01 7.750000000000000000e+02
-2.500000000000000000e+01 -3.200000000000000000e+01 -2.100000000000000000e+01 5.214200000000000000e+04 5.038100000000000000e+04 5.424800000000000000e+04 5.074500000000000000e+04 2.227409404504578561e+01 7.750000000000000000e+02
-2.300000000000000000e+01 -2.900000000000000000e+01 -2.900000000000000000e+01 5.249800000000000000e+04 5.035700000000000000e+04 5.396000000000000000e+04 5.076300000000000000e+04 2.228428842499852180e+01 7.750000000000000000e+02
9.000000000000000000e+00 -5.600000000000000000e+01 -1.400000000000000000e+01 5.241300000000000000e+04 5.076300000000000000e+04 5.418900000000000000e+04 5.054400000000000000e+04 2.229393346502911299e+01 7.740000000000000000e+02
-3.100000000000000000e+01 -4.200000000000000000e+01 -1.600000000000000000e+01 5.233400000000000000e+04 5.041300000000000000e+04 5.431400000000000000e+04 5.092900000000000000e+04 2.230417401902377605e+01 7.740000000000000000e+02
-3.300000000000000000e+01 -7.200000000000000000e+01 -1.300000000000000000e+01 5.221500000000000000e+04 5.070000000000000000e+04 5.447100000000000000e+04 5.060800000000000000e+04 2.231500915205106139e+01 7.740000000000000000e+02
-4.900000000000000000e+01 -8.000000000000000000e+00 -1.600000000000000000e+01 5.252500000000000000e+04 5.021400000000000000e+04 5.429900000000000000e+04 5.133000000000000000e+04 2.232439551805146039e+01 7.740000000000000000e+02
-3.200000000000000000e+01 -8.000000000000000000e+00 -2.200000000000000000e+01 5.273200000000000000e+04 5.053200000000000000e+04 5.401000000000000000e+04 5.081800000000000000e+04 2.233366096310783178e+01 7.750000000000000000e+02
-6.600000000000000000e+01 -9.000000000000000000e+00 8.000000000000000000e+00 5.287000000000000000e+04 5.038600000000000000e+04 5.383000000000000000e+04 5.084600000000000000e+04 2.234343962999992073e+01 7.750000000000000000e+02
-9.000000000000000000e+00 3.200000000000000000e+01 -9.000000000000000000e+00 5.253800000000000000e+04 5.002600000000000000e+04 5.400100000000000000e+04 5.098800000000000000e+04 2.235422218905296177e+01 7.750000000000000000e+02
-6.100000000000000000e+01 -3.000000000000000000e+00 -3.000000000000000000e+00 5.258700000000000000e+04 4.989200000000000000e+04 5.398500000000000000e+04 5.106500000000000000e+04 2.236361584509722888e+01 7.750000000000000000e+02
-3.600000000000000000e+01 3.400000000000000000e+01 3.000000000000000000e+00 5.244200000000000000e+04 5.043500000000000000e+04 5.409200000000000000e+04 5.057300000000000000e+04 2.237359276809729636e+01 7.750000000000000000e+02
-1.200000000000000000e+01 -1.200000000000000000e+01 2.000000000000000000e+00 5.252300000000000000e+04 5.016900000000000000e+04 5.405300000000000000e+04 5.088200000000000000e+04 2.238457089907024056e+01 7.750000000000000000e+02
-8.300000000000000000e+01 5.000000000000000000e+00 8.000000000000000000e+00 5.248200000000000000e+04 5.020000000000000000e+04 5.410100000000000000e+04 5.082100000000000000e+04 2.239416923001408577e+01 7.740000000000000000e+02
-1.300000000000000000e+01 -1.500000000000000000e+01 9.000000000000000000e+00 5.274100000000000000e+04 5.077800000000000000e+04 5.406900000000000000e+04 5.030000000000000000e+04 2.240366840001661330e+01 7.740000000000000000e+02
-3.800000000000000000e+01 -2.500000000000000000e+01 5.000000000000000000e+00 5.223300000000000000e+04 5.035300000000000000e+04 5.448600000000000000e+04 5.073500000000000000e+04 2.241389641107525676e+01 7.740000000000000000e+02
-2.600000000000000000e+01 -2.800000000000000000e+01 1.500000000000000000e+01 5.253400000000000000e+04 5.074800000000000000e+04 5.427800000000000000e+04 5.026300000000000000e+04 2.242358820606023073e+01 7.740000000000000000e+02
-3.900000000000000000e+01 -2.600000000000000000e+01 8.000000000000000000e+00 5.225600000000000000e+04 5.037400000000000000e+04 5.451300000000000000e+04 5.066600000000000000e+04 2.243358543701469898e+01 7.710000000000000000e+02
-5.900000000000000000e+01 -2.400000000000000000e+01 9.000000000000000000e+00 5.247900000000000000e+04 4.999500000000000000e+04 5.449700000000000000e+04 5.132400000000000000e+04 2.244411134300753474e+01 7.710000000000000000e+02
-4.300000000000000000e+01 -9.000000000000000000e+00 2.700000000000000000e+01 5.244100000000000000e+04 5.014100000000000000e+04 5.437200000000000000e+04 5.106800000000000000e+04 2.245550725702196360e+01 7.710000000000000000e+02
-2.500000000000000000e+01 -1.800000000000000000e+01 8.000000000000000000e+00 5.256400000000000000e+04 5.057500000000000000e+04 5.436500000000000000e+04 5.052000000000000000e+04 2.246451941004488617e+01 7.710000000000000000e+02
-3.800000000000000000e+01 -2.300000000000000000e+01 2.600000000000000000e+01 5.261100000000000000e+04 5.005500000000000000e+04 5.440200000000000000e+04 5.094000000000000000e+04 2.247430857003200799e+01 7.710000000000000000e+02
-2.300000000000000000e+01 3.000000000000000000e+00 2.800000000000000000e+01 5.266300000000000000e+04 5.028700000000000000e+04 5.435900000000000000e+04 5.069800000000000000e+04 2.248381134402006865e+01 7.710000000000000000e+02
9.000000000000000000e+00 -3.700000000000000000e+01 1.800000000000000000e+01 5.258100000000000000e+04 5.026100000000000000e+04 5.449500000000000000e+04 5.064500000000000000e+04 2.249591379810590297e+01 7.730000000000000000e+02
-1.200000000000000000e+01 -3.000000000000000000e+01 3.900000000000000000e+01 5.270000000000000000e+04 5.038900000000000000e+04 5.442100000000000000e+04 5.062600000000000000e+04 2.250811733305454254e+01 7.730000000000000000e+02
5.100000000000000000e+01 -1.800000000000000000e+01 2.100000000000000000e+01 5.267200000000000000e+04 5.033700000000000000e+04 5.447300000000000000e+04 5.061200000000000000e+04 2.251467811001930386e+01 7.730000000000000000e+02
2.700000000000000000e+01 -4.500000000000000000e+01 2.000000000000000000e+01 5.264300000000000000e+04 5.039000000000000000e+04 5.448200000000000000e+04 5.052300000000000000e+04 2.253649930702522397e+01 7.730000000000000000e+02
2.600000000000000000e+01 -4.000000000000000000e+00 1.900000000000000000e+01 5.264300000000000000e+04 5.037200000000000000e+04 5.446300000000000000e+04 5.057800000000000000e+04 2.263652913307305425e+01 7.750000000000000000e+02
5.800000000000000000e+01 -1.000000000000000000e+01 1.700000000000000000e+01 5.218600000000000000e+04 5.028800000000000000e+04 5.446900000000000000e+04 5.029500000000000000e+04 2.264996168110519648e+01 7.750000000000000000e+02
5.000000000000000000e+00 -2.300000000000000000e+01 2.600000000000000000e+01 5.256200000000000000e+04 5.001000000000000000e+04 5.415200000000000000e+04 5.056200000000000000e+04 2.265178043104242533e+01 7.750000000000000000e+02
2.400000000000000000e+01 3.100000000000000000e+01 1.300000000000000000e+01 5.233200000000000000e+04 4.996300000000000000e+04 5.437700000000000000e+04 5.054700000000000000e+04 2.266413259704131633e+01 7.750000000000000000e+02
4.000000000000000000e+00 1.000000000000000000e+01 2.400000000000000000e+01 5.249800000000000000e+04 4.962900000000000000e+04 5.423300000000000000e+04 5.081400000000000000e+04 2.268403032305650413e+01 7.750000000000000000e+02
-2.700000000000000000e+01 7.200000000000000000e+01 1.000000000000000000e+01 5.244300000000000000e+04 4.952000000000000000e+04 5.429700000000000000e+04 5.096200000000000000e+04 2.268745085108093917e+01 7.750000000000000000e+02
-1.000000000000000000e+00 4.800000000000000000e+01 1.800000000000000000e+01 5.243800000000000000e+04 4.971400000000000000e+04 5.429600000000000000e+04 5.084700000000000000e+04 2.269005762704182416e+01 7.750000000000000000e+02
-1.200000000000000000e+01 5.200000000000000000e+01 1.600000000000000000e+01 5.250700000000000000e+04 4.969900000000000000e+04 5.427200000000000000e+04 5.078400000000000000e+04 2.269771801901515573e+01 7.750000000000000000e+02
1.100000000000000000e+01 3.400000000000000000e+01 -3.000000000000000000e+00 5.238000000000000000e+04 5.022100000000000000e+04 5.438500000000000000e+04 5.031800000000000000e+04 2.270344535505864769e+01 7.750000000000000000e+02
2.100000000000000000e+01 2.400000000000000000e+01 1.200000000000000000e+01 5.251400000000000000e+04 4.996000000000000000e+04 5.422600000000000000e+04 5.062400000000000000e+04 2.270546963810920715e+01 7.750000000000000000e+02
2.700000000000000000e+01 2.500000000000000000e+01 -1.000000000000000000e+00 5.237800000000000000e+04 5.018000000000000000e+04 5.434200000000000000e+04 5.044200000000000000e+04 2.271141589805483818e+01 7.700000000000000000e+02
3.900000000000000000e+01 1.000000000000000000e+00 1.000000000000000000e+00 5.265200000000000000e+04 5.061300000000000000e+04 5.425000000000000000e+04 5.028600000000000000e+04 2.271620660903863609e+01 7.700000000000000000e+02
4.900000000000000000e+01 1.100000000000000000e+01 6.000000000000000000e+00 5.275000000000000000e+04 5.039900000000000000e+04 5.414400000000000000e+04 5.059400000000000000e+04 2.271969681500922889e+01 7.700000000000000000e+02
6.000000000000000000e+01 3.400000000000000000e+01 -2.300000000000000000e+01 5.268700000000000000e+04 5.037800000000000000e+04 5.424000000000000000e+04 5.061200000000000000e+04 2.272582076501566917e+01 7.700000000000000000e+02
3.000000000000000000e+01 -2.200000000000000000e+01 -8.000000000000000000e+00 5.263600000000000000e+04 5.051200000000000000e+04 5.429500000000000000e+04 5.054600000000000000e+04 2.273154320300091058e+01 7.700000000000000000e+02
3.500000000000000000e+01 5.900000000000000000e+01 -1.900000000000000000e+01 5.274500000000000000e+04 5.016400000000000000e+04 5.410100000000000000e+04 5.101900000000000000e+04 2.274722572299651802e+01 7.700000000000000000e+02
3.500000000000000000e+01 4.000000000000000000e+01 -2.100000000000000000e+01 5.264000000000000000e+04 5.018800000000000000e+04 5.438000000000000000e+04 5.116200000000000000e+04 2.275110159406904131e+01 7.730000000000000000e+02
-2.300000000000000000e+01 2.800000000000000000e+01 -5.000000000000000000e+00 5.255900000000000000e+04 5.026500000000000000e+04 5.418900000000000000e+04 5.124300000000000000e+04 2.275302544806618243e+01 7.730000000000000000e+02
3.100000000000000000e+01 4.400000000000000000e+01 -5.000000000000000000e+00 5.249600000000000000e+04 5.025700000000000000e+04 5.467500000000000000e+04 5.115000000000000000e+04 2.275528046104591340e+01 7.730000000000000000e+02
3.200000000000000000e+01 -1.000000000000000000e+01 -1.100000000000000000e+01 5.279900000000000000e+04 4.996100000000000000e+04 5.434900000000000000e+04 5.156200000000000000e+04 2.276091474108397961e+01 7.730000000000000000e+02
1.300000000000000000e+01 5.200000000000000000e+01 -1.600000000000000000e+01 5.269000000000000000e+04 5.025600000000000000e+04 5.445800000000000000e+04 5.127600000000000000e+04 2.276357487600762397e+01 7.700000000000000000e+02
6.800000000000000000e+01 -1.300000000000000000e+01 3.000000000000000000e+00 5.246800000000000000e+04 5.060500000000000000e+04 5.469200000000000000e+04 5.089400000000000000e+04 2.276911820110399276e+01 7.700000000000000000e+02
3.300000000000000000e+01 -1.300000000000000000e+01 5.000000000000000000e+00 5.275500000000000000e+04 5.088600000000000000e+04 5.452900000000000000e+04 5.054700000000000000e+04 2.277124599099624902e+01 7.700000000000000000e+02
4.000000000000000000e+01 9.000000000000000000e+00 9.000000000000000000e+00 5.296200000000000000e+04 5.077400000000000000e+04 5.453100000000000000e+04 5.050600000000000000e+04 2.277460778609383851e+01 7.700000000000000000e+02
5.300000000000000000e+01 7.000000000000000000e+00 2.100000000000000000e+01 5.301500000000000000e+04 5.047300000000000000e+04 5.472800000000000000e+04 5.090000000000000000e+04 2.277790190500672907e+01 7.700000000000000000e+02
1.200000000000000000e+01 4.700000000000000000e+01 2.000000000000000000e+00 5.333000000000000000e+04 5.021500000000000000e+04 5.451100000000000000e+04 5.104900000000000000e+04 2.278441101405769587e+01 7.700000000000000000e+02
3.000000000000000000e+00 7.600000000000000000e+01 2.000000000000000000e+01 5.359100000000000000e+04 4.957500000000000000e+04 5.416300000000000000e+04 5.181200000000000000e+04 2.279572548600845039e+01 7.720000000000000000e+02
-1.900000000000000000e+01 1.250000000000000000e+02 -8.000000000000000000e+00 5.346000000000000000e+04 4.924900000000000000e+04 5.413300000000000000e+04 5.192900000000000000e+04 2.280341441207565367e+01 7.720000000000000000e+02
-5.600000000000000000e+01 4.400000000000000000e+01 1.400000000000000000e+01 5.293300000000000000e+04 4.959000000000000000e+04 5.473300000000000000e+04 5.190200000000000000e+04 2.281404388404916972e+01 7.720000000000000000e+02
-2.300000000000000000e+01 5.700000000000000000e+01 6.000000000000000000e+00 5.320800000000000000e+04 4.976600000000000000e+04 5.450500000000000000e+04 5.172000000000000000e+04 2.282426273508463055e+01 7.720000000000000000e+02
-2.400000000000000000e+01 -1.200000000000000000e+01 -4.000000000000000000e+00 5.256900000000000000e+04 4.993500000000000000e+04 5.494500000000000000e+04 5.137800000000000000e+04 2.283552195201627910e+01 7.690000000000000000e+02
-3.200000000000000000e+01 -3.200000000000000000e+01 -4.000000000000000000e+00 5.300500000000000000e+04 5.034000000000000000e+04 5.450800000000000000e+04 5.130900000000000000e+04 2.284363184007816017e+01 7.690000000000000000e+02
4.600000000000000000e+01 -5.700000000000000000e+01 -1.100000000000000000e+01 5.281000000000000000e+04 5.118800000000000000e+04 5.450800000000000000e+04 5.062100000000000000e+04 2.285376283200457692e+01 7.690000000000000000e+02
2.600000000000000000e+01 -1.500000000000000000e+01 -1.500000000000000000e+01 5.319900000000000000e+04 5.055300000000000000e+04 5.405200000000000000e+04 5.096600000000000000e+04 2.286361018603201956e+01 7.690000000000000000e+02
-2.800000000000000000e+01 6.100000000000000000e+01 -9.000000000000000000e+00 5.353600000000000000e+04 4.969300000000000000e+04 5.390400000000000000e+04 5.187800000000000000e+04 2.287429816706571728e+01 7.690000000000000000e+02
-5.000000000000000000e+00 1.300000000000000000e+02 -2.000000000000000000e+01 5.338200000000000000e+04 4.944800000000000000e+04 5.396600000000000000e+04 5.221000000000000000e+04 2.288357755006290972e+01 7.690000000000000000e+02
-6.100000000000000000e+01 1.290000000000000000e+02 -2.600000000000000000e+01 5.339900000000000000e+04 4.871700000000000000e+04 5.346100000000000000e+04 5.280000000000000000e+04 2.289645330607891083e+01 7.720000000000000000e+02
-8.300000000000000000e+01 1.620000000000000000e+02 -5.100000000000000000e+01 5.299000000000000000e+04 4.883000000000000000e+04 5.374000000000000000e+04 5.314200000000000000e+04 2.290527930401731282e+01 7.720000000000000000e+02
-7.700000000000000000e+01 1.040000000000000000e+02 -2.200000000000000000e+01 5.271600000000000000e+04 4.927300000000000000e+04 5.387700000000000000e+04 5.281300000000000000e+04 2.291522176505532116e+01 7.720000000000000000e+02
-4.100000000000000000e+01 5.100000000000000000e+01 -3.500000000000000000e+01 5.248800000000000000e+04 4.988200000000000000e+04 5.412700000000000000e+04 5.222500000000000000e+04 2.292629883403424174e+01 7.720000000000000000e+02
-5.400000000000000000e+01 -6.600000000000000000e+01 -3.600000000000000000e+01 5.163700000000000000e+04 5.007800000000000000e+04 5.469400000000000000e+04 5.184100000000000000e+04 2.293663579900749028e+01 7.700000000000000000e+02
-3.100000000000000000e+01 -1.060000000000000000e+02 -1.500000000000000000e+01 5.206700000000000000e+04 5.077800000000000000e+04 5.427600000000000000e+04 5.115400000000000000e+04 2.294767207000404596e+01 7.700000000000000000e+02
3.400000000000000000e+01 -9.200000000000000000e+01 -2.300000000000000000e+01 5.194700000000000000e+04 5.085200000000000000e+04 5.428300000000000000e+04 5.072900000000000000e+04 2.295325486210640520e+01 7.700000000000000000e+02
7.000000000000000000e+00 -1.460000000000000000e+02 -1.700000000000000000e+01 5.176500000000000000e+04 5.079300000000000000e+04 5.444400000000000000e+04 5.073200000000000000e+04 2.296447048406116664e+01 7.700000000000000000e+02
1.600000000000000000e+01 -5.600000000000000000e+01 -2.800000000000000000e+01 5.203300000000000000e+04 5.072200000000000000e+04 5.419500000000000000e+04 5.072900000000000000e+04 2.297819390310905874e+01 7.700000000000000000e+02
8.700000000000000000e+01 -3.000000000000000000e+01 -3.000000000000000000e+01 5.243000000000000000e+04 5.070600000000000000e+04 5.367600000000000000e+04 5.080400000000000000e+04 2.298358121910132468e+01 7.700000000000000000e+02
3.000000000000000000e+01 -1.800000000000000000e+01 -2.500000000000000000e+01 5.224600000000000000e+04 5.021600000000000000e+04 5.368700000000000000e+04 5.141900000000000000e+04 2.299397498008329421e+01 6.730000000000000000e+02
3.800000000000000000e+01 2.400000000000000000e+01 -4.800000000000000000e+01 5.231300000000000000e+04 5.023700000000000000e+04 5.345300000000000000e+04 5.155900000000000000e+04 2.301502324210014194e+01 6.730000000000000000e+02
4.800000000000000000e+01 2.200000000000000000e+01 -6.200000000000000000e+01 5.228200000000000000e+04 5.078100000000000000e+04 5.323600000000000000e+04 5.161000000000000000e+04 2.302067678305320442e+01 6.730000000000000000e+02
4.600000000000000000e+01 2.700000000000000000e+01 -6.300000000000000000e+01 5.194100000000000000e+04 5.085500000000000000e+04 5.335900000000000000e+04 5.161800000000000000e+04 2.302473630104213953e+01 6.730000000000000000e+02
2.400000000000000000e+01 1.800000000000000000e+01 -4.900000000000000000e+01 5.147300000000000000e+04 5.041400000000000000e+04 5.376100000000000000e+04 5.197500000000000000e+04 2.303965269308537245e+01 0.000000000000000000e+00
9.000000000000000000e+00 1.200000000000000000e+01 -6.800000000000000000e+01 5.267800000000000000e+04 5.106100000000000000e+04 5.411600000000000000e+04 5.320600000000000000e+04 2.305047610111068934e+01 0.000000000000000000e+00
1.400000000000000000e+01 3.900000000000000000e+01 -4.600000000000000000e+01 5.334100000000000000e+04 5.104300000000000000e+04 5.353400000000000000e+04 5.313600000000000000e+04 2.305374787002801895e+01 0.000000000000000000e+00
2.700000000000000000e+01 1.100000000000000000e+01 -4.300000000000000000e+01 5.300900000000000000e+04 5.086200000000000000e+04 5.427000000000000000e+04 5.344700000000000000e+04 2.306456065503880382e+01 0.000000000000000000e+00
6.400000000000000000e+01 -1.200000000000000000e+01 -4.800000000000000000e+01 5.324600000000000000e+04 5.159700000000000000e+04 5.431300000000000000e+04 5.280500000000000000e+04 2.307425086502917111e+01 0.000000000000000000e+00
4.600000000000000000e+01 -7.500000000000000000e+01 -3.300000000000000000e+01 5.314800000000000000e+04 5.172100000000000000e+04 5.440900000000000000e+04 5.258400000000000000e+04 2.308310984203126281e+01 0.000000000000000000e+00
9.100000000000000000e+01 -7.600000000000000000e+01 -4.100000000000000000e+01 5.382900000000000000e+04 5.268000000000000000e+04 5.458800000000000000e+04 5.250800000000000000e+04 2.309449712710920721e+01 0.000000000000000000e+00
6.700000000000000000e+01 -1.230000000000000000e+02 -1.100000000000000000e+01 5.349700000000000000e+04 5.255000000000000000e+04 5.512200000000000000e+04 5.263300000000000000e+04 2.310379242210183293e+01 0.000000000000000000e+00
3.500000000000000000e+01 -1.480000000000000000e+02 -1.800000000000000000e+01 5.346600000000000000e+04 5.245100000000000000e+04 5.573200000000000000e+04 5.267300000000000000e+04 2.311359291803091764e+01 0.000000000000000000e+00
1.400000000000000000e+01 -1.190000000000000000e+02 -6.000000000000000000e+00 5.371300000000000000e+04 5.215700000000000000e+04 5.558600000000000000e+04 5.279600000000000000e+04 2.312310887605417520e+01 0.000000000000000000e+00
4.000000000000000000e+00 -8.100000000000000000e+01 -2.500000000000000000e+01 5.317900000000000000e+04 5.247100000000000000e+04 5.584300000000000000e+04 5.252000000000000000e+04 2.313335429900325835e+01 6.000000000000000000e+00
1.000000000000000000e+01 -2.800000000000000000e+01 -9.000000000000000000e+00 5.366500000000000000e+04 5.084800000000000000e+04 5.480500000000000000e+04 5.381900000000000000e+04 2.314774912700522691e+01 6.000000000000000000e+00
2.400000000000000000e+01 7.300000000000000000e+01 -2.000000000000000000e+01 5.439200000000000000e+04 5.023300000000000000e+04 5.422400000000000000e+04 5.402100000000000000e+04 2.315669439407065511e+01 6.000000000000000000e+00
3.400000000000000000e+01 2.800000000000000000e+01 -1.800000000000000000e+01 5.417800000000000000e+04 5.052300000000000000e+04 5.425600000000000000e+04 5.338600000000000000e+04 2.316398124711122364e+01 6.000000000000000000e+00
8.000000000000000000e+00 -5.300000000000000000e+01 -1.000000000000000000e+00 5.337700000000000000e+04 5.108500000000000000e+04 5.474400000000000000e+04 5.259700000000000000e+04 2.317361121310386807e+01 6.000000000000000000e+00
5.500000000000000000e+01 -9.300000000000000000e+01 -2.600000000000000000e+01 5.270800000000000000e+04 5.211100000000000000e+04 5.514700000000000000e+04 5.155000000000000000e+04 2.318378852203022689e+01 6.000000000000000000e+00
2.500000000000000000e+01 -2.310000000000000000e+02 -3.200000000000000000e+01 5.166100000000000000e+04 5.221000000000000000e+04 5.526100000000000000e+04 5.100500000000000000e+04 2.319401317508891225e+01 1.000000000000000000e+01
2.300000000000000000e+01 -1.150000000000000000e+02 -3.200000000000000000e+01 5.169000000000000000e+04 5.172300000000000000e+04 5.499400000000000000e+04 5.146400000000000000e+04 2.320322243811096996e+01 1.000000000000000000e+01
4.100000000000000000e+01 -1.160000000000000000e+02 -3.000000000000000000e+00 5.213300000000000000e+04 5.093900000000000000e+04 5.448700000000000000e+04 5.200100000000000000e+04 2.321324292209465057e+01 1.000000000000000000e+01
-8.000000000000000000e+00 -5.800000000000000000e+01 -2.000000000000000000e+00 5.241100000000000000e+04 5.075400000000000000e+04 5.428500000000000000e+04 5.146700000000000000e+04 2.322391260100994259e+01 1.000000000000000000e+01
5.000000000000000000e+00 1.700000000000000000e+01 -2.200000000000000000e+01 5.270500000000000000e+04 4.995000000000000000e+04 5.391200000000000000e+04 5.203400000000000000e+04 2.323401542007923126e+01 1.600000000000000000e+01
-7.000000000000000000e+00 4.700000000000000000e+01 -1.100000000000000000e+01 5.218600000000000000e+04 4.865200000000000000e+04 5.319100000000000000e+04 5.233400000000000000e+04 2.324313346901908517e+01 1.600000000000000000e+01
3.000000000000000000e+00 1.380000000000000000e+02 -3.800000000000000000e+01 5.263900000000000000e+04 4.901000000000000000e+04 5.227600000000000000e+04 5.189300000000000000e+04 2.325315537606365979e+01 1.600000000000000000e+01
3.400000000000000000e+01 9.500000000000000000e+01 -1.900000000000000000e+01 5.288600000000000000e+04 4.913500000000000000e+04 5.149900000000000000e+04 5.131000000000000000e+04 2.326290237309876829e+01 1.600000000000000000e+01
7.900000000000000000e+01 1.610000000000000000e+02 -2.200000000000000000e+01 5.343200000000000000e+04 4.875300000000000000e+04 5.075800000000000000e+04 5.149900000000000000e+04 2.327373530808836222e+01 1.600000000000000000e+01
1.080000000000000000e+02 6.100000000000000000e+01 -4.600000000000000000e+01 5.352900000000000000e+04 5.057600000000000000e+04 5.037700000000000000e+04 4.974000000000000000e+04 2.328341829206328839e+01 1.600000000000000000e+01
3.400000000000000000e+01 -1.800000000000000000e+01 -4.300000000000000000e+01 5.232700000000000000e+04 5.073200000000000000e+04 5.022800000000000000e+04 4.901800000000000000e+04 2.329339628503657877e+01 2.300000000000000000e+01
4.800000000000000000e+01 -8.800000000000000000e+01 -5.800000000000000000e+01 5.182900000000000000e+04 5.096800000000000000e+04 5.047700000000000000e+04 4.875500000000000000e+04 2.330343263305258006e+01 2.300000000000000000e+01
-5.000000000000000000e+01 -1.510000000000000000e+02 -6.900000000000000000e+01 5.061100000000000000e+04 5.073500000000000000e+04 5.123900000000000000e+04 4.893100000000000000e+04 2.331330091110430658e+01 2.300000000000000000e+01
-1.880000000000000000e+02 -1.180000000000000000e+02 -5.200000000000000000e+01 4.931400000000000000e+04 4.976800000000000000e+04 5.221900000000000000e+04 4.989200000000000000e+04 2.332319193007424474e+01 2.300000000000000000e+01
-2.600000000000000000e+02 -6.500000000000000000e+01 -5.200000000000000000e+01 4.847100000000000000e+04 4.803300000000000000e+04 5.277000000000000000e+04 5.137300000000000000e+04 2.333361298101954162e+01 2.800000000000000000e+01
-3.440000000000000000e+02 -4.500000000000000000e+01 -6.000000000000000000e+01 4.689700000000000000e+04 4.635400000000000000e+04 5.328500000000000000e+04 5.205200000000000000e+04 2.334255217504687607e+01 2.800000000000000000e+01
-3.380000000000000000e+02 8.000000000000000000e+00 -5.500000000000000000e+01 4.719900000000000000e+04 4.633800000000000000e+04 5.281800000000000000e+04 5.189500000000000000e+04 2.335277778701856732e+01 2.800000000000000000e+01
-1.910000000000000000e+02 3.700000000000000000e+01 -5.000000000000000000e+01 4.806700000000000000e+04 4.652900000000000000e+04 5.189500000000000000e+04 5.161800000000000000e+04 2.336330090602859855e+01 2.800000000000000000e+01
-8.200000000000000000e+01 3.800000000000000000e+01 -5.300000000000000000e+01 4.917600000000000000e+04 4.823100000000000000e+04 5.090500000000000000e+04 5.008700000000000000e+04 2.337315194704569876e+01 2.800000000000000000e+01
1.160000000000000000e+02 2.200000000000000000e+01 -5.900000000000000000e+01 5.002000000000000000e+04 4.914600000000000000e+04 4.995700000000000000e+04 4.924900000000000000e+04 2.338374839001335204e+01 2.800000000000000000e+01
2.340000000000000000e+02 -2.000000000000000000e+00 -7.600000000000000000e+01 5.038000000000000000e+04 4.978500000000000000e+04 4.865800000000000000e+04 4.804200000000000000e+04 2.339286148303654045e+01 3.700000000000000000e+01
3.410000000000000000e+02 -4.900000000000000000e+01 -5.600000000000000000e+01 5.074200000000000000e+04 5.070000000000000000e+04 4.812900000000000000e+04 4.752900000000000000e+04 2.340329592605121434e+01 3.700000000000000000e+01
4.030000000000000000e+02 -9.800000000000000000e+01 -6.000000000000000000e+01 5.088000000000000000e+04 5.199800000000000000e+04 4.795800000000000000e+04 4.565000000000000000e+04 2.341365302808117121e+01 3.700000000000000000e+01
3.590000000000000000e+02 -1.560000000000000000e+02 -4.300000000000000000e+01 5.014100000000000000e+04 5.179700000000000000e+04 4.907800000000000000e+04 4.557600000000000000e+04 2.342326021310873330e+01 3.700000000000000000e+01
2.650000000000000000e+02 -1.550000000000000000e+02 -3.400000000000000000e+01 4.930500000000000000e+04 4.985500000000000000e+04 5.100300000000000000e+04 4.663300000000000000e+04 2.343264029908459634e+01 4.700000000000000000e+01
1.660000000000000000e+02 -8.200000000000000000e+01 -2.400000000000000000e+01 4.959800000000000000e+04 4.927900000000000000e+04 4.989400000000000000e+04 4.624700000000000000e+04 2.344345706608146429e+01 4.700000000000000000e+01
7.600000000000000000e+01 1.300000000000000000e+01 -3.200000000000000000e+01 4.850400000000000000e+04 4.689400000000000000e+04 5.088700000000000000e+04 4.875600000000000000e+04 2.345358151802793145e+01 4.700000000000000000e+01
-6.500000000000000000e+01 1.340000000000000000e+02 -3.100000000000000000e+01 4.861000000000000000e+04 4.494000000000000000e+04 5.054300000000000000e+04 5.022500000000000000e+04 2.346280062908772379e+01 4.700000000000000000e+01
-7.600000000000000000e+01 1.860000000000000000e+02 -9.000000000000000000e+00 4.905000000000000000e+04 4.480200000000000000e+04 5.022700000000000000e+04 5.040000000000000000e+04 2.347265173308551311e+01 4.700000000000000000e+01
-6.000000000000000000e+01 2.260000000000000000e+02 -6.000000000000000000e+00 4.901000000000000000e+04 4.563200000000000000e+04 5.050700000000000000e+04 4.972700000000000000e+04 2.348258752806577832e+01 4.700000000000000000e+01
0.000000000000000000e+00 2.230000000000000000e+02 1.800000000000000000e+01 4.932100000000000000e+04 4.564900000000000000e+04 5.055500000000000000e+04 4.974400000000000000e+04 2.349272536905482411e+01 4.800000000000000000e+01
4.100000000000000000e+01 2.130000000000000000e+02 3.700000000000000000e+01 5.019500000000000000e+04 4.613500000000000000e+04 5.003400000000000000e+04 4.923400000000000000e+04 2.350328954705037177e+01 4.800000000000000000e+01
1.270000000000000000e+02 1.060000000000000000e+02 3.800000000000000000e+01 5.051500000000000000e+04 4.734000000000000000e+04 4.987900000000000000e+04 4.819200000000000000e+04 2.351477561309002340e+01 4.800000000000000000e+01
2.080000000000000000e+02 5.200000000000000000e+01 4.400000000000000000e+01 5.084400000000000000e+04 4.786900000000000000e+04 4.989700000000000000e+04 4.777800000000000000e+04 2.352343500801362097e+01 4.800000000000000000e+01
2.630000000000000000e+02 -2.900000000000000000e+01 3.100000000000000000e+01 5.033600000000000000e+04 4.903700000000000000e+04 5.058300000000000000e+04 4.658500000000000000e+04 2.353380568011198193e+01 5.300000000000000000e+01
3.010000000000000000e+02 -7.500000000000000000e+01 4.100000000000000000e+01 5.056200000000000000e+04 4.939200000000000000e+04 5.023300000000000000e+04 4.631600000000000000e+04 2.354344803199637681e+01 5.300000000000000000e+01
2.830000000000000000e+02 -1.380000000000000000e+02 3.700000000000000000e+01 4.966200000000000000e+04 4.952800000000000000e+04 5.133500000000000000e+04 4.623400000000000000e+04 2.355307374906260520e+01 5.300000000000000000e+01
1.680000000000000000e+02 -9.200000000000000000e+01 2.100000000000000000e+01 4.995600000000000000e+04 4.886000000000000000e+04 5.110900000000000000e+04 4.732000000000000000e+04 2.356365091400220990e+01 5.300000000000000000e+01
1.150000000000000000e+02 -1.400000000000000000e+01 1.500000000000000000e+01 5.095900000000000000e+04 4.856200000000000000e+04 5.018300000000000000e+04 4.795200000000000000e+04 2.357393581105861813e+01 5.300000000000000000e+01
-9.000000000000000000e+00 2.100000000000000000e+01 2.500000000000000000e+01 5.078000000000000000e+04 4.805200000000000000e+04 5.056700000000000000e+04 4.854200000000000000e+04 2.358311209606472403e+01 5.300000000000000000e+01
-7.500000000000000000e+01 5.000000000000000000e+01 2.700000000000000000e+01 5.024400000000000000e+04 4.788100000000000000e+04 5.154100000000000000e+04 4.904500000000000000e+04 2.359336451510898769e+01 5.300000000000000000e+01
-1.850000000000000000e+02 7.800000000000000000e+01 2.600000000000000000e+01 4.969800000000000000e+04 4.719700000000000000e+04 5.215300000000000000e+04 4.983100000000000000e+04 2.360318405705038458e+01 5.300000000000000000e+01
-1.970000000000000000e+02 1.160000000000000000e+02 2.800000000000000000e+01 5.011800000000000000e+04 4.716600000000000000e+04 5.215100000000000000e+04 5.010500000000000000e+04 2.361261757602915168e+01 5.300000000000000000e+01
-2.140000000000000000e+02 1.180000000000000000e+02 2.200000000000000000e+01 4.957200000000000000e+04 4.689500000000000000e+04 5.275300000000000000e+04 5.050900000000000000e+04 2.362264091905672103e+01 5.300000000000000000e+01
-2.350000000000000000e+02 5.400000000000000000e+01 2.000000000000000000e+01 5.000200000000000000e+04 4.633100000000000000e+04 5.226300000000000000e+04 5.147200000000000000e+04 2.363309009000658989e+01 5.600000000000000000e+01
-2.280000000000000000e+02 4.000000000000000000e+01 1.400000000000000000e+01 5.114300000000000000e+04 4.638800000000000000e+04 5.151100000000000000e+04 5.118900000000000000e+04 2.364232747000642121e+01 5.600000000000000000e+01
-1.130000000000000000e+02 -1.010000000000000000e+02 1.600000000000000000e+01 5.077300000000000000e+04 4.876100000000000000e+04 5.199300000000000000e+04 4.927500000000000000e+04 2.365295803803019226e+01 5.600000000000000000e+01
-4.800000000000000000e+01 -2.120000000000000000e+02 1.500000000000000000e+01 5.100100000000000000e+04 4.972000000000000000e+04 5.199500000000000000e+04 4.840300000000000000e+04 2.366299220605287701e+01 5.600000000000000000e+01
-2.200000000000000000e+01 -2.720000000000000000e+02 1.400000000000000000e+01 5.088800000000000000e+04 4.965200000000000000e+04 5.232300000000000000e+04 4.882500000000000000e+04 2.367263020202517509e+01 5.600000000000000000e+01
5.000000000000000000e+00 -3.150000000000000000e+02 1.600000000000000000e+01 5.064800000000000000e+04 5.047200000000000000e+04 5.274700000000000000e+04 4.796500000000000000e+04 2.368261101411189884e+01 5.600000000000000000e+01
3.600000000000000000e+01 -2.790000000000000000e+02 1.700000000000000000e+01 5.098100000000000000e+04 5.099100000000000000e+04 5.288800000000000000e+04 4.788600000000000000e+04 2.369448648008983582e+01 5.100000000000000000e+01
4.300000000000000000e+01 -3.040000000000000000e+02 5.700000000000000000e+01 5.076800000000000000e+04 5.093000000000000000e+04 5.347300000000000000e+04 4.810100000000000000e+04 2.370332697709091008e+01 5.100000000000000000e+01
1.300000000000000000e+01 -2.340000000000000000e+02 4.600000000000000000e+01 5.180700000000000000e+04 5.048200000000000000e+04 5.288100000000000000e+04 4.887500000000000000e+04 2.371399721002671868e+01 5.100000000000000000e+01
-2.400000000000000000e+01 -1.470000000000000000e+02 6.000000000000000000e+01 5.248200000000000000e+04 5.058600000000000000e+04 5.242700000000000000e+04 4.884900000000000000e+04 2.372320685803424567e+01 5.100000000000000000e+01
-7.900000000000000000e+01 -3.100000000000000000e+01 4.100000000000000000e+01 5.295700000000000000e+04 5.031600000000000000e+04 5.214200000000000000e+04 4.924000000000000000e+04 2.373355056100990623e+01 4.900000000000000000e+01
-1.460000000000000000e+02 5.700000000000000000e+01 5.500000000000000000e+01 5.257000000000000000e+04 4.987400000000000000e+04 5.272300000000000000e+04 5.015400000000000000e+04 2.374630702007561922e+01 4.900000000000000000e+01
-3.060000000000000000e+02 1.430000000000000000e+02 5.500000000000000000e+01 5.163200000000000000e+04 4.762400000000000000e+04 5.380400000000000000e+04 5.216000000000000000e+04 2.375385684310458601e+01 4.900000000000000000e+01
-4.470000000000000000e+02 1.810000000000000000e+02 6.900000000000000000e+01 5.144500000000000000e+04 4.637000000000000000e+04 5.421900000000000000e+04 5.296400000000000000e+04 2.376321994105819613e+01 4.900000000000000000e+01
-4.710000000000000000e+02 2.110000000000000000e+02 8.600000000000000000e+01 5.095800000000000000e+04 4.595000000000000000e+04 5.478500000000000000e+04 5.317300000000000000e+04 2.377282733109313995e+01 4.900000000000000000e+01
-4.640000000000000000e+02 1.160000000000000000e+02 8.900000000000000000e+01 5.094200000000000000e+04 4.681900000000000000e+04 5.502200000000000000e+04 5.241100000000000000e+04 2.378363729605916888e+01 4.900000000000000000e+01
-3.010000000000000000e+02 9.500000000000000000e+01 7.900000000000000000e+01 5.172700000000000000e+04 4.888300000000000000e+04 5.491600000000000000e+04 5.134000000000000000e+04 2.379223210003692657e+01 4.100000000000000000e+01
-1.130000000000000000e+02 -2.500000000000000000e+01 9.700000000000000000e+01 5.256900000000000000e+04 5.037600000000000000e+04 5.454700000000000000e+04 5.026200000000000000e+04 2.380230376101098955e+01 4.100000000000000000e+01
4.100000000000000000e+01 -7.900000000000000000e+01 9.700000000000000000e+01 5.258400000000000000e+04 5.131600000000000000e+04 5.469700000000000000e+04 4.915500000000000000e+04 2.381347335001919419e+01 4.100000000000000000e+01
2.590000000000000000e+02 -1.500000000000000000e+02 8.600000000000000000e+01 5.328500000000000000e+04 5.254000000000000000e+04 5.411700000000000000e+04 4.776300000000000000e+04 2.382284551206976175e+01 4.100000000000000000e+01
3.760000000000000000e+02 -6.700000000000000000e+01 7.800000000000000000e+01 5.458400000000000000e+04 5.220400000000000000e+04 5.273600000000000000e+04 4.859500000000000000e+04 2.383282719610724598e+01 3.300000000000000000e+01
4.430000000000000000e+02 -1.500000000000000000e+01 7.000000000000000000e+01 5.462600000000000000e+04 5.273000000000000000e+04 5.335600000000000000e+04 4.842600000000000000e+04 2.384243574610445648e+01 3.300000000000000000e+01
4.210000000000000000e+02 0.000000000000000000e+00 4.300000000000000000e+01 5.459900000000000000e+04 5.267200000000000000e+04 5.311600000000000000e+04 4.878600000000000000e+04 2.385263751808088273e+01 3.300000000000000000e+01
3.030000000000000000e+02 3.900000000000000000e+01 4.300000000000000000e+01 5.416600000000000000e+04 5.137300000000000000e+04 5.363100000000000000e+04 5.054000000000000000e+04 2.386223076703026891e+01 3.300000000000000000e+01
1.110000000000000000e+02 7.300000000000000000e+01 3.400000000000000000e+01 5.337600000000000000e+04 5.037600000000000000e+04 5.445600000000000000e+04 5.137500000000000000e+04 2.387248907808680087e+01 3.300000000000000000e+01
-1.100000000000000000e+02 5.500000000000000000e+01 2.400000000000000000e+01 5.264200000000000000e+04 4.966600000000000000e+04 5.503500000000000000e+04 5.209000000000000000e+04 2.388359644403681159e+01 3.300000000000000000e+01
-2.560000000000000000e+02 5.900000000000000000e+01 4.800000000000000000e+01 5.255300000000000000e+04 5.038400000000000000e+04 5.556400000000000000e+04 5.199000000000000000e+04 2.389437925606034696e+01 2.700000000000000000e+01
-3.060000000000000000e+02 6.200000000000000000e+01 5.200000000000000000e+01 5.242000000000000000e+04 4.981600000000000000e+04 5.594400000000000000e+04 5.238800000000000000e+04 2.390290929109323770e+01 2.700000000000000000e+01
-4.590000000000000000e+02 4.600000000000000000e+01 5.000000000000000000e+01 5.136100000000000000e+04 4.915900000000000000e+04 5.675400000000000000e+04 5.271500000000000000e+04 2.391259621502831578e+01 2.700000000000000000e+01
-5.150000000000000000e+02 1.000000000000000000e+02 6.300000000000000000e+01 5.141300000000000000e+04 4.814600000000000000e+04 5.661500000000000000e+04 5.352700000000000000e+04 2.392274538800120354e+01 2.700000000000000000e+01
-4.390000000000000000e+02 7.700000000000000000e+01 7.600000000000000000e+01 5.289700000000000000e+04 4.941900000000000000e+04 5.542300000000000000e+04 5.242900000000000000e+04 2.393239511700812727e+01 2.400000000000000000e+01
-3.710000000000000000e+02 6.800000000000000000e+01 8.200000000000000000e+01 5.319000000000000000e+04 4.995200000000000000e+04 5.552100000000000000e+04 5.151500000000000000e+04 2.394262321002315730e+01 2.400000000000000000e+01
-2.000000000000000000e+02 1.090000000000000000e+02 8.700000000000000000e+01 5.400800000000000000e+04 5.006300000000000000e+04 5.455900000000000000e+04 5.138100000000000000e+04 2.395242304203566164e+01 2.400000000000000000e+01
-5.000000000000000000e+01 5.500000000000000000e+01 8.200000000000000000e+01 5.437600000000000000e+04 5.092700000000000000e+04 5.419700000000000000e+04 5.006500000000000000e+04 2.396207471610978246e+01 2.400000000000000000e+01
8.000000000000000000e+00 9.800000000000000000e+01 5.300000000000000000e+01 5.444200000000000000e+04 5.083700000000000000e+04 5.368200000000000000e+04 5.025700000000000000e+04 2.397258039610460401e+01 2.400000000000000000e+01
9.800000000000000000e+01 5.500000000000000000e+01 6.200000000000000000e+01 5.460400000000000000e+04 5.104900000000000000e+04 5.335600000000000000e+04 4.971900000000000000e+04 2.398249532608315349e+01 2.400000000000000000e+01
1.070000000000000000e+02 6.000000000000000000e+01 6.200000000000000000e+01 5.419700000000000000e+04 5.094600000000000000e+04 5.387300000000000000e+04 5.001900000000000000e+04 2.399247621907852590e+01 1.900000000000000000e+01
6.400000000000000000e+01 1.000000000000000000e+01 6.500000000000000000e+01 5.365100000000000000e+04 5.104900000000000000e+04 5.443200000000000000e+04 4.945700000000000000e+04 2.400225267303176224e+01 1.900000000000000000e+01
-7.000000000000000000e+00 -6.100000000000000000e+01 8.100000000000000000e+01 5.325500000000000000e+04 5.064600000000000000e+04 5.477500000000000000e+04 4.950600000000000000e+04 2.401421428809408098e+01 1.900000000000000000e+01
-2.300000000000000000e+01 -5.800000000000000000e+01 8.800000000000000000e+01 5.348200000000000000e+04 4.953100000000000000e+04 5.543200000000000000e+04 4.870900000000000000e+04 2.402235404204111546e+01 1.900000000000000000e+01
-7.800000000000000000e+01 -5.700000000000000000e+01 9.200000000000000000e+01 5.307100000000000000e+04 4.861400000000000000e+04 5.568000000000000000e+04 4.933400000000000000e+04 2.403292984305880964e+01 2.100000000000000000e+01
-1.620000000000000000e+02 -4.000000000000000000e+01 9.700000000000000000e+01 5.227500000000000000e+04 4.868900000000000000e+04 5.501000000000000000e+04 5.014800000000000000e+04 2.404327948903664947e+01 2.100000000000000000e+01
-9.700000000000000000e+01 5.800000000000000000e+01 8.600000000000000000e+01 5.253200000000000000e+04 4.954500000000000000e+04 5.464900000000000000e+04 4.916000000000000000e+04 2.405234491603914648e+01 2.100000000000000000e+01
-4.300000000000000000e+01 7.200000000000000000e+01 8.200000000000000000e+01 5.309600000000000000e+04 4.869700000000000000e+04 5.387800000000000000e+04 4.965400000000000000e+04 2.406274891109205782e+01 2.100000000000000000e+01
-1.030000000000000000e+02 2.000000000000000000e+02 5.100000000000000000e+01 5.286400000000000000e+04 4.735800000000000000e+04 5.387300000000000000e+04 5.074700000000000000e+04 2.407303556404076517e+01 2.100000000000000000e+01
-1.050000000000000000e+02 2.220000000000000000e+02 4.500000000000000000e+01 5.263100000000000000e+04 4.779000000000000000e+04 5.386600000000000000e+04 5.025900000000000000e+04 2.408292536600492895e+01 2.100000000000000000e+01
-4.400000000000000000e+01 2.470000000000000000e+02 7.100000000000000000e+01 5.262800000000000000e+04 4.786500000000000000e+04 5.355300000000000000e+04 4.971800000000000000e+04 2.409304633003193885e+01 2.300000000000000000e+01
3.500000000000000000e+01 2.650000000000000000e+02 7.300000000000000000e+01 5.282200000000000000e+04 4.749700000000000000e+04 5.334500000000000000e+04 4.974400000000000000e+04 2.410300967399962246e+01 2.300000000000000000e+01
5.500000000000000000e+01 1.810000000000000000e+02 7.800000000000000000e+01 5.378300000000000000e+04 4.711100000000000000e+04 5.224000000000000000e+04 4.989900000000000000e+04 2.411349428107496351e+01 2.300000000000000000e+01
7.900000000000000000e+01 1.470000000000000000e+02 7.700000000000000000e+01 5.749100000000000000e+04 4.285500000000000000e+04 4.663000000000000000e+04 5.296100000000000000e+04 2.413448643102310598e+01 2.300000000000000000e+01
1.080000000000000000e+02 -2.600000000000000000e+01 5.700000000000000000e+01 5.368600000000000000e+04 4.659000000000000000e+04 5.200900000000000000e+04 4.981700000000000000e+04 2.413708672299981117e+01 2.400000000000000000e+01
1.600000000000000000e+01 -1.710000000000000000e+02 2.400000000000000000e+01 4.782700000000000000e+04 4.286300000000000000e+04 5.640500000000000000e+04 5.273400000000000000e+04 2.414991098409518600e+01 2.400000000000000000e+01
1.600000000000000000e+01 -2.980000000000000000e+02 3.000000000000000000e+00 5.051200000000000000e+04 4.659500000000000000e+04 5.424300000000000000e+04 4.987400000000000000e+04 2.415973697707522660e+01 2.400000000000000000e+01
8.000000000000000000e+01 -3.680000000000000000e+02 0.000000000000000000e+00 5.372100000000000000e+04 4.046900000000000000e+04 5.072900000000000000e+04 5.427800000000000000e+04 2.416764968109782785e+01 2.400000000000000000e+01
1.400000000000000000e+02 -4.170000000000000000e+02 -4.200000000000000000e+01 5.065500000000000000e+04 4.650000000000000000e+04 5.344600000000000000e+04 5.004500000000000000e+04 2.417909250501543283e+01 2.400000000000000000e+01
1.840000000000000000e+02 -4.420000000000000000e+02 -3.200000000000000000e+01 4.039600000000000000e+04 4.622000000000000000e+04 5.872800000000000000e+04 5.027800000000000000e+04 2.418276882905047387e+01 2.400000000000000000e+01
4.040000000000000000e+02 -3.750000000000000000e+02 -4.300000000000000000e+01 4.943000000000000000e+04 4.937000000000000000e+04 5.394600000000000000e+04 4.673700000000000000e+04 2.419281820510514081e+01 3.100000000000000000e+01
5.140000000000000000e+02 -3.690000000000000000e+02 -4.900000000000000000e+01 5.171900000000000000e+04 5.201300000000000000e+04 5.176700000000000000e+04 4.347800000000000000e+04 2.420244944107253104e+01 3.100000000000000000e+01
6.290000000000000000e+02 -3.230000000000000000e+02 -6.400000000000000000e+01 5.366800000000000000e+04 5.327700000000000000e+04 4.939800000000000000e+04 4.158100000000000000e+04 2.421261840604711324e+01 3.100000000000000000e+01
6.040000000000000000e+02 -2.450000000000000000e+02 -7.500000000000000000e+01 5.064700000000000000e+04 5.177200000000000000e+04 5.236400000000000000e+04 4.401200000000000000e+04 2.422240429208613932e+01 3.100000000000000000e+01
5.850000000000000000e+02 -1.240000000000000000e+02 -7.500000000000000000e+01 5.203400000000000000e+04 5.080500000000000000e+04 5.088900000000000000e+04 4.530600000000000000e+04 2.423346352903172374e+01 3.800000000000000000e+01
4.270000000000000000e+02 -4.600000000000000000e+01 -6.400000000000000000e+01 5.333000000000000000e+04 4.771200000000000000e+04 4.852900000000000000e+04 4.762100000000000000e+04 2.424228228605352342e+01 3.800000000000000000e+01
3.010000000000000000e+02 9.500000000000000000e+01 -6.700000000000000000e+01 5.035400000000000000e+04 4.990900000000000000e+04 5.167400000000000000e+04 4.545300000000000000e+04 2.425285435200203210e+01 3.800000000000000000e+01
1.380000000000000000e+02 1.500000000000000000e+02 -6.300000000000000000e+01 5.328600000000000000e+04 4.707100000000000000e+04 4.854300000000000000e+04 4.840500000000000000e+04 2.426181051903404295e+01 3.800000000000000000e+01
-2.600000000000000000e+01 2.510000000000000000e+02 -6.200000000000000000e+01 4.959600000000000000e+04 4.592900000000000000e+04 5.222200000000000000e+04 4.937200000000000000e+04 2.427188224811106920e+01 3.800000000000000000e+01
-1.260000000000000000e+02 2.930000000000000000e+02 -5.900000000000000000e+01 5.166500000000000000e+04 4.584200000000000000e+04 5.028200000000000000e+04 4.948000000000000000e+04 2.428410342207644135e+01 3.800000000000000000e+01
-2.240000000000000000e+02 2.380000000000000000e+02 -6.300000000000000000e+01 5.353500000000000000e+04 5.004200000000000000e+04 4.764100000000000000e+04 4.515600000000000000e+04 2.429223142203409225e+01 4.000000000000000000e+01
-3.090000000000000000e+02 1.920000000000000000e+02 -8.000000000000000000e+01 5.050300000000000000e+04 4.374800000000000000e+04 5.131500000000000000e+04 5.114900000000000000e+04 2.430197325500193983e+01 4.000000000000000000e+01
-3.290000000000000000e+02 7.200000000000000000e+01 -7.900000000000000000e+01 4.870700000000000000e+04 4.508400000000000000e+04 5.285300000000000000e+04 5.034000000000000000e+04 2.431228997604921460e+01 4.000000000000000000e+01
-3.310000000000000000e+02 -6.300000000000000000e+01 -9.500000000000000000e+01 4.723800000000000000e+04 4.673900000000000000e+04 5.396000000000000000e+04 4.940500000000000000e+04 2.432248732110019773e+01 4.000000000000000000e+01
-3.140000000000000000e+02 -1.410000000000000000e+02 -8.600000000000000000e+01 4.190900000000000000e+04 4.038200000000000000e+04 5.678800000000000000e+04 5.367700000000000000e+04 2.433247563708573580e+01 4.500000000000000000e+01
-2.130000000000000000e+02 -1.930000000000000000e+02 -1.150000000000000000e+02 4.594300000000000000e+04 4.683700000000000000e+04 5.455100000000000000e+04 4.927700000000000000e+04 2.434263365308288485e+01 4.500000000000000000e+01
-8.600000000000000000e+01 -1.840000000000000000e+02 -1.300000000000000000e+02 4.845700000000000000e+04 5.101100000000000000e+04 5.257700000000000000e+04 4.529400000000000000e+04 2.435388997802510858e+01 4.500000000000000000e+01
8.700000000000000000e+01 -1.080000000000000000e+02 -1.210000000000000000e+02 4.821000000000000000e+04 4.895600000000000000e+04 5.285300000000000000e+04 4.775100000000000000e+04 2.436251997307408601e+01 4.500000000000000000e+01
2.050000000000000000e+02 -1.600000000000000000e+01 -9.900000000000000000e+01 4.973500000000000000e+04 4.505900000000000000e+04 5.161500000000000000e+04 5.113700000000000000e+04 2.437190134509000927e+01 4.500000000000000000e+01
3.440000000000000000e+02 6.600000000000000000e+01 -9.800000000000000000e+01 5.068000000000000000e+04 5.019400000000000000e+04 5.096500000000000000e+04 4.667600000000000000e+04 2.438194888504222035e+01 4.500000000000000000e+01
4.210000000000000000e+02 1.730000000000000000e+02 -9.200000000000000000e+01 5.030500000000000000e+04 4.599300000000000000e+04 5.156000000000000000e+04 5.083800000000000000e+04 2.439230373909231275e+01 4.400000000000000000e+01
4.660000000000000000e+02 1.820000000000000000e+02 -9.100000000000000000e+01 5.329500000000000000e+04 5.023900000000000000e+04 4.846000000000000000e+04 4.703600000000000000e+04 2.440281991707161069e+01 4.400000000000000000e+01
4.450000000000000000e+02 2.020000000000000000e+02 -7.600000000000000000e+01 5.630700000000000000e+04 5.249300000000000000e+04 4.366800000000000000e+04 4.436700000000000000e+04 2.441230693506076932e+01 4.400000000000000000e+01
3.780000000000000000e+02 1.050000000000000000e+02 -6.600000000000000000e+01 5.287400000000000000e+04 5.214100000000000000e+04 4.935500000000000000e+04 4.516000000000000000e+04 2.442268022510688752e+01 4.400000000000000000e+01
2.110000000000000000e+02 3.300000000000000000e+01 -5.900000000000000000e+01 4.783200000000000000e+04 5.088200000000000000e+04 5.412800000000000000e+04 4.678700000000000000e+04 2.443286065303254873e+01 4.600000000000000000e+01
5.000000000000000000e+00 -1.400000000000000000e+01 -6.000000000000000000e+01 4.935000000000000000e+04 4.772200000000000000e+04 5.300900000000000000e+04 5.005400000000000000e+04 2.444266878406051546e+01 4.600000000000000000e+01
-2.040000000000000000e+02 7.000000000000000000e+00 -5.200000000000000000e+01 5.370300000000000000e+04 4.037300000000000000e+04 4.882700000000000000e+04 5.513900000000000000e+04 2.445239270001184195e+01 4.600000000000000000e+01
-2.790000000000000000e+02 1.600000000000000000e+01 -2.200000000000000000e+01 5.070200000000000000e+04 4.489000000000000000e+04 5.248300000000000000e+04 5.258800000000000000e+04 2.446240415505599231e+01 4.600000000000000000e+01
-3.020000000000000000e+02 -3.500000000000000000e+01 -2.000000000000000000e+01 4.695300000000000000e+04 4.666400000000000000e+04 5.545800000000000000e+04 5.135400000000000000e+04 2.447265591006726027e+01 4.600000000000000000e+01
-2.640000000000000000e+02 -3.700000000000000000e+01 -4.000000000000000000e+01 4.934200000000000000e+04 4.804200000000000000e+04 5.386300000000000000e+04 5.043200000000000000e+04 2.448250695003662258e+01 4.600000000000000000e+01
-1.630000000000000000e+02 -1.570000000000000000e+02 -4.200000000000000000e+01 4.798300000000000000e+04 4.902600000000000000e+04 5.487300000000000000e+04 4.958100000000000000e+04 2.449338371609337628e+01 4.500000000000000000e+01
-5.400000000000000000e+01 -1.530000000000000000e+02 -5.100000000000000000e+01 5.259900000000000000e+04 5.013700000000000000e+04 5.098100000000000000e+04 4.891200000000000000e+04 2.450245659705251455e+01 4.500000000000000000e+01
1.000000000000000000e+02 -2.720000000000000000e+02 -5.900000000000000000e+01 5.025200000000000000e+04 5.139000000000000000e+04 5.327200000000000000e+04 4.774800000000000000e+04 2.451243176904972643e+01 4.500000000000000000e+01
1.880000000000000000e+02 -2.390000000000000000e+02 -8.100000000000000000e+01 5.173400000000000000e+04 5.247700000000000000e+04 5.181800000000000000e+04 4.667700000000000000e+04 2.452207092905882746e+01 4.500000000000000000e+01
2.450000000000000000e+02 -2.410000000000000000e+02 -9.000000000000000000e+01 5.232800000000000000e+04 5.597500000000000000e+04 5.159800000000000000e+04 4.226700000000000000e+04 2.453257927903905511e+01 3.900000000000000000e+01
2.320000000000000000e+02 -9.900000000000000000e+01 -9.200000000000000000e+01 5.238200000000000000e+04 5.154200000000000000e+04 5.136900000000000000e+04 4.880500000000000000e+04 2.454204267810564488e+01 3.900000000000000000e+01
1.600000000000000000e+02 3.400000000000000000e+01 -9.000000000000000000e+01 5.207600000000000000e+04 5.081300000000000000e+04 5.173800000000000000e+04 4.972500000000000000e+04 2.455222821806091815e+01 3.900000000000000000e+01
4.300000000000000000e+01 1.640000000000000000e+02 -9.200000000000000000e+01 4.841400000000000000e+04 4.515300000000000000e+04 5.517000000000000000e+04 5.443100000000000000e+04 2.456236061500385404e+01 3.900000000000000000e+01
-3.500000000000000000e+01 2.740000000000000000e+02 -1.130000000000000000e+02 5.296900000000000000e+04 4.752100000000000000e+04 5.102500000000000000e+04 5.308900000000000000e+04 2.457175580109469593e+01 3.900000000000000000e+01
-1.450000000000000000e+02 3.350000000000000000e+02 -9.700000000000000000e+01 5.281300000000000000e+04 4.979200000000000000e+04 5.102800000000000000e+04 5.145200000000000000e+04 2.458166460704524070e+01 3.900000000000000000e+01
-1.630000000000000000e+02 3.140000000000000000e+02 -1.240000000000000000e+02 4.841900000000000000e+04 4.308600000000000000e+04 5.507400000000000000e+04 5.627000000000000000e+04 2.459238033508881927e+01 3.800000000000000000e+01
-1.650000000000000000e+02 2.460000000000000000e+02 -1.310000000000000000e+02 5.209500000000000000e+04 4.922300000000000000e+04 5.173500000000000000e+04 5.244900000000000000e+04 2.460220434900838882e+01 3.800000000000000000e+01
-5.300000000000000000e+01 8.200000000000000000e+01 -1.600000000000000000e+02 4.977400000000000000e+04 4.803700000000000000e+04 5.370300000000000000e+04 5.366200000000000000e+04 2.461188267904799432e+01 3.800000000000000000e+01
8.000000000000000000e+01 -4.400000000000000000e+01 -1.650000000000000000e+02 4.707900000000000000e+04 4.287500000000000000e+04 5.571000000000000000e+04 5.702100000000000000e+04 2.462170963210519403e+01 3.800000000000000000e+01
3.100000000000000000e+02 -2.260000000000000000e+02 -1.510000000000000000e+02 5.035500000000000000e+04 5.255700000000000000e+04 5.337100000000000000e+04 5.009300000000000000e+04 2.463228006206918508e+01 3.200000000000000000e+01
4.700000000000000000e+02 -3.020000000000000000e+02 -1.350000000000000000e+02 5.079400000000000000e+04 5.400800000000000000e+04 5.302600000000000000e+04 4.819300000000000000e+04 2.464228206407278776e+01 3.200000000000000000e+01
6.120000000000000000e+02 -3.620000000000000000e+02 -1.030000000000000000e+02 5.060400000000000000e+04 5.535700000000000000e+04 5.329700000000000000e+04 4.593500000000000000e+04 2.465253772400319576e+01 3.200000000000000000e+01
6.540000000000000000e+02 -3.190000000000000000e+02 -1.090000000000000000e+02 5.265600000000000000e+04 5.577000000000000000e+04 5.123700000000000000e+04 4.531600000000000000e+04 2.466284469002857804e+01 3.200000000000000000e+01
6.080000000000000000e+02 -3.210000000000000000e+02 -9.800000000000000000e+01 5.233900000000000000e+04 5.455600000000000000e+04 5.152900000000000000e+04 4.717500000000000000e+04 2.467197513207793236e+01 3.200000000000000000e+01
4.640000000000000000e+02 -1.510000000000000000e+02 -1.000000000000000000e+02 4.656800000000000000e+04 5.026400000000000000e+04 5.611500000000000000e+04 5.202600000000000000e+04 2.468194884108379483e+01 3.200000000000000000e+01
2.690000000000000000e+02 0.000000000000000000e+00 -1.240000000000000000e+02 5.262200000000000000e+04 5.081400000000000000e+04 5.131100000000000000e+04 5.228900000000000000e+04 2.469211977906525135e+01 2.700000000000000000e+01
9.700000000000000000e+01 1.830000000000000000e+02 -1.020000000000000000e+02 5.205900000000000000e+04 5.215900000000000000e+04 5.202300000000000000e+04 5.112300000000000000e+04 2.470182787603698671e+01 2.700000000000000000e+01
-1.150000000000000000e+02 2.610000000000000000e+02 -1.060000000000000000e+02 5.161500000000000000e+04 4.814600000000000000e+04 5.249000000000000000e+04 5.453400000000000000e+04 2.471218725107610226e+01 2.700000000000000000e+01
-2.640000000000000000e+02 3.760000000000000000e+02 -8.800000000000000000e+01 4.975500000000000000e+04 4.806900000000000000e+04 5.412800000000000000e+04 5.451900000000000000e+04 2.472195092099718750e+01 2.700000000000000000e+01
-3.640000000000000000e+02 4.080000000000000000e+02 -9.900000000000000000e+01 5.008800000000000000e+04 4.560600000000000000e+04 5.380200000000000000e+04 5.605700000000000000e+04 2.473168532806448638e+01 2.700000000000000000e+01
-3.840000000000000000e+02 3.930000000000000000e+02 -8.500000000000000000e+01 5.002200000000000000e+04 4.906400000000000000e+04 5.378400000000000000e+04 5.378200000000000000e+04 2.474207817111164331e+01 2.700000000000000000e+01
-2.130000000000000000e+02 2.610000000000000000e+02 -7.400000000000000000e+01 5.064800000000000000e+04 4.712700000000000000e+04 5.307400000000000000e+04 5.498600000000000000e+04 2.475208386208396405e+01 2.700000000000000000e+01
-5.600000000000000000e+01 1.690000000000000000e+02 -7.800000000000000000e+01 5.160800000000000000e+04 5.195200000000000000e+04 5.205500000000000000e+04 5.089500000000000000e+04 2.476262159901671112e+01 2.700000000000000000e+01
1.410000000000000000e+02 1.600000000000000000e+01 -9.200000000000000000e+01 5.292700000000000000e+04 5.249300000000000000e+04 5.014000000000000000e+04 5.023700000000000000e+04 2.477168234100099653e+01 2.700000000000000000e+01
2.800000000000000000e+02 -7.000000000000000000e+01 -9.300000000000000000e+01 5.168600000000000000e+04 5.262800000000000000e+04 5.157400000000000000e+04 4.998900000000000000e+04 2.478139461902901530e+01 2.700000000000000000e+01
3.290000000000000000e+02 -1.530000000000000000e+02 -9.300000000000000000e+01 5.091000000000000000e+04 5.379800000000000000e+04 5.227900000000000000e+04 4.874700000000000000e+04 2.479258444905281067e+01 2.300000000000000000e+01
3.540000000000000000e+02 -2.140000000000000000e+02 -1.160000000000000000e+02 4.742300000000000000e+04 4.941000000000000000e+04 5.483800000000000000e+04 5.331400000000000000e+04 2.480259396100882441e+01 2.300000000000000000e+01
3.070000000000000000e+02 -1.920000000000000000e+02 -1.100000000000000000e+02 4.981100000000000000e+04 5.398600000000000000e+04 5.283100000000000000e+04 4.843700000000000000e+04 2.481159215501975268e+01 2.300000000000000000e+01
3.020000000000000000e+02 -1.390000000000000000e+02 -1.170000000000000000e+02 4.997200000000000000e+04 5.269700000000000000e+04 5.245400000000000000e+04 5.030700000000000000e+04 2.482201484101824462e+01 2.300000000000000000e+01
2.370000000000000000e+02 -1.010000000000000000e+02 -1.310000000000000000e+02 4.750200000000000000e+04 4.989400000000000000e+04 5.432400000000000000e+04 5.304000000000000000e+04 2.483286035107448697e+01 2.100000000000000000e+01
2.130000000000000000e+02 -3.700000000000000000e+01 -1.120000000000000000e+02 4.998400000000000000e+04 5.099200000000000000e+04 5.217200000000000000e+04 5.225200000000000000e+04 2.484184783208183944e+01 2.100000000000000000e+01
1.200000000000000000e+02 4.900000000000000000e+01 -1.160000000000000000e+02 5.194100000000000000e+04 4.318600000000000000e+04 4.951500000000000000e+04 5.731000000000000000e+04 2.485237863508518785e+01 2.100000000000000000e+01
6.400000000000000000e+01 5.600000000000000000e+01 -9.700000000000000000e+01 5.018400000000000000e+04 4.924700000000000000e+04 5.163500000000000000e+04 5.340500000000000000e+04 2.486307130404748023e+01 2.100000000000000000e+01
6.400000000000000000e+01 4.600000000000000000e+01 -1.140000000000000000e+02 4.977200000000000000e+04 4.976100000000000000e+04 5.171700000000000000e+04 5.283000000000000000e+04 2.487209170509595424e+01 2.100000000000000000e+01
7.800000000000000000e+01 -1.800000000000000000e+01 -9.500000000000000000e+01 4.987800000000000000e+04 5.107400000000000000e+04 5.157600000000000000e+04 5.151800000000000000e+04 2.488144443603232503e+01 2.100000000000000000e+01
8.300000000000000000e+01 -7.600000000000000000e+01 -7.900000000000000000e+01 5.043400000000000000e+04 5.118500000000000000e+04 5.092600000000000000e+04 5.125800000000000000e+04 2.489167233102489263e+01 2.200000000000000000e+01
9.400000000000000000e+01 -1.180000000000000000e+02 -7.000000000000000000e+01 4.930900000000000000e+04 5.158900000000000000e+04 5.186500000000000000e+04 5.056500000000000000e+04 2.490172521001659334e+01 2.200000000000000000e+01
1.050000000000000000e+02 -1.860000000000000000e+02 -6.000000000000000000e+01 4.902200000000000000e+04 5.120500000000000000e+04 5.194400000000000000e+04 5.091200000000000000e+04 2.491180680203251541e+01 2.200000000000000000e+01
9.300000000000000000e+01 -1.960000000000000000e+02 -5.600000000000000000e+01 4.978500000000000000e+04 5.135900000000000000e+04 5.123400000000000000e+04 5.057600000000000000e+04 2.492184063605964184e+01 2.200000000000000000e+01
5.600000000000000000e+01 -1.620000000000000000e+02 -6.600000000000000000e+01 4.830200000000000000e+04 5.083800000000000000e+04 5.236400000000000000e+04 5.107600000000000000e+04 2.493204656708985567e+01 2.300000000000000000e+01
1.700000000000000000e+01 -1.100000000000000000e+02 -5.300000000000000000e+01 4.907500000000000000e+04 5.087600000000000000e+04 5.162900000000000000e+04 5.081900000000000000e+04 2.494141785008832812e+01 2.300000000000000000e+01
-9.700000000000000000e+01 7.000000000000000000e+00 -3.000000000000000000e+01 4.868900000000000000e+04 4.991000000000000000e+04 5.189200000000000000e+04 5.141400000000000000e+04 2.495190849609207362e+01 2.300000000000000000e+01
-1.370000000000000000e+02 1.200000000000000000e+01 -1.800000000000000000e+01 4.884500000000000000e+04 4.928200000000000000e+04 5.181500000000000000e+04 5.185000000000000000e+04 2.496139061509165913e+01 2.300000000000000000e+01
-1.540000000000000000e+02 1.020000000000000000e+02 -8.000000000000000000e+00 4.941700000000000000e+04 4.915000000000000000e+04 5.122100000000000000e+04 5.177700000000000000e+04 2.497141918609850109e+01 2.300000000000000000e+01
-7.800000000000000000e+01 9.100000000000000000e+01 -6.000000000000000000e+00 4.975700000000000000e+04 4.947300000000000000e+04 5.093000000000000000e+04 5.148900000000000000e+04 2.498245117708574980e+01 2.300000000000000000e+01
-7.000000000000000000e+01 8.100000000000000000e+01 2.000000000000000000e+00 4.994500000000000000e+04 4.998200000000000000e+04 5.099000000000000000e+04 5.105300000000000000e+04 2.499126316106412560e+01 2.400000000000000000e+01
-7.700000000000000000e+01 5.300000000000000000e+01 1.900000000000000000e+01 4.950400000000000000e+04 5.023500000000000000e+04 5.136000000000000000e+04 5.065400000000000000e+04 2.500149733200669289e+01 2.400000000000000000e+01
-4.800000000000000000e+01 5.400000000000000000e+01 1.700000000000000000e+01 5.010700000000000000e+04 4.945800000000000000e+04 5.089200000000000000e+04 5.126000000000000000e+04 2.501165418501477689e+01 2.400000000000000000e+01
-1.400000000000000000e+01 4.100000000000000000e+01 2.000000000000000000e+01 4.984800000000000000e+04 5.071900000000000000e+04 5.111900000000000000e+04 5.002700000000000000e+04 2.502220740704797208e+01 2.400000000000000000e+01
4.200000000000000000e+01 -2.000000000000000000e+01 1.000000000000000000e+01 4.952300000000000000e+04 5.103700000000000000e+04 5.139400000000000000e+04 4.968900000000000000e+04 2.503318202099762857e+01 2.900000000000000000e+01
6.400000000000000000e+01 -1.000000000000000000e+00 1.900000000000000000e+01 5.003800000000000000e+04 5.095700000000000000e+04 5.044600000000000000e+04 4.926200000000000000e+04 2.504152816510759294e+01 2.900000000000000000e+01
2.200000000000000000e+01 2.800000000000000000e+01 1.000000000000000000e+01 4.830200000000000000e+04 5.073000000000000000e+04 5.225600000000000000e+04 4.890900000000000000e+04 2.505392187507823110e+01 2.900000000000000000e+01
-1.700000000000000000e+01 1.150000000000000000e+02 -8.000000000000000000e+00 4.836600000000000000e+04 5.078700000000000000e+04 5.172100000000000000e+04 4.937400000000000000e+04 2.506169448804575950e+01 2.900000000000000000e+01
-4.800000000000000000e+01 2.320000000000000000e+02 -1.300000000000000000e+01 5.004500000000000000e+04 4.994000000000000000e+04 4.994300000000000000e+04 5.010200000000000000e+04 2.507149215403478593e+01 2.900000000000000000e+01
-1.430000000000000000e+02 3.020000000000000000e+02 -2.400000000000000000e+01 4.962600000000000000e+04 4.924900000000000000e+04 5.009700000000000000e+04 5.100400000000000000e+04 2.508234048110898584e+01 2.900000000000000000e+01
-2.170000000000000000e+02 3.300000000000000000e+02 -1.400000000000000000e+01 4.903100000000000000e+04 4.864100000000000000e+04 5.077000000000000000e+04 5.168100000000000000e+04 2.509183395607396960e+01 3.300000000000000000e+01
-2.770000000000000000e+02 3.970000000000000000e+02 -8.000000000000000000e+00 4.932800000000000000e+04 4.737500000000000000e+04 5.006800000000000000e+04 5.216500000000000000e+04 2.510226281604263932e+01 3.300000000000000000e+01
-2.780000000000000000e+02 3.850000000000000000e+02 -2.600000000000000000e+01 4.900300000000000000e+04 4.782100000000000000e+04 5.026700000000000000e+04 5.196200000000000000e+04 2.511450364300981164e+01 3.300000000000000000e+01
-3.020000000000000000e+02 3.260000000000000000e+02 -2.500000000000000000e+01 4.891200000000000000e+04 4.827000000000000000e+04 5.036900000000000000e+04 5.162500000000000000e+04 2.512153505010064691e+01 3.300000000000000000e+01
-2.360000000000000000e+02 2.620000000000000000e+02 -2.800000000000000000e+01 4.907000000000000000e+04 4.824700000000000000e+04 5.020100000000000000e+04 5.164300000000000000e+04 2.513202327711042017e+01 3.200000000000000000e+01
-1.940000000000000000e+02 1.330000000000000000e+02 -2.200000000000000000e+01 4.948500000000000000e+04 5.029500000000000000e+04 4.968700000000000000e+04 4.985600000000000000e+04 2.514214719901792705e+01 3.200000000000000000e+01
-1.350000000000000000e+02 6.000000000000000000e+01 -1.500000000000000000e+01 4.969400000000000000e+04 5.058100000000000000e+04 4.953400000000000000e+04 4.937700000000000000e+04 2.515226863801945001e+01 3.200000000000000000e+01
-1.470000000000000000e+02 3.000000000000000000e+00 6.000000000000000000e+00 4.914700000000000000e+04 5.033300000000000000e+04 5.022500000000000000e+04 4.959000000000000000e+04 2.516292465105652809e+01 3.200000000000000000e+01
-1.880000000000000000e+02 -2.400000000000000000e+01 1.000000000000000000e+00 4.897300000000000000e+04 5.001300000000000000e+04 5.058200000000000000e+04 4.987800000000000000e+04 2.517234665900468826e+01 3.200000000000000000e+01
-2.420000000000000000e+02 -3.800000000000000000e+01 1.800000000000000000e+01 4.857700000000000000e+04 4.936600000000000000e+04 5.129800000000000000e+04 5.029300000000000000e+04 2.518137528805527836e+01 3.200000000000000000e+01
-2.830000000000000000e+02 -1.040000000000000000e+02 1.000000000000000000e+00 4.794100000000000000e+04 4.996200000000000000e+04 5.187000000000000000e+04 5.020400000000000000e+04 2.519342022005002946e+01 3.500000000000000000e+01
-3.360000000000000000e+02 -1.180000000000000000e+02 1.100000000000000000e+01 4.763200000000000000e+04 4.939300000000000000e+04 5.207200000000000000e+04 5.045600000000000000e+04 2.520383576303720474e+01 3.500000000000000000e+01
-3.280000000000000000e+02 -1.150000000000000000e+02 1.500000000000000000e+01 4.766900000000000000e+04 4.960300000000000000e+04 5.198800000000000000e+04 5.047500000000000000e+04 2.521226348506752402e+01 3.500000000000000000e+01
-2.840000000000000000e+02 -8.800000000000000000e+01 -1.500000000000000000e+01 4.783400000000000000e+04 4.959200000000000000e+04 5.162500000000000000e+04 5.086000000000000000e+04 2.522879776603076607e+01 3.500000000000000000e+01
-1.960000000000000000e+02 -6.300000000000000000e+01 -1.200000000000000000e+01 4.840600000000000000e+04 5.015200000000000000e+04 5.142400000000000000e+04 5.048100000000000000e+04 2.523363932105712593e+01 3.500000000000000000e+01
-6.700000000000000000e+01 -2.800000000000000000e+01 -1.800000000000000000e+01 4.941600000000000000e+04 5.052400000000000000e+04 5.033400000000000000e+04 4.988600000000000000e+04 2.524212333408650011e+01 3.500000000000000000e+01
7.000000000000000000e+00 5.000000000000000000e+00 -1.900000000000000000e+01 4.944300000000000000e+04 5.096800000000000000e+04 5.031300000000000000e+04 4.966000000000000000e+04 2.525207392906304449e+01 3.500000000000000000e+01
4.400000000000000000e+01 1.000000000000000000e+02 -1.700000000000000000e+01 5.004200000000000000e+04 4.946200000000000000e+04 4.967500000000000000e+04 5.132600000000000000e+04 2.526221495110075921e+01 3.500000000000000000e+01
2.500000000000000000e+01 1.590000000000000000e+02 -2.100000000000000000e+01 5.050500000000000000e+04 4.962800000000000000e+04 4.972000000000000000e+04 5.077400000000000000e+04 2.527154574810992926e+01 3.500000000000000000e+01
3.600000000000000000e+01 1.360000000000000000e+02 -4.200000000000000000e+01 5.012000000000000000e+04 5.019300000000000000e+04 4.963700000000000000e+04 5.074100000000000000e+04 2.528150611801538616e+01 3.500000000000000000e+01
3.700000000000000000e+01 1.160000000000000000e+02 -5.600000000000000000e+01 5.007200000000000000e+04 5.052500000000000000e+04 4.981000000000000000e+04 5.038800000000000000e+04 2.529386098100803792e+01 3.600000000000000000e+01
5.000000000000000000e+01 2.400000000000000000e+01 -4.100000000000000000e+01 4.945700000000000000e+04 5.137300000000000000e+04 5.005300000000000000e+04 4.996700000000000000e+04 2.530292027501855046e+01 3.600000000000000000e+01
5.000000000000000000e+00 -3.200000000000000000e+01 -1.200000000000000000e+01 4.939500000000000000e+04 5.099200000000000000e+04 5.048800000000000000e+04 5.008800000000000000e+04 2.531144114106427878e+01 3.600000000000000000e+01
-2.800000000000000000e+01 -6.200000000000000000e+01 -1.400000000000000000e+01 4.943700000000000000e+04 5.112800000000000000e+04 5.073500000000000000e+04 4.989200000000000000e+04 2.532176392909605056e+01 3.600000000000000000e+01
-1.260000000000000000e+02 -1.330000000000000000e+02 -1.100000000000000000e+01 4.801200000000000000e+04 5.085100000000000000e+04 5.208300000000000000e+04 5.021900000000000000e+04 2.533257526811212301e+01 3.000000000000000000e+01
-2.310000000000000000e+02 -1.100000000000000000e+02 1.300000000000000000e+01 4.787300000000000000e+04 5.023700000000000000e+04 5.268700000000000000e+04 5.122100000000000000e+04 2.534179901808965951e+01 3.000000000000000000e+01
-2.610000000000000000e+02 -9.900000000000000000e+01 1.600000000000000000e+01 4.812600000000000000e+04 5.003500000000000000e+04 5.274000000000000000e+04 5.126500000000000000e+04 2.535173639503773302e+01 3.000000000000000000e+01
-2.920000000000000000e+02 -3.800000000000000000e+01 4.400000000000000000e+01 4.854000000000000000e+04 4.955800000000000000e+04 5.226600000000000000e+04 5.197800000000000000e+04 2.536185912007931620e+01 3.000000000000000000e+01
-3.120000000000000000e+02 -3.000000000000000000e+01 4.100000000000000000e+01 4.942700000000000000e+04 4.969800000000000000e+04 5.236600000000000000e+04 5.111600000000000000e+04 2.537219947902485728e+01 3.000000000000000000e+01
-3.130000000000000000e+02 3.400000000000000000e+01 2.900000000000000000e+01 4.939200000000000000e+04 5.006700000000000000e+04 5.193800000000000000e+04 5.137300000000000000e+04 2.538250088505446911e+01 3.000000000000000000e+01
-2.990000000000000000e+02 6.800000000000000000e+01 6.000000000000000000e+01 4.993300000000000000e+04 4.992600000000000000e+04 5.203600000000000000e+04 5.127500000000000000e+04 2.539516522304620594e+01 2.700000000000000000e+01
-2.460000000000000000e+02 1.290000000000000000e+02 4.300000000000000000e+01 4.983000000000000000e+04 5.012400000000000000e+04 5.169200000000000000e+04 5.233500000000000000e+04 2.540437989810016006e+01 2.700000000000000000e+01
-1.880000000000000000e+02 1.380000000000000000e+02 6.000000000000000000e+01 5.084200000000000000e+04 4.981600000000000000e+04 5.167600000000000000e+04 5.175500000000000000e+04 2.541237733408343047e+01 2.700000000000000000e+01
-8.900000000000000000e+01 1.590000000000000000e+02 4.500000000000000000e+01 5.119500000000000000e+04 5.045400000000000000e+04 5.133500000000000000e+04 5.150800000000000000e+04 2.543280509603209794e+01 2.700000000000000000e+01
-8.100000000000000000e+01 1.350000000000000000e+02 3.100000000000000000e+01 5.124200000000000000e+04 5.046200000000000000e+04 5.093300000000000000e+04 5.182000000000000000e+04 2.543563451908994466e+01 2.500000000000000000e+01
-4.000000000000000000e+00 1.380000000000000000e+02 1.100000000000000000e+01 5.124700000000000000e+04 5.103700000000000000e+04 5.100400000000000000e+04 5.169900000000000000e+04 2.545283216808456928e+01 2.500000000000000000e+01
0.000000000000000000e+00 8.300000000000000000e+01 6.000000000000000000e+00 5.082100000000000000e+04 5.096500000000000000e+04 5.143700000000000000e+04 5.180800000000000000e+04 2.545600040210410953e+01 2.500000000000000000e+01
-4.000000000000000000e+00 4.300000000000000000e+01 1.800000000000000000e+01 5.015900000000000000e+04 5.123200000000000000e+04 5.202400000000000000e+04 5.158100000000000000e+04 2.546346867003012449e+01 2.500000000000000000e+01
5.000000000000000000e+01 -1.900000000000000000e+01 2.900000000000000000e+01 5.062300000000000000e+04 5.126900000000000000e+04 5.176800000000000000e+04 5.123200000000000000e+04 2.547215420810971409e+01 2.500000000000000000e+01
6.300000000000000000e+01 -4.000000000000000000e+01 3.000000000000000000e+00 5.048000000000000000e+04 5.127100000000000000e+04 5.182500000000000000e+04 5.130900000000000000e+04 2.548173921008128673e+01 2.500000000000000000e+01
5.700000000000000000e+01 -8.300000000000000000e+01 -2.000000000000000000e+00 4.917900000000000000e+04 5.155800000000000000e+04 5.270200000000000000e+04 5.123400000000000000e+04 2.549168545904103667e+01 2.400000000000000000e+01
7.400000000000000000e+01 -1.160000000000000000e+02 -1.400000000000000000e+01 5.005100000000000000e+04 5.196000000000000000e+04 5.218700000000000000e+04 5.039300000000000000e+04 2.550112906005233526e+01 2.400000000000000000e+01
6.800000000000000000e+01 -7.200000000000000000e+01 6.000000000000000000e+00 4.900100000000000000e+04 5.198500000000000000e+04 5.274900000000000000e+04 5.094600000000000000e+04 2.551106720906682312e+01 2.400000000000000000e+01
6.100000000000000000e+01 -9.100000000000000000e+01 -4.000000000000000000e+00 4.958300000000000000e+04 5.169700000000000000e+04 5.234800000000000000e+04 5.071500000000000000e+04 2.552168375102337450e+01 2.400000000000000000e+01
1.200000000000000000e+01 3.000000000000000000e+01 1.500000000000000000e+01 4.967600000000000000e+04 5.055300000000000000e+04 5.189800000000000000e+04 5.214200000000000000e+04 2.553130782907828689e+01 2.100000000000000000e+01
2.500000000000000000e+01 5.100000000000000000e+01 -5.000000000000000000e+00 5.069800000000000000e+04 5.052900000000000000e+04 5.165600000000000000e+04 5.162400000000000000e+04 2.554344666108954698e+01 2.100000000000000000e+01
1.100000000000000000e+01 4.700000000000000000e+01 3.000000000000000000e+00 4.906400000000000000e+04 5.082800000000000000e+04 5.180000000000000000e+04 5.220900000000000000e+04 2.555172366404440254e+01 2.100000000000000000e+01
2.900000000000000000e+01 4.300000000000000000e+01 -2.600000000000000000e+01 4.918800000000000000e+04 4.991200000000000000e+04 5.222100000000000000e+04 5.248000000000000000e+04 2.556129380606580526e+01 2.100000000000000000e+01
6.200000000000000000e+01 2.800000000000000000e+01 -7.000000000000000000e+00 4.993600000000000000e+04 5.053800000000000000e+04 5.162200000000000000e+04 5.167800000000000000e+04 2.557211932109203190e+01 2.100000000000000000e+01
1.640000000000000000e+02 5.000000000000000000e+01 -1.500000000000000000e+01 5.004000000000000000e+04 5.052200000000000000e+04 5.130800000000000000e+04 5.178500000000000000e+04 2.558127329905983061e+01 2.100000000000000000e+01
1.720000000000000000e+02 7.900000000000000000e+01 -2.200000000000000000e+01 5.044200000000000000e+04 5.116400000000000000e+04 5.099300000000000000e+04 5.129100000000000000e+04 2.559126441506668925e+01 1.900000000000000000e+01
1.970000000000000000e+02 6.800000000000000000e+01 -1.900000000000000000e+01 5.042700000000000000e+04 5.057700000000000000e+04 5.098900000000000000e+04 5.206500000000000000e+04 2.560110559000167996e+01 1.900000000000000000e+01
2.240000000000000000e+02 1.400000000000000000e+01 -3.600000000000000000e+01 5.035900000000000000e+04 5.187100000000000000e+04 5.089300000000000000e+04 5.090800000000000000e+04 2.561183040007017553e+01 1.900000000000000000e+01
2.070000000000000000e+02 -3.100000000000000000e+01 -4.100000000000000000e+01 5.034100000000000000e+04 5.195100000000000000e+04 5.077800000000000000e+04 5.079600000000000000e+04 2.562169239309150726e+01 1.900000000000000000e+01
2.260000000000000000e+02 -2.500000000000000000e+01 -3.900000000000000000e+01 5.059100000000000000e+04 5.142100000000000000e+04 5.042400000000000000e+04 5.127400000000000000e+04 2.563186064409092069e+01 1.900000000000000000e+01
1.360000000000000000e+02 -2.200000000000000000e+01 -3.200000000000000000e+01 4.940400000000000000e+04 5.155500000000000000e+04 5.151800000000000000e+04 5.104700000000000000e+04 2.564165654801763594e+01 1.900000000000000000e+01
1.250000000000000000e+02 -1.900000000000000000e+01 -2.500000000000000000e+01 4.933500000000000000e+04 5.094500000000000000e+04 5.131300000000000000e+04 5.141400000000000000e+04 2.565180121408775449e+01 1.900000000000000000e+01
7.100000000000000000e+01 -2.600000000000000000e+01 -2.000000000000000000e+01 4.943300000000000000e+04 5.093200000000000000e+04 5.127300000000000000e+04 5.130600000000000000e+04 2.566073609306477010e+01 1.900000000000000000e+01
5.400000000000000000e+01 6.300000000000000000e+01 -2.000000000000000000e+01 4.950900000000000000e+04 5.027000000000000000e+04 5.109100000000000000e+04 5.188300000000000000e+04 2.567194061109330505e+01 1.900000000000000000e+01
2.700000000000000000e+01 1.200000000000000000e+02 -1.800000000000000000e+01 5.047500000000000000e+04 5.031100000000000000e+04 5.009100000000000000e+04 5.170900000000000000e+04 2.568162405700422823e+01 1.900000000000000000e+01
-2.900000000000000000e+01 1.800000000000000000e+02 -5.000000000000000000e+00 4.999100000000000000e+04 4.945300000000000000e+04 5.059500000000000000e+04 5.233200000000000000e+04 2.569114179303869605e+01 1.900000000000000000e+01
-7.600000000000000000e+01 1.440000000000000000e+02 1.500000000000000000e+01 4.990800000000000000e+04 4.874900000000000000e+04 5.062200000000000000e+04 5.284000000000000000e+04 2.570103604206815362e+01 1.900000000000000000e+01
-5.300000000000000000e+01 9.400000000000000000e+01 2.200000000000000000e+01 4.911300000000000000e+04 4.933200000000000000e+04 5.141600000000000000e+04 5.219000000000000000e+04 2.571254245901945978e+01 1.900000000000000000e+01
-4.000000000000000000e+01 7.000000000000000000e+00 4.300000000000000000e+01 4.945800000000000000e+04 4.976000000000000000e+04 5.124700000000000000e+04 5.162700000000000000e+04 2.572220535506494343e+01 1.900000000000000000e+01
1.600000000000000000e+01 -4.500000000000000000e+01 4.200000000000000000e+01 4.916000000000000000e+04 4.991700000000000000e+04 5.145000000000000000e+04 5.110400000000000000e+04 2.573223584203515202e+01 2.100000000000000000e+01
3.000000000000000000e+01 -8.000000000000000000e+01 6.700000000000000000e+01 4.812200000000000000e+04 5.044700000000000000e+04 5.191400000000000000e+04 5.056800000000000000e+04 2.574147787701804191e+01 2.100000000000000000e+01
1.680000000000000000e+02 -2.070000000000000000e+02 7.400000000000000000e+01 4.929200000000000000e+04 5.143600000000000000e+04 5.129200000000000000e+04 4.903000000000000000e+04 2.575095692509785295e+01 2.100000000000000000e+01
2.130000000000000000e+02 -1.990000000000000000e+02 9.900000000000000000e+01 4.932900000000000000e+04 5.149700000000000000e+04 5.156300000000000000e+04 4.857900000000000000e+04 2.576316318602766842e+01 2.100000000000000000e+01
2.350000000000000000e+02 -2.390000000000000000e+02 1.040000000000000000e+02 4.899900000000000000e+04 5.124800000000000000e+04 5.153900000000000000e+04 4.878000000000000000e+04 2.577196398901287466e+01 2.100000000000000000e+01
2.260000000000000000e+02 -1.750000000000000000e+02 1.220000000000000000e+02 4.923300000000000000e+04 5.108900000000000000e+04 5.163300000000000000e+04 4.889500000000000000e+04 2.578203224006574601e+01 2.100000000000000000e+01
2.140000000000000000e+02 -1.100000000000000000e+02 1.200000000000000000e+02 5.000600000000000000e+04 5.067500000000000000e+04 5.129200000000000000e+04 4.892000000000000000e+04 2.579180954000912607e+01 2.200000000000000000e+01
1.580000000000000000e+02 -4.600000000000000000e+01 1.250000000000000000e+02 5.041500000000000000e+04 4.996900000000000000e+04 5.070300000000000000e+04 4.949000000000000000e+04 2.580120203411206603e+01 2.200000000000000000e+01
9.700000000000000000e+01 4.400000000000000000e+01 1.240000000000000000e+02 4.940300000000000000e+04 4.916400000000000000e+04 5.117100000000000000e+04 5.071600000000000000e+04 2.581171499704942107e+01 2.200000000000000000e+01
2.000000000000000000e+01 1.000000000000000000e+01 1.310000000000000000e+02 4.902000000000000000e+04 4.865400000000000000e+04 5.213100000000000000e+04 5.057800000000000000e+04 2.582090965006500483e+01 2.200000000000000000e+01
-1.200000000000000000e+01 6.400000000000000000e+01 1.340000000000000000e+02 4.976200000000000000e+04 4.897500000000000000e+04 5.224200000000000000e+04 4.943300000000000000e+04 2.583081306703388691e+01 2.500000000000000000e+01
-7.800000000000000000e+01 7.700000000000000000e+01 1.320000000000000000e+02 4.920600000000000000e+04 4.821800000000000000e+04 5.158300000000000000e+04 5.083200000000000000e+04 2.584102532709948719e+01 2.500000000000000000e+01
-1.190000000000000000e+02 9.700000000000000000e+01 1.390000000000000000e+02 5.039300000000000000e+04 4.823800000000000000e+04 5.183200000000000000e+04 4.934900000000000000e+04 2.585222922510001808e+01 2.500000000000000000e+01
-1.240000000000000000e+02 8.900000000000000000e+01 1.550000000000000000e+02 5.000100000000000000e+04 4.876300000000000000e+04 5.101100000000000000e+04 5.013400000000000000e+04 2.586100344208534807e+01 2.500000000000000000e+01
-1.460000000000000000e+02 7.800000000000000000e+01 1.700000000000000000e+02 5.001100000000000000e+04 4.804300000000000000e+04 5.153800000000000000e+04 4.995800000000000000e+04 2.587157325004227459e+01 2.500000000000000000e+01
-1.270000000000000000e+02 7.900000000000000000e+01 1.740000000000000000e+02 4.948300000000000000e+04 4.776600000000000000e+04 5.163300000000000000e+04 5.059100000000000000e+04 2.588187716901302338e+01 2.500000000000000000e+01
-1.180000000000000000e+02 3.900000000000000000e+01 1.830000000000000000e+02 4.985300000000000000e+04 4.766400000000000000e+04 5.176100000000000000e+04 5.021500000000000000e+04 2.589133529702667147e+01 2.600000000000000000e+01
