1.000000000000000000e+00 -6.300000000000000000e+01 -7.000000000000000000e+00 5.178400000000000000e+04 5.091100000000000000e+04 5.338500000000000000e+04 5.071100000000000000e+04 1.730690995999611914e+01 7.750000000000000000e+02
2.500000000000000000e+01 -2.800000000000000000e+01 -7.000000000000000000e+00 5.177800000000000000e+04 5.054800000000000000e+04 5.348200000000000000e+04 5.129300000000000000e+04 1.731679929804522544e+01 7.750000000000000000e+02
4.000000000000000000e+01 -4.000000000000000000e+00 -3.200000000000000000e+01 5.193300000000000000e+04 5.104700000000000000e+04 5.313700000000000000e+04 5.107100000000000000e+04 1.732604478497523814e+01 7.750000000000000000e+02
6.100000000000000000e+01 -1.600000000000000000e+01 -2.000000000000000000e+01 5.220900000000000000e+04 5.134800000000000000e+04 5.271500000000000000e+04 5.071400000000000000e+04 1.733818643004633486e+01 7.770000000000000000e+02
5.800000000000000000e+01 -2.000000000000000000e+01 -1.100000000000000000e+01 5.217200000000000000e+04 5.152800000000000000e+04 5.289300000000000000e+04 5.036800000000000000e+04 1.734620700799860060e+01 7.770000000000000000e+02
2.500000000000000000e+01 9.000000000000000000e+00 -1.400000000000000000e+01 5.161000000000000000e+04 5.068000000000000000e+04 5.327300000000000000e+04 5.100000000000000000e+04 1.735636347602121532e+01 7.770000000000000000e+02
6.000000000000000000e+00 3.400000000000000000e+01 -1.800000000000000000e+01 5.157000000000000000e+04 5.109400000000000000e+04 5.326300000000000000e+04 5.064100000000000000e+04 1.736777880298905075e+01 7.770000000000000000e+02
6.000000000000000000e+00 9.000000000000000000e+00 -2.800000000000000000e+01 5.186700000000000000e+04 5.076700000000000000e+04 5.292200000000000000e+04 5.109300000000000000e+04 1.737698389904107898e+01 7.770000000000000000e+02
-1.400000000000000000e+01 5.000000000000000000e+01 -1.400000000000000000e+01 5.171700000000000000e+04 5.080400000000000000e+04 5.301400000000000000e+04 5.111700000000000000e+04 1.738646225002594292e+01 7.770000000000000000e+02
-1.000000000000000000e+01 7.000000000000000000e+00 -1.200000000000000000e+01 5.191900000000000000e+04 5.069700000000000000e+04 5.263200000000000000e+04 5.103600000000000000e+04 1.739633620600216091e+01 7.770000000000000000e+02
-7.000000000000000000e+00 8.300000000000000000e+01 -1.200000000000000000e+01 5.203700000000000000e+04 5.062000000000000000e+04 5.269900000000000000e+04 5.122400000000000000e+04 1.740701233502477407e+01 7.770000000000000000e+02
4.000000000000000000e+00 3.800000000000000000e+01 -1.200000000000000000e+01 5.178700000000000000e+04 5.061800000000000000e+04 5.300400000000000000e+04 5.111900000000000000e+04 1.741704779304563999e+01 7.770000000000000000e+02
-2.000000000000000000e+01 2.100000000000000000e+01 -8.000000000000000000e+00 5.150100000000000000e+04 5.101100000000000000e+04 5.331200000000000000e+04 5.063600000000000000e+04 1.742602958506904542e+01 7.770000000000000000e+02
3.700000000000000000e+01 5.000000000000000000e+00 -2.100000000000000000e+01 5.193400000000000000e+04 5.087500000000000000e+04 5.289700000000000000e+04 5.085600000000000000e+04 1.743619239900726825e+01 7.750000000000000000e+02
-1.900000000000000000e+01 2.900000000000000000e+01 6.000000000000000000e+00 5.157900000000000000e+04 5.031900000000000000e+04 5.299300000000000000e+04 5.132400000000000000e+04 1.744589892006479204e+01 7.750000000000000000e+02
-7.000000000000000000e+00 2.800000000000000000e+01 -1.900000000000000000e+01 5.169600000000000000e+04 5.129500000000000000e+04 5.292200000000000000e+04 5.030300000000000000e+04 1.745625643699895591e+01 7.750000000000000000e+02
-1.000000000000000000e+00 -7.000000000000000000e+00 -2.000000000000000000e+00 5.162900000000000000e+04 5.093600000000000000e+04 5.286200000000000000e+04 5.047800000000000000e+04 1.746733085997402668e+01 7.750000000000000000e+02
1.800000000000000000e+01 5.000000000000000000e+00 -2.200000000000000000e+01 5.154500000000000000e+04 5.138800000000000000e+04 5.298800000000000000e+04 5.027800000000000000e+04 1.747645183803979307e+01 7.750000000000000000e+02
-3.400000000000000000e+01 3.100000000000000000e+01 -7.000000000000000000e+00 5.136200000000000000e+04 5.040300000000000000e+04 5.312100000000000000e+04 5.127800000000000000e+04 1.748613954207394272e+01 7.720000000000000000e+02
9.000000000000000000e+00 7.000000000000000000e+00 0.000000000000000000e+00 5.157700000000000000e+04 5.087900000000000000e+04 5.332300000000000000e+04 5.087700000000000000e+04 1.749643581698182970e+01 7.720000000000000000e+02
3.400000000000000000e+01 -1.500000000000000000e+01 -5.000000000000000000e+00 5.181200000000000000e+04 5.125900000000000000e+04 5.321200000000000000e+04 5.039100000000000000e+04 1.750589368504006416e+01 7.720000000000000000e+02
6.000000000000000000e+00 -2.500000000000000000e+01 -1.500000000000000000e+01 5.143600000000000000e+04 5.078700000000000000e+04 5.360100000000000000e+04 5.114200000000000000e+04 1.751640247507020831e+01 7.720000000000000000e+02
3.800000000000000000e+01 2.300000000000000000e+01 -6.000000000000000000e+00 5.197300000000000000e+04 5.148900000000000000e+04 5.295100000000000000e+04 5.066900000000000000e+04 1.752558658900670707e+01 7.720000000000000000e+02
5.500000000000000000e+01 -1.200000000000000000e+01 -2.400000000000000000e+01 5.224000000000000000e+04 5.152700000000000000e+04 5.276200000000000000e+04 5.071700000000000000e+04 1.753617232199758291e+01 7.720000000000000000e+02
5.600000000000000000e+01 4.000000000000000000e+01 -2.600000000000000000e+01 5.200200000000000000e+04 5.177800000000000000e+04 5.275900000000000000e+04 5.031600000000000000e+04 1.754583686299156398e+01 7.720000000000000000e+02
1.010000000000000000e+02 1.800000000000000000e+01 -2.100000000000000000e+01 5.245500000000000000e+04 5.151200000000000000e+04 5.220200000000000000e+04 5.069200000000000000e+04 1.755670453701168299e+01 7.720000000000000000e+02
5.700000000000000000e+01 7.800000000000000000e+01 -1.300000000000000000e+01 5.238000000000000000e+04 5.054200000000000000e+04 5.231800000000000000e+04 5.159700000000000000e+04 1.756746245699469000e+01 7.720000000000000000e+02
9.400000000000000000e+01 4.400000000000000000e+01 -3.500000000000000000e+01 5.206000000000000000e+04 5.176200000000000000e+04 5.266600000000000000e+04 5.035800000000000000e+04 1.757637197105214000e+01 7.720000000000000000e+02
5.700000000000000000e+01 -8.000000000000000000e+00 -2.200000000000000000e+01 5.197800000000000000e+04 5.165000000000000000e+04 5.260500000000000000e+04 5.063000000000000000e+04 1.758614167198538780e+01 7.740000000000000000e+02
2.800000000000000000e+01 1.400000000000000000e+01 -3.100000000000000000e+01 5.174800000000000000e+04 5.134900000000000000e+04 5.272600000000000000e+04 5.087900000000000000e+04 1.759648887999355793e+01 7.740000000000000000e+02
-1.100000000000000000e+01 -2.200000000000000000e+01 -5.000000000000000000e+00 5.176600000000000000e+04 5.091900000000000000e+04 5.278000000000000000e+04 5.117700000000000000e+04 1.760655275499448180e+01 7.740000000000000000e+02
-1.000000000000000000e+01 -5.000000000000000000e+01 -9.000000000000000000e+00 5.123000000000000000e+04 5.124800000000000000e+04 5.333800000000000000e+04 5.072300000000000000e+04 1.761565581499598920e+01 7.740000000000000000e+02
-4.300000000000000000e+01 -4.000000000000000000e+01 -1.000000000000000000e+00 5.150100000000000000e+04 5.056100000000000000e+04 5.317200000000000000e+04 5.125400000000000000e+04 1.762622995302081108e+01 7.740000000000000000e+02
0.000000000000000000e+00 -4.100000000000000000e+01 1.000000000000000000e+00 5.148100000000000000e+04 5.037100000000000000e+04 5.321200000000000000e+04 5.114900000000000000e+04 1.763642482401337475e+01 7.740000000000000000e+02
-1.900000000000000000e+01 -4.100000000000000000e+01 -5.000000000000000000e+00 5.170500000000000000e+04 5.110200000000000000e+04 5.290200000000000000e+04 5.021500000000000000e+04 1.764751068502664566e+01 7.740000000000000000e+02
2.800000000000000000e+01 -6.600000000000000000e+01 7.000000000000000000e+00 5.136900000000000000e+04 5.079100000000000000e+04 5.307200000000000000e+04 5.029400000000000000e+04 1.765627532801590860e+01 7.740000000000000000e+02
3.100000000000000000e+01 -3.100000000000000000e+01 0.000000000000000000e+00 5.174900000000000000e+04 5.099700000000000000e+04 5.274800000000000000e+04 4.997700000000000000e+04 1.766630600206553936e+01 7.740000000000000000e+02
4.000000000000000000e+01 -3.700000000000000000e+01 -2.000000000000000000e+00 5.175400000000000000e+04 5.056400000000000000e+04 5.262600000000000000e+04 5.052700000000000000e+04 1.767540218401700258e+01 7.740000000000000000e+02
4.500000000000000000e+01 -1.000000000000000000e+01 1.200000000000000000e+01 5.192100000000000000e+04 5.080800000000000000e+04 5.251300000000000000e+04 5.014500000000000000e+04 1.768616999301593751e+01 7.730000000000000000e+02
8.100000000000000000e+01 -4.100000000000000000e+01 -4.000000000000000000e+00 5.177200000000000000e+04 5.093200000000000000e+04 5.260100000000000000e+04 5.006600000000000000e+04 1.769573655701242387e+01 7.730000000000000000e+02
5.900000000000000000e+01 0.000000000000000000e+00 -5.000000000000000000e+00 5.218000000000000000e+04 5.066100000000000000e+04 5.236800000000000000e+04 5.045400000000000000e+04 1.770586530095897615e+01 7.730000000000000000e+02
6.100000000000000000e+01 -2.000000000000000000e+00 -3.000000000000000000e+00 5.194300000000000000e+04 5.134200000000000000e+04 5.261500000000000000e+04 4.967700000000000000e+04 1.771599232102744281e+01 7.730000000000000000e+02
4.300000000000000000e+01 -7.500000000000000000e+01 -3.000000000000000000e+00 5.105000000000000000e+04 5.131300000000000000e+04 5.338300000000000000e+04 4.974600000000000000e+04 1.772621457907371223e+01 7.730000000000000000e+02
-1.700000000000000000e+01 -2.000000000000000000e+00 -1.000000000000000000e+00 5.188900000000000000e+04 5.007300000000000000e+04 5.265600000000000000e+04 5.136000000000000000e+04 1.773655345500446856e+01 7.710000000000000000e+02
-3.500000000000000000e+01 -5.500000000000000000e+01 7.000000000000000000e+00 5.110700000000000000e+04 5.096100000000000000e+04 5.313800000000000000e+04 5.037500000000000000e+04 1.774583311204332858e+01 7.710000000000000000e+02
-4.000000000000000000e+01 1.800000000000000000e+01 8.000000000000000000e+00 5.157700000000000000e+04 5.001000000000000000e+04 5.280000000000000000e+04 5.121500000000000000e+04 1.775594409101177007e+01 7.710000000000000000e+02
-1.900000000000000000e+01 -1.900000000000000000e+01 -7.000000000000000000e+00 5.126900000000000000e+04 5.056500000000000000e+04 5.310300000000000000e+04 5.065000000000000000e+04 1.776522898196708411e+01 7.710000000000000000e+02
-3.400000000000000000e+01 3.600000000000000000e+01 -1.200000000000000000e+01 5.152800000000000000e+04 5.033200000000000000e+04 5.278900000000000000e+04 5.096700000000000000e+04 1.777612369705457240e+01 7.710000000000000000e+02
-3.000000000000000000e+00 -1.000000000000000000e+00 -4.000000000000000000e+00 5.151700000000000000e+04 5.021100000000000000e+04 5.274500000000000000e+04 5.115100000000000000e+04 1.778587744804099202e+01 7.710000000000000000e+02
1.000000000000000000e+00 -6.000000000000000000e+00 -5.000000000000000000e+00 5.163200000000000000e+04 5.092100000000000000e+04 5.274200000000000000e+04 5.060600000000000000e+04 1.779649470199365169e+01 7.710000000000000000e+02
2.200000000000000000e+01 -4.900000000000000000e+01 4.000000000000000000e+00 5.122600000000000000e+04 5.076100000000000000e+04 5.315500000000000000e+04 5.069800000000000000e+04 1.780624212196562439e+01 7.710000000000000000e+02
6.800000000000000000e+01 -6.300000000000000000e+01 4.000000000000000000e+00 5.176300000000000000e+04 5.169700000000000000e+04 5.288900000000000000e+04 4.975400000000000000e+04 1.781625215196982026e+01 7.710000000000000000e+02
8.600000000000000000e+01 -7.000000000000000000e+01 -8.000000000000000000e+00 5.182200000000000000e+04 5.183600000000000000e+04 5.292300000000000000e+04 4.947200000000000000e+04 1.782550059002824128e+01 7.710000000000000000e+02
4.500000000000000000e+01 -5.300000000000000000e+01 1.800000000000000000e+01 5.169300000000000000e+04 5.102700000000000000e+04 5.280700000000000000e+04 5.019200000000000000e+04 1.783623378199990839e+01 7.740000000000000000e+02
4.300000000000000000e+01 -6.600000000000000000e+01 -8.000000000000000000e+00 5.136100000000000000e+04 5.097400000000000000e+04 5.312200000000000000e+04 5.024700000000000000e+04 1.784538487007375807e+01 7.740000000000000000e+02
1.400000000000000000e+01 -7.400000000000000000e+01 1.000000000000000000e+01 5.146600000000000000e+04 5.130500000000000000e+04 5.297800000000000000e+04 4.993900000000000000e+04 1.785665310407057405e+01 7.740000000000000000e+02
3.000000000000000000e+00 -9.000000000000000000e+00 -6.000000000000000000e+00 5.137700000000000000e+04 5.036900000000000000e+04 5.287100000000000000e+04 5.076200000000000000e+04 1.786566724500153214e+01 7.740000000000000000e+02
-3.900000000000000000e+01 -1.400000000000000000e+01 -2.000000000000000000e+00 5.138200000000000000e+04 5.054400000000000000e+04 5.288500000000000000e+04 5.058700000000000000e+04 1.787575190502684563e+01 7.740000000000000000e+02
-3.100000000000000000e+01 4.400000000000000000e+01 -5.000000000000000000e+00 5.160600000000000000e+04 5.038900000000000000e+04 5.265000000000000000e+04 5.075700000000000000e+04 1.788534072798211128e+01 7.730000000000000000e+02
-4.000000000000000000e+01 4.600000000000000000e+01 1.000000000000000000e+00 5.131400000000000000e+04 5.040400000000000000e+04 5.285600000000000000e+04 5.077400000000000000e+04 1.789623581699561328e+01 7.730000000000000000e+02
-4.500000000000000000e+01 4.000000000000000000e+01 6.000000000000000000e+00 5.163200000000000000e+04 5.034600000000000000e+04 5.264700000000000000e+04 5.073500000000000000e+04 1.790568989305756986e+01 7.730000000000000000e+02
-4.800000000000000000e+01 7.300000000000000000e+01 6.000000000000000000e+00 5.177000000000000000e+04 5.030100000000000000e+04 5.260400000000000000e+04 5.096100000000000000e+04 1.791604145301971585e+01 7.730000000000000000e+02
-5.600000000000000000e+01 2.400000000000000000e+01 0.000000000000000000e+00 5.117600000000000000e+04 5.052500000000000000e+04 5.311600000000000000e+04 5.072500000000000000e+04 1.792659474001266062e+01 7.730000000000000000e+02
2.000000000000000000e+00 1.000000000000000000e+00 3.000000000000000000e+00 5.167800000000000000e+04 5.122100000000000000e+04 5.265700000000000000e+04 5.000800000000000000e+04 1.793614910496398807e+01 7.730000000000000000e+02
1.100000000000000000e+01 4.400000000000000000e+01 -5.000000000000000000e+00 5.171900000000000000e+04 5.028800000000000000e+04 5.241500000000000000e+04 5.082100000000000000e+04 1.794629082502797246e+01 7.730000000000000000e+02
4.000000000000000000e+00 -3.500000000000000000e+01 -6.000000000000000000e+00 5.134200000000000000e+04 5.068400000000000000e+04 5.279900000000000000e+04 5.038300000000000000e+04 1.795628624199889600e+01 7.730000000000000000e+02
-6.000000000000000000e+00 8.000000000000000000e+00 7.000000000000000000e+00 5.146200000000000000e+04 5.012600000000000000e+04 5.266700000000000000e+04 5.091900000000000000e+04 1.796650863904505968e+01 7.730000000000000000e+02
3.300000000000000000e+01 -5.400000000000000000e+01 -7.000000000000000000e+00 5.124400000000000000e+04 5.194000000000000000e+04 5.289200000000000000e+04 4.892500000000000000e+04 1.797604016400873661e+01 7.730000000000000000e+02
3.300000000000000000e+01 -6.000000000000000000e+00 0.000000000000000000e+00 5.145300000000000000e+04 5.051200000000000000e+04 5.271100000000000000e+04 5.047100000000000000e+04 1.798570728907361627e+01 7.760000000000000000e+02
2.400000000000000000e+01 1.000000000000000000e+00 1.300000000000000000e+01 5.149600000000000000e+04 5.033600000000000000e+04 5.238600000000000000e+04 5.038000000000000000e+04 1.799627787095960230e+01 7.760000000000000000e+02
1.000000000000000000e+00 -5.000000000000000000e+00 7.000000000000000000e+00 5.115200000000000000e+04 5.120700000000000000e+04 5.284600000000000000e+04 4.956800000000000000e+04 1.800640041206497699e+01 7.760000000000000000e+02
-5.000000000000000000e+00 -3.000000000000000000e+01 1.200000000000000000e+01 5.158800000000000000e+04 4.971400000000000000e+04 5.247800000000000000e+04 5.103700000000000000e+04 1.801540982897859067e+01 7.760000000000000000e+02
-3.500000000000000000e+01 3.000000000000000000e+01 1.200000000000000000e+01 5.283900000000000000e+04 4.982100000000000000e+04 5.118700000000000000e+04 5.090300000000000000e+04 1.802537058806046844e+01 7.760000000000000000e+02
-4.500000000000000000e+01 1.000000000000000000e+00 -6.000000000000000000e+00 5.178600000000000000e+04 4.991600000000000000e+04 5.253200000000000000e+04 5.107600000000000000e+04 1.803592462895903736e+01 7.720000000000000000e+02
-3.900000000000000000e+01 -1.200000000000000000e+01 1.200000000000000000e+01 5.119700000000000000e+04 5.045800000000000000e+04 5.284700000000000000e+04 5.049100000000000000e+04 1.804649689607322216e+01 7.720000000000000000e+02
-2.000000000000000000e+01 -5.500000000000000000e+01 -2.400000000000000000e+01 5.185900000000000000e+04 4.945000000000000000e+04 5.216000000000000000e+04 5.153800000000000000e+04 1.805618615506682545e+01 7.720000000000000000e+02
-3.400000000000000000e+01 -4.000000000000000000e+01 -1.600000000000000000e+01 5.131200000000000000e+04 5.070100000000000000e+04 5.270100000000000000e+04 5.033700000000000000e+04 1.806580544100143015e+01 7.720000000000000000e+02
-1.600000000000000000e+01 -9.600000000000000000e+01 -1.000000000000000000e+01 5.041800000000000000e+04 5.071000000000000000e+04 5.350300000000000000e+04 5.026600000000000000e+04 1.807663146906998008e+01 7.720000000000000000e+02
-2.100000000000000000e+01 -1.100000000000000000e+02 0.000000000000000000e+00 5.053600000000000000e+04 5.096700000000000000e+04 5.340100000000000000e+04 5.002500000000000000e+04 1.808555088599678129e+01 7.730000000000000000e+02
-5.900000000000000000e+01 -1.010000000000000000e+02 -2.000000000000000000e+00 5.077600000000000000e+04 5.063400000000000000e+04 5.330700000000000000e+04 5.047600000000000000e+04 1.809521135897375643e+01 7.730000000000000000e+02
-6.200000000000000000e+01 -8.800000000000000000e+01 3.000000000000000000e+00 5.129400000000000000e+04 5.112800000000000000e+04 5.302800000000000000e+04 5.012900000000000000e+04 1.810630802507512271e+01 7.730000000000000000e+02
-4.900000000000000000e+01 -7.100000000000000000e+01 3.000000000000000000e+00 5.089900000000000000e+04 5.111600000000000000e+04 5.329900000000000000e+04 5.021900000000000000e+04 1.811499334604013711e+01 7.730000000000000000e+02
-4.300000000000000000e+01 -6.500000000000000000e+01 -1.900000000000000000e+01 5.089400000000000000e+04 5.131000000000000000e+04 5.330000000000000000e+04 5.006000000000000000e+04 1.812662889203056693e+01 7.730000000000000000e+02
-3.900000000000000000e+01 -3.200000000000000000e+01 1.000000000000000000e+00 5.251300000000000000e+04 4.951500000000000000e+04 5.172700000000000000e+04 5.179300000000000000e+04 1.813574626098852605e+01 7.740000000000000000e+02
-1.000000000000000000e+01 -4.100000000000000000e+01 -1.400000000000000000e+01 5.158300000000000000e+04 5.116300000000000000e+04 5.260500000000000000e+04 5.020700000000000000e+04 1.814512632600963116e+01 7.740000000000000000e+02
-1.600000000000000000e+01 1.300000000000000000e+01 -2.000000000000000000e+00 5.160200000000000000e+04 5.058300000000000000e+04 5.263600000000000000e+04 5.076400000000000000e+04 1.815669542306568474e+01 7.740000000000000000e+02
2.200000000000000000e+01 2.800000000000000000e+01 1.000000000000000000e+00 5.142600000000000000e+04 5.052600000000000000e+04 5.268700000000000000e+04 5.066400000000000000e+04 1.816567041201051325e+01 7.740000000000000000e+02
-3.000000000000000000e+01 5.300000000000000000e+01 -7.000000000000000000e+00 5.213000000000000000e+04 5.030400000000000000e+04 5.219200000000000000e+04 5.102400000000000000e+04 1.817641433700919151e+01 7.740000000000000000e+02
-1.400000000000000000e+01 7.800000000000000000e+01 -2.000000000000000000e+01 5.184200000000000000e+04 5.007100000000000000e+04 5.227100000000000000e+04 5.112400000000000000e+04 1.818544444907456636e+01 7.720000000000000000e+02
-4.500000000000000000e+01 1.030000000000000000e+02 -1.600000000000000000e+01 5.200800000000000000e+04 4.989600000000000000e+04 5.235400000000000000e+04 5.166100000000000000e+04 1.819540090102236718e+01 7.720000000000000000e+02
-4.200000000000000000e+01 1.430000000000000000e+02 -3.700000000000000000e+01 5.224600000000000000e+04 5.000600000000000000e+04 5.196300000000000000e+04 5.173600000000000000e+04 1.820546511106658727e+01 7.720000000000000000e+02
-8.000000000000000000e+01 1.440000000000000000e+02 -2.000000000000000000e+01 5.182200000000000000e+04 4.916900000000000000e+04 5.240300000000000000e+04 5.247400000000000000e+04 1.821512841898947954e+01 7.720000000000000000e+02
-9.000000000000000000e+01 1.440000000000000000e+02 -4.900000000000000000e+01 5.198700000000000000e+04 4.959500000000000000e+04 5.227600000000000000e+04 5.237300000000000000e+04 1.822669426805805415e+01 7.720000000000000000e+02
-7.200000000000000000e+01 1.270000000000000000e+02 -4.000000000000000000e+00 5.205000000000000000e+04 5.011000000000000000e+04 5.229400000000000000e+04 5.180500000000000000e+04 1.823584390105679631e+01 7.730000000000000000e+02
-2.200000000000000000e+01 1.180000000000000000e+02 -2.400000000000000000e+01 5.244500000000000000e+04 5.017200000000000000e+04 5.169600000000000000e+04 5.162200000000000000e+04 1.824628116807434708e+01 7.730000000000000000e+02
-1.300000000000000000e+01 6.000000000000000000e+00 -2.300000000000000000e+01 5.177600000000000000e+04 5.060200000000000000e+04 5.239300000000000000e+04 5.115000000000000000e+04 1.825642992404755205e+01 7.730000000000000000e+02
3.700000000000000000e+01 -1.900000000000000000e+01 -2.700000000000000000e+01 5.157500000000000000e+04 5.117400000000000000e+04 5.253900000000000000e+04 5.063800000000000000e+04 1.826611715205945075e+01 7.730000000000000000e+02
2.600000000000000000e+01 -1.170000000000000000e+02 -2.400000000000000000e+01 5.113100000000000000e+04 5.096600000000000000e+04 5.275800000000000000e+04 5.065700000000000000e+04 1.827517751697450876e+01 7.730000000000000000e+02
5.600000000000000000e+01 -1.290000000000000000e+02 -2.800000000000000000e+01 5.119100000000000000e+04 5.165400000000000000e+04 5.277900000000000000e+04 5.005400000000000000e+04 1.828578937798738480e+01 7.650000000000000000e+02
6.300000000000000000e+01 -2.080000000000000000e+02 -1.700000000000000000e+01 5.127400000000000000e+04 5.202100000000000000e+04 5.327000000000000000e+04 5.035400000000000000e+04 1.829506127000786364e+01 7.650000000000000000e+02
7.000000000000000000e+00 -1.130000000000000000e+02 -1.700000000000000000e+01 5.164700000000000000e+04 5.137700000000000000e+04 5.292700000000000000e+04 5.093700000000000000e+04 1.830725882796104997e+01 7.650000000000000000e+02
1.600000000000000000e+01 -5.600000000000000000e+01 -1.900000000000000000e+01 5.229000000000000000e+04 5.081200000000000000e+04 5.243500000000000000e+04 5.162400000000000000e+04 1.831571546301711351e+01 7.650000000000000000e+02
-1.100000000000000000e+01 6.600000000000000000e+01 -1.000000000000000000e+01 5.269600000000000000e+04 5.091600000000000000e+04 5.202000000000000000e+04 5.151200000000000000e+04 1.832612438802607358e+01 7.650000000000000000e+02
8.000000000000000000e+00 1.700000000000000000e+02 -5.000000000000000000e+01 5.308200000000000000e+04 5.025800000000000000e+04 5.318200000000000000e+04 5.372400000000000000e+04 1.833557803800795227e+01 0.000000000000000000e+00
-1.400000000000000000e+01 2.180000000000000000e+02 -3.600000000000000000e+01 5.419100000000000000e+04 5.079100000000000000e+04 5.175800000000000000e+04 5.350100000000000000e+04 1.834558478998951614e+01 0.000000000000000000e+00
6.000000000000000000e+00 1.820000000000000000e+02 -5.500000000000000000e+01 5.322100000000000000e+04 5.023300000000000000e+04 5.276500000000000000e+04 5.399700000000000000e+04 1.835521027201320976e+01 0.000000000000000000e+00
-5.000000000000000000e+00 4.700000000000000000e+01 -2.600000000000000000e+01 5.376200000000000000e+04 5.324500000000000000e+04 5.259600000000000000e+04 5.137200000000000000e+04 1.836669098306447268e+01 0.000000000000000000e+00
3.600000000000000000e+01 -1.050000000000000000e+02 -2.400000000000000000e+01 4.957300000000000000e+04 4.946100000000000000e+04 5.603900000000000000e+04 5.471100000000000000e+04 1.837636996200308204e+01 0.000000000000000000e+00
-7.000000000000000000e+00 -1.920000000000000000e+02 -1.200000000000000000e+01 5.355600000000000000e+04 5.591500000000000000e+04 5.275700000000000000e+04 4.754200000000000000e+04 1.838615382905118167e+01 0.000000000000000000e+00
6.000000000000000000e+01 -2.880000000000000000e+02 -3.200000000000000000e+01 5.119600000000000000e+04 5.306800000000000000e+04 5.561000000000000000e+04 5.233200000000000000e+04 1.839541866304352880e+01 0.000000000000000000e+00
6.300000000000000000e+01 -2.580000000000000000e+02 -1.800000000000000000e+01 5.382700000000000000e+04 4.788200000000000000e+04 5.326800000000000000e+04 5.631900000000000000e+04 1.840549317002296448e+01 0.000000000000000000e+00
1.000000000000000000e+01 -1.740000000000000000e+02 -2.800000000000000000e+01 5.127100000000000000e+04 5.008100000000000000e+04 5.540500000000000000e+04 5.491200000000000000e+04 1.841757865599356592e+01 0.000000000000000000e+00
4.500000000000000000e+01 -1.350000000000000000e+02 -5.000000000000000000e+00 5.194700000000000000e+04 5.426100000000000000e+04 5.498500000000000000e+04 5.103900000000000000e+04 1.842544286604970694e+01 0.000000000000000000e+00
8.200000000000000000e+01 -1.240000000000000000e+02 -9.000000000000000000e+00 5.169800000000000000e+04 5.426600000000000000e+04 5.398800000000000000e+04 4.928500000000000000e+04 1.843546976207289845e+01 1.800000000000000000e+01
1.420000000000000000e+02 -6.100000000000000000e+01 -6.000000000000000000e+00 5.268200000000000000e+04 5.152000000000000000e+04 5.299500000000000000e+04 5.228900000000000000e+04 1.844477847404778004e+01 1.800000000000000000e+01
1.400000000000000000e+02 -4.700000000000000000e+01 1.000000000000000000e+00 5.048600000000000000e+04 5.192800000000000000e+04 5.462900000000000000e+04 5.154300000000000000e+04 1.845545928797218949e+01 1.800000000000000000e+01
1.180000000000000000e+02 -4.600000000000000000e+01 -2.000000000000000000e+00 5.198600000000000000e+04 5.368500000000000000e+04 5.292700000000000000e+04 4.899400000000000000e+04 1.846634519705548882e+01 1.800000000000000000e+01
1.360000000000000000e+02 -1.700000000000000000e+01 1.200000000000000000e+01 5.620400000000000000e+04 5.652200000000000000e+04 4.709500000000000000e+04 4.370400000000000000e+04 1.847529636602848768e+01 1.800000000000000000e+01
1.020000000000000000e+02 3.900000000000000000e+01 1.600000000000000000e+01 5.267800000000000000e+04 5.224400000000000000e+04 5.194500000000000000e+04 5.015000000000000000e+04 1.848588514199946076e+01 2.100000000000000000e+01
-9.000000000000000000e+00 1.010000000000000000e+02 6.000000000000000000e+00 5.009900000000000000e+04 5.142300000000000000e+04 5.319800000000000000e+04 4.971600000000000000e+04 1.849660578498151153e+01 2.100000000000000000e+01
-1.040000000000000000e+02 2.370000000000000000e+02 2.000000000000000000e+01 5.271300000000000000e+04 5.081800000000000000e+04 5.057100000000000000e+04 5.014100000000000000e+04 1.850572920707054436e+01 2.100000000000000000e+01
-2.010000000000000000e+02 3.300000000000000000e+02 1.100000000000000000e+01 5.261600000000000000e+04 5.348300000000000000e+04 5.042700000000000000e+04 4.693800000000000000e+04 1.851495878899004310e+01 2.100000000000000000e+01
-2.860000000000000000e+02 3.570000000000000000e+02 1.000000000000000000e+00 5.168400000000000000e+04 5.093200000000000000e+04 5.124100000000000000e+04 4.969300000000000000e+04 1.852554054604843259e+01 2.100000000000000000e+01
-3.840000000000000000e+02 4.020000000000000000e+02 2.100000000000000000e+01 5.086800000000000000e+04 4.848400000000000000e+04 5.103500000000000000e+04 5.100700000000000000e+04 1.853562577301636338e+01 2.500000000000000000e+01
-4.220000000000000000e+02 3.430000000000000000e+02 1.400000000000000000e+01 4.789900000000000000e+04 4.485500000000000000e+04 5.332500000000000000e+04 5.341400000000000000e+04 1.854478894302155823e+01 2.500000000000000000e+01
-4.220000000000000000e+02 3.260000000000000000e+02 3.100000000000000000e+01 5.130700000000000000e+04 4.906600000000000000e+04 5.013600000000000000e+04 4.976700000000000000e+04 1.855482214502990246e+01 2.500000000000000000e+01
-3.430000000000000000e+02 1.630000000000000000e+02 4.900000000000000000e+01 4.890100000000000000e+04 4.836500000000000000e+04 5.239600000000000000e+04 5.013000000000000000e+04 1.856517539999913424e+01 2.500000000000000000e+01
-2.740000000000000000e+02 4.500000000000000000e+01 4.200000000000000000e+01 4.920700000000000000e+04 4.957400000000000000e+04 5.199700000000000000e+04 4.854200000000000000e+04 1.857507909997366369e+01 2.500000000000000000e+01
-1.990000000000000000e+02 1.500000000000000000e+01 4.400000000000000000e+01 4.797900000000000000e+04 5.439100000000000000e+04 5.285100000000000000e+04 4.184700000000000000e+04 1.858491625206079334e+01 3.000000000000000000e+01
-1.210000000000000000e+02 -1.500000000000000000e+01 1.300000000000000000e+01 4.785000000000000000e+04 5.123300000000000000e+04 5.236800000000000000e+04 4.603000000000000000e+04 1.859591256501153111e+01 3.000000000000000000e+01
-1.230000000000000000e+02 1.100000000000000000e+02 1.900000000000000000e+01 5.055300000000000000e+04 4.869800000000000000e+04 4.988000000000000000e+04 4.906200000000000000e+04 1.860555532306898385e+01 3.000000000000000000e+01
-7.500000000000000000e+01 2.030000000000000000e+02 1.900000000000000000e+01 4.898100000000000000e+04 5.126100000000000000e+04 5.120800000000000000e+04 4.589200000000000000e+04 1.861531435605138540e+01 3.000000000000000000e+01
-7.200000000000000000e+01 2.880000000000000000e+02 3.400000000000000000e+01 5.024000000000000000e+04 4.916300000000000000e+04 4.998900000000000000e+04 4.822100000000000000e+04 1.862474560807459056e+01 3.000000000000000000e+01
-5.900000000000000000e+01 4.020000000000000000e+02 3.200000000000000000e+01 4.979100000000000000e+04 4.603600000000000000e+04 4.989000000000000000e+04 5.029200000000000000e+04 1.863570179999805987e+01 3.600000000000000000e+01
-4.200000000000000000e+01 4.710000000000000000e+02 5.200000000000000000e+01 5.026500000000000000e+04 4.520300000000000000e+04 4.943700000000000000e+04 5.079100000000000000e+04 1.864467934798449278e+01 3.600000000000000000e+01
-5.000000000000000000e+00 4.670000000000000000e+02 5.600000000000000000e+01 5.160200000000000000e+04 4.678000000000000000e+04 4.799000000000000000e+04 4.933600000000000000e+04 1.865526654303539544e+01 3.600000000000000000e+01
-1.000000000000000000e+01 3.960000000000000000e+02 7.600000000000000000e+01 5.079700000000000000e+04 4.592400000000000000e+04 4.890600000000000000e+04 4.975300000000000000e+04 1.866564498003572226e+01 3.600000000000000000e+01
-4.200000000000000000e+01 3.430000000000000000e+02 8.000000000000000000e+01 5.165400000000000000e+04 4.704600000000000000e+04 4.809100000000000000e+04 4.865600000000000000e+04 1.867676357098389417e+01 3.600000000000000000e+01
-3.700000000000000000e+01 2.670000000000000000e+02 8.700000000000000000e+01 4.922500000000000000e+04 4.400700000000000000e+04 5.021200000000000000e+04 5.057900000000000000e+04 1.868500700907316059e+01 4.500000000000000000e+01
-2.000000000000000000e+00 1.730000000000000000e+02 7.300000000000000000e+01 5.109600000000000000e+04 4.549200000000000000e+04 4.942400000000000000e+04 4.821600000000000000e+04 1.869478313403669745e+01 4.500000000000000000e+01
1.100000000000000000e+01 2.900000000000000000e+01 5.800000000000000000e+01 5.064800000000000000e+04 4.740800000000000000e+04 4.989300000000000000e+04 4.677000000000000000e+04 1.870515049598179758e+01 4.500000000000000000e+01
-4.400000000000000000e+01 -1.740000000000000000e+02 3.100000000000000000e+01 4.959800000000000000e+04 5.033200000000000000e+04 4.984600000000000000e+04 4.517000000000000000e+04 1.871515003498643637e+01 4.500000000000000000e+01
-1.110000000000000000e+02 -2.460000000000000000e+02 1.900000000000000000e+01 4.877800000000000000e+04 4.920600000000000000e+04 5.094300000000000000e+04 4.611200000000000000e+04 1.872485326300375164e+01 4.500000000000000000e+01
-2.300000000000000000e+02 -2.150000000000000000e+02 2.800000000000000000e+01 4.763200000000000000e+04 4.878100000000000000e+04 5.181300000000000000e+04 4.698500000000000000e+04 1.873454032896552235e+01 5.000000000000000000e+01
-2.610000000000000000e+02 -1.300000000000000000e+02 3.600000000000000000e+01 4.743200000000000000e+04 4.730500000000000000e+04 5.183100000000000000e+04 4.798200000000000000e+04 1.874551615701057017e+01 5.000000000000000000e+01
-2.380000000000000000e+02 -5.600000000000000000e+01 2.700000000000000000e+01 4.889300000000000000e+04 4.669400000000000000e+04 5.070200000000000000e+04 4.829600000000000000e+04 1.875523677305318415e+01 5.000000000000000000e+01
-1.910000000000000000e+02 -7.000000000000000000e+00 2.900000000000000000e+01 4.883900000000000000e+04 4.729400000000000000e+04 5.083200000000000000e+04 4.780100000000000000e+04 1.876463250897359103e+01 5.000000000000000000e+01
-1.760000000000000000e+02 4.400000000000000000e+01 1.100000000000000000e+01 4.888300000000000000e+04 4.711500000000000000e+04 5.090400000000000000e+04 4.812700000000000000e+04 1.877462486899457872e+01 5.000000000000000000e+01
-1.130000000000000000e+02 6.500000000000000000e+01 3.000000000000000000e+00 4.945800000000000000e+04 4.704000000000000000e+04 5.028500000000000000e+04 4.859400000000000000e+04 1.878455567301716655e+01 5.100000000000000000e+01
-4.900000000000000000e+01 6.300000000000000000e+01 5.000000000000000000e+00 5.006900000000000000e+04 4.788200000000000000e+04 4.971700000000000000e+04 4.848000000000000000e+04 1.879474885703530163e+01 5.100000000000000000e+01
-2.600000000000000000e+01 6.600000000000000000e+01 -5.000000000000000000e+00 5.011200000000000000e+04 4.738000000000000000e+04 4.966900000000000000e+04 4.913000000000000000e+04 1.880470988596789539e+01 5.100000000000000000e+01
-5.800000000000000000e+01 7.900000000000000000e+01 -2.300000000000000000e+01 5.004300000000000000e+04 4.723200000000000000e+04 4.959200000000000000e+04 4.965100000000000000e+04 1.881462178903166205e+01 5.100000000000000000e+01
-2.400000000000000000e+01 -3.700000000000000000e+01 -2.200000000000000000e+01 4.939900000000000000e+04 4.924200000000000000e+04 5.009000000000000000e+04 4.843200000000000000e+04 1.882460434106178582e+01 5.100000000000000000e+01
1.400000000000000000e+01 -7.100000000000000000e+01 -2.600000000000000000e+01 4.912200000000000000e+04 4.985400000000000000e+04 5.034300000000000000e+04 4.810800000000000000e+04 1.883520627603866160e+01 5.200000000000000000e+01
7.100000000000000000e+01 -7.200000000000000000e+01 -1.500000000000000000e+01 5.003300000000000000e+04 4.903900000000000000e+04 4.998000000000000000e+04 4.903000000000000000e+04 1.884448143700137734e+01 5.200000000000000000e+01
1.180000000000000000e+02 -8.400000000000000000e+01 -1.000000000000000000e+01 5.007000000000000000e+04 5.018700000000000000e+04 5.022500000000000000e+04 4.776600000000000000e+04 1.885527380707208067e+01 5.200000000000000000e+01
1.340000000000000000e+02 -6.500000000000000000e+01 -1.900000000000000000e+01 5.066300000000000000e+04 4.995600000000000000e+04 4.979500000000000000e+04 4.817000000000000000e+04 1.886456979205831885e+01 5.200000000000000000e+01
1.350000000000000000e+02 -1.010000000000000000e+02 -3.300000000000000000e+01 5.051600000000000000e+04 5.051600000000000000e+04 5.002300000000000000e+04 4.814000000000000000e+04 1.887504993204493076e+01 5.200000000000000000e+01
2.140000000000000000e+02 -1.100000000000000000e+01 -1.600000000000000000e+01 5.168100000000000000e+04 5.013100000000000000e+04 4.872700000000000000e+04 4.887800000000000000e+04 1.888468892197124660e+01 5.400000000000000000e+01
2.730000000000000000e+02 -1.000000000000000000e+01 -2.900000000000000000e+01 5.155600000000000000e+04 5.130800000000000000e+04 4.929000000000000000e+04 4.773200000000000000e+04 1.889453671104274690e+01 5.400000000000000000e+01
3.010000000000000000e+02 -1.800000000000000000e+01 -3.000000000000000000e+00 5.233000000000000000e+04 5.113100000000000000e+04 4.843700000000000000e+04 4.804700000000000000e+04 1.890448597702197731e+01 5.400000000000000000e+01
2.770000000000000000e+02 -3.800000000000000000e+01 -1.700000000000000000e+01 5.240700000000000000e+04 5.148900000000000000e+04 4.874900000000000000e+04 4.770600000000000000e+04 1.891515490796882659e+01 5.400000000000000000e+01
2.180000000000000000e+02 -1.710000000000000000e+02 -7.000000000000000000e+00 5.088000000000000000e+04 5.210600000000000000e+04 5.065200000000000000e+04 4.705500000000000000e+04 1.892515997402369976e+01 5.400000000000000000e+01
1.180000000000000000e+02 -1.560000000000000000e+02 -6.000000000000000000e+00 5.076200000000000000e+04 5.128200000000000000e+04 5.106400000000000000e+04 4.807300000000000000e+04 1.893572580604813993e+01 5.200000000000000000e+01
4.400000000000000000e+01 -6.200000000000000000e+01 -5.000000000000000000e+00 5.102900000000000000e+04 5.005100000000000000e+04 5.099500000000000000e+04 4.976900000000000000e+04 1.894576583104208112e+01 5.200000000000000000e+01
3.000000000000000000e+00 3.100000000000000000e+01 -2.600000000000000000e+01 5.098600000000000000e+04 5.025900000000000000e+04 5.080700000000000000e+04 4.969600000000000000e+04 1.895514739106874913e+01 5.200000000000000000e+01
-9.300000000000000000e+01 6.300000000000000000e+01 -4.200000000000000000e+01 5.075700000000000000e+04 4.953700000000000000e+04 5.075500000000000000e+04 5.091700000000000000e+04 1.896458968601655215e+01 5.200000000000000000e+01
-7.400000000000000000e+01 4.300000000000000000e+01 -4.600000000000000000e+01 5.048700000000000000e+04 5.017800000000000000e+04 5.101900000000000000e+04 5.089000000000000000e+04 1.897734687698539346e+01 5.200000000000000000e+01
-6.400000000000000000e+01 4.400000000000000000e+01 -4.400000000000000000e+01 5.144300000000000000e+04 4.995100000000000000e+04 5.004900000000000000e+04 5.130700000000000000e+04 1.898614192998502403e+01 4.600000000000000000e+01
-4.100000000000000000e+01 1.100000000000000000e+01 -6.600000000000000000e+01 5.043000000000000000e+04 5.076800000000000000e+04 5.138000000000000000e+04 5.130700000000000000e+04 1.899534247303381562e+01 4.600000000000000000e+01
2.500000000000000000e+01 -6.500000000000000000e+01 -4.800000000000000000e+01 5.091300000000000000e+04 5.157700000000000000e+04 5.096300000000000000e+04 5.086200000000000000e+04 1.900520670798141509e+01 4.600000000000000000e+01
6.900000000000000000e+01 -2.030000000000000000e+02 -4.900000000000000000e+01 5.011600000000000000e+04 5.220100000000000000e+04 5.196500000000000000e+04 5.033500000000000000e+04 1.901466089603491127e+01 4.600000000000000000e+01
1.630000000000000000e+02 -2.480000000000000000e+02 -5.200000000000000000e+01 5.128900000000000000e+04 5.289700000000000000e+04 5.171900000000000000e+04 4.858200000000000000e+04 1.902514452696777880e+01 4.600000000000000000e+01
1.650000000000000000e+02 -2.680000000000000000e+02 -4.500000000000000000e+01 5.106200000000000000e+04 5.246600000000000000e+04 5.192900000000000000e+04 4.917600000000000000e+04 1.903547048603650182e+01 4.100000000000000000e+01
1.470000000000000000e+02 -2.110000000000000000e+02 -3.700000000000000000e+01 5.153900000000000000e+04 5.287200000000000000e+04 5.208200000000000000e+04 4.917900000000000000e+04 1.904642355197574943e+01 4.100000000000000000e+01
8.100000000000000000e+01 -2.260000000000000000e+02 -5.100000000000000000e+01 5.066800000000000000e+04 5.263600000000000000e+04 5.268900000000000000e+04 4.938100000000000000e+04 1.905638761201407760e+01 4.100000000000000000e+01
1.000000000000000000e+00 -1.600000000000000000e+02 -5.100000000000000000e+01 5.056700000000000000e+04 5.195000000000000000e+04 5.259700000000000000e+04 5.044200000000000000e+04 1.906522407103329897e+01 4.100000000000000000e+01
2.800000000000000000e+01 -1.200000000000000000e+02 -5.200000000000000000e+01 5.125500000000000000e+04 5.218100000000000000e+04 5.222300000000000000e+04 5.026500000000000000e+04 1.907480930804740638e+01 4.100000000000000000e+01
-3.300000000000000000e+01 1.900000000000000000e+01 -4.200000000000000000e+01 5.094000000000000000e+04 5.097700000000000000e+04 5.246500000000000000e+04 5.155900000000000000e+04 1.908580145100131631e+01 3.400000000000000000e+01
4.000000000000000000e+00 1.140000000000000000e+02 -2.500000000000000000e+01 5.115500000000000000e+04 5.044500000000000000e+04 5.298300000000000000e+04 5.248400000000000000e+04 1.909469952201470733e+01 3.400000000000000000e+01
2.300000000000000000e+01 2.680000000000000000e+02 -2.400000000000000000e+01 5.220700000000000000e+04 5.008600000000000000e+04 5.197200000000000000e+04 5.282200000000000000e+04 1.910447704803664237e+01 3.400000000000000000e+01
8.400000000000000000e+01 2.730000000000000000e+02 -3.300000000000000000e+01 5.233700000000000000e+04 5.091200000000000000e+04 5.194700000000000000e+04 5.221800000000000000e+04 1.911563504301011562e+01 3.400000000000000000e+01
1.490000000000000000e+02 2.930000000000000000e+02 -3.000000000000000000e+00 5.294000000000000000e+04 5.071200000000000000e+04 5.158700000000000000e+04 5.232400000000000000e+04 1.912571558495983481e+01 3.400000000000000000e+01
2.480000000000000000e+02 1.910000000000000000e+02 -1.500000000000000000e+01 5.272200000000000000e+04 5.137400000000000000e+04 5.157400000000000000e+04 5.148200000000000000e+04 1.913569164904765785e+01 3.100000000000000000e+01
3.860000000000000000e+02 9.400000000000000000e+01 2.900000000000000000e+01 5.350400000000000000e+04 5.340900000000000000e+04 5.111400000000000000e+04 4.921800000000000000e+04 1.914521748304832727e+01 3.100000000000000000e+01
4.600000000000000000e+02 -5.400000000000000000e+01 2.700000000000000000e+01 5.465200000000000000e+04 5.418700000000000000e+04 4.960800000000000000e+04 4.794200000000000000e+04 1.915502596902661026e+01 3.100000000000000000e+01
3.930000000000000000e+02 -8.400000000000000000e+01 6.100000000000000000e+01 5.414800000000000000e+04 5.327500000000000000e+04 5.037300000000000000e+04 4.883500000000000000e+04 1.916465393803082407e+01 3.100000000000000000e+01
3.240000000000000000e+02 -1.380000000000000000e+02 4.800000000000000000e+01 5.367400000000000000e+04 5.358700000000000000e+04 5.077500000000000000e+04 4.793800000000000000e+04 1.917476596496999264e+01 3.100000000000000000e+01
1.430000000000000000e+02 -1.430000000000000000e+02 6.800000000000000000e+01 5.278600000000000000e+04 5.299200000000000000e+04 5.189500000000000000e+04 4.872400000000000000e+04 1.918485352105926722e+01 2.900000000000000000e+01
-7.400000000000000000e+01 -1.700000000000000000e+02 7.100000000000000000e+01 5.140100000000000000e+04 5.167500000000000000e+04 5.311600000000000000e+04 5.001600000000000000e+04 1.919473981996998191e+01 2.900000000000000000e+01
-2.540000000000000000e+02 -1.760000000000000000e+02 8.200000000000000000e+01 5.021200000000000000e+04 5.019800000000000000e+04 5.423800000000000000e+04 5.149700000000000000e+04 1.920441995398141444e+01 2.900000000000000000e+01
-3.930000000000000000e+02 -1.370000000000000000e+02 7.800000000000000000e+01 4.935400000000000000e+04 4.908300000000000000e+04 5.467600000000000000e+04 5.218500000000000000e+04 1.921467714803293347e+01 2.900000000000000000e+01
-4.120000000000000000e+02 -1.870000000000000000e+02 8.400000000000000000e+01 4.874200000000000000e+04 4.990400000000000000e+04 5.506600000000000000e+04 5.122600000000000000e+04 1.922494323900900781e+01 2.900000000000000000e+01
-4.030000000000000000e+02 -1.590000000000000000e+02 1.070000000000000000e+02 4.931900000000000000e+04 5.019400000000000000e+04 5.469100000000000000e+04 5.065500000000000000e+04 1.923482084996066988e+01 2.700000000000000000e+01
-2.590000000000000000e+02 -8.700000000000000000e+01 9.500000000000000000e+01 5.027000000000000000e+04 4.945800000000000000e+04 5.396500000000000000e+04 5.131000000000000000e+04 1.924457531096413732e+01 2.700000000000000000e+01
-1.230000000000000000e+02 -2.000000000000000000e+01 1.300000000000000000e+02 5.078600000000000000e+04 4.900000000000000000e+04 5.346700000000000000e+04 5.124700000000000000e+04 1.925426243804395199e+01 2.700000000000000000e+01
9.400000000000000000e+01 -4.400000000000000000e+01 1.020000000000000000e+02 5.140100000000000000e+04 5.034700000000000000e+04 5.270000000000000000e+04 4.959900000000000000e+04 1.926495880004949868e+01 2.700000000000000000e+01
2.500000000000000000e+02 3.900000000000000000e+01 1.120000000000000000e+02 5.249100000000000000e+04 5.058000000000000000e+04 5.151300000000000000e+04 4.913300000000000000e+04 1.927475862007122487e+01 2.700000000000000000e+01
4.570000000000000000e+02 6.400000000000000000e+01 1.220000000000000000e+02 5.312600000000000000e+04 5.178400000000000000e+04 5.077900000000000000e+04 4.738300000000000000e+04 1.928446317603811622e+01 2.900000000000000000e+01
5.590000000000000000e+02 1.310000000000000000e+02 1.210000000000000000e+02 5.373900000000000000e+04 5.174000000000000000e+04 4.974000000000000000e+04 4.687700000000000000e+04 1.929430865007452667e+01 2.900000000000000000e+01
5.490000000000000000e+02 1.350000000000000000e+02 1.290000000000000000e+02 5.336300000000000000e+04 5.078200000000000000e+04 5.032400000000000000e+04 4.793800000000000000e+04 1.930564668006263673e+01 2.900000000000000000e+01
4.510000000000000000e+02 1.070000000000000000e+02 1.330000000000000000e+02 5.320500000000000000e+04 5.052100000000000000e+04 5.030900000000000000e+04 4.776300000000000000e+04 1.931451569497585297e+01 2.900000000000000000e+01
3.330000000000000000e+02 1.160000000000000000e+02 1.500000000000000000e+02 5.296300000000000000e+04 4.913200000000000000e+04 5.062500000000000000e+04 4.899000000000000000e+04 1.932476926199160516e+01 2.900000000000000000e+01
1.900000000000000000e+02 7.700000000000000000e+01 1.530000000000000000e+02 5.181500000000000000e+04 4.943600000000000000e+04 5.178300000000000000e+04 4.826500000000000000e+04 1.933624877396505326e+01 2.900000000000000000e+01
2.800000000000000000e+01 -3.600000000000000000e+01 1.620000000000000000e+02 4.995500000000000000e+04 4.976500000000000000e+04 5.344900000000000000e+04 4.756200000000000000e+04 1.934670729807112366e+01 2.900000000000000000e+01
-1.290000000000000000e+02 1.600000000000000000e+01 1.520000000000000000e+02 4.970500000000000000e+04 4.853700000000000000e+04 5.342400000000000000e+04 4.861800000000000000e+04 1.936893950204830617e+01 2.900000000000000000e+01
-2.710000000000000000e+02 -1.900000000000000000e+01 1.480000000000000000e+02 4.853100000000000000e+04 4.801200000000000000e+04 5.433300000000000000e+04 4.896900000000000000e+04 1.937098657106980681e+01 2.900000000000000000e+01
-3.040000000000000000e+02 -3.100000000000000000e+01 1.430000000000000000e+02 4.852000000000000000e+04 4.791200000000000000e+04 5.433000000000000000e+04 4.897600000000000000e+04 1.937604490399826318e+01 2.900000000000000000e+01
-3.090000000000000000e+02 -1.200000000000000000e+01 1.510000000000000000e+02 4.870300000000000000e+04 4.804400000000000000e+04 5.422400000000000000e+04 4.870600000000000000e+04 1.938495387800503522e+01 3.300000000000000000e+01
-3.130000000000000000e+02 1.400000000000000000e+01 1.390000000000000000e+02 4.857100000000000000e+04 4.758500000000000000e+04 5.418500000000000000e+04 4.865000000000000000e+04 1.939459833805449307e+01 3.300000000000000000e+01
-2.570000000000000000e+02 1.340000000000000000e+02 1.410000000000000000e+02 4.908400000000000000e+04 4.718200000000000000e+04 5.371500000000000000e+04 4.901200000000000000e+04 1.940613708202727139e+01 3.300000000000000000e+01
-1.320000000000000000e+02 2.040000000000000000e+02 1.410000000000000000e+02 5.105000000000000000e+04 4.646400000000000000e+04 5.207800000000000000e+04 4.947800000000000000e+04 1.941425637598149478e+01 3.300000000000000000e+01
8.300000000000000000e+01 2.760000000000000000e+02 1.280000000000000000e+02 5.244300000000000000e+04 4.765200000000000000e+04 5.069900000000000000e+04 4.823400000000000000e+04 1.942753831599839032e+01 3.300000000000000000e+01
2.880000000000000000e+02 2.670000000000000000e+02 1.250000000000000000e+02 5.325100000000000000e+04 4.876100000000000000e+04 4.964300000000000000e+04 4.718400000000000000e+04 1.944072776404209435e+01 3.500000000000000000e+01
3.480000000000000000e+02 2.750000000000000000e+02 1.000000000000000000e+02 5.383200000000000000e+04 4.796600000000000000e+04 5.027700000000000000e+04 4.549000000000000000e+04 1.945020741899497807e+01 3.500000000000000000e+01
3.470000000000000000e+02 1.490000000000000000e+02 1.090000000000000000e+02 5.345900000000000000e+04 4.878900000000000000e+04 5.058100000000000000e+04 4.464900000000000000e+04 1.945770274999085814e+01 3.500000000000000000e+01
2.940000000000000000e+02 1.000000000000000000e+02 1.050000000000000000e+02 5.304200000000000000e+04 4.881500000000000000e+04 5.111300000000000000e+04 4.452500000000000000e+04 1.946864443796221167e+01 3.500000000000000000e+01
2.150000000000000000e+02 4.100000000000000000e+01 1.030000000000000000e+02 5.225600000000000000e+04 4.889500000000000000e+04 5.183000000000000000e+04 4.428400000000000000e+04 1.947437202697619796e+01 3.500000000000000000e+01
1.170000000000000000e+02 8.300000000000000000e+01 1.000000000000000000e+02 5.272700000000000000e+04 4.822300000000000000e+04 5.149300000000000000e+04 4.520500000000000000e+04 1.948489044699817896e+01 3.900000000000000000e+01
2.100000000000000000e+01 1.340000000000000000e+02 8.200000000000000000e+01 5.235200000000000000e+04 4.668100000000000000e+04 5.155400000000000000e+04 4.666400000000000000e+04 1.949413336196448654e+01 3.900000000000000000e+01
-2.100000000000000000e+01 1.020000000000000000e+02 9.000000000000000000e+01 5.224800000000000000e+04 4.732100000000000000e+04 5.168800000000000000e+04 4.632500000000000000e+04 1.950464252801612020e+01 3.900000000000000000e+01
-5.800000000000000000e+01 1.550000000000000000e+02 6.400000000000000000e+01 5.308800000000000000e+04 4.698100000000000000e+04 5.066200000000000000e+04 4.682000000000000000e+04 1.951442485302686691e+01 3.900000000000000000e+01
-9.200000000000000000e+01 1.290000000000000000e+02 6.500000000000000000e+01 5.254800000000000000e+04 4.721500000000000000e+04 5.100800000000000000e+04 4.696300000000000000e+04 1.952646223397459835e+01 3.900000000000000000e+01
-1.560000000000000000e+02 9.900000000000000000e+01 3.300000000000000000e+01 5.185100000000000000e+04 4.649700000000000000e+04 5.141600000000000000e+04 4.781300000000000000e+04 1.953474965703207999e+01 4.200000000000000000e+01
-2.530000000000000000e+02 8.100000000000000000e+01 3.000000000000000000e+01 5.113300000000000000e+04 4.638200000000000000e+04 5.156000000000000000e+04 4.812400000000000000e+04 1.954517572803888470e+01 4.200000000000000000e+01
-3.020000000000000000e+02 -1.300000000000000000e+01 3.000000000000000000e+01 5.021900000000000000e+04 4.658900000000000000e+04 5.211800000000000000e+04 4.837700000000000000e+04 1.955402013298589736e+01 4.200000000000000000e+01
-3.030000000000000000e+02 -5.200000000000000000e+01 2.000000000000000000e+00 4.968400000000000000e+04 4.664500000000000000e+04 5.235900000000000000e+04 4.849500000000000000e+04 1.956484262202866375e+01 4.200000000000000000e+01
-2.280000000000000000e+02 -1.660000000000000000e+02 3.400000000000000000e+01 4.915900000000000000e+04 4.834200000000000000e+04 5.292800000000000000e+04 4.721800000000000000e+04 1.957457768905442208e+01 4.200000000000000000e+01
-2.110000000000000000e+02 -2.460000000000000000e+02 5.400000000000000000e+01 4.950600000000000000e+04 4.864700000000000000e+04 5.280400000000000000e+04 4.686200000000000000e+04 1.958525187498889863e+01 4.300000000000000000e+01
-1.500000000000000000e+02 -2.880000000000000000e+02 4.200000000000000000e+01 4.915000000000000000e+04 4.930400000000000000e+04 5.361700000000000000e+04 4.532200000000000000e+04 1.959463745995890349e+01 4.300000000000000000e+01
-1.140000000000000000e+02 -3.060000000000000000e+02 4.600000000000000000e+01 4.911200000000000000e+04 4.966600000000000000e+04 5.388200000000000000e+04 4.518200000000000000e+04 1.960416911402717233e+01 4.300000000000000000e+01
-9.600000000000000000e+01 -3.080000000000000000e+02 5.300000000000000000e+01 4.955500000000000000e+04 4.980100000000000000e+04 5.365600000000000000e+04 4.506000000000000000e+04 1.961423600197304040e+01 4.300000000000000000e+01
-1.030000000000000000e+02 -2.700000000000000000e+02 4.400000000000000000e+01 4.950400000000000000e+04 4.963200000000000000e+04 5.387100000000000000e+04 4.530400000000000000e+04 1.962529387604445219e+01 4.300000000000000000e+01
-1.230000000000000000e+02 -1.980000000000000000e+02 4.600000000000000000e+01 5.037400000000000000e+04 4.913100000000000000e+04 5.326300000000000000e+04 4.604200000000000000e+04 1.963566778902895749e+01 4.300000000000000000e+01
-1.350000000000000000e+02 -7.400000000000000000e+01 3.200000000000000000e+01 5.032900000000000000e+04 4.812700000000000000e+04 5.321700000000000000e+04 4.748400000000000000e+04 1.964543326897546649e+01 4.300000000000000000e+01
-1.430000000000000000e+02 5.700000000000000000e+01 2.200000000000000000e+01 5.082900000000000000e+04 4.705600000000000000e+04 5.263400000000000000e+04 4.890900000000000000e+04 1.965571361000183970e+01 4.300000000000000000e+01
-1.020000000000000000e+02 1.970000000000000000e+02 1.700000000000000000e+01 5.193400000000000000e+04 4.660200000000000000e+04 5.154100000000000000e+04 4.958500000000000000e+04 1.966458352201152593e+01 4.300000000000000000e+01
-3.700000000000000000e+01 2.840000000000000000e+02 0.000000000000000000e+00 5.262700000000000000e+04 4.667700000000000000e+04 5.093300000000000000e+04 4.953400000000000000e+04 1.967414481600280851e+01 4.300000000000000000e+01
5.200000000000000000e+01 2.810000000000000000e+02 2.100000000000000000e+01 5.307600000000000000e+04 4.732700000000000000e+04 5.053800000000000000e+04 4.932600000000000000e+04 1.968471230298746377e+01 4.300000000000000000e+01
7.300000000000000000e+01 2.530000000000000000e+02 8.000000000000000000e+00 5.288200000000000000e+04 4.816100000000000000e+04 5.076200000000000000e+04 4.852400000000000000e+04 1.969474058505147696e+01 4.300000000000000000e+01
3.500000000000000000e+01 1.450000000000000000e+02 4.000000000000000000e+00 5.244200000000000000e+04 4.829600000000000000e+04 5.129300000000000000e+04 4.850000000000000000e+04 1.970403570204507560e+01 4.300000000000000000e+01
6.400000000000000000e+01 5.900000000000000000e+01 -1.400000000000000000e+01 5.238100000000000000e+04 4.909300000000000000e+04 5.130700000000000000e+04 4.829200000000000000e+04 1.972826345998328179e+01 4.300000000000000000e+01
6.100000000000000000e+01 -6.000000000000000000e+01 -3.700000000000000000e+01 5.169300000000000000e+04 5.016100000000000000e+04 5.179300000000000000e+04 4.759700000000000000e+04 1.973153359303250909e+01 4.300000000000000000e+01
8.000000000000000000e+00 -1.510000000000000000e+02 -6.500000000000000000e+01 5.038000000000000000e+04 5.033600000000000000e+04 5.238200000000000000e+04 4.806600000000000000e+04 1.973473675700370222e+01 4.300000000000000000e+01
-2.500000000000000000e+01 -2.540000000000000000e+02 -7.000000000000000000e+01 5.006000000000000000e+04 5.282600000000000000e+04 5.205700000000000000e+04 4.576300000000000000e+04 1.974473356199450791e+01 4.300000000000000000e+01
-1.680000000000000000e+02 -2.790000000000000000e+02 -7.400000000000000000e+01 4.949300000000000000e+04 5.246900000000000000e+04 5.259800000000000000e+04 4.649600000000000000e+04 1.975468040199484676e+01 4.300000000000000000e+01
-3.280000000000000000e+02 -2.670000000000000000e+02 -5.600000000000000000e+01 4.966400000000000000e+04 5.242300000000000000e+04 5.273600000000000000e+04 4.655400000000000000e+04 1.976413192797917873e+01 4.300000000000000000e+01
-5.800000000000000000e+02 -2.240000000000000000e+02 -6.200000000000000000e+01 4.806400000000000000e+04 5.035600000000000000e+04 5.407000000000000000e+04 4.910200000000000000e+04 1.977453445596620440e+01 4.300000000000000000e+01
-7.580000000000000000e+02 -1.270000000000000000e+02 -6.800000000000000000e+01 4.776300000000000000e+04 4.879400000000000000e+04 5.451000000000000000e+04 5.088400000000000000e+04 1.978486671904101968e+01 3.900000000000000000e+01
-8.640000000000000000e+02 -1.000000000000000000e+00 -6.800000000000000000e+01 4.677800000000000000e+04 4.742800000000000000e+04 5.528300000000000000e+04 5.226400000000000000e+04 1.979443298897240311e+01 3.900000000000000000e+01
-8.150000000000000000e+02 3.400000000000000000e+01 -6.300000000000000000e+01 4.715500000000000000e+04 4.776500000000000000e+04 5.522000000000000000e+04 5.228700000000000000e+04 1.980475328897591680e+01 3.900000000000000000e+01
-7.340000000000000000e+02 1.240000000000000000e+02 -6.200000000000000000e+01 4.762200000000000000e+04 4.768700000000000000e+04 5.496500000000000000e+04 5.248400000000000000e+04 1.981409172702115029e+01 3.900000000000000000e+01
-5.370000000000000000e+02 1.470000000000000000e+02 -9.000000000000000000e+01 4.843400000000000000e+04 4.835800000000000000e+04 5.422500000000000000e+04 5.238900000000000000e+04 1.982481264800298959e+01 3.900000000000000000e+01
-3.110000000000000000e+02 1.450000000000000000e+02 -6.500000000000000000e+01 4.911200000000000000e+04 4.978900000000000000e+04 5.352800000000000000e+04 5.149800000000000000e+04 1.983450762496795505e+01 3.400000000000000000e+01
-4.200000000000000000e+01 1.910000000000000000e+02 -8.700000000000000000e+01 5.145400000000000000e+04 5.032500000000000000e+04 5.190000000000000000e+04 5.140700000000000000e+04 1.984471350105013698e+01 3.400000000000000000e+01
1.480000000000000000e+02 2.400000000000000000e+02 -7.800000000000000000e+01 5.241300000000000000e+04 5.149300000000000000e+04 5.097300000000000000e+04 5.040700000000000000e+04 1.985450452007353306e+01 3.400000000000000000e+01
3.110000000000000000e+02 2.900000000000000000e+02 -5.900000000000000000e+01 5.370300000000000000e+04 5.218400000000000000e+04 4.969000000000000000e+04 4.961500000000000000e+04 1.986419534299056977e+01 3.400000000000000000e+01
4.080000000000000000e+02 2.560000000000000000e+02 -5.700000000000000000e+01 5.368400000000000000e+04 5.185100000000000000e+04 5.027000000000000000e+04 5.006800000000000000e+04 1.987386981397867203e+01 3.400000000000000000e+01
4.400000000000000000e+02 2.050000000000000000e+02 -5.100000000000000000e+01 5.444100000000000000e+04 5.298300000000000000e+04 4.939300000000000000e+04 4.890200000000000000e+04 1.988409478601533920e+01 3.580000000000000000e+02
4.100000000000000000e+02 1.620000000000000000e+02 -4.500000000000000000e+01 5.429200000000000000e+04 5.307400000000000000e+04 4.962800000000000000e+04 4.871800000000000000e+04 1.989383124304004014e+01 3.580000000000000000e+02
2.870000000000000000e+02 2.900000000000000000e+01 -4.800000000000000000e+01 5.290500000000000000e+04 5.256800000000000000e+04 5.182600000000000000e+04 4.952100000000000000e+04 1.990482593397609890e+01 3.580000000000000000e+02
1.850000000000000000e+02 -1.040000000000000000e+02 -3.500000000000000000e+01 5.217700000000000000e+04 5.315700000000000000e+04 5.293800000000000000e+04 4.872800000000000000e+04 1.991742352198343724e+01 3.580000000000000000e+02
5.900000000000000000e+01 -3.140000000000000000e+02 -2.900000000000000000e+01 5.009200000000000000e+04 5.344700000000000000e+04 5.488300000000000000e+04 4.848700000000000000e+04 1.992511059902608395e+01 3.580000000000000000e+02
-9.400000000000000000e+01 -4.400000000000000000e+02 -4.300000000000000000e+01 4.827300000000000000e+04 5.354900000000000000e+04 5.632600000000000000e+04 4.851700000000000000e+04 1.993430426996201277e+01 7.780000000000000000e+02
-1.860000000000000000e+02 -5.920000000000000000e+02 -9.000000000000000000e+00 4.672000000000000000e+04 5.428800000000000000e+04 5.737900000000000000e+04 4.718500000000000000e+04 1.994577995105646551e+01 7.780000000000000000e+02
-2.970000000000000000e+02 -5.830000000000000000e+02 -1.000000000000000000e+00 4.525700000000000000e+04 5.440200000000000000e+04 5.821300000000000000e+04 4.668600000000000000e+04 1.995481167500838637e+01 7.780000000000000000e+02
-4.040000000000000000e+02 -4.910000000000000000e+02 4.000000000000000000e+00 4.548600000000000000e+04 5.333800000000000000e+04 5.825700000000000000e+04 4.818500000000000000e+04 1.996478949196171016e+01 7.780000000000000000e+02
-3.900000000000000000e+02 -3.850000000000000000e+02 -2.000000000000000000e+00 4.680100000000000000e+04 5.241200000000000000e+04 5.769700000000000000e+04 4.925500000000000000e+04 1.997380698006600142e+01 7.780000000000000000e+02
-3.680000000000000000e+02 -1.620000000000000000e+02 -1.100000000000000000e+01 4.826800000000000000e+04 5.171200000000000000e+04 5.711700000000000000e+04 5.051500000000000000e+04 1.998420400102622807e+01 7.750000000000000000e+02
-2.870000000000000000e+02 -1.070000000000000000e+02 -3.400000000000000000e+01 4.773300000000000000e+04 5.213400000000000000e+04 5.729900000000000000e+04 5.030600000000000000e+04 1.999369900696910918e+01 7.750000000000000000e+02
-1.710000000000000000e+02 4.000000000000000000e+01 -6.400000000000000000e+01 4.912700000000000000e+04 5.190700000000000000e+04 5.620800000000000000e+04 5.120400000000000000e+04 2.000457487103994936e+01 7.750000000000000000e+02
-2.100000000000000000e+01 1.190000000000000000e+02 -6.400000000000000000e+01 5.056000000000000000e+04 5.266700000000000000e+04 5.460900000000000000e+04 5.122200000000000000e+04 2.001558647304773331e+01 7.750000000000000000e+02
2.430000000000000000e+02 2.340000000000000000e+02 -9.700000000000000000e+01 5.291000000000000000e+04 5.352900000000000000e+04 5.218500000000000000e+04 5.087300000000000000e+04 2.002417824300937355e+01 7.750000000000000000e+02
3.730000000000000000e+02 3.590000000000000000e+02 -9.100000000000000000e+01 5.388200000000000000e+04 5.369700000000000000e+04 5.091800000000000000e+04 5.128800000000000000e+04 2.003464334702584893e+01 7.670000000000000000e+02
4.450000000000000000e+02 3.840000000000000000e+02 -1.160000000000000000e+02 5.403300000000000000e+04 5.350800000000000000e+04 5.007200000000000000e+04 5.161200000000000000e+04 2.004389905103016645e+01 7.670000000000000000e+02
4.260000000000000000e+02 4.070000000000000000e+02 -1.150000000000000000e+02 5.406100000000000000e+04 5.359900000000000000e+04 4.957800000000000000e+04 5.173400000000000000e+04 2.005406974803190678e+01 7.670000000000000000e+02
4.030000000000000000e+02 4.330000000000000000e+02 -1.410000000000000000e+02 5.406100000000000000e+04 5.275800000000000000e+04 4.913700000000000000e+04 5.281900000000000000e+04 2.006377820007037371e+01 7.670000000000000000e+02
3.660000000000000000e+02 3.290000000000000000e+02 -1.840000000000000000e+02 5.313600000000000000e+04 5.323000000000000000e+04 4.945300000000000000e+04 5.292000000000000000e+04 2.007384592201560736e+01 7.670000000000000000e+02
3.120000000000000000e+02 2.300000000000000000e+02 -1.990000000000000000e+02 5.190000000000000000e+04 5.377400000000000000e+04 4.985100000000000000e+04 5.303300000000000000e+04 2.008340673905331641e+01 7.660000000000000000e+02
3.230000000000000000e+02 6.500000000000000000e+01 -2.250000000000000000e+02 5.052500000000000000e+04 5.484600000000000000e+04 5.030500000000000000e+04 5.215100000000000000e+04 2.009461123996879905e+01 7.660000000000000000e+02
2.810000000000000000e+02 -1.300000000000000000e+01 -2.430000000000000000e+02 5.000200000000000000e+04 5.516000000000000000e+04 5.021700000000000000e+04 5.239000000000000000e+04 2.010424082097597420e+01 7.660000000000000000e+02
2.420000000000000000e+02 -1.200000000000000000e+02 -2.820000000000000000e+02 4.823000000000000000e+04 5.544400000000000000e+04 5.068500000000000000e+04 5.287300000000000000e+04 2.011371598800178617e+01 7.660000000000000000e+02
2.580000000000000000e+02 -1.380000000000000000e+02 -2.800000000000000000e+02 4.815600000000000000e+04 5.565100000000000000e+04 5.039500000000000000e+04 5.268300000000000000e+04 2.012396980205085129e+01 7.660000000000000000e+02
2.330000000000000000e+02 -1.620000000000000000e+02 -2.860000000000000000e+02 4.724300000000000000e+04 5.547500000000000000e+04 5.080400000000000000e+04 5.286600000000000000e+04 2.013396504905540496e+01 7.620000000000000000e+02
2.530000000000000000e+02 -1.880000000000000000e+02 -2.910000000000000000e+02 4.749200000000000000e+04 5.543900000000000000e+04 5.035900000000000000e+04 5.290400000000000000e+04 2.014564555906690657e+01 7.620000000000000000e+02
2.370000000000000000e+02 -1.980000000000000000e+02 -2.900000000000000000e+02 4.672900000000000000e+04 5.574100000000000000e+04 5.040200000000000000e+04 5.257000000000000000e+04 2.015446870797313750e+01 7.620000000000000000e+02
2.890000000000000000e+02 -3.090000000000000000e+02 -2.910000000000000000e+02 4.912500000000000000e+04 5.387000000000000000e+04 5.244600000000000000e+04 5.079900000000000000e+04 2.016591584705747664e+01 7.620000000000000000e+02
2.370000000000000000e+02 -2.600000000000000000e+02 -2.710000000000000000e+02 4.886000000000000000e+04 5.344000000000000000e+04 5.255500000000000000e+04 5.125500000000000000e+04 2.017392607301007956e+01 7.620000000000000000e+02
1.860000000000000000e+02 -3.260000000000000000e+02 -2.540000000000000000e+02 4.849800000000000000e+04 5.364200000000000000e+04 5.276800000000000000e+04 5.096500000000000000e+04 2.018578824901487678e+01 7.610000000000000000e+02
1.200000000000000000e+02 -3.230000000000000000e+02 -2.380000000000000000e+02 4.833800000000000000e+04 5.319400000000000000e+04 5.285200000000000000e+04 5.147800000000000000e+04 2.019375479302834719e+01 7.610000000000000000e+02
6.400000000000000000e+01 -3.390000000000000000e+02 -2.000000000000000000e+02 4.780200000000000000e+04 5.316000000000000000e+04 5.331500000000000000e+04 5.134700000000000000e+04 2.020442307298071682e+01 7.610000000000000000e+02
1.100000000000000000e+01 -3.810000000000000000e+02 -1.920000000000000000e+02 4.732700000000000000e+04 5.317200000000000000e+04 5.367400000000000000e+04 5.126300000000000000e+04 2.021428630803711712e+01 7.610000000000000000e+02
-1.900000000000000000e+01 -3.430000000000000000e+02 -1.660000000000000000e+02 4.764200000000000000e+04 5.244000000000000000e+04 5.353900000000000000e+04 5.193700000000000000e+04 2.022369138698559254e+01 7.610000000000000000e+02
-2.600000000000000000e+01 -2.880000000000000000e+02 -1.380000000000000000e+02 4.772800000000000000e+04 5.221200000000000000e+04 5.365700000000000000e+04 5.210000000000000000e+04 2.023391060403082520e+01 7.580000000000000000e+02
2.500000000000000000e+01 -2.350000000000000000e+02 -9.100000000000000000e+01 4.829500000000000000e+04 5.222200000000000000e+04 5.332900000000000000e+04 5.204000000000000000e+04 2.024410294997505844e+01 7.580000000000000000e+02
7.400000000000000000e+01 -1.650000000000000000e+02 -1.020000000000000000e+02 4.894000000000000000e+04 5.208800000000000000e+04 5.282100000000000000e+04 5.216500000000000000e+04 2.025412942096590996e+01 7.580000000000000000e+02
2.420000000000000000e+02 -1.710000000000000000e+02 -9.200000000000000000e+01 4.973600000000000000e+04 5.311200000000000000e+04 5.229400000000000000e+04 5.089800000000000000e+04 2.026535580202471465e+01 7.580000000000000000e+02
3.140000000000000000e+02 -1.290000000000000000e+02 -7.100000000000000000e+01 5.007800000000000000e+04 5.321400000000000000e+04 5.199300000000000000e+04 5.077400000000000000e+04 2.027666969003621489e+01 7.580000000000000000e+02
4.020000000000000000e+02 -1.680000000000000000e+02 -5.600000000000000000e+01 5.022700000000000000e+04 5.343400000000000000e+04 5.194600000000000000e+04 5.036000000000000000e+04 2.028330246300902218e+01 7.570000000000000000e+02
4.110000000000000000e+02 -1.390000000000000000e+02 -3.900000000000000000e+01 5.070200000000000000e+04 5.278500000000000000e+04 5.184900000000000000e+04 5.132000000000000000e+04 2.029375848907511681e+01 7.570000000000000000e+02
4.090000000000000000e+02 -1.810000000000000000e+02 -7.000000000000000000e+00 5.054800000000000000e+04 5.381800000000000000e+04 5.215300000000000000e+04 4.988800000000000000e+04 2.030483519902918488e+01 7.570000000000000000e+02
4.060000000000000000e+02 -1.910000000000000000e+02 -5.000000000000000000e+00 5.075300000000000000e+04 5.339100000000000000e+04 5.210000000000000000e+04 5.022600000000000000e+04 2.031465682596899569e+01 7.570000000000000000e+02
3.680000000000000000e+02 -1.960000000000000000e+02 2.200000000000000000e+01 5.068400000000000000e+04 5.374600000000000000e+04 5.244000000000000000e+04 4.981600000000000000e+04 2.032372584298718721e+01 7.570000000000000000e+02
3.400000000000000000e+02 -2.430000000000000000e+02 3.700000000000000000e+01 5.050700000000000000e+04 5.359800000000000000e+04 5.242800000000000000e+04 4.957900000000000000e+04 2.033429387700743973e+01 7.590000000000000000e+02
3.060000000000000000e+02 -2.170000000000000000e+02 3.000000000000000000e+01 5.067800000000000000e+04 5.323600000000000000e+04 5.220500000000000000e+04 4.975100000000000000e+04 2.034370752796530724e+01 7.590000000000000000e+02
2.510000000000000000e+02 -1.900000000000000000e+02 6.600000000000000000e+01 5.047500000000000000e+04 5.300400000000000000e+04 5.248700000000000000e+04 4.986400000000000000e+04 2.035344847105443478e+01 7.590000000000000000e+02
2.290000000000000000e+02 -1.440000000000000000e+02 5.800000000000000000e+01 5.092800000000000000e+04 5.309500000000000000e+04 5.208200000000000000e+04 4.968500000000000000e+04 2.036380471300799400e+01 7.590000000000000000e+02
2.190000000000000000e+02 -1.290000000000000000e+02 6.300000000000000000e+01 5.134800000000000000e+04 5.295000000000000000e+04 5.184200000000000000e+04 4.970400000000000000e+04 2.037409557506907731e+01 7.590000000000000000e+02
1.620000000000000000e+02 -1.100000000000000000e+02 9.600000000000000000e+01 5.100000000000000000e+04 5.288700000000000000e+04 5.224000000000000000e+04 4.969800000000000000e+04 2.043349594203755260e+01 7.550000000000000000e+02
1.410000000000000000e+02 -1.170000000000000000e+02 8.500000000000000000e+01 5.121500000000000000e+04 5.209800000000000000e+04 5.233200000000000000e+04 5.072600000000000000e+04 2.043677257501985878e+01 7.550000000000000000e+02
5.600000000000000000e+01 -5.900000000000000000e+01 1.180000000000000000e+02 5.095800000000000000e+04 5.142100000000000000e+04 5.298300000000000000e+04 5.132200000000000000e+04 2.043885207001585513e+01 7.550000000000000000e+02
1.000000000000000000e+00 -9.300000000000000000e+01 1.360000000000000000e+02 5.087700000000000000e+04 5.156700000000000000e+04 5.322800000000000000e+04 5.096800000000000000e+04 2.044200322101823986e+01 7.550000000000000000e+02
-3.300000000000000000e+01 -1.320000000000000000e+02 1.520000000000000000e+02 5.050300000000000000e+04 5.186100000000000000e+04 5.376000000000000000e+04 5.038500000000000000e+04 2.044443918706383556e+01 7.550000000000000000e+02
-5.800000000000000000e+01 -1.140000000000000000e+02 1.630000000000000000e+02 5.069300000000000000e+04 5.160100000000000000e+04 5.371900000000000000e+04 5.052000000000000000e+04 2.044702219404280186e+01 7.560000000000000000e+02
-4.300000000000000000e+01 -1.350000000000000000e+02 1.770000000000000000e+02 5.069500000000000000e+04 5.115800000000000000e+04 5.362500000000000000e+04 5.069500000000000000e+04 2.045097809599246830e+01 7.560000000000000000e+02
-7.600000000000000000e+01 -1.590000000000000000e+02 1.760000000000000000e+02 5.010100000000000000e+04 5.180100000000000000e+04 5.430500000000000000e+04 4.961700000000000000e+04 2.045495652896352112e+01 7.560000000000000000e+02
-7.200000000000000000e+01 -1.470000000000000000e+02 1.870000000000000000e+02 5.124200000000000000e+04 5.118100000000000000e+04 5.340700000000000000e+04 5.017000000000000000e+04 2.046397896297276020e+01 7.560000000000000000e+02
-1.000000000000000000e+01 -1.220000000000000000e+02 1.860000000000000000e+02 5.110900000000000000e+04 5.135900000000000000e+04 5.358500000000000000e+04 4.982300000000000000e+04 2.047439245996065438e+01 7.560000000000000000e+02
-3.000000000000000000e+00 -8.500000000000000000e+01 1.740000000000000000e+02 5.097100000000000000e+04 5.145800000000000000e+04 5.372600000000000000e+04 4.956000000000000000e+04 2.048388607997912914e+01 7.560000000000000000e+02
4.000000000000000000e+00 -8.500000000000000000e+01 1.850000000000000000e+02 5.103300000000000000e+04 5.135300000000000000e+04 5.366300000000000000e+04 4.947700000000000000e+04 2.049382324505131692e+01 7.560000000000000000e+02
-1.500000000000000000e+01 -7.300000000000000000e+01 1.600000000000000000e+02 5.117600000000000000e+04 5.136300000000000000e+04 5.361500000000000000e+04 4.965600000000000000e+04 2.050413772906176746e+01 7.560000000000000000e+02
3.000000000000000000e+00 -8.200000000000000000e+01 1.440000000000000000e+02 5.090700000000000000e+04 5.142500000000000000e+04 5.381600000000000000e+04 4.953700000000000000e+04 2.051384974701795727e+01 7.560000000000000000e+02
-1.600000000000000000e+01 -9.700000000000000000e+01 1.440000000000000000e+02 5.111500000000000000e+04 5.128200000000000000e+04 5.357600000000000000e+04 4.973600000000000000e+04 2.052343539102002978e+01 7.560000000000000000e+02
-1.700000000000000000e+01 -1.120000000000000000e+02 1.180000000000000000e+02 5.051900000000000000e+04 5.121700000000000000e+04 5.380400000000000000e+04 4.951500000000000000e+04 2.053405727399513125e+01 7.570000000000000000e+02
-4.100000000000000000e+01 -1.110000000000000000e+02 1.300000000000000000e+02 5.070800000000000000e+04 5.107800000000000000e+04 5.358100000000000000e+04 4.963900000000000000e+04 2.054354903206694871e+01 7.570000000000000000e+02
-1.500000000000000000e+01 -1.040000000000000000e+02 1.090000000000000000e+02 5.056400000000000000e+04 5.163800000000000000e+04 5.363400000000000000e+04 4.898800000000000000e+04 2.055403566604945809e+01 7.570000000000000000e+02
8.000000000000000000e+00 -8.000000000000000000e+01 1.010000000000000000e+02 5.109800000000000000e+04 5.117300000000000000e+04 5.299700000000000000e+04 4.931000000000000000e+04 2.056328246102202684e+01 7.570000000000000000e+02
3.400000000000000000e+01 -4.000000000000000000e+01 1.000000000000000000e+02 5.152600000000000000e+04 5.132700000000000000e+04 5.271300000000000000e+04 4.928100000000000000e+04 2.057389778003562242e+01 7.570000000000000000e+02
5.700000000000000000e+01 1.700000000000000000e+01 9.000000000000000000e+01 5.136600000000000000e+04 5.126100000000000000e+04 5.280100000000000000e+04 4.930900000000000000e+04 2.058363930496852845e+01 7.560000000000000000e+02
5.000000000000000000e+01 6.200000000000000000e+01 9.200000000000000000e+01 5.195600000000000000e+04 5.106300000000000000e+04 5.229400000000000000e+04 4.960100000000000000e+04 2.059485513099934906e+01 7.560000000000000000e+02
4.700000000000000000e+01 9.000000000000000000e+01 8.100000000000000000e+01 5.204600000000000000e+04 5.060600000000000000e+04 5.226200000000000000e+04 4.999500000000000000e+04 2.060378038906492293e+01 7.560000000000000000e+02
2.000000000000000000e+01 1.160000000000000000e+02 9.400000000000000000e+01 5.199200000000000000e+04 5.052600000000000000e+04 5.231100000000000000e+04 5.005900000000000000e+04 2.061409732000902295e+01 7.560000000000000000e+02
2.200000000000000000e+01 8.300000000000000000e+01 7.200000000000000000e+01 5.156300000000000000e+04 5.062900000000000000e+04 5.267600000000000000e+04 4.995900000000000000e+04 2.062328104698099196e+01 7.560000000000000000e+02
-1.400000000000000000e+01 6.300000000000000000e+01 9.000000000000000000e+01 5.138900000000000000e+04 5.065000000000000000e+04 5.279000000000000000e+04 4.974900000000000000e+04 2.063370932498946786e+01 7.580000000000000000e+02
-3.200000000000000000e+01 4.000000000000000000e+00 8.900000000000000000e+01 5.112200000000000000e+04 5.069100000000000000e+04 5.299000000000000000e+04 4.941400000000000000e+04 2.064352127700112760e+01 7.580000000000000000e+02
-6.900000000000000000e+01 5.000000000000000000e+00 8.400000000000000000e+01 5.107700000000000000e+04 5.042000000000000000e+04 5.304500000000000000e+04 4.972900000000000000e+04 2.065340483700856566e+01 7.580000000000000000e+02
-9.000000000000000000e+01 -2.700000000000000000e+01 8.600000000000000000e+01 5.059100000000000000e+04 5.051500000000000000e+04 5.353700000000000000e+04 4.953900000000000000e+04 2.066468886600341648e+01 7.580000000000000000e+02
-1.080000000000000000e+02 -6.500000000000000000e+01 8.600000000000000000e+01 5.073000000000000000e+04 5.043100000000000000e+04 5.348900000000000000e+04 4.953700000000000000e+04 2.067352749104611576e+01 7.580000000000000000e+02
-1.560000000000000000e+02 -6.000000000000000000e+01 8.600000000000000000e+01 5.039200000000000000e+04 5.016200000000000000e+04 5.378600000000000000e+04 4.977000000000000000e+04 2.068374015507288277e+01 7.590000000000000000e+02
-1.390000000000000000e+02 -1.010000000000000000e+02 9.200000000000000000e+01 5.008900000000000000e+04 5.026400000000000000e+04 5.405500000000000000e+04 4.943400000000000000e+04 2.069568036205600947e+01 7.590000000000000000e+02
-1.400000000000000000e+02 -8.000000000000000000e+01 1.130000000000000000e+02 5.081000000000000000e+04 5.038800000000000000e+04 5.374800000000000000e+04 4.928000000000000000e+04 2.070368857600260526e+01 7.590000000000000000e+02
-1.230000000000000000e+02 -7.700000000000000000e+01 1.080000000000000000e+02 5.067300000000000000e+04 5.027600000000000000e+04 5.372200000000000000e+04 4.921600000000000000e+04 2.071318005898501724e+01 7.590000000000000000e+02
-1.070000000000000000e+02 -2.700000000000000000e+01 9.600000000000000000e+01 5.116700000000000000e+04 4.990600000000000000e+04 5.328600000000000000e+04 4.959600000000000000e+04 2.072417614597361535e+01 7.590000000000000000e+02
-5.600000000000000000e+01 -2.500000000000000000e+01 1.050000000000000000e+02 5.156100000000000000e+04 4.965700000000000000e+04 5.284600000000000000e+04 4.947100000000000000e+04 2.073328972305171192e+01 7.620000000000000000e+02
-1.500000000000000000e+01 1.300000000000000000e+01 1.070000000000000000e+02 5.131700000000000000e+04 5.019100000000000000e+04 5.289200000000000000e+04 4.875300000000000000e+04 2.074420695402659476e+01 7.620000000000000000e+02
4.000000000000000000e+01 1.700000000000000000e+01 1.050000000000000000e+02 5.173400000000000000e+04 5.020300000000000000e+04 5.263700000000000000e+04 4.856900000000000000e+04 2.075407475896645337e+01 7.620000000000000000e+02
6.900000000000000000e+01 7.900000000000000000e+01 1.060000000000000000e+02 5.228500000000000000e+04 5.009900000000000000e+04 5.210700000000000000e+04 4.871400000000000000e+04 2.076378922897856683e+01 7.620000000000000000e+02
3.100000000000000000e+01 8.700000000000000000e+01 9.400000000000000000e+01 5.157100000000000000e+04 4.989400000000000000e+04 5.287500000000000000e+04 4.889400000000000000e+04 2.077570545196067542e+01 7.620000000000000000e+02
2.600000000000000000e+01 4.700000000000000000e+01 1.080000000000000000e+02 5.159800000000000000e+04 5.036400000000000000e+04 5.288400000000000000e+04 4.833100000000000000e+04 2.078444520803168416e+01 7.620000000000000000e+02
-5.300000000000000000e+01 8.400000000000000000e+01 1.010000000000000000e+02 5.172100000000000000e+04 4.931400000000000000e+04 5.292900000000000000e+04 4.951000000000000000e+04 2.079346044699195772e+01 7.620000000000000000e+02
-8.300000000000000000e+01 8.000000000000000000e+00 1.110000000000000000e+02 5.113500000000000000e+04 5.007400000000000000e+04 5.360400000000000000e+04 4.866700000000000000e+04 2.080425971106160432e+01 7.620000000000000000e+02
-1.540000000000000000e+02 1.500000000000000000e+01 1.030000000000000000e+02 5.084000000000000000e+04 4.894400000000000000e+04 5.388300000000000000e+04 4.988600000000000000e+04 2.081349911505822092e+01 7.620000000000000000e+02
-1.470000000000000000e+02 -7.900000000000000000e+01 1.000000000000000000e+02 5.079000000000000000e+04 4.977000000000000000e+04 5.394100000000000000e+04 4.910600000000000000e+04 2.082332061103079468e+01 7.620000000000000000e+02
-1.280000000000000000e+02 -6.800000000000000000e+01 1.100000000000000000e+02 5.118800000000000000e+04 4.984200000000000000e+04 5.368100000000000000e+04 4.897700000000000000e+04 2.083375310199335217e+01 7.610000000000000000e+02
-6.300000000000000000e+01 -3.200000000000000000e+01 9.800000000000000000e+01 5.162000000000000000e+04 4.983000000000000000e+04 5.341700000000000000e+04 4.901700000000000000e+04 2.084317018801812083e+01 7.610000000000000000e+02
-5.500000000000000000e+01 -3.500000000000000000e+01 9.400000000000000000e+01 5.150500000000000000e+04 4.978400000000000000e+04 5.359300000000000000e+04 4.907100000000000000e+04 2.085343527200166136e+01 7.610000000000000000e+02
1.100000000000000000e+01 1.800000000000000000e+01 7.000000000000000000e+01 5.225900000000000000e+04 5.027300000000000000e+04 5.280400000000000000e+04 4.874800000000000000e+04 2.086325459298677742e+01 7.610000000000000000e+02
6.600000000000000000e+01 3.200000000000000000e+01 4.500000000000000000e+01 5.263300000000000000e+04 5.046400000000000000e+04 5.250300000000000000e+04 4.893500000000000000e+04 2.087433443299960345e+01 7.610000000000000000e+02
8.000000000000000000e+01 7.800000000000000000e+01 5.300000000000000000e+01 5.200700000000000000e+04 5.023300000000000000e+04 5.316400000000000000e+04 4.924600000000000000e+04 2.088465720601379871e+01 7.620000000000000000e+02
1.050000000000000000e+02 1.050000000000000000e+02 9.000000000000000000e+00 5.278100000000000000e+04 5.065500000000000000e+04 5.249100000000000000e+04 4.913400000000000000e+04 2.089339098799973726e+01 7.620000000000000000e+02
7.300000000000000000e+01 9.100000000000000000e+01 1.900000000000000000e+01 5.255500000000000000e+04 5.103100000000000000e+04 5.260800000000000000e+04 4.897000000000000000e+04 2.090291654004249722e+01 7.620000000000000000e+02
1.130000000000000000e+02 1.070000000000000000e+02 3.000000000000000000e+00 5.338800000000000000e+04 5.092900000000000000e+04 5.176100000000000000e+04 4.914300000000000000e+04 2.091417623404413462e+01 7.620000000000000000e+02
1.040000000000000000e+02 1.010000000000000000e+02 -2.400000000000000000e+01 5.262100000000000000e+04 5.091400000000000000e+04 5.260400000000000000e+04 4.928400000000000000e+04 2.092317955300677568e+01 7.620000000000000000e+02
7.900000000000000000e+01 9.600000000000000000e+01 -7.000000000000000000e+00 5.244600000000000000e+04 5.136000000000000000e+04 5.266900000000000000e+04 4.900500000000000000e+04 2.093312220205552876e+01 7.620000000000000000e+02
5.200000000000000000e+01 2.100000000000000000e+01 -3.800000000000000000e+01 5.236200000000000000e+04 5.096500000000000000e+04 5.258500000000000000e+04 4.942500000000000000e+04 2.094350805203430355e+01 7.620000000000000000e+02
-1.000000000000000000e+01 -2.200000000000000000e+01 -2.200000000000000000e+01 5.203800000000000000e+04 5.141200000000000000e+04 5.293300000000000000e+04 4.901600000000000000e+04 2.095309775997884572e+01 7.620000000000000000e+02
-7.000000000000000000e+00 -1.200000000000000000e+01 -2.000000000000000000e+01 5.169700000000000000e+04 5.196400000000000000e+04 5.325000000000000000e+04 4.846500000000000000e+04 2.096340504498220980e+01 7.620000000000000000e+02
-1.300000000000000000e+01 -9.200000000000000000e+01 -2.900000000000000000e+01 5.201500000000000000e+04 5.158200000000000000e+04 5.322900000000000000e+04 4.909900000000000000e+04 2.097342855203896761e+01 7.620000000000000000e+02
-2.400000000000000000e+01 -5.700000000000000000e+01 -5.000000000000000000e+00 5.206500000000000000e+04 5.104000000000000000e+04 5.327700000000000000e+04 4.970800000000000000e+04 2.098293399403337389e+01 7.610000000000000000e+02
-6.000000000000000000e+01 -5.300000000000000000e+01 -1.300000000000000000e+01 5.187700000000000000e+04 5.094700000000000000e+04 5.352200000000000000e+04 4.981700000000000000e+04 2.099341905303299427e+01 7.610000000000000000e+02
-6.200000000000000000e+01 -6.000000000000000000e+00 -2.000000000000000000e+00 5.233700000000000000e+04 5.109800000000000000e+04 5.331200000000000000e+04 4.989600000000000000e+04 2.100465370796155185e+01 7.610000000000000000e+02
-4.400000000000000000e+01 -9.000000000000000000e+00 -8.000000000000000000e+00 5.200700000000000000e+04 5.178600000000000000e+04 5.376900000000000000e+04 4.908400000000000000e+04 2.101412917301058769e+01 7.610000000000000000e+02
-3.400000000000000000e+01 1.800000000000000000e+01 3.000000000000000000e+00 5.239500000000000000e+04 5.086700000000000000e+04 5.341700000000000000e+04 5.016900000000000000e+04 2.102325473597738892e+01 7.610000000000000000e+02
1.800000000000000000e+01 8.000000000000000000e+00 2.500000000000000000e+01 5.298500000000000000e+04 5.107500000000000000e+04 5.286400000000000000e+04 4.980600000000000000e+04 2.103360772004816681e+01 7.610000000000000000e+02
2.400000000000000000e+01 3.200000000000000000e+01 3.200000000000000000e+01 5.303200000000000000e+04 5.123400000000000000e+04 5.291200000000000000e+04 4.956900000000000000e+04 2.104477917007170618e+01 7.610000000000000000e+02
5.800000000000000000e+01 2.200000000000000000e+01 2.500000000000000000e+01 5.285300000000000000e+04 5.163400000000000000e+04 5.306600000000000000e+04 4.881400000000000000e+04 2.105364478006958961e+01 7.610000000000000000e+02
6.200000000000000000e+01 3.600000000000000000e+01 7.500000000000000000e+01 5.305000000000000000e+04 5.156100000000000000e+04 5.299900000000000000e+04 4.875900000000000000e+04 2.106727826502174139e+01 7.610000000000000000e+02
9.700000000000000000e+01 2.800000000000000000e+01 4.800000000000000000e+01 5.316500000000000000e+04 5.183200000000000000e+04 5.308800000000000000e+04 4.855700000000000000e+04 2.109396138903684914e+01 7.610000000000000000e+02
7.900000000000000000e+01 -1.400000000000000000e+01 6.000000000000000000e+01 5.300700000000000000e+04 5.179500000000000000e+04 5.332900000000000000e+04 4.850600000000000000e+04 2.109749942203052342e+01 7.580000000000000000e+02
5.700000000000000000e+01 1.000000000000000000e+01 5.700000000000000000e+01 5.312100000000000000e+04 5.160000000000000000e+04 5.338900000000000000e+04 4.888000000000000000e+04 2.109902699501253664e+01 7.580000000000000000e+02
-2.400000000000000000e+01 2.700000000000000000e+01 5.800000000000000000e+01 5.316100000000000000e+04 5.108800000000000000e+04 5.336800000000000000e+04 4.946000000000000000e+04 2.110313481907360256e+01 7.580000000000000000e+02
-5.300000000000000000e+01 2.900000000000000000e+01 5.400000000000000000e+01 5.319000000000000000e+04 5.097400000000000000e+04 5.342100000000000000e+04 4.953500000000000000e+04 2.111445007997099310e+01 7.580000000000000000e+02
-1.080000000000000000e+02 3.800000000000000000e+01 8.300000000000000000e+01 5.330800000000000000e+04 5.056100000000000000e+04 5.338300000000000000e+04 4.998500000000000000e+04 2.112506552506238222e+01 7.580000000000000000e+02
-1.490000000000000000e+02 9.400000000000000000e+01 7.000000000000000000e+01 5.331100000000000000e+04 4.950900000000000000e+04 5.379100000000000000e+04 5.118900000000000000e+04 2.113291276805102825e+01 7.540000000000000000e+02
-1.960000000000000000e+02 9.500000000000000000e+01 7.600000000000000000e+01 5.309300000000000000e+04 5.013300000000000000e+04 5.404600000000000000e+04 5.056200000000000000e+04 2.114320092904381454e+01 7.540000000000000000e+02
-1.830000000000000000e+02 6.600000000000000000e+01 8.700000000000000000e+01 5.299500000000000000e+04 5.019900000000000000e+04 5.420000000000000000e+04 5.049100000000000000e+04 2.115294339007232338e+01 7.540000000000000000e+02
-1.550000000000000000e+02 4.100000000000000000e+01 9.400000000000000000e+01 5.332400000000000000e+04 5.049600000000000000e+04 5.403900000000000000e+04 5.003300000000000000e+04 2.116385403799358755e+01 7.540000000000000000e+02
-1.330000000000000000e+02 2.900000000000000000e+01 9.800000000000000000e+01 5.343700000000000000e+04 5.044300000000000000e+04 5.401900000000000000e+04 4.995600000000000000e+04 2.117424869001843035e+01 7.540000000000000000e+02
-9.000000000000000000e+01 -2.100000000000000000e+01 1.020000000000000000e+02 5.345200000000000000e+04 5.092700000000000000e+04 5.424600000000000000e+04 4.946700000000000000e+04 2.118781696003861725e+01 7.550000000000000000e+02
-4.600000000000000000e+01 -8.600000000000000000e+01 1.140000000000000000e+02 5.329000000000000000e+04 5.135500000000000000e+04 5.439500000000000000e+04 4.883800000000000000e+04 2.119619568798225373e+01 7.550000000000000000e+02
-1.500000000000000000e+01 -1.280000000000000000e+02 1.110000000000000000e+02 5.363300000000000000e+04 5.116700000000000000e+04 5.414400000000000000e+04 4.898200000000000000e+04 2.123332287906669080e+01 7.550000000000000000e+02
-5.000000000000000000e+00 -1.460000000000000000e+02 1.030000000000000000e+02 5.335400000000000000e+04 5.189100000000000000e+04 5.445100000000000000e+04 4.805000000000000000e+04 2.124060038896277547e+01 7.550000000000000000e+02
4.000000000000000000e+00 -1.270000000000000000e+02 1.060000000000000000e+02 5.340200000000000000e+04 5.124100000000000000e+04 5.446600000000000000e+04 4.867200000000000000e+04 2.124219859996810555e+01 7.550000000000000000e+02
-2.900000000000000000e+01 -7.500000000000000000e+01 1.270000000000000000e+02 5.321900000000000000e+04 5.069700000000000000e+04 5.457200000000000000e+04 4.906000000000000000e+04 2.124403205607086420e+01 7.530000000000000000e+02
-4.700000000000000000e+01 -7.200000000000000000e+01 1.050000000000000000e+02 5.328800000000000000e+04 5.021000000000000000e+04 5.457400000000000000e+04 4.944700000000000000e+04 2.124571306107100099e+01 7.530000000000000000e+02
-9.000000000000000000e+01 1.900000000000000000e+01 1.140000000000000000e+02 5.342400000000000000e+04 4.970400000000000000e+04 5.438200000000000000e+04 4.965100000000000000e+04 2.125447580800391734e+01 7.530000000000000000e+02
-9.800000000000000000e+01 4.000000000000000000e+01 9.700000000000000000e+01 5.333200000000000000e+04 5.004800000000000000e+04 5.434500000000000000e+04 4.948700000000000000e+04 2.126334660896100104e+01 7.530000000000000000e+02
-1.040000000000000000e+02 1.040000000000000000e+02 9.300000000000000000e+01 5.355400000000000000e+04 4.955500000000000000e+04 5.415700000000000000e+04 4.994600000000000000e+04 2.127390837005805224e+01 7.530000000000000000e+02
-7.200000000000000000e+01 7.600000000000000000e+01 8.300000000000000000e+01 5.389300000000000000e+04 4.985100000000000000e+04 5.393700000000000000e+04 4.985200000000000000e+04 2.128448375000152737e+01 7.520000000000000000e+02
-6.100000000000000000e+01 1.020000000000000000e+02 7.300000000000000000e+01 5.406200000000000000e+04 5.024600000000000000e+04 5.380900000000000000e+04 4.942800000000000000e+04 2.129505325702484697e+01 7.520000000000000000e+02
