-1.300000000000000000e+01 -3.800000000000000000e+01 6.000000000000000000e+01 4.689100000000000000e+04 4.911100000000000000e+04 4.862000000000000000e+04 4.913300000000000000e+04 1.680621491000056267e+01 7.860000000000000000e+02
-4.800000000000000000e+01 -2.100000000000000000e+01 6.100000000000000000e+01 4.728200000000000000e+04 4.900500000000000000e+04 4.837800000000000000e+04 4.915200000000000000e+04 1.681727725593373179e+01 7.860000000000000000e+02
-3.400000000000000000e+01 -4.200000000000000000e+01 6.200000000000000000e+01 4.688400000000000000e+04 4.889700000000000000e+04 4.862100000000000000e+04 4.911100000000000000e+04 1.682641293096821755e+01 7.860000000000000000e+02
-8.300000000000000000e+01 1.300000000000000000e+01 6.300000000000000000e+01 4.672400000000000000e+04 4.842000000000000000e+04 4.873800000000000000e+04 4.953300000000000000e+04 1.683752826892305166e+01 7.860000000000000000e+02
-5.600000000000000000e+01 -4.500000000000000000e+01 5.800000000000000000e+01 4.705300000000000000e+04 4.870100000000000000e+04 4.844400000000000000e+04 4.928300000000000000e+04 1.684729244490154088e+01 7.870000000000000000e+02
-2.400000000000000000e+01 -2.000000000000000000e+00 6.300000000000000000e+01 4.724500000000000000e+04 4.895300000000000000e+04 4.813100000000000000e+04 4.890300000000000000e+04 1.685636997490655631e+01 7.870000000000000000e+02
1.200000000000000000e+01 -6.200000000000000000e+01 3.900000000000000000e+01 4.741400000000000000e+04 4.929100000000000000e+04 4.814100000000000000e+04 4.866400000000000000e+04 1.686625940690282732e+01 7.870000000000000000e+02
9.000000000000000000e+00 -3.100000000000000000e+01 6.000000000000000000e+01 4.696600000000000000e+04 4.904100000000000000e+04 4.857000000000000000e+04 4.892200000000000000e+04 1.687735378998331726e+01 7.870000000000000000e+02
4.300000000000000000e+01 -6.900000000000000000e+01 5.700000000000000000e+01 4.737600000000000000e+04 4.931200000000000000e+04 4.822500000000000000e+04 4.865500000000000000e+04 1.688758984196465462e+01 7.820000000000000000e+02
3.300000000000000000e+01 -2.500000000000000000e+01 6.100000000000000000e+01 4.742600000000000000e+04 4.953000000000000000e+04 4.848800000000000000e+04 4.855800000000000000e+04 1.689689953590277582e+01 7.820000000000000000e+02
1.700000000000000000e+01 -4.200000000000000000e+01 5.500000000000000000e+01 4.731400000000000000e+04 4.941400000000000000e+04 4.854400000000000000e+04 4.871800000000000000e+04 1.690639723592903465e+01 7.820000000000000000e+02
4.900000000000000000e+01 -1.400000000000000000e+01 5.700000000000000000e+01 4.724700000000000000e+04 4.953200000000000000e+04 4.867300000000000000e+04 4.859700000000000000e+04 1.691681793797761202e+01 7.820000000000000000e+02
4.000000000000000000e+00 -1.000000000000000000e+00 5.200000000000000000e+01 4.732200000000000000e+04 4.925000000000000000e+04 4.861300000000000000e+04 4.889700000000000000e+04 1.692670084896963090e+01 7.820000000000000000e+02
1.100000000000000000e+01 4.400000000000000000e+01 5.300000000000000000e+01 4.760200000000000000e+04 4.896900000000000000e+04 4.836600000000000000e+04 4.914700000000000000e+04 1.693599381600506604e+01 7.820000000000000000e+02
-5.400000000000000000e+01 4.100000000000000000e+01 4.500000000000000000e+01 4.737800000000000000e+04 4.883600000000000000e+04 4.859300000000000000e+04 4.933100000000000000e+04 1.694677124498412013e+01 7.860000000000000000e+02
-2.900000000000000000e+01 6.600000000000000000e+01 4.700000000000000000e+01 4.714800000000000000e+04 4.888500000000000000e+04 4.875200000000000000e+04 4.926700000000000000e+04 1.695623319095466286e+01 7.860000000000000000e+02
-7.900000000000000000e+01 6.100000000000000000e+01 4.600000000000000000e+01 4.741900000000000000e+04 4.881900000000000000e+04 4.849300000000000000e+04 4.930400000000000000e+04 1.696632438700180501e+01 7.860000000000000000e+02
-2.000000000000000000e+01 5.100000000000000000e+01 4.700000000000000000e+01 4.741800000000000000e+04 4.912000000000000000e+04 4.858200000000000000e+04 4.921100000000000000e+04 1.697625170391984284e+01 7.860000000000000000e+02
-4.900000000000000000e+01 4.500000000000000000e+01 5.300000000000000000e+01 4.743900000000000000e+04 4.886200000000000000e+04 4.852700000000000000e+04 4.926300000000000000e+04 1.698735190997831523e+01 7.850000000000000000e+02
-1.800000000000000000e+01 2.800000000000000000e+01 5.300000000000000000e+01 4.758400000000000000e+04 4.888800000000000000e+04 4.840400000000000000e+04 4.911300000000000000e+04 1.699628027295693755e+01 7.850000000000000000e+02
-3.300000000000000000e+01 4.700000000000000000e+01 5.300000000000000000e+01 4.741700000000000000e+04 4.893900000000000000e+04 4.842200000000000000e+04 4.891500000000000000e+04 1.700771128199994564e+01 7.850000000000000000e+02
-6.000000000000000000e+00 5.000000000000000000e+00 5.200000000000000000e+01 4.734400000000000000e+04 4.918000000000000000e+04 4.853200000000000000e+04 4.868400000000000000e+04 1.701645645790267736e+01 7.850000000000000000e+02
-2.000000000000000000e+00 3.400000000000000000e+01 6.000000000000000000e+01 4.732700000000000000e+04 4.891600000000000000e+04 4.858100000000000000e+04 4.892600000000000000e+04 1.702749661391135305e+01 7.850000000000000000e+02
2.800000000000000000e+01 3.000000000000000000e+01 4.800000000000000000e+01 4.756400000000000000e+04 4.925000000000000000e+04 4.833400000000000000e+04 4.855300000000000000e+04 1.703591019194573164e+01 7.850000000000000000e+02
7.000000000000000000e+00 1.600000000000000000e+01 5.300000000000000000e+01 4.757900000000000000e+04 4.912900000000000000e+04 4.839600000000000000e+04 4.864700000000000000e+04 1.704608857096172869e+01 7.850000000000000000e+02
1.700000000000000000e+01 8.500000000000000000e+01 5.200000000000000000e+01 4.748000000000000000e+04 4.872000000000000000e+04 4.849400000000000000e+04 4.898600000000000000e+04 1.705859368492383510e+01 7.850000000000000000e+02
-1.000000000000000000e+01 7.700000000000000000e+01 5.900000000000000000e+01 4.720500000000000000e+04 4.860500000000000000e+04 4.884900000000000000e+04 4.926300000000000000e+04 1.706687732296995819e+01 7.850000000000000000e+02
1.000000000000000000e+01 8.200000000000000000e+01 5.300000000000000000e+01 4.775000000000000000e+04 4.892500000000000000e+04 4.839500000000000000e+04 4.897100000000000000e+04 1.707570779300294816e+01 7.850000000000000000e+02
-4.300000000000000000e+01 4.400000000000000000e+01 4.200000000000000000e+01 4.741100000000000000e+04 4.859600000000000000e+04 4.873900000000000000e+04 4.933200000000000000e+04 1.708686633093748242e+01 7.810000000000000000e+02
-1.600000000000000000e+01 2.200000000000000000e+01 4.200000000000000000e+01 4.771000000000000000e+04 4.903200000000000000e+04 4.875300000000000000e+04 4.919900000000000000e+04 1.709744146093726158e+01 7.810000000000000000e+02
-8.000000000000000000e+00 3.600000000000000000e+01 4.400000000000000000e+01 4.765100000000000000e+04 4.908700000000000000e+04 4.870200000000000000e+04 4.897900000000000000e+04 1.710788689693436027e+01 7.810000000000000000e+02
2.600000000000000000e+01 1.500000000000000000e+01 5.400000000000000000e+01 4.779000000000000000e+04 4.925000000000000000e+04 4.863400000000000000e+04 4.883300000000000000e+04 1.711854428099468350e+01 7.810000000000000000e+02
1.600000000000000000e+01 3.600000000000000000e+01 4.700000000000000000e+01 4.789400000000000000e+04 4.921200000000000000e+04 4.870500000000000000e+04 4.898700000000000000e+04 1.712643759290222079e+01 7.810000000000000000e+02
1.900000000000000000e+01 1.800000000000000000e+01 5.500000000000000000e+01 4.788600000000000000e+04 4.926800000000000000e+04 4.870800000000000000e+04 4.892100000000000000e+04 1.713637821294832975e+01 7.810000000000000000e+02
1.100000000000000000e+01 3.700000000000000000e+01 5.200000000000000000e+01 4.794300000000000000e+04 4.910100000000000000e+04 4.868600000000000000e+04 4.912800000000000000e+04 1.714643863996025175e+01 7.820000000000000000e+02
1.000000000000000000e+01 7.000000000000000000e+00 4.800000000000000000e+01 4.791600000000000000e+04 4.908000000000000000e+04 4.881400000000000000e+04 4.910600000000000000e+04 1.715671770391054451e+01 7.820000000000000000e+02
0.000000000000000000e+00 6.000000000000000000e+00 5.500000000000000000e+01 4.792000000000000000e+04 4.926200000000000000e+04 4.897000000000000000e+04 4.907600000000000000e+04 1.716576022200752050e+01 7.820000000000000000e+02
-1.200000000000000000e+01 -3.400000000000000000e+01 4.500000000000000000e+01 4.806200000000000000e+04 4.909900000000000000e+04 4.891100000000000000e+04 4.924600000000000000e+04 1.717609648697543889e+01 7.820000000000000000e+02
-3.000000000000000000e+01 2.300000000000000000e+01 5.600000000000000000e+01 4.792200000000000000e+04 4.873600000000000000e+04 4.907300000000000000e+04 4.963100000000000000e+04 1.718797396100126207e+01 7.810000000000000000e+02
-1.500000000000000000e+01 -5.000000000000000000e+00 3.500000000000000000e+01 4.811900000000000000e+04 4.935600000000000000e+04 4.893000000000000000e+04 4.897900000000000000e+04 1.719685654691420496e+01 7.810000000000000000e+02
-1.500000000000000000e+01 3.000000000000000000e+00 5.900000000000000000e+01 4.806100000000000000e+04 4.932600000000000000e+04 4.886700000000000000e+04 4.890300000000000000e+04 1.720591481798328459e+01 7.810000000000000000e+02
-4.600000000000000000e+01 -1.400000000000000000e+01 4.100000000000000000e+01 4.803900000000000000e+04 4.844700000000000000e+04 4.964000000000000000e+04 4.905700000000000000e+04 1.721599513397086412e+01 7.810000000000000000e+02
-3.800000000000000000e+01 -6.000000000000000000e+00 7.700000000000000000e+01 4.832400000000000000e+04 4.847300000000000000e+04 4.940700000000000000e+04 4.899600000000000000e+04 1.722790017595980316e+01 7.810000000000000000e+02
-8.000000000000000000e+00 -5.900000000000000000e+01 2.500000000000000000e+01 4.779800000000000000e+04 4.909300000000000000e+04 5.000100000000000000e+04 4.826400000000000000e+04 1.723561534692998976e+01 7.810000000000000000e+02
-2.800000000000000000e+01 -8.000000000000000000e+00 6.200000000000000000e+01 4.808400000000000000e+04 4.893200000000000000e+04 4.907500000000000000e+04 4.944600000000000000e+04 1.724645869398955256e+01 7.810000000000000000e+02
1.100000000000000000e+01 -3.100000000000000000e+01 3.800000000000000000e+01 4.812200000000000000e+04 4.904200000000000000e+04 4.895900000000000000e+04 4.924600000000000000e+04 1.725816332898102701e+01 7.810000000000000000e+02
-2.100000000000000000e+01 1.800000000000000000e+01 4.900000000000000000e+01 4.814600000000000000e+04 4.930600000000000000e+04 4.907800000000000000e+04 4.914300000000000000e+04 1.726767321198713034e+01 7.810000000000000000e+02
4.000000000000000000e+01 -3.000000000000000000e+01 3.800000000000000000e+01 4.835200000000000000e+04 4.909100000000000000e+04 4.962000000000000000e+04 4.863300000000000000e+04 1.727769785490818322e+01 7.810000000000000000e+02
2.000000000000000000e+01 3.700000000000000000e+01 5.100000000000000000e+01 4.859300000000000000e+04 4.928700000000000000e+04 4.934600000000000000e+04 4.850300000000000000e+04 1.728722660394851118e+01 7.790000000000000000e+02
3.500000000000000000e+01 -2.900000000000000000e+01 4.900000000000000000e+01 4.841100000000000000e+04 4.901300000000000000e+04 4.947600000000000000e+04 4.866400000000000000e+04 1.729853441391605884e+01 7.790000000000000000e+02
4.000000000000000000e+01 3.700000000000000000e+01 4.500000000000000000e+01 4.861300000000000000e+04 4.890200000000000000e+04 4.916800000000000000e+04 4.863700000000000000e+04 1.730592279392294586e+01 7.790000000000000000e+02
5.900000000000000000e+01 2.300000000000000000e+01 4.800000000000000000e+01 4.885800000000000000e+04 4.869200000000000000e+04 4.904100000000000000e+04 4.876100000000000000e+04 1.731688771792687476e+01 7.790000000000000000e+02
2.200000000000000000e+01 1.900000000000000000e+01 4.800000000000000000e+01 4.783200000000000000e+04 4.894300000000000000e+04 4.939600000000000000e+04 4.914000000000000000e+04 1.732595133897848427e+01 7.790000000000000000e+02
2.100000000000000000e+01 1.000000000000000000e+00 6.100000000000000000e+01 4.825000000000000000e+04 4.909400000000000000e+04 4.920700000000000000e+04 4.909600000000000000e+04 1.733563969994429499e+01 7.790000000000000000e+02
3.800000000000000000e+01 8.000000000000000000e+00 5.400000000000000000e+01 4.886600000000000000e+04 4.857000000000000000e+04 4.947400000000000000e+04 4.874800000000000000e+04 1.734744659089483321e+01 7.800000000000000000e+02
3.000000000000000000e+00 7.000000000000000000e+00 6.300000000000000000e+01 4.787200000000000000e+04 4.885900000000000000e+04 4.939800000000000000e+04 4.911500000000000000e+04 1.735621435090433806e+01 7.800000000000000000e+02
2.800000000000000000e+01 -4.400000000000000000e+01 6.200000000000000000e+01 4.783000000000000000e+04 4.903700000000000000e+04 4.962500000000000000e+04 4.905200000000000000e+04 1.736594872095156461e+01 7.800000000000000000e+02
4.000000000000000000e+00 -6.000000000000000000e+00 6.200000000000000000e+01 4.773000000000000000e+04 4.912400000000000000e+04 4.967100000000000000e+04 4.903000000000000000e+04 1.737586201296653599e+01 7.800000000000000000e+02
3.400000000000000000e+01 -5.300000000000000000e+01 4.400000000000000000e+01 4.803200000000000000e+04 4.946100000000000000e+04 4.927200000000000000e+04 4.845500000000000000e+04 1.738617746997624636e+01 7.770000000000000000e+02
5.000000000000000000e+00 -2.200000000000000000e+01 5.300000000000000000e+01 4.754300000000000000e+04 4.929300000000000000e+04 4.966800000000000000e+04 4.861300000000000000e+04 1.739708261797204614e+01 7.770000000000000000e+02
3.400000000000000000e+01 -4.200000000000000000e+01 4.000000000000000000e+01 4.857400000000000000e+04 4.932400000000000000e+04 4.882500000000000000e+04 4.849400000000000000e+04 1.740656881395261735e+01 7.770000000000000000e+02
1.900000000000000000e+01 -6.000000000000000000e+01 4.100000000000000000e+01 4.809000000000000000e+04 4.903400000000000000e+04 4.920500000000000000e+04 4.885400000000000000e+04 1.741631755593698472e+01 7.770000000000000000e+02
1.800000000000000000e+01 -6.000000000000000000e+01 4.000000000000000000e+01 4.795900000000000000e+04 4.901400000000000000e+04 4.930700000000000000e+04 4.887100000000000000e+04 1.742637570493388921e+01 7.770000000000000000e+02
4.000000000000000000e+01 -4.900000000000000000e+01 4.600000000000000000e+01 4.822900000000000000e+04 4.909400000000000000e+04 4.908400000000000000e+04 4.882300000000000000e+04 1.743655661900993437e+01 7.770000000000000000e+02
8.600000000000000000e+01 -2.400000000000000000e+01 4.100000000000000000e+01 4.807600000000000000e+04 4.914700000000000000e+04 4.912400000000000000e+04 4.865900000000000000e+04 1.744550333300139755e+01 7.780000000000000000e+02
3.700000000000000000e+01 -5.000000000000000000e+01 3.000000000000000000e+01 4.810100000000000000e+04 4.914800000000000000e+04 4.920500000000000000e+04 4.880100000000000000e+04 1.745607006200589240e+01 7.780000000000000000e+02
5.800000000000000000e+01 -5.400000000000000000e+01 3.200000000000000000e+01 4.786200000000000000e+04 4.925500000000000000e+04 4.938300000000000000e+04 4.875200000000000000e+04 1.746588200191035867e+01 7.780000000000000000e+02
6.100000000000000000e+01 -3.400000000000000000e+01 3.900000000000000000e+01 4.783300000000000000e+04 4.924200000000000000e+04 4.940300000000000000e+04 4.879800000000000000e+04 1.747685059299692512e+01 7.780000000000000000e+02
4.600000000000000000e+01 -7.300000000000000000e+01 2.600000000000000000e+01 4.770000000000000000e+04 4.940000000000000000e+04 4.952900000000000000e+04 4.858500000000000000e+04 1.748658118594903499e+01 7.800000000000000000e+02
1.500000000000000000e+01 -4.300000000000000000e+01 4.900000000000000000e+01 4.725500000000000000e+04 4.940700000000000000e+04 4.973600000000000000e+04 4.822200000000000000e+04 1.749588740989565849e+01 7.800000000000000000e+02
1.700000000000000000e+01 -7.900000000000000000e+01 3.300000000000000000e+01 4.791900000000000000e+04 4.930400000000000000e+04 4.899600000000000000e+04 4.823500000000000000e+04 1.750589101295918226e+01 7.800000000000000000e+02
2.600000000000000000e+01 -1.800000000000000000e+01 4.600000000000000000e+01 4.794000000000000000e+04 4.929900000000000000e+04 4.901800000000000000e+04 4.818900000000000000e+04 1.751566234498750418e+01 7.800000000000000000e+02
5.600000000000000000e+01 -7.100000000000000000e+01 2.500000000000000000e+01 4.796000000000000000e+04 4.915000000000000000e+04 4.896000000000000000e+04 4.836500000000000000e+04 1.752786997891962528e+01 7.800000000000000000e+02
3.300000000000000000e+01 2.500000000000000000e+01 4.100000000000000000e+01 4.773900000000000000e+04 4.909500000000000000e+04 4.925000000000000000e+04 4.833400000000000000e+04 1.753552047989796847e+01 7.800000000000000000e+02
6.200000000000000000e+01 -4.100000000000000000e+01 3.200000000000000000e+01 4.769200000000000000e+04 4.870600000000000000e+04 4.888900000000000000e+04 4.841000000000000000e+04 1.754793972696643323e+01 7.820000000000000000e+02
4.800000000000000000e+01 4.700000000000000000e+01 4.900000000000000000e+01 4.772300000000000000e+04 4.880600000000000000e+04 4.892200000000000000e+04 4.824000000000000000e+04 1.755565446894615889e+01 7.820000000000000000e+02
6.600000000000000000e+01 -2.700000000000000000e+01 3.400000000000000000e+01 4.755900000000000000e+04 4.928900000000000000e+04 4.919800000000000000e+04 4.789100000000000000e+04 1.756539000198245049e+01 7.820000000000000000e+02
1.900000000000000000e+01 3.600000000000000000e+01 4.500000000000000000e+01 4.802800000000000000e+04 4.873900000000000000e+04 4.887700000000000000e+04 4.835800000000000000e+04 1.757562834897544235e+01 7.820000000000000000e+02
3.900000000000000000e+01 3.000000000000000000e+01 3.800000000000000000e+01 4.791100000000000000e+04 4.869900000000000000e+04 4.893400000000000000e+04 4.850200000000000000e+04 1.758609678596258163e+01 7.760000000000000000e+02
-1.000000000000000000e+00 4.300000000000000000e+01 3.800000000000000000e+01 4.809500000000000000e+04 4.861700000000000000e+04 4.903400000000000000e+04 4.869900000000000000e+04 1.759574157593306154e+01 7.760000000000000000e+02
9.000000000000000000e+00 3.000000000000000000e+01 4.000000000000000000e+01 4.787900000000000000e+04 4.857200000000000000e+04 4.927900000000000000e+04 4.875600000000000000e+04 1.760669122100807726e+01 7.760000000000000000e+02
-1.800000000000000000e+01 1.400000000000000000e+01 2.700000000000000000e+01 4.762900000000000000e+04 4.865300000000000000e+04 4.947200000000000000e+04 4.874200000000000000e+04 1.761631995497737080e+01 7.760000000000000000e+02
-1.700000000000000000e+01 2.300000000000000000e+01 3.000000000000000000e+01 4.772600000000000000e+04 4.847600000000000000e+04 4.938400000000000000e+04 4.895600000000000000e+04 1.762602932297158986e+01 7.760000000000000000e+02
-1.900000000000000000e+01 -2.000000000000000000e+00 2.900000000000000000e+01 4.789200000000000000e+04 4.897500000000000000e+04 4.930300000000000000e+04 4.842100000000000000e+04 1.763672414689790457e+01 7.760000000000000000e+02
-4.000000000000000000e+01 -1.600000000000000000e+01 4.500000000000000000e+01 4.743800000000000000e+04 4.878500000000000000e+04 4.923700000000000000e+04 4.812800000000000000e+04 1.764585959399119020e+01 7.830000000000000000e+02
-4.600000000000000000e+01 -7.600000000000000000e+01 3.300000000000000000e+01 4.719200000000000000e+04 4.873900000000000000e+04 4.968800000000000000e+04 4.825500000000000000e+04 1.765570012992247939e+01 7.830000000000000000e+02
-5.400000000000000000e+01 8.000000000000000000e+00 4.300000000000000000e+01 4.772500000000000000e+04 4.851400000000000000e+04 4.920800000000000000e+04 4.852500000000000000e+04 1.766615121497306973e+01 7.830000000000000000e+02
-2.000000000000000000e+01 -4.200000000000000000e+01 3.700000000000000000e+01 4.736100000000000000e+04 4.873600000000000000e+04 4.958500000000000000e+04 4.824500000000000000e+04 1.767539964197203517e+01 7.830000000000000000e+02
-3.900000000000000000e+01 3.200000000000000000e+01 4.200000000000000000e+01 4.819600000000000000e+04 4.834700000000000000e+04 4.885900000000000000e+04 4.859400000000000000e+04 1.768561533093452454e+01 7.790000000000000000e+02
-1.200000000000000000e+01 8.000000000000000000e+00 3.600000000000000000e+01 4.769100000000000000e+04 4.843100000000000000e+04 4.929300000000000000e+04 4.853200000000000000e+04 1.769592700491193682e+01 7.790000000000000000e+02
-1.000000000000000000e+00 2.100000000000000000e+01 3.300000000000000000e+01 4.816400000000000000e+04 4.853300000000000000e+04 4.881000000000000000e+04 4.849000000000000000e+04 1.770666529494337738e+01 7.790000000000000000e+02
2.700000000000000000e+01 6.400000000000000000e+01 2.900000000000000000e+01 4.819100000000000000e+04 4.828600000000000000e+04 4.866300000000000000e+04 4.857100000000000000e+04 1.771789181290660053e+01 7.790000000000000000e+02
1.700000000000000000e+01 5.100000000000000000e+01 3.600000000000000000e+01 4.831200000000000000e+04 4.892900000000000000e+04 4.870400000000000000e+04 4.808400000000000000e+04 1.772553135699126869e+01 7.790000000000000000e+02
5.600000000000000000e+01 6.600000000000000000e+01 2.900000000000000000e+01 4.868600000000000000e+04 4.881900000000000000e+04 4.834500000000000000e+04 4.819400000000000000e+04 1.773650900798384100e+01 7.790000000000000000e+02
1.200000000000000000e+01 5.800000000000000000e+01 3.800000000000000000e+01 4.794800000000000000e+04 4.806300000000000000e+04 4.913700000000000000e+04 4.891800000000000000e+04 1.774635157792363316e+01 7.790000000000000000e+02
4.400000000000000000e+01 1.050000000000000000e+02 2.600000000000000000e+01 4.869900000000000000e+04 4.866100000000000000e+04 4.852500000000000000e+04 4.854900000000000000e+04 1.775543823197949678e+01 7.790000000000000000e+02
5.400000000000000000e+01 8.900000000000000000e+01 3.300000000000000000e+01 4.895600000000000000e+04 4.844800000000000000e+04 4.831300000000000000e+04 4.875000000000000000e+04 1.776636012399103492e+01 7.790000000000000000e+02
5.000000000000000000e+00 1.170000000000000000e+02 2.400000000000000000e+01 4.830300000000000000e+04 4.829300000000000000e+04 4.901400000000000000e+04 4.883700000000000000e+04 1.777557427296414971e+01 7.790000000000000000e+02
9.000000000000000000e+00 6.900000000000000000e+01 2.300000000000000000e+01 4.863200000000000000e+04 4.840400000000000000e+04 4.865500000000000000e+04 4.878700000000000000e+04 1.778614361293148249e+01 7.780000000000000000e+02
-2.400000000000000000e+01 7.200000000000000000e+01 2.600000000000000000e+01 4.831900000000000000e+04 4.825500000000000000e+04 4.907800000000000000e+04 4.905500000000000000e+04 1.779611980495974422e+01 7.780000000000000000e+02
-2.800000000000000000e+01 5.000000000000000000e+01 3.500000000000000000e+01 4.815900000000000000e+04 4.809600000000000000e+04 4.917400000000000000e+04 4.898400000000000000e+04 1.780584655597340316e+01 7.780000000000000000e+02
-6.100000000000000000e+01 8.500000000000000000e+01 5.100000000000000000e+01 4.821700000000000000e+04 4.780400000000000000e+04 4.925300000000000000e+04 4.917600000000000000e+04 1.781555482198018581e+01 7.780000000000000000e+02
-7.000000000000000000e+01 3.800000000000000000e+01 4.300000000000000000e+01 4.817900000000000000e+04 4.799900000000000000e+04 4.931200000000000000e+04 4.897700000000000000e+04 1.782553480297792703e+01 7.780000000000000000e+02
-7.500000000000000000e+01 7.500000000000000000e+01 3.600000000000000000e+01 4.865700000000000000e+04 4.782600000000000000e+04 4.875500000000000000e+04 4.923600000000000000e+04 1.783589351794216782e+01 7.780000000000000000e+02
-8.000000000000000000e+01 6.300000000000000000e+01 1.600000000000000000e+01 4.921600000000000000e+04 4.858300000000000000e+04 4.946500000000000000e+04 4.995000000000000000e+04 1.784572357591241598e+01 7.650000000000000000e+02
-3.000000000000000000e+01 5.800000000000000000e+01 4.000000000000000000e+01 4.948900000000000000e+04 4.901000000000000000e+04 4.931700000000000000e+04 4.956900000000000000e+04 1.785629686096217483e+01 7.650000000000000000e+02
-1.100000000000000000e+01 -1.200000000000000000e+01 1.400000000000000000e+01 4.914700000000000000e+04 4.952100000000000000e+04 4.995200000000000000e+04 4.938800000000000000e+04 1.786664972791913897e+01 7.650000000000000000e+02
2.500000000000000000e+01 -2.300000000000000000e+01 3.900000000000000000e+01 4.936300000000000000e+04 4.985700000000000000e+04 4.996200000000000000e+04 4.921600000000000000e+04 1.787572797795291990e+01 7.650000000000000000e+02
6.200000000000000000e+01 -9.800000000000000000e+01 1.500000000000000000e+01 4.932500000000000000e+04 5.041900000000000000e+04 4.999500000000000000e+04 4.860900000000000000e+04 1.788592222798615694e+01 0.000000000000000000e+00
3.700000000000000000e+01 -7.900000000000000000e+01 3.300000000000000000e+01 4.986700000000000000e+04 5.099400000000000000e+04 5.104200000000000000e+04 4.971200000000000000e+04 1.789504752296488732e+01 0.000000000000000000e+00
5.300000000000000000e+01 -1.280000000000000000e+02 1.400000000000000000e+01 4.997500000000000000e+04 5.095100000000000000e+04 5.101500000000000000e+04 4.973000000000000000e+04 1.790604248293675482e+01 0.000000000000000000e+00
-6.000000000000000000e+00 -7.700000000000000000e+01 2.800000000000000000e+01 5.023800000000000000e+04 5.060800000000000000e+04 5.087500000000000000e+04 5.028600000000000000e+04 1.791579913394525647e+01 0.000000000000000000e+00
-2.000000000000000000e+01 -3.900000000000000000e+01 9.000000000000000000e+00 5.040500000000000000e+04 5.000000000000000000e+04 5.078800000000000000e+04 5.108900000000000000e+04 1.792507065297104418e+01 0.000000000000000000e+00
-3.400000000000000000e+01 4.000000000000000000e+00 2.500000000000000000e+01 5.081700000000000000e+04 5.005800000000000000e+04 5.060100000000000000e+04 5.114300000000000000e+04 1.793557061394676566e+01 0.000000000000000000e+00
-4.900000000000000000e+01 -1.600000000000000000e+01 2.200000000000000000e+01 5.054400000000000000e+04 5.054800000000000000e+04 5.118300000000000000e+04 5.086700000000000000e+04 1.794601628393866122e+01 4.000000000000000000e+00
-1.800000000000000000e+01 3.900000000000000000e+01 3.400000000000000000e+01 5.072800000000000000e+04 5.038200000000000000e+04 5.094400000000000000e+04 5.094100000000000000e+04 1.795594292494934052e+01 4.000000000000000000e+00
-7.400000000000000000e+01 1.000000000000000000e+01 2.000000000000000000e+01 5.061100000000000000e+04 5.050100000000000000e+04 5.112400000000000000e+04 5.095600000000000000e+04 1.796523534995503724e+01 4.000000000000000000e+00
-5.700000000000000000e+01 2.900000000000000000e+01 3.100000000000000000e+01 5.057000000000000000e+04 5.017000000000000000e+04 5.118300000000000000e+04 5.119200000000000000e+04 1.797508155496325344e+01 4.000000000000000000e+00
-1.350000000000000000e+02 6.000000000000000000e+00 4.200000000000000000e+01 5.004300000000000000e+04 4.944900000000000000e+04 5.165500000000000000e+04 5.172700000000000000e+04 1.798571488098241389e+01 1.600000000000000000e+01
-6.100000000000000000e+01 -6.500000000000000000e+01 2.800000000000000000e+01 4.920600000000000000e+04 4.948400000000000000e+04 5.122600000000000000e+04 5.047400000000000000e+04 1.799513115093577653e+01 1.600000000000000000e+01
-1.290000000000000000e+02 -1.490000000000000000e+02 4.100000000000000000e+01 4.885700000000000000e+04 5.076500000000000000e+04 5.147100000000000000e+04 4.901900000000000000e+04 1.800513134989887476e+01 1.600000000000000000e+01
-8.800000000000000000e+01 -2.060000000000000000e+02 2.100000000000000000e+01 4.871900000000000000e+04 5.014400000000000000e+04 5.128200000000000000e+04 4.941900000000000000e+04 1.801578307792078704e+01 1.600000000000000000e+01
-2.300000000000000000e+01 -1.430000000000000000e+02 3.900000000000000000e+01 4.892100000000000000e+04 4.975400000000000000e+04 5.067200000000000000e+04 4.936300000000000000e+04 1.802529659192077816e+01 1.600000000000000000e+01
1.100000000000000000e+01 -1.090000000000000000e+02 2.500000000000000000e+01 4.903800000000000000e+04 5.019400000000000000e+04 5.049400000000000000e+04 4.869100000000000000e+04 1.803507320897188038e+01 1.600000000000000000e+01
1.200000000000000000e+02 2.300000000000000000e+01 3.200000000000000000e+01 4.891300000000000000e+04 4.861800000000000000e+04 4.950400000000000000e+04 4.903400000000000000e+04 1.804575693397782743e+01 1.900000000000000000e+01
1.180000000000000000e+02 1.050000000000000000e+02 2.500000000000000000e+01 4.951300000000000000e+04 4.883300000000000000e+04 4.871500000000000000e+04 4.872100000000000000e+04 1.805558347899932414e+01 1.900000000000000000e+01
2.250000000000000000e+02 1.800000000000000000e+02 2.100000000000000000e+01 5.039900000000000000e+04 4.907000000000000000e+04 4.749900000000000000e+04 4.831300000000000000e+04 1.806631360691972077e+01 1.900000000000000000e+01
2.000000000000000000e+02 2.170000000000000000e+02 1.900000000000000000e+01 4.987100000000000000e+04 4.933600000000000000e+04 4.759500000000000000e+04 4.763900000000000000e+04 1.807524157594889402e+01 1.900000000000000000e+01
1.210000000000000000e+02 1.990000000000000000e+02 -1.200000000000000000e+01 4.952200000000000000e+04 4.857200000000000000e+04 4.783600000000000000e+04 4.840600000000000000e+04 1.808578999491874129e+01 2.100000000000000000e+01
5.800000000000000000e+01 2.540000000000000000e+02 1.900000000000000000e+01 4.922700000000000000e+04 4.799200000000000000e+04 4.708100000000000000e+04 4.816700000000000000e+04 1.809536114393267781e+01 2.100000000000000000e+01
3.100000000000000000e+01 1.860000000000000000e+02 -1.700000000000000000e+01 4.861900000000000000e+04 4.805100000000000000e+04 4.744900000000000000e+04 4.785200000000000000e+04 1.810555201896931976e+01 2.100000000000000000e+01
-6.100000000000000000e+01 1.820000000000000000e+02 -5.000000000000000000e+00 4.854100000000000000e+04 4.726000000000000000e+04 4.725300000000000000e+04 4.842900000000000000e+04 1.811589287198148668e+01 2.100000000000000000e+01
-1.300000000000000000e+02 1.350000000000000000e+02 -2.900000000000000000e+01 4.712500000000000000e+04 4.687000000000000000e+04 4.842100000000000000e+04 4.885800000000000000e+04 1.812634550197981298e+01 2.100000000000000000e+01
-1.680000000000000000e+02 3.500000000000000000e+01 -9.000000000000000000e+00 4.642100000000000000e+04 4.770500000000000000e+04 4.889200000000000000e+04 4.777600000000000000e+04 1.813552573591005057e+01 2.100000000000000000e+01
-1.570000000000000000e+02 -2.600000000000000000e+01 -8.000000000000000000e+00 4.635500000000000000e+04 4.738900000000000000e+04 4.837000000000000000e+04 4.746500000000000000e+04 1.814574351196642965e+01 2.600000000000000000e+01
-1.490000000000000000e+02 -4.200000000000000000e+01 -4.000000000000000000e+00 4.655700000000000000e+04 4.729900000000000000e+04 4.820200000000000000e+04 4.743400000000000000e+04 1.815515452192630619e+01 2.600000000000000000e+01
-1.500000000000000000e+02 4.400000000000000000e+01 2.200000000000000000e+01 4.650400000000000000e+04 4.631300000000000000e+04 4.826200000000000000e+04 4.819700000000000000e+04 1.816527530190069228e+01 2.600000000000000000e+01
-9.700000000000000000e+01 5.000000000000000000e+00 1.700000000000000000e+01 4.683900000000000000e+04 4.672800000000000000e+04 4.790500000000000000e+04 4.772100000000000000e+04 1.817558085697237402e+01 2.600000000000000000e+01
-1.190000000000000000e+02 3.000000000000000000e+01 3.000000000000000000e+01 4.659700000000000000e+04 4.662600000000000000e+04 4.821900000000000000e+04 4.764000000000000000e+04 1.818569820397533476e+01 3.400000000000000000e+01
-1.220000000000000000e+02 2.300000000000000000e+01 3.500000000000000000e+01 4.648700000000000000e+04 4.560100000000000000e+04 4.764600000000000000e+04 4.777300000000000000e+04 1.819536875595804304e+01 3.400000000000000000e+01
-1.350000000000000000e+02 1.140000000000000000e+02 4.400000000000000000e+01 4.637800000000000000e+04 4.453300000000000000e+04 4.763300000000000000e+04 4.849400000000000000e+04 1.820671701489482075e+01 3.400000000000000000e+01
-7.200000000000000000e+01 8.200000000000000000e+01 3.700000000000000000e+01 4.675000000000000000e+04 4.550600000000000000e+04 4.715000000000000000e+04 4.753400000000000000e+04 1.821586940193083137e+01 3.400000000000000000e+01
4.700000000000000000e+01 1.210000000000000000e+02 1.400000000000000000e+01 4.764400000000000000e+04 4.610600000000000000e+04 4.616500000000000000e+04 4.709300000000000000e+04 1.822492805996444076e+01 3.400000000000000000e+01
1.610000000000000000e+02 1.100000000000000000e+02 1.300000000000000000e+01 4.796200000000000000e+04 4.628000000000000000e+04 4.574000000000000000e+04 4.703800000000000000e+04 1.823537059291265905e+01 3.400000000000000000e+01
2.080000000000000000e+02 5.500000000000000000e+01 -3.000000000000000000e+00 4.735500000000000000e+04 4.679400000000000000e+04 4.591600000000000000e+04 4.620000000000000000e+04 1.824540100398007780e+01 3.800000000000000000e+01
2.460000000000000000e+02 -3.700000000000000000e+01 -1.900000000000000000e+01 4.745100000000000000e+04 4.755800000000000000e+04 4.582600000000000000e+04 4.562000000000000000e+04 1.825621580297593027e+01 3.800000000000000000e+01
2.880000000000000000e+02 -8.200000000000000000e+01 -1.800000000000000000e+01 4.779700000000000000e+04 4.828300000000000000e+04 4.533900000000000000e+04 4.498100000000000000e+04 1.826676165789831430e+01 3.800000000000000000e+01
2.130000000000000000e+02 -1.080000000000000000e+02 1.000000000000000000e+01 4.770200000000000000e+04 4.767200000000000000e+04 4.578000000000000000e+04 4.551300000000000000e+04 1.827599502389784902e+01 3.800000000000000000e+01
1.400000000000000000e+02 -9.300000000000000000e+01 -1.000000000000000000e+00 4.632600000000000000e+04 4.728600000000000000e+04 4.698600000000000000e+04 4.603200000000000000e+04 1.828565769491251558e+01 4.100000000000000000e+01
2.800000000000000000e+01 -1.310000000000000000e+02 -2.000000000000000000e+00 4.584500000000000000e+04 4.680900000000000000e+04 4.744000000000000000e+04 4.641100000000000000e+04 1.829576891590841115e+01 4.100000000000000000e+01
-2.000000000000000000e+01 -1.080000000000000000e+02 -1.200000000000000000e+01 4.491500000000000000e+04 4.678200000000000000e+04 4.817400000000000000e+04 4.674300000000000000e+04 1.830489658098667860e+01 4.100000000000000000e+01
-2.100000000000000000e+01 -8.900000000000000000e+01 -2.300000000000000000e+01 4.527400000000000000e+04 4.632900000000000000e+04 4.793100000000000000e+04 4.727200000000000000e+04 1.831508103490341455e+01 4.100000000000000000e+01
-1.600000000000000000e+01 -4.400000000000000000e+01 -2.400000000000000000e+01 4.580100000000000000e+04 4.643200000000000000e+04 4.765000000000000000e+04 4.719700000000000000e+04 1.832610101893078536e+01 4.100000000000000000e+01
4.400000000000000000e+01 2.000000000000000000e+01 -3.300000000000000000e+01 4.634700000000000000e+04 4.700700000000000000e+04 4.717500000000000000e+04 4.703100000000000000e+04 1.833526354294735938e+01 4.100000000000000000e+01
8.900000000000000000e+01 1.300000000000000000e+01 -4.300000000000000000e+01 4.659300000000000000e+04 4.736800000000000000e+04 4.690200000000000000e+04 4.678800000000000000e+04 1.834505701099988073e+01 4.400000000000000000e+01
1.150000000000000000e+02 1.700000000000000000e+01 -3.200000000000000000e+01 4.668100000000000000e+04 4.723700000000000000e+04 4.689000000000000000e+04 4.722600000000000000e+04 1.835523892194032669e+01 4.400000000000000000e+01
9.400000000000000000e+01 1.200000000000000000e+01 -3.700000000000000000e+01 4.574700000000000000e+04 4.605100000000000000e+04 4.765000000000000000e+04 4.863900000000000000e+04 1.836767952400259674e+01 4.400000000000000000e+01
5.100000000000000000e+01 3.800000000000000000e+01 -4.100000000000000000e+01 4.534200000000000000e+04 4.541700000000000000e+04 4.839300000000000000e+04 4.908400000000000000e+04 1.837498991296160966e+01 4.400000000000000000e+01
1.060000000000000000e+02 2.000000000000000000e+01 -4.700000000000000000e+01 4.595800000000000000e+04 4.673000000000000000e+04 4.804200000000000000e+04 4.818200000000000000e+04 1.838554472394753247e+01 4.300000000000000000e+01
1.840000000000000000e+02 1.500000000000000000e+01 -7.100000000000000000e+01 4.633000000000000000e+04 4.734500000000000000e+04 4.771300000000000000e+04 4.792100000000000000e+04 1.839651093294378370e+01 4.300000000000000000e+01
3.160000000000000000e+02 -8.000000000000000000e+00 -6.600000000000000000e+01 4.688500000000000000e+04 4.904100000000000000e+04 4.711800000000000000e+04 4.631700000000000000e+04 1.840632200089748949e+01 4.300000000000000000e+01
3.900000000000000000e+02 3.000000000000000000e+00 -6.900000000000000000e+01 4.774200000000000000e+04 4.872300000000000000e+04 4.627000000000000000e+04 4.683200000000000000e+04 1.841562719200737774e+01 4.300000000000000000e+01
4.430000000000000000e+02 1.400000000000000000e+01 -5.900000000000000000e+01 4.802300000000000000e+04 4.936600000000000000e+04 4.604600000000000000e+04 4.619700000000000000e+04 1.842651870497502387e+01 4.300000000000000000e+01
4.200000000000000000e+02 -3.000000000000000000e+00 -5.500000000000000000e+01 4.800300000000000000e+04 4.913100000000000000e+04 4.628000000000000000e+04 4.642300000000000000e+04 1.843545442598406225e+01 4.300000000000000000e+01
3.320000000000000000e+02 -2.600000000000000000e+01 -6.800000000000000000e+01 4.786000000000000000e+04 4.930600000000000000e+04 4.648200000000000000e+04 4.684400000000000000e+04 1.844616183894686401e+01 4.400000000000000000e+01
2.950000000000000000e+02 -5.400000000000000000e+01 -7.300000000000000000e+01 4.731000000000000000e+04 4.970300000000000000e+04 4.706100000000000000e+04 4.644500000000000000e+04 1.845515702292323112e+01 4.400000000000000000e+01
2.350000000000000000e+02 -1.130000000000000000e+02 -8.000000000000000000e+01 4.651000000000000000e+04 5.027900000000000000e+04 4.792900000000000000e+04 4.607200000000000000e+04 1.847263884695712477e+01 4.400000000000000000e+01
1.980000000000000000e+02 -9.100000000000000000e+01 -7.900000000000000000e+01 4.658100000000000000e+04 4.992500000000000000e+04 4.790100000000000000e+04 4.668700000000000000e+04 1.847615554300136864e+01 4.400000000000000000e+01
1.030000000000000000e+02 -8.600000000000000000e+01 -8.000000000000000000e+01 4.668200000000000000e+04 4.973200000000000000e+04 4.796000000000000000e+04 4.693800000000000000e+04 1.848509537300560623e+01 4.400000000000000000e+01
1.500000000000000000e+01 -1.000000000000000000e+00 -6.700000000000000000e+01 4.678700000000000000e+04 4.944800000000000000e+04 4.784600000000000000e+04 4.756100000000000000e+04 1.849550105095840991e+01 4.400000000000000000e+01
-1.010000000000000000e+02 8.400000000000000000e+01 -6.900000000000000000e+01 4.688500000000000000e+04 4.831000000000000000e+04 4.776300000000000000e+04 4.859900000000000000e+04 1.850597547693178058e+01 4.400000000000000000e+01
-1.800000000000000000e+02 2.170000000000000000e+02 -6.700000000000000000e+01 4.684100000000000000e+04 4.713700000000000000e+04 4.799100000000000000e+04 4.990100000000000000e+04 1.851505951990839094e+01 4.400000000000000000e+01
-2.790000000000000000e+02 1.950000000000000000e+02 -7.300000000000000000e+01 4.672300000000000000e+04 4.691100000000000000e+04 4.814200000000000000e+04 5.016100000000000000e+04 1.852538402390200645e+01 4.400000000000000000e+01
-2.980000000000000000e+02 2.200000000000000000e+02 -5.700000000000000000e+01 4.634100000000000000e+04 4.710900000000000000e+04 4.849200000000000000e+04 5.011200000000000000e+04 1.853505347494501621e+01 4.400000000000000000e+01
-3.190000000000000000e+02 1.470000000000000000e+02 -5.800000000000000000e+01 4.650100000000000000e+04 4.674700000000000000e+04 4.841800000000000000e+04 5.039400000000000000e+04 1.854537091590464115e+01 4.300000000000000000e+01
-2.640000000000000000e+02 1.430000000000000000e+02 -4.600000000000000000e+01 4.665300000000000000e+04 4.755400000000000000e+04 4.820100000000000000e+04 4.971700000000000000e+04 1.855531571398023516e+01 4.300000000000000000e+01
-2.130000000000000000e+02 6.300000000000000000e+01 -5.500000000000000000e+01 4.650100000000000000e+04 4.804500000000000000e+04 4.848200000000000000e+04 4.946700000000000000e+04 1.856495645490940660e+01 4.300000000000000000e+01
-1.380000000000000000e+02 1.200000000000000000e+01 -6.700000000000000000e+01 4.640000000000000000e+04 4.889600000000000000e+04 4.853400000000000000e+04 4.870700000000000000e+04 1.857514334400184453e+01 4.300000000000000000e+01
-5.300000000000000000e+01 -1.110000000000000000e+02 -8.000000000000000000e+01 4.632400000000000000e+04 4.988800000000000000e+04 4.873700000000000000e+04 4.817400000000000000e+04 1.858496553893201053e+01 3.800000000000000000e+01
-1.600000000000000000e+01 -9.300000000000000000e+01 -1.020000000000000000e+02 4.636400000000000000e+04 4.952100000000000000e+04 4.839900000000000000e+04 4.861200000000000000e+04 1.859487998799886554e+01 3.800000000000000000e+01
5.200000000000000000e+01 -1.390000000000000000e+02 -9.200000000000000000e+01 4.664300000000000000e+04 5.019500000000000000e+04 4.806400000000000000e+04 4.796600000000000000e+04 1.860465170990210027e+01 3.800000000000000000e+01
9.500000000000000000e+01 -1.020000000000000000e+02 -9.900000000000000000e+01 4.669400000000000000e+04 5.017300000000000000e+04 4.800600000000000000e+04 4.799500000000000000e+04 1.861535856290720403e+01 3.800000000000000000e+01
1.610000000000000000e+02 -7.600000000000000000e+01 -9.200000000000000000e+01 4.759200000000000000e+04 5.005700000000000000e+04 4.701600000000000000e+04 4.824500000000000000e+04 1.862496501090936363e+01 3.800000000000000000e+01
2.150000000000000000e+02 -4.900000000000000000e+01 -7.500000000000000000e+01 4.795500000000000000e+04 5.049000000000000000e+04 4.667600000000000000e+04 4.765700000000000000e+04 1.863460158091038465e+01 3.800000000000000000e+01
2.120000000000000000e+02 -4.400000000000000000e+01 -6.300000000000000000e+01 4.750200000000000000e+04 5.066000000000000000e+04 4.743100000000000000e+04 4.750300000000000000e+04 1.864505413500592113e+01 3.800000000000000000e+01
5.200000000000000000e+01 -5.300000000000000000e+01 -4.200000000000000000e+01 4.648500000000000000e+04 4.977600000000000000e+04 4.841100000000000000e+04 4.847900000000000000e+04 1.865510666090995073e+01 3.800000000000000000e+01
-6.200000000000000000e+01 -2.100000000000000000e+01 -5.000000000000000000e+01 4.677200000000000000e+04 4.953000000000000000e+04 4.810500000000000000e+04 4.872900000000000000e+04 1.866536195995286107e+01 3.800000000000000000e+01
-1.450000000000000000e+02 6.400000000000000000e+01 -4.700000000000000000e+01 4.679100000000000000e+04 4.824400000000000000e+04 4.800900000000000000e+04 5.000900000000000000e+04 1.867498486593831331e+01 3.800000000000000000e+01
-2.090000000000000000e+02 1.170000000000000000e+02 -6.400000000000000000e+01 4.678900000000000000e+04 4.787500000000000000e+04 4.792200000000000000e+04 5.039200000000000000e+04 1.868579465290531516e+01 3.500000000000000000e+01
-2.030000000000000000e+02 1.640000000000000000e+02 -5.200000000000000000e+01 4.660700000000000000e+04 4.802000000000000000e+04 4.808700000000000000e+04 5.028100000000000000e+04 1.869581920898053795e+01 3.500000000000000000e+01
-1.580000000000000000e+02 1.820000000000000000e+02 -4.300000000000000000e+01 4.715100000000000000e+04 4.797400000000000000e+04 4.754000000000000000e+04 5.025900000000000000e+04 1.870527283893898129e+01 3.500000000000000000e+01
-5.800000000000000000e+01 1.610000000000000000e+02 -3.900000000000000000e+01 4.753700000000000000e+04 4.879800000000000000e+04 4.713000000000000000e+04 4.949700000000000000e+04 1.871588601393159479e+01 3.500000000000000000e+01
0.000000000000000000e+00 8.900000000000000000e+01 -3.900000000000000000e+01 4.701000000000000000e+04 4.914700000000000000e+04 4.762700000000000000e+04 4.904500000000000000e+04 1.872540656290948391e+01 3.500000000000000000e+01
4.700000000000000000e+01 2.100000000000000000e+01 -3.500000000000000000e+01 4.680200000000000000e+04 4.981700000000000000e+04 4.761600000000000000e+04 4.829700000000000000e+04 1.873524994892068207e+01 3.500000000000000000e+01
7.100000000000000000e+01 -1.100000000000000000e+02 -9.000000000000000000e+00 4.754000000000000000e+04 5.057200000000000000e+04 4.745500000000000000e+04 4.753500000000000000e+04 1.874492425599601120e+01 3.200000000000000000e+01
1.010000000000000000e+02 -1.480000000000000000e+02 -1.100000000000000000e+01 4.680300000000000000e+04 5.078400000000000000e+04 4.808200000000000000e+04 4.724000000000000000e+04 1.875481275992933661e+01 3.200000000000000000e+01
2.400000000000000000e+01 -1.580000000000000000e+02 -1.100000000000000000e+01 4.643700000000000000e+04 4.988000000000000000e+04 4.838600000000000000e+04 4.822500000000000000e+04 1.876547160290647298e+01 3.200000000000000000e+01
-1.800000000000000000e+01 -7.000000000000000000e+01 -1.500000000000000000e+01 4.671900000000000000e+04 4.965800000000000000e+04 4.802500000000000000e+04 4.849800000000000000e+04 1.877565118693746626e+01 3.200000000000000000e+01
-8.900000000000000000e+01 1.000000000000000000e+01 4.000000000000000000e+00 4.707400000000000000e+04 4.872000000000000000e+04 4.759900000000000000e+04 4.944900000000000000e+04 1.878480142797343433e+01 3.100000000000000000e+01
-1.710000000000000000e+02 5.800000000000000000e+01 -1.100000000000000000e+01 4.689100000000000000e+04 4.807000000000000000e+04 4.803300000000000000e+04 5.002600000000000000e+04 1.879534594190772623e+01 3.100000000000000000e+01
-2.090000000000000000e+02 1.330000000000000000e+02 6.000000000000000000e+00 4.617600000000000000e+04 4.791900000000000000e+04 4.849400000000000000e+04 4.996000000000000000e+04 1.880551295191980898e+01 3.100000000000000000e+01
-1.720000000000000000e+02 1.510000000000000000e+02 8.000000000000000000e+00 4.685800000000000000e+04 4.798900000000000000e+04 4.781800000000000000e+04 4.986600000000000000e+04 1.881484218896366656e+01 3.100000000000000000e+01
-1.520000000000000000e+02 1.720000000000000000e+02 1.500000000000000000e+01 4.711300000000000000e+04 4.803500000000000000e+04 4.755200000000000000e+04 4.970700000000000000e+04 1.882513548899441957e+01 3.100000000000000000e+01
-1.760000000000000000e+02 1.300000000000000000e+02 -1.200000000000000000e+01 4.753700000000000000e+04 4.663000000000000000e+04 4.692100000000000000e+04 5.089900000000000000e+04 1.883450338395778090e+01 3.100000000000000000e+01
-1.650000000000000000e+02 1.200000000000000000e+02 -5.000000000000000000e+00 4.607300000000000000e+04 4.783200000000000000e+04 4.815300000000000000e+04 4.985500000000000000e+04 1.884579146199394017e+01 3.200000000000000000e+01
-1.320000000000000000e+02 -4.300000000000000000e+01 -2.400000000000000000e+01 4.368300000000000000e+04 4.729800000000000000e+04 5.001200000000000000e+04 5.053500000000000000e+04 1.885522195696830750e+01 3.200000000000000000e+01
-3.900000000000000000e+01 -9.100000000000000000e+01 -6.000000000000000000e+00 4.570200000000000000e+04 4.913100000000000000e+04 4.838800000000000000e+04 4.873400000000000000e+04 1.886544710898306221e+01 3.200000000000000000e+01
1.050000000000000000e+02 -2.040000000000000000e+02 2.000000000000000000e+00 4.709400000000000000e+04 5.157300000000000000e+04 4.723300000000000000e+04 4.544800000000000000e+04 1.887446899292990565e+01 3.200000000000000000e+01
1.840000000000000000e+02 -2.640000000000000000e+02 -4.000000000000000000e+00 4.758700000000000000e+04 5.136500000000000000e+04 4.666800000000000000e+04 4.569200000000000000e+04 1.888608854101039469e+01 3.000000000000000000e+01
1.940000000000000000e+02 -1.750000000000000000e+02 1.000000000000000000e+01 4.691700000000000000e+04 5.071400000000000000e+04 4.725900000000000000e+04 4.649300000000000000e+04 1.889467434689868242e+01 3.000000000000000000e+01
1.840000000000000000e+02 -1.180000000000000000e+02 1.000000000000000000e+01 4.570300000000000000e+04 5.006800000000000000e+04 4.833500000000000000e+04 4.723800000000000000e+04 1.890756080194842070e+01 3.000000000000000000e+01
1.030000000000000000e+02 -1.000000000000000000e+01 9.000000000000000000e+00 4.780100000000000000e+04 5.064200000000000000e+04 4.634800000000000000e+04 4.616100000000000000e+04 1.891536611295305192e+01 3.000000000000000000e+01
-2.900000000000000000e+01 1.220000000000000000e+02 1.200000000000000000e+01 4.795200000000000000e+04 4.713700000000000000e+04 4.596800000000000000e+04 5.001700000000000000e+04 1.892686481494456530e+01 3.000000000000000000e+01
-1.030000000000000000e+02 1.660000000000000000e+02 2.600000000000000000e+01 4.492700000000000000e+04 4.571100000000000000e+04 4.881400000000000000e+04 5.114500000000000000e+04 1.893609205994289368e+01 3.000000000000000000e+01
-1.810000000000000000e+02 2.100000000000000000e+02 2.600000000000000000e+01 4.616300000000000000e+04 4.797900000000000000e+04 4.780200000000000000e+04 4.898000000000000000e+04 1.894552157795988023e+01 3.400000000000000000e+01
-1.770000000000000000e+02 1.970000000000000000e+02 7.000000000000000000e+00 4.679600000000000000e+04 4.684100000000000000e+04 4.710600000000000000e+04 5.003100000000000000e+04 1.895505244296509773e+01 3.400000000000000000e+01
-2.260000000000000000e+02 2.420000000000000000e+02 1.200000000000000000e+01 4.745300000000000000e+04 4.524200000000000000e+04 4.621600000000000000e+04 5.138300000000000000e+04 1.896467923093587160e+01 3.400000000000000000e+01
-1.950000000000000000e+02 1.390000000000000000e+02 1.200000000000000000e+01 4.611500000000000000e+04 4.755800000000000000e+04 4.772100000000000000e+04 4.935700000000000000e+04 1.897458820394240320e+01 3.400000000000000000e+01
-1.400000000000000000e+02 5.500000000000000000e+01 1.200000000000000000e+01 4.509300000000000000e+04 4.622400000000000000e+04 4.811800000000000000e+04 5.053500000000000000e+04 1.898428835789673030e+01 3.500000000000000000e+01
-6.000000000000000000e+00 -5.300000000000000000e+01 4.000000000000000000e+00 4.589900000000000000e+04 4.977400000000000000e+04 4.747000000000000000e+04 4.666600000000000000e+04 1.899487274594139308e+01 3.500000000000000000e+01
1.030000000000000000e+02 -1.690000000000000000e+02 3.400000000000000000e+01 4.677600000000000000e+04 5.047500000000000000e+04 4.672400000000000000e+04 4.558100000000000000e+04 1.900453066790942103e+01 3.500000000000000000e+01
1.490000000000000000e+02 -1.850000000000000000e+02 4.100000000000000000e+01 4.345500000000000000e+04 4.834400000000000000e+04 4.924100000000000000e+04 4.808600000000000000e+04 1.901519328600261360e+01 3.500000000000000000e+01
1.870000000000000000e+02 -2.600000000000000000e+02 4.200000000000000000e+01 4.621700000000000000e+04 5.049100000000000000e+04 4.730200000000000000e+04 4.508500000000000000e+04 1.902440561994444579e+01 3.500000000000000000e+01
2.380000000000000000e+02 -2.170000000000000000e+02 5.000000000000000000e+01 4.567900000000000000e+04 5.009800000000000000e+04 4.784200000000000000e+04 4.592000000000000000e+04 1.903431062796153128e+01 3.500000000000000000e+01
2.040000000000000000e+02 -2.340000000000000000e+02 5.900000000000000000e+01 4.785500000000000000e+04 5.157400000000000000e+04 4.575500000000000000e+04 4.314100000000000000e+04 1.904432923195417970e+01 3.600000000000000000e+01
7.600000000000000000e+01 -7.200000000000000000e+01 7.200000000000000000e+01 4.385800000000000000e+04 4.830700000000000000e+04 4.930600000000000000e+04 4.777100000000000000e+04 1.905495357792824507e+01 3.600000000000000000e+01
-2.400000000000000000e+01 -1.300000000000000000e+01 5.600000000000000000e+01 4.659500000000000000e+04 4.845100000000000000e+04 4.718300000000000000e+04 4.737700000000000000e+04 1.906484440190251917e+01 3.600000000000000000e+01
-1.410000000000000000e+02 1.200000000000000000e+02 7.700000000000000000e+01 4.720700000000000000e+04 4.569000000000000000e+04 4.761300000000000000e+04 4.906300000000000000e+04 1.907461338595021516e+01 3.600000000000000000e+01
-2.050000000000000000e+02 1.800000000000000000e+02 8.300000000000000000e+01 4.713100000000000000e+04 4.588300000000000000e+04 4.761900000000000000e+04 4.821300000000000000e+04 1.908496454497799277e+01 4.000000000000000000e+01
-2.570000000000000000e+02 2.550000000000000000e+02 1.030000000000000000e+02 4.688700000000000000e+04 4.444300000000000000e+04 4.806600000000000000e+04 4.919100000000000000e+04 1.909430070593953133e+01 4.000000000000000000e+01
-2.700000000000000000e+02 1.460000000000000000e+02 1.010000000000000000e+02 4.570000000000000000e+04 4.247800000000000000e+04 4.905700000000000000e+04 5.044400000000000000e+04 1.910420179495122284e+01 4.000000000000000000e+01
-1.980000000000000000e+02 1.420000000000000000e+02 1.150000000000000000e+02 4.636200000000000000e+04 4.462400000000000000e+04 4.875900000000000000e+04 4.859500000000000000e+04 1.911491063691210002e+01 4.000000000000000000e+01
-1.400000000000000000e+02 -3.000000000000000000e+00 1.200000000000000000e+02 4.462000000000000000e+04 4.408700000000000000e+04 5.050800000000000000e+04 4.845300000000000000e+04 1.912439010199159384e+01 4.000000000000000000e+01
-7.300000000000000000e+01 -1.000000000000000000e+00 1.400000000000000000e+02 4.846300000000000000e+04 4.700800000000000000e+04 4.783300000000000000e+04 4.528700000000000000e+04 1.913424414198379964e+01 4.000000000000000000e+01
-3.800000000000000000e+01 -9.100000000000000000e+01 1.390000000000000000e+02 4.586300000000000000e+04 4.635300000000000000e+04 5.023100000000000000e+04 4.591400000000000000e+04 1.914485979592427611e+01 3.900000000000000000e+01
2.900000000000000000e+01 -5.400000000000000000e+01 1.480000000000000000e+02 4.516900000000000000e+04 4.455200000000000000e+04 5.086700000000000000e+04 4.753200000000000000e+04 1.915492348989937454e+01 3.900000000000000000e+01
1.150000000000000000e+02 1.700000000000000000e+01 1.620000000000000000e+02 4.728800000000000000e+04 4.682700000000000000e+04 4.752000000000000000e+04 4.746200000000000000e+04 1.916465767298359424e+01 3.900000000000000000e+01
1.840000000000000000e+02 5.000000000000000000e+01 1.590000000000000000e+02 5.083300000000000000e+04 4.432100000000000000e+04 4.607400000000000000e+04 4.727200000000000000e+04 1.917585538397543132e+01 3.900000000000000000e+01
2.390000000000000000e+02 7.000000000000000000e+01 1.780000000000000000e+02 4.863800000000000000e+04 4.856600000000000000e+04 4.884400000000000000e+04 4.202600000000000000e+04 1.918760062090586871e+01 4.100000000000000000e+01
2.450000000000000000e+02 1.800000000000000000e+01 1.910000000000000000e+02 5.073900000000000000e+04 4.820900000000000000e+04 4.688100000000000000e+04 4.173900000000000000e+04 1.919674871594179422e+01 4.100000000000000000e+01
1.990000000000000000e+02 -2.200000000000000000e+01 2.080000000000000000e+02 4.786500000000000000e+04 4.794200000000000000e+04 4.744200000000000000e+04 4.533500000000000000e+04 1.920668215095065534e+01 4.100000000000000000e+01
1.040000000000000000e+02 1.200000000000000000e+01 1.950000000000000000e+02 4.971400000000000000e+04 4.570800000000000000e+04 4.872800000000000000e+04 4.418600000000000000e+04 1.923545753292273730e+01 4.100000000000000000e+01
2.000000000000000000e+00 -5.600000000000000000e+01 2.020000000000000000e+02 4.759500000000000000e+04 4.473100000000000000e+04 5.073500000000000000e+04 4.529700000000000000e+04 1.923849722591694444e+01 4.100000000000000000e+01
-1.340000000000000000e+02 -2.700000000000000000e+01 1.930000000000000000e+02 4.509700000000000000e+04 4.464400000000000000e+04 5.030200000000000000e+04 4.850200000000000000e+04 1.924075964989606291e+01 4.100000000000000000e+01
-2.000000000000000000e+02 -3.400000000000000000e+01 1.860000000000000000e+02 4.812900000000000000e+04 4.838300000000000000e+04 4.772000000000000000e+04 4.474300000000000000e+04 1.924531301099341363e+01 4.100000000000000000e+01
-2.690000000000000000e+02 -1.600000000000000000e+01 1.720000000000000000e+02 4.498300000000000000e+04 4.415000000000000000e+04 5.063100000000000000e+04 4.897100000000000000e+04 1.925810406892560422e+01 4.100000000000000000e+01
-2.570000000000000000e+02 1.600000000000000000e+01 1.600000000000000000e+02 4.580100000000000000e+04 4.506500000000000000e+04 5.003000000000000000e+04 4.830300000000000000e+04 1.926684272591955960e+01 4.100000000000000000e+01
-1.990000000000000000e+02 4.000000000000000000e+00 1.570000000000000000e+02 4.590200000000000000e+04 4.367300000000000000e+04 5.001300000000000000e+04 4.943400000000000000e+04 1.927599538094364107e+01 4.100000000000000000e+01
-6.400000000000000000e+01 -2.000000000000000000e+00 1.530000000000000000e+02 4.924900000000000000e+04 4.578800000000000000e+04 4.928000000000000000e+04 4.473700000000000000e+04 1.928435627289582044e+01 4.200000000000000000e+01
5.000000000000000000e+01 -3.700000000000000000e+01 1.620000000000000000e+02 4.660800000000000000e+04 4.587400000000000000e+04 4.948500000000000000e+04 4.734400000000000000e+04 1.929477459192276001e+01 4.200000000000000000e+01
1.330000000000000000e+02 -6.500000000000000000e+01 1.440000000000000000e+02 4.655400000000000000e+04 4.826200000000000000e+04 4.952100000000000000e+04 4.490100000000000000e+04 1.930536490492522717e+01 4.200000000000000000e+01
1.600000000000000000e+02 -2.700000000000000000e+01 1.410000000000000000e+02 5.029200000000000000e+04 4.669700000000000000e+04 4.555100000000000000e+04 4.639200000000000000e+04 1.931450808793306351e+01 4.200000000000000000e+01
1.470000000000000000e+02 2.600000000000000000e+01 1.330000000000000000e+02 4.733800000000000000e+04 4.819200000000000000e+04 4.886600000000000000e+04 4.478800000000000000e+04 1.932441577897407115e+01 4.200000000000000000e+01
1.430000000000000000e+02 7.000000000000000000e+00 1.440000000000000000e+02 4.754000000000000000e+04 4.629200000000000000e+04 4.887000000000000000e+04 4.702900000000000000e+04 1.933427779190242290e+01 4.200000000000000000e+01
1.190000000000000000e+02 -1.800000000000000000e+01 1.200000000000000000e+02 4.953100000000000000e+04 4.839900000000000000e+04 4.711600000000000000e+04 4.496000000000000000e+04 1.934492209192831069e+01 3.900000000000000000e+01
4.100000000000000000e+01 -5.000000000000000000e+01 1.360000000000000000e+02 4.587700000000000000e+04 4.783800000000000000e+04 5.059300000000000000e+04 4.568600000000000000e+04 1.935420966590754688e+01 3.900000000000000000e+01
-5.500000000000000000e+01 -7.700000000000000000e+01 1.210000000000000000e+02 4.675500000000000000e+04 4.363900000000000000e+04 5.014800000000000000e+04 4.962300000000000000e+04 1.936424640193581581e+01 3.900000000000000000e+01
-1.810000000000000000e+02 -5.600000000000000000e+01 1.160000000000000000e+02 4.636100000000000000e+04 4.873900000000000000e+04 5.053900000000000000e+04 4.483600000000000000e+04 1.937399602390360087e+01 3.900000000000000000e+01
-1.510000000000000000e+02 -1.700000000000000000e+01 1.240000000000000000e+02 4.605800000000000000e+04 4.389800000000000000e+04 5.227800000000000000e+04 4.808600000000000000e+04 1.938477315893396735e+01 3.700000000000000000e+01
-1.140000000000000000e+02 3.000000000000000000e+01 1.380000000000000000e+02 4.746700000000000000e+04 4.615700000000000000e+04 5.012100000000000000e+04 4.759500000000000000e+04 1.939475323993247002e+01 3.700000000000000000e+01
2.000000000000000000e+01 2.800000000000000000e+01 1.270000000000000000e+02 4.913900000000000000e+04 4.880600000000000000e+04 4.865300000000000000e+04 4.473700000000000000e+04 1.940541279991157353e+01 3.700000000000000000e+01
7.600000000000000000e+01 -5.000000000000000000e+00 1.260000000000000000e+02 4.668700000000000000e+04 4.512000000000000000e+04 5.231000000000000000e+04 4.669200000000000000e+04 1.941491540893912315e+01 3.700000000000000000e+01
1.640000000000000000e+02 2.000000000000000000e+00 1.000000000000000000e+02 4.954800000000000000e+04 4.765700000000000000e+04 5.010100000000000000e+04 4.407300000000000000e+04 1.942411042994353920e+01 3.700000000000000000e+01
1.670000000000000000e+02 -1.300000000000000000e+01 1.180000000000000000e+02 5.115600000000000000e+04 4.871500000000000000e+04 4.832800000000000000e+04 4.298000000000000000e+04 1.943539512390270829e+01 3.700000000000000000e+01
1.980000000000000000e+02 5.800000000000000000e+01 9.700000000000000000e+01 4.951700000000000000e+04 4.809900000000000000e+04 4.879000000000000000e+04 4.615600000000000000e+04 1.944390817894600332e+01 3.300000000000000000e+01
1.270000000000000000e+02 1.000000000000000000e+02 7.000000000000000000e+01 4.781800000000000000e+04 4.587700000000000000e+04 5.043700000000000000e+04 4.868400000000000000e+04 1.945397257793229073e+01 3.300000000000000000e+01
1.040000000000000000e+02 1.550000000000000000e+02 5.900000000000000000e+01 4.963400000000000000e+04 4.773400000000000000e+04 4.860900000000000000e+04 4.711300000000000000e+04 1.946411750593688339e+01 3.300000000000000000e+01
4.100000000000000000e+01 1.270000000000000000e+02 4.500000000000000000e+01 4.856700000000000000e+04 4.681200000000000000e+04 4.980400000000000000e+04 4.817700000000000000e+04 1.947439490794204175e+01 3.300000000000000000e+01
-2.700000000000000000e+01 1.770000000000000000e+02 3.300000000000000000e+01 5.003100000000000000e+04 4.663600000000000000e+04 4.902500000000000000e+04 4.775900000000000000e+04 1.948446834296919405e+01 3.200000000000000000e+01
-5.000000000000000000e+01 1.040000000000000000e+02 2.600000000000000000e+01 4.835000000000000000e+04 4.610500000000000000e+04 4.972600000000000000e+04 4.899400000000000000e+04 1.949431457091122866e+01 3.200000000000000000e+01
-8.600000000000000000e+01 9.600000000000000000e+01 1.900000000000000000e+01 4.856300000000000000e+04 4.683700000000000000e+04 4.950100000000000000e+04 4.836600000000000000e+04 1.950488773093093187e+01 3.200000000000000000e+01
-3.200000000000000000e+01 5.700000000000000000e+01 1.800000000000000000e+01 5.014900000000000000e+04 4.834000000000000000e+04 4.784500000000000000e+04 4.680600000000000000e+04 1.951883060298860073e+01 3.200000000000000000e+01
-8.000000000000000000e+00 8.000000000000000000e+00 8.000000000000000000e+00 4.705200000000000000e+04 4.638200000000000000e+04 5.081900000000000000e+04 4.872400000000000000e+04 1.952431683090981096e+01 3.200000000000000000e+01
1.600000000000000000e+01 -5.600000000000000000e+01 2.800000000000000000e+01 4.847500000000000000e+04 4.775500000000000000e+04 4.901300000000000000e+04 4.628300000000000000e+04 1.953490665194112808e+01 3.200000000000000000e+01
7.000000000000000000e+00 -1.010000000000000000e+02 2.700000000000000000e+01 4.846700000000000000e+04 4.816100000000000000e+04 5.003000000000000000e+04 4.638500000000000000e+04 1.954481282399501652e+01 3.000000000000000000e+01
-1.800000000000000000e+01 -1.410000000000000000e+02 5.000000000000000000e+01 4.777500000000000000e+04 4.802200000000000000e+04 5.072600000000000000e+04 4.658200000000000000e+04 1.955463249795138836e+01 3.000000000000000000e+01
-9.800000000000000000e+01 -1.070000000000000000e+02 3.800000000000000000e+01 4.706200000000000000e+04 4.722100000000000000e+04 5.148200000000000000e+04 4.712200000000000000e+04 1.956383265298791230e+01 3.000000000000000000e+01
-1.090000000000000000e+02 -1.240000000000000000e+02 1.300000000000000000e+01 4.738500000000000000e+04 4.714400000000000000e+04 5.122300000000000000e+04 4.714100000000000000e+04 1.957431256293784827e+01 3.000000000000000000e+01
-6.300000000000000000e+01 2.700000000000000000e+01 9.000000000000000000e+00 4.881400000000000000e+04 4.705500000000000000e+04 4.929200000000000000e+04 4.773700000000000000e+04 1.958439497591461986e+01 2.600000000000000000e+01
5.000000000000000000e+00 4.100000000000000000e+01 -1.900000000000000000e+01 4.908400000000000000e+04 4.765500000000000000e+04 4.883200000000000000e+04 4.778400000000000000e+04 1.959414944995660335e+01 2.600000000000000000e+01
5.200000000000000000e+01 6.100000000000000000e+01 1.000000000000000000e+01 4.886000000000000000e+04 4.777400000000000000e+04 4.897700000000000000e+04 4.761700000000000000e+04 1.960408450290560722e+01 2.600000000000000000e+01
1.360000000000000000e+02 7.900000000000000000e+01 7.000000000000000000e+00 4.957000000000000000e+04 4.794000000000000000e+04 4.862900000000000000e+04 4.693900000000000000e+04 1.961410535499453545e+01 2.600000000000000000e+01
1.750000000000000000e+02 1.270000000000000000e+02 2.000000000000000000e+00 5.047000000000000000e+04 4.777500000000000000e+04 4.768100000000000000e+04 4.699700000000000000e+04 1.962474618991836905e+01 2.600000000000000000e+01
1.750000000000000000e+02 1.210000000000000000e+02 1.100000000000000000e+01 5.011100000000000000e+04 4.785100000000000000e+04 4.801500000000000000e+04 4.699000000000000000e+04 1.963537382497452199e+01 2.600000000000000000e+01
1.060000000000000000e+02 1.130000000000000000e+02 1.500000000000000000e+01 4.951100000000000000e+04 4.757100000000000000e+04 4.857400000000000000e+04 4.729700000000000000e+04 1.964406592899467796e+01 2.700000000000000000e+01
4.800000000000000000e+01 5.800000000000000000e+01 -6.000000000000000000e+00 4.922200000000000000e+04 4.746200000000000000e+04 4.879100000000000000e+04 4.720200000000000000e+04 1.965402543393429369e+01 2.700000000000000000e+01
-5.000000000000000000e+01 6.800000000000000000e+01 2.200000000000000000e+01 4.862800000000000000e+04 4.671600000000000000e+04 4.943900000000000000e+04 4.797300000000000000e+04 1.966450526798143983e+01 2.700000000000000000e+01
-6.800000000000000000e+01 -1.000000000000000000e+00 3.000000000000000000e+01 4.868900000000000000e+04 4.667500000000000000e+04 4.964100000000000000e+04 4.770700000000000000e+04 1.967412985791452229e+01 2.700000000000000000e+01
-9.300000000000000000e+01 -3.000000000000000000e+00 3.800000000000000000e+01 4.852200000000000000e+04 4.715900000000000000e+04 5.007100000000000000e+04 4.691100000000000000e+04 1.968430373095907271e+01 2.700000000000000000e+01
-6.000000000000000000e+01 -1.090000000000000000e+02 2.700000000000000000e+01 4.789600000000000000e+04 4.749700000000000000e+04 5.032100000000000000e+04 4.666800000000000000e+04 1.969421244098339230e+01 2.700000000000000000e+01
-7.200000000000000000e+01 -1.770000000000000000e+02 1.100000000000000000e+01 4.691500000000000000e+04 4.795600000000000000e+04 5.125800000000000000e+04 4.615200000000000000e+04 1.970622942794580013e+01 2.700000000000000000e+01
-1.190000000000000000e+02 -3.070000000000000000e+02 2.500000000000000000e+01 4.601600000000000000e+04 4.860100000000000000e+04 5.160600000000000000e+04 4.572000000000000000e+04 1.971431700792163610e+01 2.700000000000000000e+01
-7.000000000000000000e+01 -3.510000000000000000e+02 1.400000000000000000e+01 4.565800000000000000e+04 4.861700000000000000e+04 5.211500000000000000e+04 4.547200000000000000e+04 1.972400322998873889e+01 2.700000000000000000e+01
-8.000000000000000000e+01 -4.180000000000000000e+02 2.400000000000000000e+01 4.508000000000000000e+04 5.006100000000000000e+04 5.271400000000000000e+04 4.388100000000000000e+04 1.973424203100148588e+01 2.700000000000000000e+01
-5.600000000000000000e+01 -3.900000000000000000e+02 4.000000000000000000e+00 4.747700000000000000e+04 4.945300000000000000e+04 5.130700000000000000e+04 4.460300000000000000e+04 1.974420673400163651e+01 5.400000000000000000e+01
-5.800000000000000000e+01 -3.250000000000000000e+02 9.000000000000000000e+00 4.811900000000000000e+04 4.789000000000000000e+04 4.833500000000000000e+04 4.328100000000000000e+04 1.975430388294626027e+01 5.400000000000000000e+01
-1.110000000000000000e+02 -3.300000000000000000e+02 -7.000000000000000000e+00 4.769300000000000000e+04 4.824500000000000000e+04 4.819300000000000000e+04 4.409000000000000000e+04 1.976470908091869205e+01 5.400000000000000000e+01
-2.400000000000000000e+02 -3.270000000000000000e+02 -4.000000000000000000e+00 4.599500000000000000e+04 4.748800000000000000e+04 4.929200000000000000e+04 4.462700000000000000e+04 1.977364685398060828e+01 9.160000000000000000e+02
-3.930000000000000000e+02 -4.470000000000000000e+02 -1.200000000000000000e+01 4.323200000000000000e+04 4.674500000000000000e+04 5.011900000000000000e+04 4.402100000000000000e+04 1.978453489497769624e+01 9.160000000000000000e+02
-5.520000000000000000e+02 -4.870000000000000000e+02 -8.000000000000000000e+00 4.086000000000000000e+04 4.568900000000000000e+04 5.143300000000000000e+04 4.500700000000000000e+04 1.979531660897191614e+01 9.160000000000000000e+02
-6.590000000000000000e+02 -5.190000000000000000e+02 -3.000000000000000000e+00 3.953500000000000000e+04 4.528500000000000000e+04 5.237700000000000000e+04 4.514600000000000000e+04 1.980400964093860239e+01 9.160000000000000000e+02
-6.150000000000000000e+02 -5.060000000000000000e+02 3.000000000000000000e+00 3.917900000000000000e+04 4.609200000000000000e+04 5.248500000000000000e+04 4.435100000000000000e+04 1.981425009190570563e+01 9.160000000000000000e+02
-5.120000000000000000e+02 -4.030000000000000000e+02 0.000000000000000000e+00 4.016500000000000000e+04 4.542500000000000000e+04 5.200100000000000000e+04 4.529600000000000000e+04 1.982399220892693847e+01 9.160000000000000000e+02
-3.520000000000000000e+02 -2.510000000000000000e+02 0.000000000000000000e+00 4.265900000000000000e+04 4.419100000000000000e+04 5.087700000000000000e+04 4.626600000000000000e+04 1.983391232497524470e+01 7.750000000000000000e+02
-1.460000000000000000e+02 -1.170000000000000000e+02 -2.000000000000000000e+00 4.623900000000000000e+04 4.678800000000000000e+04 5.021200000000000000e+04 4.630900000000000000e+04 1.984401000093203038e+01 7.750000000000000000e+02
4.700000000000000000e+01 7.000000000000000000e+00 -1.200000000000000000e+01 4.793200000000000000e+04 4.719900000000000000e+04 4.904700000000000000e+04 4.654400000000000000e+04 1.985407637897878885e+01 7.750000000000000000e+02
1.380000000000000000e+02 8.100000000000000000e+01 -1.400000000000000000e+01 4.852400000000000000e+04 4.732400000000000000e+04 4.846300000000000000e+04 4.685900000000000000e+04 1.986395015497691929e+01 7.750000000000000000e+02
1.790000000000000000e+02 1.620000000000000000e+02 -5.000000000000000000e+00 4.941000000000000000e+04 4.722000000000000000e+04 4.799300000000000000e+04 4.758600000000000000e+04 1.987511007592547685e+01 7.730000000000000000e+02
2.380000000000000000e+02 1.610000000000000000e+02 -7.000000000000000000e+00 5.122200000000000000e+04 4.803600000000000000e+04 4.746000000000000000e+04 4.815100000000000000e+04 1.988427856890484691e+01 7.730000000000000000e+02
2.590000000000000000e+02 1.650000000000000000e+02 -1.300000000000000000e+01 5.115300000000000000e+04 4.855600000000000000e+04 4.768400000000000000e+04 4.789300000000000000e+04 1.989451701298821718e+01 7.730000000000000000e+02
1.940000000000000000e+02 5.900000000000000000e+01 -5.000000000000000000e+00 5.046600000000000000e+04 4.884600000000000000e+04 4.896700000000000000e+04 4.813600000000000000e+04 1.990679595398250967e+01 7.730000000000000000e+02
1.140000000000000000e+02 -2.400000000000000000e+01 0.000000000000000000e+00 4.944500000000000000e+04 4.876300000000000000e+04 5.031300000000000000e+04 4.835300000000000000e+04 1.991451206989586353e+01 7.730000000000000000e+02
-2.900000000000000000e+01 -9.600000000000000000e+01 2.000000000000000000e+01 4.843400000000000000e+04 4.861300000000000000e+04 5.167700000000000000e+04 4.829600000000000000e+04 1.992397332692053169e+01 7.730000000000000000e+02
-1.040000000000000000e+02 -1.960000000000000000e+02 2.100000000000000000e+01 4.791900000000000000e+04 4.853900000000000000e+04 5.262700000000000000e+04 4.826100000000000000e+04 1.993413528497330844e+01 7.730000000000000000e+02
-1.990000000000000000e+02 -2.270000000000000000e+02 3.200000000000000000e+01 4.787700000000000000e+04 4.805400000000000000e+04 5.288400000000000000e+04 4.880200000000000000e+04 1.994514692295342684e+01 7.670000000000000000e+02
-2.050000000000000000e+02 -2.720000000000000000e+02 2.400000000000000000e+01 4.763900000000000000e+04 4.921800000000000000e+04 5.379800000000000000e+04 4.858600000000000000e+04 1.995484852395020425e+01 7.670000000000000000e+02
-2.060000000000000000e+02 -3.180000000000000000e+02 2.300000000000000000e+01 4.742500000000000000e+04 4.923700000000000000e+04 5.411400000000000000e+04 4.884300000000000000e+04 1.996492531197145581e+01 7.670000000000000000e+02
-1.340000000000000000e+02 -3.190000000000000000e+02 1.100000000000000000e+01 4.776600000000000000e+04 4.996900000000000000e+04 5.408200000000000000e+04 4.836400000000000000e+04 1.997571377700660378e+01 7.670000000000000000e+02
-9.000000000000000000e+00 -3.750000000000000000e+02 -3.000000000000000000e+00 4.790800000000000000e+04 5.108100000000000000e+04 5.395700000000000000e+04 4.735800000000000000e+04 1.998386725189629942e+01 7.610000000000000000e+02
7.400000000000000000e+01 -3.270000000000000000e+02 -1.900000000000000000e+01 4.872500000000000000e+04 5.185900000000000000e+04 5.354900000000000000e+04 4.722000000000000000e+04 2.001940840797033161e+01 7.610000000000000000e+02
2.240000000000000000e+02 -3.710000000000000000e+02 -2.500000000000000000e+01 4.927700000000000000e+04 5.266400000000000000e+04 5.297500000000000000e+04 4.644700000000000000e+04 2.002320843096822500e+01 7.610000000000000000e+02
3.050000000000000000e+02 -3.270000000000000000e+02 -1.000000000000000000e+00 4.989300000000000000e+04 5.297300000000000000e+04 5.244900000000000000e+04 4.610200000000000000e+04 2.002704816195182502e+01 7.610000000000000000e+02
3.220000000000000000e+02 -2.860000000000000000e+02 -1.900000000000000000e+01 5.040800000000000000e+04 5.246900000000000000e+04 5.211000000000000000e+04 4.676400000000000000e+04 2.002871507790405303e+01 7.610000000000000000e+02
3.050000000000000000e+02 -1.270000000000000000e+02 -2.300000000000000000e+01 5.088700000000000000e+04 5.226100000000000000e+04 5.154900000000000000e+04 4.726000000000000000e+04 2.003394474589731544e+01 7.610000000000000000e+02
2.540000000000000000e+02 -1.080000000000000000e+02 -3.100000000000000000e+01 5.088100000000000000e+04 5.182700000000000000e+04 5.131300000000000000e+04 4.810400000000000000e+04 2.004385421599727124e+01 7.550000000000000000e+02
2.110000000000000000e+02 3.000000000000000000e+01 -3.200000000000000000e+01 5.126400000000000000e+04 5.106400000000000000e+04 5.096400000000000000e+04 4.906400000000000000e+04 2.005424356891307980e+01 7.550000000000000000e+02
1.490000000000000000e+02 1.310000000000000000e+02 -2.100000000000000000e+01 5.134700000000000000e+04 5.059600000000000000e+04 5.097300000000000000e+04 4.974500000000000000e+04 2.006395844800863415e+01 7.550000000000000000e+02
1.080000000000000000e+02 1.640000000000000000e+02 -1.500000000000000000e+01 5.134500000000000000e+04 4.996100000000000000e+04 5.103100000000000000e+04 5.028400000000000000e+04 2.007395168894436210e+01 7.550000000000000000e+02
6.400000000000000000e+01 1.930000000000000000e+02 1.000000000000000000e+00 5.128400000000000000e+04 5.043200000000000000e+04 5.111100000000000000e+04 4.966600000000000000e+04 2.008501219900790602e+01 7.500000000000000000e+02
1.250000000000000000e+02 1.370000000000000000e+02 -6.000000000000000000e+00 5.149500000000000000e+04 5.018000000000000000e+04 5.099100000000000000e+04 4.947300000000000000e+04 2.009427713195327669e+01 7.500000000000000000e+02
6.500000000000000000e+01 1.690000000000000000e+02 9.000000000000000000e+00 5.141100000000000000e+04 5.020400000000000000e+04 5.109300000000000000e+04 4.927500000000000000e+04 2.010419826698489487e+01 7.500000000000000000e+02
6.300000000000000000e+01 1.050000000000000000e+02 1.300000000000000000e+01 5.101800000000000000e+04 4.976800000000000000e+04 5.165000000000000000e+04 4.938900000000000000e+04 2.011374995193909854e+01 7.500000000000000000e+02
7.300000000000000000e+01 1.140000000000000000e+02 3.100000000000000000e+01 5.058200000000000000e+04 4.973000000000000000e+04 5.194100000000000000e+04 4.904600000000000000e+04 2.012378453498240560e+01 7.500000000000000000e+02
4.000000000000000000e+00 7.200000000000000000e+01 1.200000000000000000e+01 5.112900000000000000e+04 4.987900000000000000e+04 5.152700000000000000e+04 4.889200000000000000e+04 2.013432420999743044e+01 7.500000000000000000e+02
5.000000000000000000e+01 9.900000000000000000e+01 2.300000000000000000e+01 5.056700000000000000e+04 4.962200000000000000e+04 5.163200000000000000e+04 4.916800000000000000e+04 2.014390975900460035e+01 7.500000000000000000e+02
3.600000000000000000e+01 2.600000000000000000e+01 2.700000000000000000e+01 5.044600000000000000e+04 4.965700000000000000e+04 5.149300000000000000e+04 4.868500000000000000e+04 2.015465008199680597e+01 7.500000000000000000e+02
1.360000000000000000e+02 3.200000000000000000e+01 9.000000000000000000e+00 5.059000000000000000e+04 5.062600000000000000e+04 5.124600000000000000e+04 4.755400000000000000e+04 2.016404246492311358e+01 7.500000000000000000e+02
1.370000000000000000e+02 -1.300000000000000000e+01 3.100000000000000000e+01 5.063100000000000000e+04 5.070300000000000000e+04 5.115600000000000000e+04 4.726000000000000000e+04 2.017381076596211642e+01 7.500000000000000000e+02
1.550000000000000000e+02 -3.100000000000000000e+01 1.700000000000000000e+01 5.036600000000000000e+04 5.072200000000000000e+04 5.115800000000000000e+04 4.703800000000000000e+04 2.018433229497168213e+01 7.460000000000000000e+02
1.770000000000000000e+02 1.300000000000000000e+01 2.500000000000000000e+01 5.027500000000000000e+04 5.011500000000000000e+04 5.095100000000000000e+04 4.730700000000000000e+04 2.019355650397483259e+01 7.460000000000000000e+02
9.400000000000000000e+01 3.600000000000000000e+01 1.500000000000000000e+01 5.035900000000000000e+04 4.974600000000000000e+04 5.085600000000000000e+04 4.745400000000000000e+04 2.020395027694758028e+01 7.460000000000000000e+02
1.070000000000000000e+02 1.040000000000000000e+02 2.900000000000000000e+01 5.020800000000000000e+04 4.936400000000000000e+04 5.068900000000000000e+04 4.768100000000000000e+04 2.021386541193351150e+01 7.460000000000000000e+02
2.400000000000000000e+01 1.160000000000000000e+02 4.400000000000000000e+01 5.019700000000000000e+04 4.886200000000000000e+04 5.079200000000000000e+04 4.814000000000000000e+04 2.022412540798541158e+01 7.460000000000000000e+02
-7.500000000000000000e+01 1.040000000000000000e+02 2.700000000000000000e+01 4.988600000000000000e+04 4.799800000000000000e+04 5.107900000000000000e+04 4.870900000000000000e+04 2.023434820096008480e+01 7.460000000000000000e+02
-1.740000000000000000e+02 1.280000000000000000e+02 7.200000000000000000e+01 4.961900000000000000e+04 4.763700000000000000e+04 5.132700000000000000e+04 4.888500000000000000e+04 2.024387621495407075e+01 7.410000000000000000e+02
-2.610000000000000000e+02 1.050000000000000000e+02 3.800000000000000000e+01 4.890700000000000000e+04 4.709400000000000000e+04 5.203300000000000000e+04 4.960700000000000000e+04 2.025386802200227976e+01 7.410000000000000000e+02
-2.750000000000000000e+02 1.520000000000000000e+02 4.100000000000000000e+01 4.921800000000000000e+04 4.695800000000000000e+04 5.175100000000000000e+04 4.974500000000000000e+04 2.026487105700653046e+01 7.410000000000000000e+02
-3.150000000000000000e+02 8.300000000000000000e+01 2.600000000000000000e+01 4.895300000000000000e+04 4.708700000000000000e+04 5.196400000000000000e+04 4.960200000000000000e+04 2.027526130795013160e+01 7.410000000000000000e+02
-2.660000000000000000e+02 1.180000000000000000e+02 2.500000000000000000e+01 4.886400000000000000e+04 4.757900000000000000e+04 5.196400000000000000e+04 4.916100000000000000e+04 2.028467688593082130e+01 7.430000000000000000e+02
-1.820000000000000000e+02 5.000000000000000000e+00 1.200000000000000000e+01 4.854400000000000000e+04 4.785700000000000000e+04 5.201800000000000000e+04 4.884800000000000000e+04 2.029359680798370391e+01 7.430000000000000000e+02
-1.480000000000000000e+02 3.700000000000000000e+01 -4.000000000000000000e+00 4.861400000000000000e+04 4.804900000000000000e+04 5.176400000000000000e+04 4.853300000000000000e+04 2.030411187093704939e+01 7.430000000000000000e+02
-5.100000000000000000e+01 -3.800000000000000000e+01 3.000000000000000000e+00 4.889300000000000000e+04 4.861800000000000000e+04 5.128700000000000000e+04 4.816300000000000000e+04 2.031386876292526722e+01 7.430000000000000000e+02
-4.900000000000000000e+01 -4.800000000000000000e+01 -8.000000000000000000e+00 4.908600000000000000e+04 4.848100000000000000e+04 5.117000000000000000e+04 4.819100000000000000e+04 2.032369822694454342e+01 7.430000000000000000e+02
-5.000000000000000000e+00 -3.300000000000000000e+01 -3.500000000000000000e+01 4.910600000000000000e+04 4.878400000000000000e+04 5.097900000000000000e+04 4.798600000000000000e+04 2.033568291796837002e+01 7.430000000000000000e+02
5.500000000000000000e+01 -7.500000000000000000e+01 -2.800000000000000000e+01 4.860900000000000000e+04 4.928400000000000000e+04 5.131500000000000000e+04 4.746700000000000000e+04 2.034412436990533024e+01 7.440000000000000000e+02
6.800000000000000000e+01 -4.900000000000000000e+01 -3.700000000000000000e+01 4.878500000000000000e+04 4.922700000000000000e+04 5.093000000000000000e+04 4.732100000000000000e+04 2.035354692093096673e+01 7.440000000000000000e+02
9.100000000000000000e+01 -8.900000000000000000e+01 -3.800000000000000000e+01 4.891400000000000000e+04 4.930400000000000000e+04 5.090900000000000000e+04 4.737500000000000000e+04 2.036373126192484051e+01 7.440000000000000000e+02
6.100000000000000000e+01 -3.600000000000000000e+01 -4.700000000000000000e+01 4.870300000000000000e+04 4.894100000000000000e+04 5.114900000000000000e+04 4.768200000000000000e+04 2.037452411896083504e+01 7.440000000000000000e+02
7.500000000000000000e+01 -3.400000000000000000e+01 -5.300000000000000000e+01 4.866100000000000000e+04 4.905200000000000000e+04 5.080300000000000000e+04 4.770600000000000000e+04 2.038389614992775023e+01 7.460000000000000000e+02
5.300000000000000000e+01 2.400000000000000000e+01 -7.200000000000000000e+01 4.859400000000000000e+04 4.842800000000000000e+04 5.036400000000000000e+04 4.832800000000000000e+04 2.039487614692188799e+01 7.460000000000000000e+02
8.000000000000000000e+00 2.300000000000000000e+01 -7.600000000000000000e+01 4.886000000000000000e+04 4.828300000000000000e+04 5.034800000000000000e+04 4.818400000000000000e+04 2.040397942590061575e+01 7.460000000000000000e+02
-1.600000000000000000e+01 6.900000000000000000e+01 -5.800000000000000000e+01 4.873700000000000000e+04 4.767800000000000000e+04 5.017500000000000000e+04 4.873600000000000000e+04 2.041332349600270391e+01 7.460000000000000000e+02
-3.400000000000000000e+01 1.000000000000000000e+02 -7.800000000000000000e+01 4.854000000000000000e+04 4.750800000000000000e+04 5.032000000000000000e+04 4.890500000000000000e+04 2.042664716497529298e+01 7.460000000000000000e+02
-1.030000000000000000e+02 8.400000000000000000e+01 -7.800000000000000000e+01 4.794700000000000000e+04 4.714900000000000000e+04 5.064800000000000000e+04 4.943600000000000000e+04 2.043426536198239774e+01 7.460000000000000000e+02
-8.200000000000000000e+01 9.000000000000000000e+00 -7.300000000000000000e+01 4.743800000000000000e+04 4.836800000000000000e+04 5.104000000000000000e+04 4.829800000000000000e+04 2.044544525095261633e+01 7.470000000000000000e+02
-7.400000000000000000e+01 -4.000000000000000000e+01 -9.200000000000000000e+01 4.756500000000000000e+04 4.844400000000000000e+04 5.077200000000000000e+04 4.828800000000000000e+04 2.045413808699231595e+01 7.470000000000000000e+02
-7.000000000000000000e+01 -9.200000000000000000e+01 -8.900000000000000000e+01 4.696600000000000000e+04 4.851500000000000000e+04 5.129700000000000000e+04 4.814900000000000000e+04 2.046394036593846977e+01 7.470000000000000000e+02
1.900000000000000000e+01 -8.000000000000000000e+01 -1.050000000000000000e+02 4.790300000000000000e+04 4.847800000000000000e+04 5.023200000000000000e+04 4.819000000000000000e+04 2.047704859497025609e+01 7.470000000000000000e+02
-4.000000000000000000e+00 -7.000000000000000000e+00 -9.200000000000000000e+01 4.777000000000000000e+04 4.778600000000000000e+04 5.026000000000000000e+04 4.892000000000000000e+04 2.048396142292767763e+01 7.490000000000000000e+02
5.200000000000000000e+01 1.300000000000000000e+01 -1.010000000000000000e+02 4.772400000000000000e+04 4.827100000000000000e+04 5.007000000000000000e+04 4.826700000000000000e+04 2.049729231093078852e+01 7.490000000000000000e+02
5.900000000000000000e+01 6.400000000000000000e+01 -9.000000000000000000e+01 4.846400000000000000e+04 4.792300000000000000e+04 4.923000000000000000e+04 4.850000000000000000e+04 2.050733184698037803e+01 7.490000000000000000e+02
9.100000000000000000e+01 8.000000000000000000e+01 -9.800000000000000000e+01 4.834900000000000000e+04 4.782300000000000000e+04 4.924800000000000000e+04 4.868500000000000000e+04 2.051313415891490877e+01 7.490000000000000000e+02
1.050000000000000000e+02 6.700000000000000000e+01 -1.030000000000000000e+02 4.827400000000000000e+04 4.811700000000000000e+04 4.930500000000000000e+04 4.845200000000000000e+04 2.052523152390494943e+01 7.490000000000000000e+02
1.320000000000000000e+02 6.200000000000000000e+01 -1.080000000000000000e+02 4.805200000000000000e+04 4.860900000000000000e+04 4.938400000000000000e+04 4.808200000000000000e+04 2.053391784289851785e+01 7.490000000000000000e+02
1.440000000000000000e+02 -3.000000000000000000e+00 -1.040000000000000000e+02 4.793000000000000000e+04 4.888900000000000000e+04 4.959100000000000000e+04 4.799500000000000000e+04 2.054559568793047220e+01 7.500000000000000000e+02
1.660000000000000000e+02 -4.000000000000000000e+01 -1.010000000000000000e+02 4.794800000000000000e+04 4.915700000000000000e+04 4.946000000000000000e+04 4.769800000000000000e+04 2.055319344799499959e+01 7.500000000000000000e+02
1.390000000000000000e+02 -7.200000000000000000e+01 -1.100000000000000000e+02 4.784000000000000000e+04 4.857100000000000000e+04 4.970600000000000000e+04 4.813200000000000000e+04 2.056528998189605772e+01 7.500000000000000000e+02
1.340000000000000000e+02 -8.000000000000000000e+01 -1.120000000000000000e+02 4.768900000000000000e+04 4.897800000000000000e+04 4.953300000000000000e+04 4.806700000000000000e+04 2.057306444097775966e+01 7.500000000000000000e+02
1.010000000000000000e+02 -1.020000000000000000e+02 -1.170000000000000000e+02 4.754400000000000000e+04 4.853600000000000000e+04 4.974000000000000000e+04 4.848100000000000000e+04 2.058450923091731966e+01 7.500000000000000000e+02
8.800000000000000000e+01 -5.900000000000000000e+01 -1.160000000000000000e+02 4.736400000000000000e+04 4.875400000000000000e+04 4.963500000000000000e+04 4.868000000000000000e+04 2.059437610593158752e+01 7.500000000000000000e+02
8.300000000000000000e+01 -4.900000000000000000e+01 -1.400000000000000000e+02 4.735000000000000000e+04 4.901600000000000000e+04 4.951400000000000000e+04 4.860500000000000000e+04 2.060435129690449685e+01 7.500000000000000000e+02
6.100000000000000000e+01 -1.500000000000000000e+01 -1.260000000000000000e+02 4.772400000000000000e+04 4.911100000000000000e+04 4.929400000000000000e+04 4.847400000000000000e+04 2.061408083594869822e+01 7.500000000000000000e+02
4.900000000000000000e+01 1.100000000000000000e+01 -1.390000000000000000e+02 4.739000000000000000e+04 4.854600000000000000e+04 4.950100000000000000e+04 4.919800000000000000e+04 2.062391850992571563e+01 7.500000000000000000e+02
4.200000000000000000e+01 6.500000000000000000e+01 -1.270000000000000000e+02 4.810300000000000000e+04 4.826800000000000000e+04 4.897000000000000000e+04 4.939300000000000000e+04 2.063456798798870295e+01 7.500000000000000000e+02
8.800000000000000000e+01 8.300000000000000000e+01 -1.370000000000000000e+02 4.766200000000000000e+04 4.876700000000000000e+04 4.914900000000000000e+04 4.922900000000000000e+04 2.064343732292763889e+01 7.470000000000000000e+02
6.000000000000000000e+01 6.300000000000000000e+01 -1.320000000000000000e+02 4.802200000000000000e+04 4.910500000000000000e+04 4.927700000000000000e+04 4.958700000000000000e+04 2.065532654989510775e+01 7.470000000000000000e+02
1.260000000000000000e+02 7.900000000000000000e+01 -1.420000000000000000e+02 4.854500000000000000e+04 4.930700000000000000e+04 4.890100000000000000e+04 4.931300000000000000e+04 2.066333712090272456e+01 7.470000000000000000e+02
1.020000000000000000e+02 5.900000000000000000e+01 -1.380000000000000000e+02 4.869300000000000000e+04 4.910700000000000000e+04 4.899300000000000000e+04 4.966000000000000000e+04 2.067430127190891653e+01 7.470000000000000000e+02
1.360000000000000000e+02 8.800000000000000000e+01 -1.370000000000000000e+02 4.884900000000000000e+04 4.929800000000000000e+04 4.858100000000000000e+04 4.983400000000000000e+04 2.068433449894655496e+01 7.510000000000000000e+02
1.070000000000000000e+02 8.200000000000000000e+01 -1.270000000000000000e+02 4.849800000000000000e+04 4.937500000000000000e+04 4.850400000000000000e+04 4.967500000000000000e+04 2.069557028892450035e+01 7.510000000000000000e+02
8.600000000000000000e+01 6.100000000000000000e+01 -1.140000000000000000e+02 4.852100000000000000e+04 4.935900000000000000e+04 4.883100000000000000e+04 4.942900000000000000e+04 2.070335196889936924e+01 7.510000000000000000e+02
7.500000000000000000e+01 5.100000000000000000e+01 -1.160000000000000000e+02 4.823400000000000000e+04 4.916700000000000000e+04 4.912800000000000000e+04 4.972200000000000000e+04 2.071490741695743054e+01 7.510000000000000000e+02
5.000000000000000000e+00 1.800000000000000000e+01 -1.000000000000000000e+02 4.774400000000000000e+04 4.902200000000000000e+04 4.958400000000000000e+04 4.990800000000000000e+04 2.072419049893505871e+01 7.510000000000000000e+02
-1.100000000000000000e+01 -3.400000000000000000e+01 -7.600000000000000000e+01 4.757900000000000000e+04 4.897300000000000000e+04 4.996600000000000000e+04 5.006600000000000000e+04 2.073298967198934406e+01 7.510000000000000000e+02
-5.200000000000000000e+01 -7.700000000000000000e+01 -8.100000000000000000e+01 4.745300000000000000e+04 4.927800000000000000e+04 5.006300000000000000e+04 4.992400000000000000e+04 2.074334741500206292e+01 7.470000000000000000e+02
-6.000000000000000000e+01 -9.300000000000000000e+01 -8.000000000000000000e+01 4.753500000000000000e+04 4.941500000000000000e+04 5.032200000000000000e+04 5.005600000000000000e+04 2.075296655599959195e+01 7.470000000000000000e+02
-8.300000000000000000e+01 -8.900000000000000000e+01 -7.400000000000000000e+01 4.750300000000000000e+04 4.941100000000000000e+04 5.039600000000000000e+04 5.009700000000000000e+04 2.076348559395410120e+01 7.470000000000000000e+02
-9.600000000000000000e+01 -8.700000000000000000e+01 -7.300000000000000000e+01 4.766000000000000000e+04 4.954400000000000000e+04 5.045300000000000000e+04 5.016500000000000000e+04 2.078884847392328084e+01 7.470000000000000000e+02
-4.500000000000000000e+01 -2.900000000000000000e+01 -6.300000000000000000e+01 4.813700000000000000e+04 4.935400000000000000e+04 4.988800000000000000e+04 5.026200000000000000e+04 2.080081152496859431e+01 7.520000000000000000e+02
-1.000000000000000000e+01 -2.900000000000000000e+01 -5.400000000000000000e+01 4.826400000000000000e+04 4.931300000000000000e+04 4.941300000000000000e+04 4.994500000000000000e+04 2.081484923500102013e+01 7.520000000000000000e+02
