2.200000000000000000e+01 1.300000000000000000e+01 1.600000000000000000e+01 5.179600000000000000e+04 5.067100000000000000e+04 5.305000000000000000e+04 4.952900000000000000e+04 1.700992072396911681e+01 7.840000000000000000e+02
-3.000000000000000000e+00 2.700000000000000000e+01 1.500000000000000000e+01 5.132300000000000000e+04 5.035500000000000000e+04 5.349200000000000000e+04 4.967400000000000000e+04 1.702261409605853260e+01 7.850000000000000000e+02
-2.300000000000000000e+01 -1.500000000000000000e+01 1.700000000000000000e+01 5.127600000000000000e+04 5.014300000000000000e+04 5.350300000000000000e+04 4.998000000000000000e+04 1.703035023598931730e+01 7.850000000000000000e+02
-1.800000000000000000e+01 1.000000000000000000e+00 1.100000000000000000e+01 5.135100000000000000e+04 5.023300000000000000e+04 5.331000000000000000e+04 4.974700000000000000e+04 1.704053501901216805e+01 7.850000000000000000e+02
-1.200000000000000000e+01 -2.100000000000000000e+01 1.400000000000000000e+01 5.133300000000000000e+04 5.043500000000000000e+04 5.330900000000000000e+04 4.958500000000000000e+04 1.704976875497959554e+01 7.850000000000000000e+02
-1.400000000000000000e+01 -3.500000000000000000e+01 1.700000000000000000e+01 5.135500000000000000e+04 5.056400000000000000e+04 5.333100000000000000e+04 4.942300000000000000e+04 1.706044979300349951e+01 7.850000000000000000e+02
-1.400000000000000000e+01 -1.600000000000000000e+01 2.100000000000000000e+01 5.137200000000000000e+04 5.029500000000000000e+04 5.355200000000000000e+04 4.979500000000000000e+04 1.707134589599445462e+01 7.820000000000000000e+02
-1.600000000000000000e+01 -5.400000000000000000e+01 2.500000000000000000e+01 5.160300000000000000e+04 5.078200000000000000e+04 5.363100000000000000e+04 4.950800000000000000e+04 1.708002701203804463e+01 7.820000000000000000e+02
-1.500000000000000000e+01 -7.000000000000000000e+00 2.000000000000000000e+01 5.143600000000000000e+04 5.048100000000000000e+04 5.382100000000000000e+04 4.984200000000000000e+04 1.708968452597036958e+01 7.820000000000000000e+02
-5.000000000000000000e+00 -2.000000000000000000e+01 3.900000000000000000e+01 5.167100000000000000e+04 5.050100000000000000e+04 5.385200000000000000e+04 4.996600000000000000e+04 1.709984487004112452e+01 7.820000000000000000e+02
-2.300000000000000000e+01 1.000000000000000000e+01 3.300000000000000000e+01 5.212300000000000000e+04 5.017800000000000000e+04 5.349700000000000000e+04 5.031500000000000000e+04 1.711385435506235808e+01 7.870000000000000000e+02
-1.400000000000000000e+01 -2.700000000000000000e+01 4.400000000000000000e+01 5.188800000000000000e+04 5.038900000000000000e+04 5.351200000000000000e+04 4.959800000000000000e+04 1.712011824501678348e+01 7.870000000000000000e+02
-1.500000000000000000e+01 -2.600000000000000000e+01 4.200000000000000000e+01 5.186600000000000000e+04 5.006800000000000000e+04 5.335300000000000000e+04 4.983300000000000000e+04 1.712967706401832402e+01 7.870000000000000000e+02
-1.500000000000000000e+01 -3.600000000000000000e+01 4.500000000000000000e+01 5.168100000000000000e+04 5.010100000000000000e+04 5.352800000000000000e+04 4.946700000000000000e+04 1.714002502197399735e+01 7.870000000000000000e+02
-3.200000000000000000e+01 -5.700000000000000000e+01 3.800000000000000000e+01 5.122700000000000000e+04 5.010900000000000000e+04 5.389100000000000000e+04 4.952700000000000000e+04 1.715167047001887113e+01 7.870000000000000000e+02
-1.600000000000000000e+01 -7.100000000000000000e+01 4.700000000000000000e+01 5.192800000000000000e+04 5.020000000000000000e+04 5.332300000000000000e+04 4.936700000000000000e+04 1.715981820097658783e+01 7.870000000000000000e+02
-1.100000000000000000e+01 -9.700000000000000000e+01 4.600000000000000000e+01 5.194100000000000000e+04 5.075800000000000000e+04 5.327400000000000000e+04 4.884100000000000000e+04 1.716992372705135494e+01 7.840000000000000000e+02
-3.400000000000000000e+01 -1.070000000000000000e+02 5.900000000000000000e+01 5.168600000000000000e+04 5.042700000000000000e+04 5.375300000000000000e+04 4.937400000000000000e+04 1.718013034900650382e+01 7.840000000000000000e+02
-1.800000000000000000e+01 -6.900000000000000000e+01 3.700000000000000000e+01 5.236800000000000000e+04 5.035900000000000000e+04 5.341500000000000000e+04 4.950100000000000000e+04 1.718934406002517790e+01 7.840000000000000000e+02
-4.800000000000000000e+01 -7.600000000000000000e+01 5.400000000000000000e+01 5.151500000000000000e+04 5.042700000000000000e+04 5.420100000000000000e+04 4.943600000000000000e+04 1.719994926406070590e+01 7.840000000000000000e+02
-3.300000000000000000e+01 -2.400000000000000000e+01 3.500000000000000000e+01 5.181800000000000000e+04 5.011800000000000000e+04 5.396700000000000000e+04 4.978000000000000000e+04 1.720909950404893607e+01 7.840000000000000000e+02
-6.500000000000000000e+01 -7.800000000000000000e+01 4.800000000000000000e+01 5.111100000000000000e+04 5.015300000000000000e+04 5.458300000000000000e+04 4.973600000000000000e+04 1.722061463107820600e+01 7.840000000000000000e+02
-4.400000000000000000e+01 -1.500000000000000000e+01 5.100000000000000000e+01 5.166900000000000000e+04 5.006300000000000000e+04 5.407600000000000000e+04 4.960600000000000000e+04 1.723035940201953053e+01 7.840000000000000000e+02
-3.200000000000000000e+01 -1.600000000000000000e+01 5.200000000000000000e+01 5.196400000000000000e+04 4.979500000000000000e+04 5.384500000000000000e+04 4.990500000000000000e+04 1.723947097908239812e+01 7.840000000000000000e+02
-2.400000000000000000e+01 2.200000000000000000e+01 4.400000000000000000e+01 5.214400000000000000e+04 4.999100000000000000e+04 5.376100000000000000e+04 4.967100000000000000e+04 1.724920303502585739e+01 7.840000000000000000e+02
-9.000000000000000000e+00 9.000000000000000000e+00 5.400000000000000000e+01 5.199500000000000000e+04 5.010000000000000000e+04 5.391300000000000000e+04 4.957800000000000000e+04 1.725987608497962356e+01 7.840000000000000000e+02
-1.000000000000000000e+00 -4.000000000000000000e+00 5.200000000000000000e+01 5.212900000000000000e+04 5.065600000000000000e+04 5.384900000000000000e+04 4.896100000000000000e+04 1.726894164504483342e+01 7.830000000000000000e+02
1.600000000000000000e+01 1.200000000000000000e+01 5.900000000000000000e+01 5.256000000000000000e+04 5.050100000000000000e+04 5.375200000000000000e+04 4.923700000000000000e+04 1.727992871997412294e+01 7.830000000000000000e+02
2.200000000000000000e+01 1.400000000000000000e+01 6.700000000000000000e+01 5.095200000000000000e+04 4.927900000000000000e+04 5.511100000000000000e+04 5.045000000000000000e+04 1.728908677806612104e+01 7.830000000000000000e+02
4.600000000000000000e+01 1.000000000000000000e+01 5.200000000000000000e+01 5.333700000000000000e+04 5.051800000000000000e+04 5.328900000000000000e+04 4.932500000000000000e+04 1.729981968400534242e+01 7.830000000000000000e+02
2.700000000000000000e+01 -1.500000000000000000e+01 7.000000000000000000e+01 5.252800000000000000e+04 5.064500000000000000e+04 5.407100000000000000e+04 4.924200000000000000e+04 1.731046243908349425e+01 7.830000000000000000e+02
3.100000000000000000e+01 -2.700000000000000000e+01 5.100000000000000000e+01 5.471400000000000000e+04 5.068500000000000000e+04 5.166900000000000000e+04 4.914000000000000000e+04 1.731937278504483402e+01 7.820000000000000000e+02
1.100000000000000000e+01 -1.600000000000000000e+01 5.100000000000000000e+01 5.281700000000000000e+04 5.018300000000000000e+04 5.375100000000000000e+04 4.966300000000000000e+04 1.733030137000605464e+01 7.820000000000000000e+02
-2.000000000000000000e+01 -3.400000000000000000e+01 6.300000000000000000e+01 5.282600000000000000e+04 4.934700000000000000e+04 5.384700000000000000e+04 5.040700000000000000e+04 1.733916767104528844e+01 7.820000000000000000e+02
-4.500000000000000000e+01 -5.300000000000000000e+01 5.200000000000000000e+01 5.172300000000000000e+04 5.078700000000000000e+04 5.481400000000000000e+04 4.901400000000000000e+04 1.734969585307408124e+01 7.820000000000000000e+02
-9.600000000000000000e+01 -7.300000000000000000e+01 5.700000000000000000e+01 5.215400000000000000e+04 4.972800000000000000e+04 5.449600000000000000e+04 5.012900000000000000e+04 1.735938072903081775e+01 7.820000000000000000e+02
-9.300000000000000000e+01 -9.400000000000000000e+01 4.800000000000000000e+01 5.198500000000000000e+04 5.053800000000000000e+04 5.494700000000000000e+04 4.957200000000000000e+04 1.736984021798707545e+01 7.780000000000000000e+02
-7.200000000000000000e+01 -1.260000000000000000e+02 4.900000000000000000e+01 5.225000000000000000e+04 5.140600000000000000e+04 5.487200000000000000e+04 4.884600000000000000e+04 1.737967635400127620e+01 7.780000000000000000e+02
-7.400000000000000000e+01 -1.300000000000000000e+02 5.400000000000000000e+01 5.208700000000000000e+04 5.117600000000000000e+04 5.500100000000000000e+04 4.915800000000000000e+04 1.738958049402572215e+01 7.780000000000000000e+02
-5.400000000000000000e+01 -6.300000000000000000e+01 3.300000000000000000e+01 5.191000000000000000e+04 5.063600000000000000e+04 5.535200000000000000e+04 4.988300000000000000e+04 1.739956283697392792e+01 7.780000000000000000e+02
-5.200000000000000000e+01 -6.300000000000000000e+01 3.900000000000000000e+01 5.212100000000000000e+04 5.063400000000000000e+04 5.521300000000000000e+04 4.990500000000000000e+04 1.740933528298046440e+01 7.780000000000000000e+02
-5.200000000000000000e+01 -1.600000000000000000e+01 4.100000000000000000e+01 5.263900000000000000e+04 5.085400000000000000e+04 5.483200000000000000e+04 4.980400000000000000e+04 1.741982603899668902e+01 7.760000000000000000e+02
1.000000000000000000e+01 -1.600000000000000000e+01 4.400000000000000000e+01 5.295700000000000000e+04 5.104900000000000000e+04 5.458100000000000000e+04 4.961500000000000000e+04 1.743044214800465852e+01 7.760000000000000000e+02
2.700000000000000000e+01 2.100000000000000000e+01 3.900000000000000000e+01 5.263900000000000000e+04 5.068000000000000000e+04 5.491800000000000000e+04 4.994200000000000000e+04 1.744014059600885957e+01 7.760000000000000000e+02
1.500000000000000000e+01 8.400000000000000000e+01 3.200000000000000000e+01 5.272700000000000000e+04 5.045700000000000000e+04 5.484100000000000000e+04 5.020400000000000000e+04 1.744911193498410285e+01 7.760000000000000000e+02
8.000000000000000000e+00 7.800000000000000000e+01 3.400000000000000000e+01 5.297500000000000000e+04 5.132900000000000000e+04 5.461700000000000000e+04 4.929700000000000000e+04 1.745960272499360144e+01 7.760000000000000000e+02
1.100000000000000000e+01 5.700000000000000000e+01 4.300000000000000000e+01 5.235500000000000000e+04 5.058100000000000000e+04 5.530400000000000000e+04 5.033100000000000000e+04 1.746947633998934180e+01 7.750000000000000000e+02
2.300000000000000000e+01 8.300000000000000000e+01 1.900000000000000000e+01 5.371300000000000000e+04 5.155500000000000000e+04 5.416100000000000000e+04 4.922500000000000000e+04 1.748044743004720658e+01 7.750000000000000000e+02
2.600000000000000000e+01 9.000000000000000000e+01 2.900000000000000000e+01 5.341400000000000000e+04 5.080200000000000000e+04 5.462100000000000000e+04 5.020200000000000000e+04 1.748961715202312917e+01 7.750000000000000000e+02
3.000000000000000000e+00 8.400000000000000000e+01 3.900000000000000000e+01 5.316100000000000000e+04 5.061500000000000000e+04 5.482900000000000000e+04 5.045900000000000000e+04 1.749986177904065698e+01 7.750000000000000000e+02
-1.100000000000000000e+01 7.700000000000000000e+01 5.000000000000000000e+00 5.246900000000000000e+04 4.995100000000000000e+04 5.542400000000000000e+04 5.109600000000000000e+04 1.750981679500546306e+01 7.750000000000000000e+02
-1.200000000000000000e+01 6.500000000000000000e+01 2.500000000000000000e+01 5.289700000000000000e+04 5.067700000000000000e+04 5.506400000000000000e+04 5.036500000000000000e+04 1.751910985808353871e+01 7.740000000000000000e+02
1.800000000000000000e+01 3.600000000000000000e+01 1.300000000000000000e+01 5.262700000000000000e+04 5.072800000000000000e+04 5.509300000000000000e+04 5.017300000000000000e+04 1.752916768402792513e+01 7.740000000000000000e+02
3.000000000000000000e+00 1.500000000000000000e+01 4.000000000000000000e+00 5.248700000000000000e+04 5.055700000000000000e+04 5.502300000000000000e+04 5.019700000000000000e+04 1.753903377801179886e+01 7.740000000000000000e+02
2.000000000000000000e+01 -4.000000000000000000e+00 1.000000000000000000e+01 5.280800000000000000e+04 5.056900000000000000e+04 5.471800000000000000e+04 5.020400000000000000e+04 1.754882724606432021e+01 7.740000000000000000e+02
3.000000000000000000e+01 3.200000000000000000e+01 -4.000000000000000000e+00 5.256300000000000000e+04 5.076600000000000000e+04 5.485500000000000000e+04 5.004100000000000000e+04 1.755940198607277125e+01 7.740000000000000000e+02
3.300000000000000000e+01 0.000000000000000000e+00 -3.000000000000000000e+00 5.269500000000000000e+04 5.080800000000000000e+04 5.465600000000000000e+04 4.993500000000000000e+04 1.757015481207054108e+01 7.730000000000000000e+02
4.700000000000000000e+01 9.000000000000000000e+00 -5.000000000000000000e+00 5.382000000000000000e+04 5.047200000000000000e+04 5.377700000000000000e+04 5.038100000000000000e+04 1.757916963601019233e+01 7.730000000000000000e+02
5.000000000000000000e+01 3.000000000000000000e+01 -7.000000000000000000e+00 5.223200000000000000e+04 5.137600000000000000e+04 5.516100000000000000e+04 4.941900000000000000e+04 1.758977797604165971e+01 7.730000000000000000e+02
3.200000000000000000e+01 7.000000000000000000e+00 -1.000000000000000000e+00 5.456100000000000000e+04 4.901600000000000000e+04 5.292400000000000000e+04 5.172300000000000000e+04 1.759917342301923782e+01 7.730000000000000000e+02
4.400000000000000000e+01 2.700000000000000000e+01 -2.200000000000000000e+01 5.309200000000000000e+04 5.144500000000000000e+04 5.431700000000000000e+04 4.938900000000000000e+04 1.760960237297695130e+01 7.730000000000000000e+02
3.600000000000000000e+01 -4.000000000000000000e+00 -5.000000000000000000e+00 5.215200000000000000e+04 5.045600000000000000e+04 5.501700000000000000e+04 5.030200000000000000e+04 1.761939628503751010e+01 7.710000000000000000e+02
7.000000000000000000e+00 -1.400000000000000000e+01 6.000000000000000000e+00 5.262000000000000000e+04 5.071300000000000000e+04 5.459400000000000000e+04 5.005000000000000000e+04 1.763001224398612976e+01 7.710000000000000000e+02
1.200000000000000000e+01 -2.300000000000000000e+01 -1.100000000000000000e+01 5.171500000000000000e+04 5.019100000000000000e+04 5.532000000000000000e+04 5.051500000000000000e+04 1.763909672002773732e+01 7.710000000000000000e+02
-5.000000000000000000e+00 -1.700000000000000000e+01 -8.000000000000000000e+00 5.294300000000000000e+04 5.051100000000000000e+04 5.434600000000000000e+04 5.009400000000000000e+04 1.764943777397274971e+01 7.710000000000000000e+02
-2.000000000000000000e+00 -4.500000000000000000e+01 -3.000000000000000000e+00 5.236700000000000000e+04 5.087700000000000000e+04 5.484700000000000000e+04 4.968600000000000000e+04 1.765878397005144507e+01 7.710000000000000000e+02
-1.000000000000000000e+01 -5.300000000000000000e+01 1.000000000000000000e+00 5.248200000000000000e+04 5.074800000000000000e+04 5.481900000000000000e+04 4.978100000000000000e+04 1.767074137402232736e+01 7.700000000000000000e+02
-1.100000000000000000e+01 -4.400000000000000000e+01 1.000000000000000000e+00 5.270400000000000000e+04 5.043800000000000000e+04 5.457700000000000000e+04 5.012300000000000000e+04 1.768005065107718110e+01 7.700000000000000000e+02
0.000000000000000000e+00 -3.300000000000000000e+01 -7.000000000000000000e+00 5.253500000000000000e+04 5.122000000000000000e+04 5.468600000000000000e+04 4.928200000000000000e+04 1.768963347806129605e+01 7.700000000000000000e+02
-2.000000000000000000e+00 -4.700000000000000000e+01 4.000000000000000000e+00 5.253700000000000000e+04 5.078500000000000000e+04 5.480600000000000000e+04 4.993900000000000000e+04 1.769943106803111732e+01 7.700000000000000000e+02
-1.400000000000000000e+01 -2.200000000000000000e+01 3.000000000000000000e+00 5.246300000000000000e+04 5.043800000000000000e+04 5.489700000000000000e+04 5.023100000000000000e+04 1.770901792205404490e+01 7.700000000000000000e+02
2.000000000000000000e+00 5.000000000000000000e+00 -3.000000000000000000e+00 5.201400000000000000e+04 5.035200000000000000e+04 5.528800000000000000e+04 5.017600000000000000e+04 1.771960282698273659e+01 7.700000000000000000e+02
-7.000000000000000000e+00 -5.000000000000000000e+00 1.100000000000000000e+01 5.256800000000000000e+04 5.036100000000000000e+04 5.463600000000000000e+04 5.002800000000000000e+04 1.772903812106233090e+01 7.700000000000000000e+02
1.000000000000000000e+00 3.500000000000000000e+01 6.000000000000000000e+00 5.244000000000000000e+04 5.017600000000000000e+04 5.473000000000000000e+04 5.017900000000000000e+04 1.773967267700936645e+01 7.700000000000000000e+02
2.200000000000000000e+01 5.100000000000000000e+01 -1.000000000000000000e+01 5.282100000000000000e+04 4.994600000000000000e+04 5.437100000000000000e+04 5.040600000000000000e+04 1.774897757603321224e+01 7.700000000000000000e+02
4.400000000000000000e+01 9.300000000000000000e+01 -4.000000000000000000e+00 5.300600000000000000e+04 4.937900000000000000e+04 5.417100000000000000e+04 5.095100000000000000e+04 1.775915812898892909e+01 7.700000000000000000e+02
4.500000000000000000e+01 9.600000000000000000e+01 -1.600000000000000000e+01 5.261400000000000000e+04 5.075000000000000000e+04 5.449500000000000000e+04 4.968700000000000000e+04 1.776909337798133492e+01 7.690000000000000000e+02
4.300000000000000000e+01 6.600000000000000000e+01 -1.200000000000000000e+01 5.252500000000000000e+04 5.078200000000000000e+04 5.466800000000000000e+04 4.988300000000000000e+04 1.778010759502649307e+01 7.690000000000000000e+02
4.200000000000000000e+01 4.100000000000000000e+01 -2.000000000000000000e+01 5.271200000000000000e+04 5.053800000000000000e+04 5.445500000000000000e+04 5.016700000000000000e+04 1.778972830798011273e+01 7.690000000000000000e+02
3.000000000000000000e+01 3.400000000000000000e+01 -3.000000000000000000e+01 5.267100000000000000e+04 5.055800000000000000e+04 5.458300000000000000e+04 5.034600000000000000e+04 1.779916953900828958e+01 7.690000000000000000e+02
4.100000000000000000e+01 0.000000000000000000e+00 -1.100000000000000000e+01 5.253500000000000000e+04 5.050700000000000000e+04 5.468700000000000000e+04 5.035800000000000000e+04 1.781037283607292920e+01 7.690000000000000000e+02
2.100000000000000000e+01 -1.600000000000000000e+01 -9.000000000000000000e+00 5.225200000000000000e+04 5.050500000000000000e+04 5.493300000000000000e+04 5.014700000000000000e+04 1.782008560898248106e+01 7.680000000000000000e+02
-1.900000000000000000e+01 3.600000000000000000e+01 -9.000000000000000000e+00 5.190200000000000000e+04 4.995700000000000000e+04 5.517800000000000000e+04 5.069800000000000000e+04 1.782982859900221229e+01 7.680000000000000000e+02
-4.700000000000000000e+01 5.500000000000000000e+01 1.000000000000000000e+01 5.270000000000000000e+04 4.909200000000000000e+04 5.441100000000000000e+04 5.126500000000000000e+04 1.783931232907343656e+01 7.680000000000000000e+02
-6.500000000000000000e+01 1.200000000000000000e+02 -2.200000000000000000e+01 5.229900000000000000e+04 4.934200000000000000e+04 5.470500000000000000e+04 5.107300000000000000e+04 1.784889283706434071e+01 7.680000000000000000e+02
-5.900000000000000000e+01 8.500000000000000000e+01 -1.800000000000000000e+01 5.245400000000000000e+04 4.956500000000000000e+04 5.451600000000000000e+04 5.090800000000000000e+04 1.785949512408114970e+01 7.680000000000000000e+02
-3.000000000000000000e+01 6.900000000000000000e+01 -1.300000000000000000e+01 5.252700000000000000e+04 4.932600000000000000e+04 5.425800000000000000e+04 5.097300000000000000e+04 1.786902699607890099e+01 7.700000000000000000e+02
4.000000000000000000e+00 1.700000000000000000e+01 -2.300000000000000000e+01 5.240300000000000000e+04 5.104500000000000000e+04 5.445000000000000000e+04 4.936400000000000000e+04 1.788072506804019213e+01 7.700000000000000000e+02
9.000000000000000000e+00 -1.300000000000000000e+01 -2.400000000000000000e+01 5.161200000000000000e+04 4.987300000000000000e+04 5.503300000000000000e+04 5.049800000000000000e+04 1.788973332208115608e+01 7.700000000000000000e+02
2.900000000000000000e+01 -2.100000000000000000e+01 -1.800000000000000000e+01 5.199500000000000000e+04 5.012500000000000000e+04 5.465900000000000000e+04 5.022000000000000000e+04 1.790005346003454179e+01 7.700000000000000000e+02
5.300000000000000000e+01 -6.000000000000000000e+00 -2.000000000000000000e+01 5.206700000000000000e+04 5.008600000000000000e+04 5.459500000000000000e+04 5.026400000000000000e+04 1.790957437397446483e+01 7.700000000000000000e+02
4.100000000000000000e+01 -2.400000000000000000e+01 -7.000000000000000000e+00 5.205800000000000000e+04 4.970800000000000000e+04 5.450100000000000000e+04 5.033100000000000000e+04 1.792005490697920322e+01 7.720000000000000000e+02
3.300000000000000000e+01 4.300000000000000000e+01 -1.700000000000000000e+01 5.202200000000000000e+04 5.016200000000000000e+04 5.423600000000000000e+04 4.950300000000000000e+04 1.792957687505986542e+01 7.720000000000000000e+02
3.900000000000000000e+01 4.300000000000000000e+01 -9.000000000000000000e+00 5.248600000000000000e+04 4.956000000000000000e+04 5.380300000000000000e+04 5.013500000000000000e+04 1.793864154804032296e+01 7.720000000000000000e+02
1.800000000000000000e+01 4.600000000000000000e+01 -8.000000000000000000e+00 5.202400000000000000e+04 4.929600000000000000e+04 5.396600000000000000e+04 5.021400000000000000e+04 1.794924307800829411e+01 7.720000000000000000e+02
4.200000000000000000e+01 3.000000000000000000e+01 -2.200000000000000000e+01 5.240500000000000000e+04 4.949900000000000000e+04 5.358200000000000000e+04 4.993900000000000000e+04 1.796244769997429103e+01 7.720000000000000000e+02
7.000000000000000000e+01 -1.400000000000000000e+01 -1.900000000000000000e+01 5.251600000000000000e+04 4.926600000000000000e+04 5.342900000000000000e+04 5.012900000000000000e+04 1.797019565606024116e+01 7.720000000000000000e+02
1.200000000000000000e+02 2.900000000000000000e+01 -1.700000000000000000e+01 5.249300000000000000e+04 4.950000000000000000e+04 5.335400000000000000e+04 4.982300000000000000e+04 1.798112273204606026e+01 7.720000000000000000e+02
1.460000000000000000e+02 -1.100000000000000000e+01 -1.700000000000000000e+01 5.261800000000000000e+04 4.993900000000000000e+04 5.313600000000000000e+04 4.935500000000000000e+04 1.799003312003333122e+01 7.720000000000000000e+02
1.720000000000000000e+02 -1.900000000000000000e+01 -2.800000000000000000e+01 5.252400000000000000e+04 5.002800000000000000e+04 5.314100000000000000e+04 4.922300000000000000e+04 1.800034784199669957e+01 7.720000000000000000e+02
1.770000000000000000e+02 -1.900000000000000000e+01 -3.000000000000000000e+01 5.230000000000000000e+04 5.000600000000000000e+04 5.330400000000000000e+04 4.918700000000000000e+04 1.800898164103273302e+01 7.720000000000000000e+02
1.560000000000000000e+02 1.700000000000000000e+01 -3.700000000000000000e+01 5.205900000000000000e+04 5.001500000000000000e+04 5.340600000000000000e+04 4.919000000000000000e+04 1.802052512299269438e+01 4.700000000000000000e+01
1.070000000000000000e+02 2.500000000000000000e+01 -2.900000000000000000e+01 5.132900000000000000e+04 4.832300000000000000e+04 5.190300000000000000e+04 4.823200000000000000e+04 1.802948277001269162e+01 4.700000000000000000e+01
6.600000000000000000e+01 1.000000000000000000e+00 -1.100000000000000000e+01 5.096100000000000000e+04 4.794900000000000000e+04 5.169200000000000000e+04 4.809200000000000000e+04 1.803893670602701604e+01 4.700000000000000000e+01
1.400000000000000000e+01 3.500000000000000000e+01 -2.700000000000000000e+01 5.078600000000000000e+04 4.750100000000000000e+04 5.187100000000000000e+04 4.838500000000000000e+04 1.805017109005711973e+01 4.700000000000000000e+01
-4.500000000000000000e+01 -2.400000000000000000e+01 -3.000000000000000000e+01 5.003800000000000000e+04 4.750200000000000000e+04 5.231400000000000000e+04 4.825500000000000000e+04 1.805909284600056708e+01 4.700000000000000000e+01
-7.300000000000000000e+01 -8.200000000000000000e+01 -3.200000000000000000e+01 4.930400000000000000e+04 4.760300000000000000e+04 5.283000000000000000e+04 4.824200000000000000e+04 1.806887171103153378e+01 1.000000000000000000e+00
-9.300000000000000000e+01 -1.000000000000000000e+02 -3.100000000000000000e+01 5.124500000000000000e+04 4.952400000000000000e+04 5.408000000000000000e+04 5.017300000000000000e+04 1.807891411101445556e+01 1.000000000000000000e+00
-7.100000000000000000e+01 -9.200000000000000000e+01 -2.400000000000000000e+01 5.152200000000000000e+04 5.004500000000000000e+04 5.453000000000000000e+04 5.034800000000000000e+04 1.808999261399731040e+01 1.000000000000000000e+00
-3.400000000000000000e+01 -9.900000000000000000e+01 -2.000000000000000000e+01 5.173100000000000000e+04 4.968300000000000000e+04 5.483000000000000000e+04 5.098600000000000000e+04 1.810118566406890750e+01 1.000000000000000000e+00
3.000000000000000000e+00 -9.500000000000000000e+01 -7.000000000000000000e+00 5.189300000000000000e+04 5.006000000000000000e+04 5.477100000000000000e+04 5.069100000000000000e+04 1.810924589203204960e+01 1.000000000000000000e+00
5.700000000000000000e+01 -9.900000000000000000e+01 -2.100000000000000000e+01 5.234700000000000000e+04 5.052800000000000000e+04 5.461100000000000000e+04 5.040100000000000000e+04 1.811993607203476131e+01 1.500000000000000000e+01
1.010000000000000000e+02 -1.010000000000000000e+02 -8.000000000000000000e+00 5.293500000000000000e+04 5.131400000000000000e+04 5.457000000000000000e+04 5.026100000000000000e+04 1.812938419904094189e+01 1.500000000000000000e+01
1.160000000000000000e+02 -2.400000000000000000e+01 -1.200000000000000000e+01 5.318400000000000000e+04 5.114800000000000000e+04 5.462100000000000000e+04 5.055200000000000000e+04 1.813900756707880646e+01 1.500000000000000000e+01
1.120000000000000000e+02 -3.400000000000000000e+01 -7.000000000000000000e+00 5.323200000000000000e+04 5.068700000000000000e+04 5.453000000000000000e+04 5.113800000000000000e+04 1.814946904603857547e+01 1.500000000000000000e+01
1.080000000000000000e+02 -1.400000000000000000e+01 -2.000000000000000000e+00 5.349300000000000000e+04 5.037300000000000000e+04 5.437900000000000000e+04 5.137900000000000000e+04 1.815875084907747805e+01 1.500000000000000000e+01
9.100000000000000000e+01 -2.300000000000000000e+01 -1.700000000000000000e+01 5.389600000000000000e+04 5.066300000000000000e+04 5.397300000000000000e+04 5.117100000000000000e+04 1.816940628399606794e+01 1.700000000000000000e+01
4.400000000000000000e+01 -4.600000000000000000e+01 -1.100000000000000000e+01 4.912600000000000000e+04 5.108300000000000000e+04 5.755600000000000000e+04 5.092200000000000000e+04 1.818077019299380481e+01 1.700000000000000000e+01
-1.000000000000000000e+00 -5.500000000000000000e+01 -1.800000000000000000e+01 5.224900000000000000e+04 5.092800000000000000e+04 5.554000000000000000e+04 5.110700000000000000e+04 1.818896395305637270e+01 1.700000000000000000e+01
-2.000000000000000000e+01 -7.900000000000000000e+01 -1.100000000000000000e+01 5.236800000000000000e+04 5.062300000000000000e+04 5.541500000000000000e+04 5.139300000000000000e+04 1.820058067399077117e+01 1.700000000000000000e+01
-5.700000000000000000e+01 -6.400000000000000000e+01 -1.000000000000000000e+01 5.271300000000000000e+04 5.055400000000000000e+04 5.510000000000000000e+04 5.144700000000000000e+04 1.820972240797709674e+01 1.700000000000000000e+01
-7.000000000000000000e+01 -3.300000000000000000e+01 -6.000000000000000000e+00 5.265000000000000000e+04 5.081600000000000000e+04 5.520000000000000000e+04 5.101600000000000000e+04 1.821904260502196848e+01 1.900000000000000000e+01
-1.000000000000000000e+02 -1.500000000000000000e+01 1.500000000000000000e+01 5.218400000000000000e+04 5.039700000000000000e+04 5.532600000000000000e+04 5.102800000000000000e+04 1.823002508503850549e+01 1.900000000000000000e+01
-1.290000000000000000e+02 6.100000000000000000e+01 2.000000000000000000e+00 5.155600000000000000e+04 5.012600000000000000e+04 5.565600000000000000e+04 5.102900000000000000e+04 1.823966819106135517e+01 1.900000000000000000e+01
-1.150000000000000000e+02 1.220000000000000000e+02 3.000000000000000000e+00 5.201200000000000000e+04 5.005200000000000000e+04 5.511600000000000000e+04 5.086200000000000000e+04 1.825015823601279408e+01 1.900000000000000000e+01
-7.600000000000000000e+01 2.000000000000000000e+02 1.300000000000000000e+01 5.210500000000000000e+04 5.016700000000000000e+04 5.498200000000000000e+04 5.070000000000000000e+04 1.825919546606019139e+01 1.900000000000000000e+01
-2.800000000000000000e+01 2.670000000000000000e+02 6.000000000000000000e+00 5.248700000000000000e+04 4.984800000000000000e+04 5.451700000000000000e+04 5.104300000000000000e+04 1.826998317800462246e+01 2.200000000000000000e+01
-8.000000000000000000e+00 3.310000000000000000e+02 -1.000000000000000000e+00 5.261900000000000000e+04 4.955300000000000000e+04 5.391100000000000000e+04 5.065500000000000000e+04 1.828014990000519902e+01 2.200000000000000000e+01
1.900000000000000000e+01 3.170000000000000000e+02 -3.000000000000000000e+00 5.250000000000000000e+04 4.970700000000000000e+04 5.388900000000000000e+04 5.041300000000000000e+04 1.829050527501385659e+01 2.200000000000000000e+01
3.300000000000000000e+01 3.490000000000000000e+02 -1.500000000000000000e+01 5.196300000000000000e+04 4.947400000000000000e+04 5.425400000000000000e+04 5.056800000000000000e+04 1.829994690499734133e+01 2.200000000000000000e+01
9.100000000000000000e+01 3.460000000000000000e+02 -1.200000000000000000e+01 5.215800000000000000e+04 4.930100000000000000e+04 5.383100000000000000e+04 5.049700000000000000e+04 1.830909440002869815e+01 2.200000000000000000e+01
1.110000000000000000e+02 3.500000000000000000e+02 -2.500000000000000000e+01 5.215700000000000000e+04 4.969500000000000000e+04 5.364100000000000000e+04 5.011800000000000000e+04 1.831862929905764759e+01 2.500000000000000000e+01
1.490000000000000000e+02 3.480000000000000000e+02 -3.800000000000000000e+01 5.193400000000000000e+04 4.942900000000000000e+04 5.307900000000000000e+04 4.968500000000000000e+04 1.832980481407139450e+01 2.500000000000000000e+01
1.750000000000000000e+02 3.000000000000000000e+02 -3.500000000000000000e+01 5.202900000000000000e+04 4.957500000000000000e+04 5.266500000000000000e+04 4.928400000000000000e+04 1.833883872907608747e+01 2.500000000000000000e+01
1.930000000000000000e+02 2.550000000000000000e+02 -4.200000000000000000e+01 5.212200000000000000e+04 4.986300000000000000e+04 5.251600000000000000e+04 4.882800000000000000e+04 1.835027585097122937e+01 2.500000000000000000e+01
1.780000000000000000e+02 2.030000000000000000e+02 -1.500000000000000000e+01 5.156500000000000000e+04 5.086200000000000000e+04 5.289400000000000000e+04 4.742900000000000000e+04 1.835861603706143796e+01 2.500000000000000000e+01
1.410000000000000000e+02 2.410000000000000000e+02 -2.200000000000000000e+01 5.188600000000000000e+04 5.050000000000000000e+04 5.256700000000000000e+04 4.810300000000000000e+04 1.836895069200545549e+01 3.000000000000000000e+01
4.600000000000000000e+01 2.970000000000000000e+02 -5.100000000000000000e+01 5.154500000000000000e+04 4.939100000000000000e+04 5.236300000000000000e+04 4.860300000000000000e+04 1.837901294603943825e+01 3.000000000000000000e+01
-1.200000000000000000e+01 3.410000000000000000e+02 -2.100000000000000000e+01 5.148600000000000000e+04 4.940700000000000000e+04 5.219000000000000000e+04 4.836300000000000000e+04 1.838875395397190005e+01 3.000000000000000000e+01
-9.300000000000000000e+01 3.940000000000000000e+02 -2.800000000000000000e+01 5.084900000000000000e+04 4.720900000000000000e+04 5.266800000000000000e+04 5.043500000000000000e+04 1.840020966599695385e+01 3.000000000000000000e+01
-1.830000000000000000e+02 3.660000000000000000e+02 -4.300000000000000000e+01 5.061900000000000000e+04 4.758500000000000000e+04 5.277800000000000000e+04 5.011200000000000000e+04 1.840882280899677426e+01 3.000000000000000000e+01
-2.840000000000000000e+02 2.970000000000000000e+02 -4.700000000000000000e+01 5.008500000000000000e+04 4.861700000000000000e+04 5.318500000000000000e+04 4.916600000000000000e+04 1.841913286002818495e+01 3.500000000000000000e+01
-3.530000000000000000e+02 2.880000000000000000e+02 -4.700000000000000000e+01 4.957400000000000000e+04 4.721700000000000000e+04 5.297100000000000000e+04 4.976700000000000000e+04 1.842977246607188135e+01 3.500000000000000000e+01
-3.670000000000000000e+02 2.590000000000000000e+02 -5.400000000000000000e+01 4.908200000000000000e+04 4.685400000000000000e+04 5.310700000000000000e+04 4.999100000000000000e+04 1.843894976598676294e+01 3.500000000000000000e+01
-3.280000000000000000e+02 2.250000000000000000e+02 -5.200000000000000000e+01 4.953300000000000000e+04 4.724200000000000000e+04 5.268900000000000000e+04 4.962400000000000000e+04 1.844878914102446288e+01 3.500000000000000000e+01
-2.560000000000000000e+02 1.250000000000000000e+02 -5.700000000000000000e+01 4.902400000000000000e+04 4.796200000000000000e+04 5.306200000000000000e+04 4.890800000000000000e+04 1.845918913302011788e+01 3.500000000000000000e+01
-1.530000000000000000e+02 -1.400000000000000000e+01 -3.700000000000000000e+01 4.932000000000000000e+04 4.911200000000000000e+04 5.280900000000000000e+04 4.773900000000000000e+04 1.846854568808339536e+01 3.700000000000000000e+01
-5.600000000000000000e+01 -1.200000000000000000e+01 -3.700000000000000000e+01 5.005500000000000000e+04 4.908400000000000000e+04 5.211100000000000000e+04 4.753200000000000000e+04 1.847850196005310863e+01 3.700000000000000000e+01
9.000000000000000000e+00 -2.900000000000000000e+01 -2.300000000000000000e+01 5.130500000000000000e+04 4.867700000000000000e+04 5.113900000000000000e+04 4.802400000000000000e+04 1.848856576706748456e+01 3.700000000000000000e+01
5.700000000000000000e+01 -5.300000000000000000e+01 -3.700000000000000000e+01 5.083200000000000000e+04 4.992800000000000000e+04 5.151700000000000000e+04 4.671300000000000000e+04 1.849833232106175274e+01 3.700000000000000000e+01
8.900000000000000000e+01 -1.080000000000000000e+02 -5.600000000000000000e+01 5.002700000000000000e+04 4.947600000000000000e+04 5.196000000000000000e+04 4.718100000000000000e+04 1.850852852407842875e+01 3.700000000000000000e+01
1.480000000000000000e+02 -7.900000000000000000e+01 -5.500000000000000000e+01 5.102300000000000000e+04 4.986900000000000000e+04 5.088100000000000000e+04 4.691700000000000000e+04 1.851869904401246458e+01 4.200000000000000000e+01
1.750000000000000000e+02 -9.500000000000000000e+01 -5.900000000000000000e+01 5.106800000000000000e+04 4.998200000000000000e+04 5.054000000000000000e+04 4.655600000000000000e+04 1.852885669597890228e+01 4.200000000000000000e+01
1.500000000000000000e+02 -5.600000000000000000e+01 -8.200000000000000000e+01 5.100800000000000000e+04 4.995100000000000000e+04 5.044200000000000000e+04 4.684300000000000000e+04 1.853979979397263378e+01 4.200000000000000000e+01
4.100000000000000000e+01 -3.300000000000000000e+01 -8.200000000000000000e+01 5.010800000000000000e+04 4.822700000000000000e+04 5.109600000000000000e+04 4.868300000000000000e+04 1.854865846398752183e+01 4.200000000000000000e+01
-6.700000000000000000e+01 -2.500000000000000000e+01 -9.500000000000000000e+01 4.999300000000000000e+04 4.860600000000000000e+04 5.133800000000000000e+04 4.862600000000000000e+04 1.855902058701030910e+01 4.200000000000000000e+01
-1.630000000000000000e+02 -5.000000000000000000e+01 -8.100000000000000000e+01 5.011400000000000000e+04 4.937800000000000000e+04 5.130000000000000000e+04 4.798200000000000000e+04 1.856887589104007930e+01 4.300000000000000000e+01
-2.560000000000000000e+02 -9.400000000000000000e+01 -8.000000000000000000e+01 4.936100000000000000e+04 4.912800000000000000e+04 5.228600000000000000e+04 4.855200000000000000e+04 1.857923261600080878e+01 4.300000000000000000e+01
-2.930000000000000000e+02 -1.140000000000000000e+02 -8.300000000000000000e+01 4.919100000000000000e+04 4.913600000000000000e+04 5.246500000000000000e+04 4.872500000000000000e+04 1.858907647000160068e+01 4.300000000000000000e+01
-3.180000000000000000e+02 -7.100000000000000000e+01 -9.100000000000000000e+01 4.942800000000000000e+04 4.851300000000000000e+04 5.225500000000000000e+04 4.948700000000000000e+04 1.859860502206720412e+01 4.300000000000000000e+01
-3.440000000000000000e+02 -5.900000000000000000e+01 -7.800000000000000000e+01 4.932200000000000000e+04 4.834300000000000000e+04 5.233400000000000000e+04 4.983600000000000000e+04 1.860924201400484890e+01 4.300000000000000000e+01
-3.270000000000000000e+02 -4.900000000000000000e+01 -7.500000000000000000e+01 4.882100000000000000e+04 4.777200000000000000e+04 5.280800000000000000e+04 5.021600000000000000e+04 1.861894712003413588e+01 4.600000000000000000e+01
-2.430000000000000000e+02 -8.000000000000000000e+01 -7.500000000000000000e+01 4.863500000000000000e+04 4.741600000000000000e+04 5.289000000000000000e+04 5.079800000000000000e+04 1.862883504899218678e+01 4.600000000000000000e+01
-6.000000000000000000e+01 -8.300000000000000000e+01 -7.000000000000000000e+01 4.938600000000000000e+04 4.875000000000000000e+04 5.233800000000000000e+04 4.966300000000000000e+04 1.863965665700379759e+01 4.600000000000000000e+01
9.500000000000000000e+01 -8.400000000000000000e+01 -8.500000000000000000e+01 5.116700000000000000e+04 4.961000000000000000e+04 5.071600000000000000e+04 4.885200000000000000e+04 1.864874973206315190e+01 4.600000000000000000e+01
1.940000000000000000e+02 -9.900000000000000000e+01 -1.020000000000000000e+02 5.099700000000000000e+04 5.028500000000000000e+04 5.074100000000000000e+04 4.840900000000000000e+04 1.865851870900951326e+01 4.600000000000000000e+01
2.320000000000000000e+02 -1.190000000000000000e+02 -8.500000000000000000e+01 5.039100000000000000e+04 4.906200000000000000e+04 5.126800000000000000e+04 4.986100000000000000e+04 1.866827854106668383e+01 4.900000000000000000e+01
2.820000000000000000e+02 -9.700000000000000000e+01 -1.020000000000000000e+02 5.078600000000000000e+04 4.996700000000000000e+04 5.081500000000000000e+04 4.894600000000000000e+04 1.867839092598296702e+01 4.900000000000000000e+01
2.950000000000000000e+02 -8.600000000000000000e+01 -9.800000000000000000e+01 5.123600000000000000e+04 5.027700000000000000e+04 5.041100000000000000e+04 4.872800000000000000e+04 1.868864061706699431e+01 4.900000000000000000e+01
2.520000000000000000e+02 -1.760000000000000000e+02 -8.800000000000000000e+01 4.983300000000000000e+04 5.066500000000000000e+04 5.180500000000000000e+04 4.846200000000000000e+04 1.869940433197189122e+01 4.900000000000000000e+01
1.590000000000000000e+02 -1.900000000000000000e+02 -7.500000000000000000e+01 4.921100000000000000e+04 4.986800000000000000e+04 5.253100000000000000e+04 4.928500000000000000e+04 1.870871886797249317e+01 4.900000000000000000e+01
1.470000000000000000e+02 -2.040000000000000000e+02 -8.200000000000000000e+01 4.967500000000000000e+04 5.072200000000000000e+04 5.214300000000000000e+04 4.852400000000000000e+04 1.872268788504879922e+01 4.900000000000000000e+01
1.320000000000000000e+02 -2.410000000000000000e+02 -7.100000000000000000e+01 4.954900000000000000e+04 5.099800000000000000e+04 5.222600000000000000e+04 4.804200000000000000e+04 1.872896558197680861e+01 4.900000000000000000e+01
1.120000000000000000e+02 -2.760000000000000000e+02 -8.800000000000000000e+01 4.929800000000000000e+04 5.095400000000000000e+04 5.240200000000000000e+04 4.826100000000000000e+04 1.873842089797835797e+01 4.900000000000000000e+01
1.060000000000000000e+02 -2.470000000000000000e+02 -8.200000000000000000e+01 4.940600000000000000e+04 5.097400000000000000e+04 5.222800000000000000e+04 4.850500000000000000e+04 1.874877620907500386e+01 4.900000000000000000e+01
7.700000000000000000e+01 -2.550000000000000000e+02 -6.700000000000000000e+01 4.849500000000000000e+04 5.071900000000000000e+04 5.320300000000000000e+04 4.898200000000000000e+04 1.875849250599276274e+01 4.900000000000000000e+01
2.500000000000000000e+01 -1.780000000000000000e+02 -6.100000000000000000e+01 4.912800000000000000e+04 5.017200000000000000e+04 5.279700000000000000e+04 4.956700000000000000e+04 1.876843863306567073e+01 4.700000000000000000e+01
-2.700000000000000000e+01 -1.820000000000000000e+02 -4.000000000000000000e+01 4.852600000000000000e+04 5.014500000000000000e+04 5.347100000000000000e+04 4.968300000000000000e+04 1.877936669904738665e+01 4.700000000000000000e+01
-8.100000000000000000e+01 -8.600000000000000000e+01 -2.900000000000000000e+01 4.921700000000000000e+04 4.923300000000000000e+04 5.327500000000000000e+04 5.062300000000000000e+04 1.878860346705187112e+01 4.700000000000000000e+01
-6.400000000000000000e+01 -7.500000000000000000e+01 -1.700000000000000000e+01 4.830800000000000000e+04 4.867100000000000000e+04 5.404700000000000000e+04 5.123200000000000000e+04 1.879822807200253010e+01 4.700000000000000000e+01
8.000000000000000000e+00 -5.700000000000000000e+01 -2.100000000000000000e+01 4.881700000000000000e+04 4.888600000000000000e+04 5.370100000000000000e+04 5.113800000000000000e+04 1.880896417307667434e+01 4.700000000000000000e+01
1.530000000000000000e+02 -1.150000000000000000e+02 -2.100000000000000000e+01 4.970300000000000000e+04 5.110400000000000000e+04 5.328700000000000000e+04 4.921700000000000000e+04 1.881967069499660283e+01 4.400000000000000000e+01
3.020000000000000000e+02 -7.000000000000000000e+01 -3.100000000000000000e+01 5.047100000000000000e+04 5.170500000000000000e+04 5.261200000000000000e+04 4.869500000000000000e+04 1.882903595105744898e+01 4.400000000000000000e+01
4.040000000000000000e+02 -7.700000000000000000e+01 -3.300000000000000000e+01 5.070000000000000000e+04 5.218700000000000000e+04 5.238500000000000000e+04 4.821600000000000000e+04 1.883837372297421098e+01 4.400000000000000000e+01
4.250000000000000000e+02 -4.300000000000000000e+01 -4.100000000000000000e+01 5.098000000000000000e+04 5.156600000000000000e+04 5.209400000000000000e+04 4.905600000000000000e+04 1.884869710006751120e+01 4.400000000000000000e+01
3.770000000000000000e+02 -2.000000000000000000e+01 -5.900000000000000000e+01 5.114200000000000000e+04 5.145500000000000000e+04 5.188800000000000000e+04 4.930400000000000000e+04 1.885822207108139992e+01 4.400000000000000000e+01
3.290000000000000000e+02 3.500000000000000000e+01 -5.300000000000000000e+01 5.123700000000000000e+04 5.123900000000000000e+04 5.179100000000000000e+04 4.990500000000000000e+04 1.886933621205389500e+01 3.800000000000000000e+01
2.690000000000000000e+02 2.000000000000000000e+01 -6.700000000000000000e+01 5.078200000000000000e+04 5.222000000000000000e+04 5.273400000000000000e+04 4.944700000000000000e+04 1.887876616301946342e+01 3.800000000000000000e+01
2.120000000000000000e+02 2.600000000000000000e+01 -5.500000000000000000e+01 5.094600000000000000e+04 5.187800000000000000e+04 5.258300000000000000e+04 4.994200000000000000e+04 1.888856719899922609e+01 3.800000000000000000e+01
1.200000000000000000e+02 5.600000000000000000e+01 -6.100000000000000000e+01 5.098500000000000000e+04 5.155100000000000000e+04 5.271600000000000000e+04 5.047900000000000000e+04 1.890097802004311234e+01 3.800000000000000000e+01
5.200000000000000000e+01 6.200000000000000000e+01 -3.900000000000000000e+01 5.041000000000000000e+04 5.114100000000000000e+04 5.325200000000000000e+04 5.092300000000000000e+04 1.890821641101501882e+01 3.800000000000000000e+01
-4.400000000000000000e+01 9.600000000000000000e+01 -3.400000000000000000e+01 5.102100000000000000e+04 5.014600000000000000e+04 5.311100000000000000e+04 5.213700000000000000e+04 1.891862044204026461e+01 3.600000000000000000e+01
-1.380000000000000000e+02 9.300000000000000000e+01 -3.300000000000000000e+01 5.041400000000000000e+04 5.022500000000000000e+04 5.374500000000000000e+04 5.197000000000000000e+04 1.892994715797249228e+01 3.600000000000000000e+01
-1.770000000000000000e+02 6.700000000000000000e+01 -1.900000000000000000e+01 5.013100000000000000e+04 5.038900000000000000e+04 5.397900000000000000e+04 5.179700000000000000e+04 1.893869590898975730e+01 3.600000000000000000e+01
-2.130000000000000000e+02 2.400000000000000000e+01 -3.100000000000000000e+01 4.938400000000000000e+04 5.025600000000000000e+04 5.446700000000000000e+04 5.196100000000000000e+04 1.894911922002211213e+01 3.600000000000000000e+01
-2.050000000000000000e+02 -3.900000000000000000e+01 -4.000000000000000000e+00 4.972700000000000000e+04 5.067400000000000000e+04 5.425400000000000000e+04 5.146400000000000000e+04 1.895854368701111525e+01 3.600000000000000000e+01
-1.660000000000000000e+02 -6.400000000000000000e+01 -1.100000000000000000e+01 4.931900000000000000e+04 5.076600000000000000e+04 5.457200000000000000e+04 5.129500000000000000e+04 1.896855218801647425e+01 3.500000000000000000e+01
-1.050000000000000000e+02 -1.740000000000000000e+02 5.000000000000000000e+00 4.911300000000000000e+04 5.189400000000000000e+04 5.479500000000000000e+04 4.993800000000000000e+04 1.897844291606452316e+01 3.500000000000000000e+01
-6.800000000000000000e+01 -1.820000000000000000e+02 1.000000000000000000e+00 4.910200000000000000e+04 5.152500000000000000e+04 5.472700000000000000e+04 5.035200000000000000e+04 1.898883887100964785e+01 3.500000000000000000e+01
-4.500000000000000000e+01 -1.860000000000000000e+02 2.000000000000000000e+00 4.866300000000000000e+04 5.155700000000000000e+04 5.493600000000000000e+04 5.034500000000000000e+04 1.899875751801300794e+01 3.500000000000000000e+01
-3.700000000000000000e+01 -1.810000000000000000e+02 -6.000000000000000000e+00 4.923700000000000000e+04 5.178500000000000000e+04 5.453000000000000000e+04 4.994000000000000000e+04 1.900948498002253473e+01 3.200000000000000000e+01
8.000000000000000000e+00 -1.440000000000000000e+02 4.000000000000000000e+00 4.828200000000000000e+04 5.095400000000000000e+04 5.514200000000000000e+04 5.104400000000000000e+04 1.901943414506968111e+01 3.200000000000000000e+01
1.090000000000000000e+02 -6.000000000000000000e+00 -7.000000000000000000e+00 4.975000000000000000e+04 5.050300000000000000e+04 5.398100000000000000e+04 5.117800000000000000e+04 1.902958454703912139e+01 3.200000000000000000e+01
1.880000000000000000e+02 1.290000000000000000e+02 -3.000000000000000000e+00 5.133500000000000000e+04 5.049700000000000000e+04 5.251800000000000000e+04 5.118500000000000000e+04 1.903804032399784774e+01 3.200000000000000000e+01
2.020000000000000000e+02 2.060000000000000000e+02 -1.400000000000000000e+01 5.118900000000000000e+04 5.015800000000000000e+04 5.264700000000000000e+04 5.142900000000000000e+04 1.904845949797891080e+01 3.200000000000000000e+01
2.320000000000000000e+02 2.210000000000000000e+02 -2.700000000000000000e+01 5.204000000000000000e+04 5.092800000000000000e+04 5.159100000000000000e+04 5.076800000000000000e+04 1.905905643303412944e+01 3.200000000000000000e+01
2.490000000000000000e+02 1.790000000000000000e+02 -5.900000000000000000e+01 5.150700000000000000e+04 5.167600000000000000e+04 5.178600000000000000e+04 5.017000000000000000e+04 1.906902375805657357e+01 2.600000000000000000e+01
2.310000000000000000e+02 1.470000000000000000e+02 -6.100000000000000000e+01 5.178000000000000000e+04 5.172000000000000000e+04 5.178800000000000000e+04 5.072800000000000000e+04 1.907955767901148647e+01 2.600000000000000000e+01
1.420000000000000000e+02 1.030000000000000000e+02 -6.300000000000000000e+01 5.092500000000000000e+04 5.150900000000000000e+04 5.265200000000000000e+04 5.106500000000000000e+04 1.908952450100332499e+01 2.600000000000000000e+01
5.500000000000000000e+01 1.020000000000000000e+02 -5.300000000000000000e+01 5.059100000000000000e+04 5.092400000000000000e+04 5.291800000000000000e+04 5.154200000000000000e+04 1.909902431501541287e+01 2.600000000000000000e+01
-3.400000000000000000e+01 8.500000000000000000e+01 -4.200000000000000000e+01 4.997200000000000000e+04 5.062400000000000000e+04 5.341800000000000000e+04 5.171600000000000000e+04 1.910825414606370032e+01 2.600000000000000000e+01
-1.620000000000000000e+02 1.300000000000000000e+01 -3.000000000000000000e+01 4.964800000000000000e+04 5.091200000000000000e+04 5.359900000000000000e+04 5.122000000000000000e+04 1.911893816699739546e+01 2.700000000000000000e+01
-2.560000000000000000e+02 -1.500000000000000000e+01 -2.000000000000000000e+01 4.846200000000000000e+04 4.971800000000000000e+04 5.441800000000000000e+04 5.225300000000000000e+04 1.912839415401685983e+01 2.700000000000000000e+01
-2.670000000000000000e+02 -1.900000000000000000e+01 -2.100000000000000000e+01 4.844600000000000000e+04 5.026800000000000000e+04 5.441200000000000000e+04 5.165700000000000000e+04 1.913935809105169028e+01 2.700000000000000000e+01
-2.530000000000000000e+02 -7.200000000000000000e+01 -4.000000000000000000e+00 4.801900000000000000e+04 5.024700000000000000e+04 5.463600000000000000e+04 5.129100000000000000e+04 1.914842874603345990e+01 2.700000000000000000e+01
-1.560000000000000000e+02 -1.100000000000000000e+02 -1.100000000000000000e+01 4.888000000000000000e+04 5.097300000000000000e+04 5.410700000000000000e+04 5.066500000000000000e+04 1.915797790302895010e+01 2.700000000000000000e+01
-5.300000000000000000e+01 -8.300000000000000000e+01 1.000000000000000000e+00 4.874900000000000000e+04 5.088500000000000000e+04 5.399300000000000000e+04 5.052800000000000000e+04 1.916877081303391606e+01 2.900000000000000000e+01
8.400000000000000000e+01 -3.600000000000000000e+01 -2.000000000000000000e+00 4.964000000000000000e+04 5.146800000000000000e+04 5.320800000000000000e+04 4.968600000000000000e+04 1.917937588202767074e+01 2.900000000000000000e+01
1.880000000000000000e+02 -2.000000000000000000e+00 1.000000000000000000e+00 5.107200000000000000e+04 5.205500000000000000e+04 5.188500000000000000e+04 4.890300000000000000e+04 1.918824068200774491e+01 2.900000000000000000e+01
2.450000000000000000e+02 2.800000000000000000e+01 6.000000000000000000e+00 5.168400000000000000e+04 5.213900000000000000e+04 5.119800000000000000e+04 4.868100000000000000e+04 1.919842441100627184e+01 2.900000000000000000e+01
2.340000000000000000e+02 5.900000000000000000e+01 -1.900000000000000000e+01 5.094900000000000000e+04 5.237900000000000000e+04 5.166000000000000000e+04 4.850300000000000000e+04 1.920820393203757703e+01 2.900000000000000000e+01
1.300000000000000000e+02 1.290000000000000000e+02 -5.400000000000000000e+01 5.087100000000000000e+04 5.087500000000000000e+04 5.095200000000000000e+04 4.980400000000000000e+04 1.921875454008113593e+01 3.000000000000000000e+01
4.000000000000000000e+00 1.300000000000000000e+02 -4.800000000000000000e+01 4.943800000000000000e+04 5.065400000000000000e+04 5.214200000000000000e+04 5.003900000000000000e+04 1.922977309802081436e+01 3.000000000000000000e+01
-1.140000000000000000e+02 1.230000000000000000e+02 -4.900000000000000000e+01 4.924700000000000000e+04 5.000200000000000000e+04 5.203100000000000000e+04 5.057400000000000000e+04 1.923829115298576653e+01 3.000000000000000000e+01
-1.860000000000000000e+02 1.550000000000000000e+02 -5.000000000000000000e+01 4.949500000000000000e+04 4.957900000000000000e+04 5.182100000000000000e+04 5.089300000000000000e+04 1.924842722003813833e+01 3.000000000000000000e+01
-2.240000000000000000e+02 1.870000000000000000e+02 -3.100000000000000000e+01 4.922000000000000000e+04 4.863900000000000000e+04 5.198100000000000000e+04 5.173800000000000000e+04 1.925838312506675720e+01 3.000000000000000000e+01
-2.630000000000000000e+02 2.170000000000000000e+02 -3.000000000000000000e+01 5.010200000000000000e+04 4.907800000000000000e+04 5.131600000000000000e+04 5.118800000000000000e+04 1.926875901408493519e+01 3.400000000000000000e+01
-2.830000000000000000e+02 1.920000000000000000e+02 -3.900000000000000000e+01 4.934400000000000000e+04 4.861300000000000000e+04 5.150200000000000000e+04 5.119300000000000000e+04 1.928015032503753901e+01 3.400000000000000000e+01
-3.080000000000000000e+02 1.600000000000000000e+02 -3.800000000000000000e+01 4.902500000000000000e+04 4.836200000000000000e+04 5.164600000000000000e+04 5.146800000000000000e+04 1.928898676601238549e+01 3.400000000000000000e+01
-2.690000000000000000e+02 1.130000000000000000e+02 -2.100000000000000000e+01 4.934900000000000000e+04 4.874200000000000000e+04 5.136300000000000000e+04 5.104300000000000000e+04 1.929858419299125671e+01 3.400000000000000000e+01
-2.350000000000000000e+02 -7.000000000000000000e+00 2.400000000000000000e+01 4.946500000000000000e+04 5.021700000000000000e+04 5.145300000000000000e+04 4.936400000000000000e+04 1.930867992306593806e+01 3.400000000000000000e+01
-2.190000000000000000e+02 -6.900000000000000000e+01 4.300000000000000000e+01 4.864500000000000000e+04 4.978000000000000000e+04 5.207100000000000000e+04 4.919800000000000000e+04 1.931985890597570688e+01 3.400000000000000000e+01
-1.890000000000000000e+02 -1.940000000000000000e+02 6.900000000000000000e+01 4.798900000000000000e+04 5.029600000000000000e+04 5.281800000000000000e+04 4.826400000000000000e+04 1.933151782501954585e+01 3.400000000000000000e+01
-1.230000000000000000e+02 -2.400000000000000000e+02 8.100000000000000000e+01 4.860600000000000000e+04 5.112200000000000000e+04 5.248900000000000000e+04 4.704500000000000000e+04 1.938218707102350891e+01 3.400000000000000000e+01
-1.120000000000000000e+02 -2.300000000000000000e+02 8.600000000000000000e+01 4.829600000000000000e+04 5.033100000000000000e+04 5.286100000000000000e+04 4.779900000000000000e+04 1.939755628199782223e+01 3.400000000000000000e+01
-8.500000000000000000e+01 -1.270000000000000000e+02 7.800000000000000000e+01 4.877000000000000000e+04 4.989000000000000000e+04 5.237500000000000000e+04 4.812600000000000000e+04 1.940403512597549707e+01 3.400000000000000000e+01
-2.700000000000000000e+01 -1.400000000000000000e+01 9.600000000000000000e+01 4.952700000000000000e+04 4.925100000000000000e+04 5.182100000000000000e+04 4.869600000000000000e+04 1.940564767899923027e+01 3.800000000000000000e+01
3.500000000000000000e+01 1.170000000000000000e+02 1.190000000000000000e+02 5.129000000000000000e+04 4.813400000000000000e+04 5.152700000000000000e+04 4.783700000000000000e+04 1.940840448800008744e+01 3.800000000000000000e+01
8.500000000000000000e+01 2.850000000000000000e+02 1.400000000000000000e+02 5.290600000000000000e+04 4.645300000000000000e+04 5.032900000000000000e+04 4.878500000000000000e+04 1.941073760401923209e+01 3.800000000000000000e+01
1.390000000000000000e+02 3.240000000000000000e+02 1.420000000000000000e+02 5.381200000000000000e+04 4.643200000000000000e+04 4.972300000000000000e+04 4.828900000000000000e+04 1.941335055103991181e+01 3.800000000000000000e+01
1.590000000000000000e+02 3.610000000000000000e+02 1.400000000000000000e+02 5.263000000000000000e+04 4.813300000000000000e+04 4.912900000000000000e+04 4.888400000000000000e+04 1.941519329405855387e+01 3.800000000000000000e+01
1.230000000000000000e+02 2.840000000000000000e+02 1.350000000000000000e+02 5.395700000000000000e+04 4.638400000000000000e+04 4.988000000000000000e+04 4.829800000000000000e+04 1.942136335698887706e+01 3.500000000000000000e+01
1.800000000000000000e+01 2.240000000000000000e+02 1.390000000000000000e+02 5.338700000000000000e+04 4.698200000000000000e+04 5.079900000000000000e+04 4.758800000000000000e+04 1.942875930899754167e+01 3.500000000000000000e+01
-8.200000000000000000e+01 1.110000000000000000e+02 1.290000000000000000e+02 5.072700000000000000e+04 4.781300000000000000e+04 5.167500000000000000e+04 4.948000000000000000e+04 1.944169058802071959e+01 3.500000000000000000e+01
-1.420000000000000000e+02 3.000000000000000000e+00 1.200000000000000000e+02 5.118800000000000000e+04 4.608800000000000000e+04 5.301600000000000000e+04 4.882500000000000000e+04 1.944906375603750348e+01 3.500000000000000000e+01
-1.680000000000000000e+02 -1.870000000000000000e+02 1.100000000000000000e+02 4.997800000000000000e+04 4.785800000000000000e+04 5.416800000000000000e+04 4.743700000000000000e+04 1.945835556904785335e+01 3.500000000000000000e+01
-1.710000000000000000e+02 -3.670000000000000000e+02 1.330000000000000000e+02 4.886100000000000000e+04 5.017400000000000000e+04 5.380400000000000000e+04 4.720000000000000000e+04 1.946946333907544613e+01 4.000000000000000000e+01
-1.560000000000000000e+02 -4.320000000000000000e+02 1.180000000000000000e+02 4.829800000000000000e+04 4.867000000000000000e+04 5.552400000000000000e+04 4.627400000000000000e+04 1.947833740396890789e+01 4.000000000000000000e+01
-1.110000000000000000e+02 -4.690000000000000000e+02 1.210000000000000000e+02 4.882600000000000000e+04 4.964300000000000000e+04 5.521700000000000000e+04 4.529400000000000000e+04 1.948816310497932136e+01 4.000000000000000000e+01
-5.400000000000000000e+01 -4.510000000000000000e+02 1.060000000000000000e+02 4.860100000000000000e+04 5.071800000000000000e+04 5.545900000000000000e+04 4.392400000000000000e+04 1.949790103000123054e+01 4.000000000000000000e+01
6.000000000000000000e+00 -3.510000000000000000e+02 1.070000000000000000e+02 4.947300000000000000e+04 5.035100000000000000e+04 5.487300000000000000e+04 4.459500000000000000e+04 1.950840223906561732e+01 4.000000000000000000e+01
-2.000000000000000000e+00 -1.760000000000000000e+02 1.340000000000000000e+02 5.042600000000000000e+04 4.980700000000000000e+04 5.429500000000000000e+04 4.541600000000000000e+04 1.951928242703434080e+01 3.800000000000000000e+01
3.200000000000000000e+01 1.020000000000000000e+02 1.460000000000000000e+02 5.147400000000000000e+04 4.832300000000000000e+04 5.213300000000000000e+04 4.893100000000000000e+04 1.952955503005068749e+01 3.800000000000000000e+01
5.000000000000000000e+01 3.120000000000000000e+02 1.490000000000000000e+02 5.384700000000000000e+04 4.614000000000000000e+04 5.184600000000000000e+04 4.855800000000000000e+04 1.953831507707946002e+01 3.800000000000000000e+01
1.160000000000000000e+02 4.640000000000000000e+02 1.340000000000000000e+02 5.495500000000000000e+04 4.511400000000000000e+04 5.066400000000000000e+04 4.944600000000000000e+04 1.954896331799682230e+01 3.800000000000000000e+01
1.230000000000000000e+02 4.750000000000000000e+02 1.450000000000000000e+02 5.553700000000000000e+04 4.503200000000000000e+04 5.004400000000000000e+04 4.950400000000000000e+04 1.955797570897266269e+01 3.800000000000000000e+01
6.800000000000000000e+01 3.500000000000000000e+02 1.280000000000000000e+02 5.265400000000000000e+04 4.755800000000000000e+04 5.172400000000000000e+04 4.993400000000000000e+04 1.956957111402880400e+01 4.000000000000000000e+01
-1.700000000000000000e+01 1.790000000000000000e+02 1.020000000000000000e+02 5.308200000000000000e+04 4.675500000000000000e+04 5.295600000000000000e+04 4.848300000000000000e+04 1.957840533298440278e+01 4.000000000000000000e+01
-1.220000000000000000e+02 -1.400000000000000000e+01 7.800000000000000000e+01 5.076800000000000000e+04 4.731100000000000000e+04 5.461600000000000000e+04 4.884300000000000000e+04 1.958845808298792690e+01 4.000000000000000000e+01
-2.140000000000000000e+02 -2.050000000000000000e+02 6.800000000000000000e+01 4.905900000000000000e+04 4.898700000000000000e+04 5.480500000000000000e+04 4.924500000000000000e+04 1.959786062105558813e+01 4.000000000000000000e+01
-2.290000000000000000e+02 -3.130000000000000000e+02 5.500000000000000000e+01 4.867500000000000000e+04 4.945300000000000000e+04 5.594600000000000000e+04 4.788600000000000000e+04 1.960807959502562881e+01 4.000000000000000000e+01
-2.200000000000000000e+02 -4.030000000000000000e+02 5.800000000000000000e+01 4.761400000000000000e+04 4.931800000000000000e+04 5.586700000000000000e+04 4.668900000000000000e+04 1.961880414106417447e+01 5.400000000000000000e+01
-2.030000000000000000e+02 -4.060000000000000000e+02 5.000000000000000000e+01 4.709700000000000000e+04 4.971800000000000000e+04 5.604700000000000000e+04 4.661900000000000000e+04 1.962879826803691685e+01 5.400000000000000000e+01
-2.100000000000000000e+02 -4.110000000000000000e+02 5.400000000000000000e+01 4.680100000000000000e+04 4.927600000000000000e+04 5.620400000000000000e+04 4.721500000000000000e+04 1.963781407405622303e+01 5.400000000000000000e+01
-2.100000000000000000e+02 -3.330000000000000000e+02 4.700000000000000000e+01 4.713300000000000000e+04 4.738500000000000000e+04 5.610400000000000000e+04 4.950500000000000000e+04 1.964897482201922685e+01 5.400000000000000000e+01
-1.320000000000000000e+02 -3.050000000000000000e+02 3.500000000000000000e+01 4.752900000000000000e+04 4.805100000000000000e+04 5.596400000000000000e+04 4.920600000000000000e+04 1.965828904707450420e+01 5.400000000000000000e+01
-1.100000000000000000e+01 -3.140000000000000000e+02 2.100000000000000000e+01 4.779300000000000000e+04 4.860700000000000000e+04 5.510200000000000000e+04 4.790800000000000000e+04 1.966826477705035359e+01 9.990000000000000000e+02
1.460000000000000000e+02 -3.050000000000000000e+02 -3.900000000000000000e+01 4.834400000000000000e+04 5.045800000000000000e+04 5.439600000000000000e+04 4.722100000000000000e+04 1.967841110506560653e+01 9.990000000000000000e+02
2.510000000000000000e+02 -3.370000000000000000e+02 -8.700000000000000000e+01 4.771700000000000000e+04 5.210200000000000000e+04 5.387600000000000000e+04 4.667800000000000000e+04 1.968850723397918046e+01 9.990000000000000000e+02
3.740000000000000000e+02 -3.650000000000000000e+02 -1.120000000000000000e+02 4.899300000000000000e+04 5.250900000000000000e+04 5.337300000000000000e+04 4.630500000000000000e+04 1.969958972302265465e+01 9.990000000000000000e+02
4.310000000000000000e+02 -3.610000000000000000e+02 -1.340000000000000000e+02 4.936800000000000000e+04 5.458100000000000000e+04 5.315200000000000000e+04 4.749900000000000000e+04 1.970881470106542110e+01 7.790000000000000000e+02
4.840000000000000000e+02 -3.230000000000000000e+02 -1.650000000000000000e+02 4.983600000000000000e+04 5.504800000000000000e+04 5.238700000000000000e+04 4.821200000000000000e+04 1.971895202505402267e+01 7.790000000000000000e+02
5.210000000000000000e+02 -2.850000000000000000e+02 -1.620000000000000000e+02 5.030400000000000000e+04 5.575200000000000000e+04 5.149900000000000000e+04 4.818100000000000000e+04 1.972875830507837236e+01 7.790000000000000000e+02
5.250000000000000000e+02 -1.890000000000000000e+02 -1.800000000000000000e+02 5.092800000000000000e+04 5.580100000000000000e+04 5.099300000000000000e+04 4.928900000000000000e+04 1.973831489705480635e+01 7.790000000000000000e+02
4.800000000000000000e+02 -1.400000000000000000e+02 -1.700000000000000000e+02 5.227100000000000000e+04 5.377100000000000000e+04 5.251100000000000000e+04 4.940200000000000000e+04 1.974901910102926195e+01 7.790000000000000000e+02
4.390000000000000000e+02 -8.800000000000000000e+01 -1.310000000000000000e+02 5.178000000000000000e+04 5.528000000000000000e+04 5.086600000000000000e+04 5.051400000000000000e+04 1.975877960305660963e+01 7.790000000000000000e+02
2.940000000000000000e+02 -8.100000000000000000e+01 -1.070000000000000000e+02 5.185600000000000000e+04 5.498800000000000000e+04 5.277500000000000000e+04 5.174100000000000000e+04 1.976975103805307299e+01 7.730000000000000000e+02
1.400000000000000000e+02 -6.700000000000000000e+01 -7.500000000000000000e+01 5.202300000000000000e+04 5.397000000000000000e+04 5.368400000000000000e+04 5.289600000000000000e+04 1.978283999906852841e+01 7.730000000000000000e+02
2.500000000000000000e+01 -5.800000000000000000e+01 -4.500000000000000000e+01 5.211300000000000000e+04 5.351200000000000000e+04 5.431000000000000000e+04 5.300200000000000000e+04 1.978868743299972266e+01 7.730000000000000000e+02
-1.460000000000000000e+02 -6.700000000000000000e+01 -4.500000000000000000e+01 5.122700000000000000e+04 5.245500000000000000e+04 5.567800000000000000e+04 5.393000000000000000e+04 1.979911550704855472e+01 7.730000000000000000e+02
-2.180000000000000000e+02 -2.130000000000000000e+02 -2.400000000000000000e+01 5.117700000000000000e+04 5.332000000000000000e+04 5.711300000000000000e+04 5.295700000000000000e+04 1.980901853600516915e+01 7.670000000000000000e+02
-2.170000000000000000e+02 -3.110000000000000000e+02 -1.000000000000000000e+00 5.066000000000000000e+04 5.361600000000000000e+04 5.750000000000000000e+04 5.236500000000000000e+04 1.981950407603289932e+01 7.670000000000000000e+02
-1.490000000000000000e+02 -4.000000000000000000e+02 2.100000000000000000e+01 5.016600000000000000e+04 5.468200000000000000e+04 5.800100000000000000e+04 5.131700000000000000e+04 1.982890700502321124e+01 7.670000000000000000e+02
-5.600000000000000000e+01 -4.700000000000000000e+02 5.600000000000000000e+01 5.077800000000000000e+04 5.520500000000000000e+04 5.801500000000000000e+04 5.015300000000000000e+04 1.983875166403595358e+01 7.670000000000000000e+02
8.900000000000000000e+01 -4.530000000000000000e+02 6.500000000000000000e+01 5.159300000000000000e+04 5.568000000000000000e+04 5.797200000000000000e+04 4.872500000000000000e+04 1.984875339898280799e+01 7.670000000000000000e+02
1.790000000000000000e+02 -3.470000000000000000e+02 6.900000000000000000e+01 5.342300000000000000e+04 5.547300000000000000e+04 5.700100000000000000e+04 4.864000000000000000e+04 1.985840984107926488e+01 7.670000000000000000e+02
2.440000000000000000e+02 -1.610000000000000000e+02 8.400000000000000000e+01 5.492800000000000000e+04 5.493700000000000000e+04 5.618900000000000000e+04 4.904600000000000000e+04 1.987026016402523965e+01 7.620000000000000000e+02
2.030000000000000000e+02 6.400000000000000000e+01 8.600000000000000000e+01 5.582500000000000000e+04 5.355400000000000000e+04 5.555600000000000000e+04 5.038300000000000000e+04 1.988146930304355919e+01 7.620000000000000000e+02
1.780000000000000000e+02 1.900000000000000000e+02 6.800000000000000000e+01 5.653000000000000000e+04 5.224400000000000000e+04 5.484600000000000000e+04 5.158900000000000000e+04 1.988882535300217569e+01 7.620000000000000000e+02
1.300000000000000000e+02 2.270000000000000000e+02 1.000000000000000000e+02 5.669600000000000000e+04 5.182600000000000000e+04 5.448100000000000000e+04 5.199000000000000000e+04 1.990027381200343370e+01 7.620000000000000000e+02
8.500000000000000000e+01 1.930000000000000000e+02 1.230000000000000000e+02 5.655500000000000000e+04 5.148500000000000000e+04 5.515000000000000000e+04 5.194000000000000000e+04 1.990939867100678384e+01 7.540000000000000000e+02
3.100000000000000000e+01 1.700000000000000000e+02 1.480000000000000000e+02 5.621200000000000000e+04 5.113300000000000000e+04 5.575600000000000000e+04 5.132300000000000000e+04 1.991972650797106326e+01 7.540000000000000000e+02
-5.600000000000000000e+01 2.900000000000000000e+01 1.760000000000000000e+02 5.533300000000000000e+04 5.097400000000000000e+04 5.698000000000000000e+04 5.059700000000000000e+04 1.992943977902177721e+01 7.540000000000000000e+02
-1.290000000000000000e+02 -8.900000000000000000e+01 2.130000000000000000e+02 5.366100000000000000e+04 5.230500000000000000e+04 5.680000000000000000e+04 5.085700000000000000e+04 1.993952563300263137e+01 7.540000000000000000e+02
-1.640000000000000000e+02 -1.430000000000000000e+02 2.440000000000000000e+02 5.450800000000000000e+04 5.024100000000000000e+04 5.826600000000000000e+04 4.895000000000000000e+04 1.994797516497783363e+01 7.540000000000000000e+02
-1.830000000000000000e+02 -2.590000000000000000e+02 2.570000000000000000e+02 5.447000000000000000e+04 5.038600000000000000e+04 5.865400000000000000e+04 4.700000000000000000e+04 1.995808404206763953e+01 7.540000000000000000e+02
-1.810000000000000000e+02 -3.520000000000000000e+02 2.940000000000000000e+02 5.373000000000000000e+04 5.072500000000000000e+04 5.904900000000000000e+04 4.606300000000000000e+04 1.996903677005320787e+01 7.500000000000000000e+02
-1.320000000000000000e+02 -3.770000000000000000e+02 3.110000000000000000e+02 5.419100000000000000e+04 5.053600000000000000e+04 5.920500000000000000e+04 4.428100000000000000e+04 1.997796123707666993e+01 7.500000000000000000e+02
-6.500000000000000000e+01 -3.650000000000000000e+02 3.280000000000000000e+02 5.338400000000000000e+04 5.277100000000000000e+04 5.719600000000000000e+04 4.699800000000000000e+04 1.998939610598608851e+01 7.500000000000000000e+02
-1.000000000000000000e+00 -2.720000000000000000e+02 3.090000000000000000e+02 5.544000000000000000e+04 5.025300000000000000e+04 5.867200000000000000e+04 4.304700000000000000e+04 1.999994839204009622e+01 7.500000000000000000e+02
2.000000000000000000e+00 -1.850000000000000000e+02 3.030000000000000000e+02 5.581500000000000000e+04 4.965300000000000000e+04 5.821900000000000000e+04 4.328500000000000000e+04 2.000803512998390943e+01 7.500000000000000000e+02
2.700000000000000000e+01 -4.600000000000000000e+01 2.890000000000000000e+02 5.422100000000000000e+04 5.158100000000000000e+04 5.587500000000000000e+04 4.697000000000000000e+04 2.002005614002700895e+01 7.500000000000000000e+02
1.800000000000000000e+01 5.000000000000000000e+01 2.750000000000000000e+02 5.476500000000000000e+04 5.035300000000000000e+04 5.531900000000000000e+04 4.807100000000000000e+04 2.002823385503143072e+01 7.500000000000000000e+02
-9.000000000000000000e+00 1.070000000000000000e+02 2.780000000000000000e+02 5.467000000000000000e+04 4.996800000000000000e+04 5.524400000000000000e+04 4.794000000000000000e+04 2.003822995803784579e+01 7.500000000000000000e+02
-7.400000000000000000e+01 1.840000000000000000e+02 2.900000000000000000e+02 5.474300000000000000e+04 4.922300000000000000e+04 5.514500000000000000e+04 4.841800000000000000e+04 2.004900738201104105e+01 7.500000000000000000e+02
-9.700000000000000000e+01 2.550000000000000000e+02 2.480000000000000000e+02 5.436400000000000000e+04 4.888800000000000000e+04 5.542400000000000000e+04 4.855600000000000000e+04 2.005849224701523781e+01 7.500000000000000000e+02
-1.890000000000000000e+02 2.860000000000000000e+02 2.480000000000000000e+02 5.431900000000000000e+04 4.784700000000000000e+04 5.545600000000000000e+04 4.927800000000000000e+04 2.006894290505442768e+01 7.470000000000000000e+02
-1.920000000000000000e+02 2.520000000000000000e+02 2.580000000000000000e+02 5.461300000000000000e+04 4.832500000000000000e+04 5.524500000000000000e+04 4.868400000000000000e+04 2.007827952504158020e+01 7.470000000000000000e+02
-2.120000000000000000e+02 2.050000000000000000e+02 2.460000000000000000e+02 5.377000000000000000e+04 4.824000000000000000e+04 5.604200000000000000e+04 4.844800000000000000e+04 2.008839676703792065e+01 7.470000000000000000e+02
-2.020000000000000000e+02 1.880000000000000000e+02 2.380000000000000000e+02 5.388500000000000000e+04 4.816000000000000000e+04 5.598400000000000000e+04 4.826800000000000000e+04 2.009833276597782969e+01 7.470000000000000000e+02
-1.240000000000000000e+02 1.520000000000000000e+02 2.460000000000000000e+02 5.463400000000000000e+04 4.854500000000000000e+04 5.524900000000000000e+04 4.777700000000000000e+04 2.010843298304826021e+01 7.470000000000000000e+02
-6.900000000000000000e+01 8.900000000000000000e+01 1.910000000000000000e+02 5.455300000000000000e+04 4.906600000000000000e+04 5.494200000000000000e+04 4.690900000000000000e+04 2.011940217798110098e+01 7.490000000000000000e+02
2.800000000000000000e+01 5.000000000000000000e+00 1.970000000000000000e+02 5.423500000000000000e+04 5.017300000000000000e+04 5.511300000000000000e+04 4.562700000000000000e+04 2.013011788204312325e+01 7.490000000000000000e+02
1.080000000000000000e+02 -2.200000000000000000e+01 1.640000000000000000e+02 5.435700000000000000e+04 5.032800000000000000e+04 5.481400000000000000e+04 4.549400000000000000e+04 2.013943943404592574e+01 7.490000000000000000e+02
1.170000000000000000e+02 -7.700000000000000000e+01 1.520000000000000000e+02 5.389000000000000000e+04 5.087800000000000000e+04 5.514200000000000000e+04 4.470300000000000000e+04 2.014808054105378687e+01 7.490000000000000000e+02
9.000000000000000000e+01 -9.400000000000000000e+01 1.210000000000000000e+02 5.373500000000000000e+04 5.089600000000000000e+04 5.511800000000000000e+04 4.470600000000000000e+04 2.015743418107740581e+01 7.490000000000000000e+02
5.000000000000000000e+01 -1.190000000000000000e+02 8.400000000000000000e+01 5.343300000000000000e+04 5.031100000000000000e+04 5.528600000000000000e+04 4.548800000000000000e+04 2.016824974806513637e+01 7.500000000000000000e+02
-5.700000000000000000e+01 -1.280000000000000000e+02 7.500000000000000000e+01 5.272000000000000000e+04 4.994400000000000000e+04 5.572800000000000000e+04 4.601900000000000000e+04 2.017915052897296846e+01 7.500000000000000000e+02
-1.140000000000000000e+02 -7.200000000000000000e+01 5.200000000000000000e+01 5.307900000000000000e+04 4.930400000000000000e+04 5.532600000000000000e+04 4.688400000000000000e+04 2.018803621002007276e+01 7.500000000000000000e+02
-1.540000000000000000e+02 -2.400000000000000000e+01 3.300000000000000000e+01 5.277700000000000000e+04 4.898800000000000000e+04 5.550500000000000000e+04 4.727400000000000000e+04 2.019885269505903125e+01 7.500000000000000000e+02
-1.720000000000000000e+02 -2.000000000000000000e+01 3.200000000000000000e+01 5.273300000000000000e+04 4.905000000000000000e+04 5.545800000000000000e+04 4.729300000000000000e+04 2.020791253901552409e+01 7.500000000000000000e+02
-1.810000000000000000e+02 -1.700000000000000000e+01 2.400000000000000000e+01 5.286400000000000000e+04 4.915400000000000000e+04 5.538500000000000000e+04 4.735700000000000000e+04 2.021763917000498623e+01 7.500000000000000000e+02
-1.500000000000000000e+02 -2.000000000000000000e+00 8.000000000000000000e+00 5.304500000000000000e+04 4.944600000000000000e+04 5.515100000000000000e+04 4.706100000000000000e+04 2.022805014404002577e+01 7.500000000000000000e+02
-8.800000000000000000e+01 6.800000000000000000e+01 -1.100000000000000000e+01 5.296600000000000000e+04 4.950000000000000000e+04 5.503900000000000000e+04 4.717200000000000000e+04 2.023792422807309777e+01 7.500000000000000000e+02
-6.400000000000000000e+01 8.300000000000000000e+01 -2.300000000000000000e+01 5.327300000000000000e+04 4.956900000000000000e+04 5.470300000000000000e+04 4.713200000000000000e+04 2.024796736997086555e+01 7.500000000000000000e+02
-1.400000000000000000e+01 1.160000000000000000e+02 -3.400000000000000000e+01 5.352800000000000000e+04 4.974100000000000000e+04 5.435600000000000000e+04 4.703400000000000000e+04 2.025755591003689915e+01 7.500000000000000000e+02
-1.000000000000000000e+01 1.430000000000000000e+02 -2.500000000000000000e+01 5.361000000000000000e+04 4.938600000000000000e+04 5.423900000000000000e+04 4.738600000000000000e+04 2.026804870401974767e+01 7.520000000000000000e+02
-2.800000000000000000e+01 1.690000000000000000e+02 -1.700000000000000000e+01 5.372200000000000000e+04 4.875500000000000000e+04 5.436500000000000000e+04 4.806800000000000000e+04 2.027850048500113189e+01 7.520000000000000000e+02
-3.200000000000000000e+01 1.780000000000000000e+02 -1.300000000000000000e+01 5.379600000000000000e+04 4.883700000000000000e+04 5.431000000000000000e+04 4.785300000000000000e+04 2.028781880508176982e+01 7.520000000000000000e+02
-5.600000000000000000e+01 1.650000000000000000e+02 1.100000000000000000e+01 5.342500000000000000e+04 4.855400000000000000e+04 5.467800000000000000e+04 4.803100000000000000e+04 2.029834682703949511e+01 7.520000000000000000e+02
-6.700000000000000000e+01 2.050000000000000000e+02 -9.000000000000000000e+00 5.393400000000000000e+04 4.837800000000000000e+04 5.415000000000000000e+04 4.819900000000000000e+04 2.030754003603942692e+01 7.520000000000000000e+02
-8.100000000000000000e+01 1.880000000000000000e+02 -1.200000000000000000e+01 5.367400000000000000e+04 4.832500000000000000e+04 5.409300000000000000e+04 4.801300000000000000e+04 2.031757716101128608e+01 7.550000000000000000e+02
-1.090000000000000000e+02 9.300000000000000000e+01 -6.000000000000000000e+00 5.303100000000000000e+04 4.850600000000000000e+04 5.469500000000000000e+04 4.781200000000000000e+04 2.032807529706042260e+01 7.550000000000000000e+02
-7.500000000000000000e+01 7.000000000000000000e+01 -1.800000000000000000e+01 5.329400000000000000e+04 4.896100000000000000e+04 5.436100000000000000e+04 4.749600000000000000e+04 2.033782940707169473e+01 7.550000000000000000e+02
-5.400000000000000000e+01 1.900000000000000000e+01 -2.700000000000000000e+01 5.307800000000000000e+04 4.933800000000000000e+04 5.440600000000000000e+04 4.694200000000000000e+04 2.034771944000385702e+01 7.550000000000000000e+02
-4.000000000000000000e+00 1.000000000000000000e+00 -4.200000000000000000e+01 5.342100000000000000e+04 4.976600000000000000e+04 5.414900000000000000e+04 4.678800000000000000e+04 2.035745542007498443e+01 7.550000000000000000e+02
6.300000000000000000e+01 2.900000000000000000e+01 -5.500000000000000000e+01 5.408600000000000000e+04 4.947100000000000000e+04 5.341000000000000000e+04 4.720900000000000000e+04 2.036743412003852427e+01 7.590000000000000000e+02
1.050000000000000000e+02 5.400000000000000000e+01 -6.100000000000000000e+01 5.429800000000000000e+04 4.921200000000000000e+04 5.296700000000000000e+04 4.756000000000000000e+04 2.037768526398576796e+01 7.590000000000000000e+02
1.660000000000000000e+02 9.300000000000000000e+01 -9.600000000000000000e+01 5.439500000000000000e+04 5.007600000000000000e+04 5.269100000000000000e+04 4.690100000000000000e+04 2.038806587399449199e+01 7.590000000000000000e+02
1.620000000000000000e+02 6.700000000000000000e+01 -8.900000000000000000e+01 5.396700000000000000e+04 5.020900000000000000e+04 5.293100000000000000e+04 4.680100000000000000e+04 2.039764987304806709e+01 7.590000000000000000e+02
1.460000000000000000e+02 4.900000000000000000e+01 -9.300000000000000000e+01 5.381800000000000000e+04 5.025400000000000000e+04 5.308100000000000000e+04 4.696300000000000000e+04 2.040834149101283401e+01 7.590000000000000000e+02
1.410000000000000000e+02 -1.100000000000000000e+01 -1.200000000000000000e+02 5.339300000000000000e+04 5.056500000000000000e+04 5.339400000000000000e+04 4.674800000000000000e+04 2.041755531704984605e+01 7.600000000000000000e+02
1.120000000000000000e+02 -8.800000000000000000e+01 -1.420000000000000000e+02 5.292700000000000000e+04 5.104100000000000000e+04 5.351100000000000000e+04 4.644300000000000000e+04 2.042894725804217160e+01 7.600000000000000000e+02
8.500000000000000000e+01 -1.240000000000000000e+02 -1.650000000000000000e+02 5.322500000000000000e+04 5.100500000000000000e+04 5.311000000000000000e+04 4.688300000000000000e+04 2.043850795098114759e+01 7.600000000000000000e+02
4.800000000000000000e+01 -2.170000000000000000e+02 -1.620000000000000000e+02 5.237600000000000000e+04 5.143900000000000000e+04 5.375500000000000000e+04 4.683500000000000000e+04 2.052156758599448949e+01 7.600000000000000000e+02
2.000000000000000000e+00 -2.790000000000000000e+02 -1.660000000000000000e+02 5.156800000000000000e+04 5.176600000000000000e+04 5.455800000000000000e+04 4.656800000000000000e+04 2.052884834399446845e+01 7.600000000000000000e+02
-4.600000000000000000e+01 -2.830000000000000000e+02 -1.710000000000000000e+02 5.205000000000000000e+04 5.183000000000000000e+04 5.430000000000000000e+04 4.699500000000000000e+04 2.053103945497423410e+01 7.620000000000000000e+02
-1.100000000000000000e+02 -2.220000000000000000e+02 -1.790000000000000000e+02 5.148200000000000000e+04 5.122100000000000000e+04 5.468100000000000000e+04 4.779600000000000000e+04 2.053684499999508262e+01 7.620000000000000000e+02
-1.810000000000000000e+02 -1.150000000000000000e+02 -2.060000000000000000e+02 5.167700000000000000e+04 5.068300000000000000e+04 5.451600000000000000e+04 4.910000000000000000e+04 2.054402532707899809e+01 7.620000000000000000e+02
-2.070000000000000000e+02 -7.000000000000000000e+00 -2.250000000000000000e+02 5.219500000000000000e+04 4.971600000000000000e+04 5.396000000000000000e+04 5.050700000000000000e+04 2.054657404799945652e+01 7.620000000000000000e+02
-1.430000000000000000e+02 1.380000000000000000e+02 -2.400000000000000000e+02 5.318500000000000000e+04 4.985100000000000000e+04 5.292000000000000000e+04 5.075400000000000000e+04 2.054897241806611419e+01 7.620000000000000000e+02
-9.200000000000000000e+01 1.860000000000000000e+02 -2.350000000000000000e+02 5.323700000000000000e+04 4.991900000000000000e+04 5.285500000000000000e+04 5.097900000000000000e+04 2.055095524899661541e+01 7.610000000000000000e+02
-1.100000000000000000e+01 2.110000000000000000e+02 -2.420000000000000000e+02 5.387100000000000000e+04 5.054200000000000000e+04 5.201400000000000000e+04 5.067600000000000000e+04 2.055291834706440568e+01 7.610000000000000000e+02
1.170000000000000000e+02 2.190000000000000000e+02 -2.340000000000000000e+02 5.444100000000000000e+04 5.147200000000000000e+04 5.129400000000000000e+04 4.987700000000000000e+04 2.055479176202788949e+01 7.610000000000000000e+02
1.960000000000000000e+02 1.580000000000000000e+02 -2.320000000000000000e+02 5.451700000000000000e+04 5.200500000000000000e+04 5.115700000000000000e+04 4.944900000000000000e+04 2.055657623207662255e+01 7.610000000000000000e+02
2.740000000000000000e+02 1.150000000000000000e+02 -2.310000000000000000e+02 5.454000000000000000e+04 5.271400000000000000e+04 5.126900000000000000e+04 4.891300000000000000e+04 2.055828125798143446e+01 7.610000000000000000e+02
2.700000000000000000e+02 3.900000000000000000e+01 -2.180000000000000000e+02 5.435600000000000000e+04 5.316600000000000000e+04 5.153000000000000000e+04 4.837400000000000000e+04 2.056856410298496485e+01 7.580000000000000000e+02
2.600000000000000000e+02 1.000000000000000000e+00 -2.150000000000000000e+02 5.413700000000000000e+04 5.351200000000000000e+04 5.196800000000000000e+04 4.838800000000000000e+04 2.057838517404161394e+01 7.580000000000000000e+02
2.200000000000000000e+02 -9.000000000000000000e+01 -2.190000000000000000e+02 5.395600000000000000e+04 5.393000000000000000e+04 5.229700000000000000e+04 4.815400000000000000e+04 2.058719045005273074e+01 7.580000000000000000e+02
1.200000000000000000e+02 -1.720000000000000000e+02 -1.850000000000000000e+02 5.316700000000000000e+04 5.340300000000000000e+04 5.317300000000000000e+04 4.881300000000000000e+04 2.059854125906713307e+01 7.580000000000000000e+02
1.000000000000000000e+01 -2.120000000000000000e+02 -1.840000000000000000e+02 5.234900000000000000e+04 5.301500000000000000e+04 5.400100000000000000e+04 4.929000000000000000e+04 2.060832705302163959e+01 7.580000000000000000e+02
-5.600000000000000000e+01 -2.180000000000000000e+02 -1.560000000000000000e+02 5.248500000000000000e+04 5.304300000000000000e+04 5.365800000000000000e+04 4.890000000000000000e+04 2.061798533308319747e+01 7.620000000000000000e+02
-1.400000000000000000e+02 -1.940000000000000000e+02 -1.260000000000000000e+02 5.175700000000000000e+04 5.214900000000000000e+04 5.440000000000000000e+04 4.981800000000000000e+04 2.062869310600217432e+01 7.620000000000000000e+02
-2.200000000000000000e+02 -1.650000000000000000e+02 -1.030000000000000000e+02 5.185000000000000000e+04 5.170600000000000000e+04 5.425100000000000000e+04 5.002700000000000000e+04 2.063713149901013821e+01 7.620000000000000000e+02
-2.790000000000000000e+02 -1.260000000000000000e+02 -1.040000000000000000e+02 5.200600000000000000e+04 5.110500000000000000e+04 5.417700000000000000e+04 5.054800000000000000e+04 2.064711004402488470e+01 7.620000000000000000e+02
-3.560000000000000000e+02 -7.300000000000000000e+01 -8.700000000000000000e+01 5.140700000000000000e+04 5.037400000000000000e+04 5.474500000000000000e+04 5.117400000000000000e+04 2.065845296008046716e+01 7.620000000000000000e+02
-3.800000000000000000e+02 1.300000000000000000e+01 -7.000000000000000000e+01 5.172000000000000000e+04 5.005200000000000000e+04 5.453000000000000000e+04 5.140900000000000000e+04 2.066860427497886121e+01 7.580000000000000000e+02
-3.750000000000000000e+02 1.900000000000000000e+01 -5.600000000000000000e+01 5.212900000000000000e+04 4.982800000000000000e+04 5.432400000000000000e+04 5.165200000000000000e+04 2.067776485299691558e+01 7.580000000000000000e+02
-3.190000000000000000e+02 6.800000000000000000e+01 -5.600000000000000000e+01 5.204300000000000000e+04 5.032000000000000000e+04 5.439700000000000000e+04 5.121100000000000000e+04 2.068709163099993020e+01 7.580000000000000000e+02
-2.050000000000000000e+02 3.800000000000000000e+01 -5.300000000000000000e+01 5.252600000000000000e+04 5.068000000000000000e+04 5.413800000000000000e+04 5.100300000000000000e+04 2.069769444002304226e+01 7.580000000000000000e+02
-1.320000000000000000e+02 2.400000000000000000e+01 -6.500000000000000000e+01 5.254500000000000000e+04 5.126500000000000000e+04 5.384200000000000000e+04 5.037400000000000000e+04 2.070784764399286360e+01 7.580000000000000000e+02
-6.500000000000000000e+01 -4.700000000000000000e+01 -7.500000000000000000e+01 5.190800000000000000e+04 5.164300000000000000e+04 5.435200000000000000e+04 4.988000000000000000e+04 2.071722710400354117e+01 7.590000000000000000e+02
-3.300000000000000000e+01 -7.500000000000000000e+01 -6.100000000000000000e+01 5.224900000000000000e+04 5.193300000000000000e+04 5.401800000000000000e+04 4.959600000000000000e+04 2.072765694302506745e+01 7.590000000000000000e+02
1.900000000000000000e+01 -9.200000000000000000e+01 -9.500000000000000000e+01 5.231100000000000000e+04 5.203700000000000000e+04 5.366100000000000000e+04 4.952900000000000000e+04 2.073717509896960109e+01 7.590000000000000000e+02
3.000000000000000000e+00 -9.600000000000000000e+01 -1.120000000000000000e+02 5.156500000000000000e+04 5.200000000000000000e+04 5.417300000000000000e+04 4.983800000000000000e+04 2.074737643206026405e+01 7.590000000000000000e+02
1.500000000000000000e+01 -9.300000000000000000e+01 -1.300000000000000000e+02 5.193100000000000000e+04 5.225500000000000000e+04 5.379900000000000000e+04 5.001600000000000000e+04 2.075733843399211764e+01 7.590000000000000000e+02
-2.400000000000000000e+01 -4.400000000000000000e+01 -1.540000000000000000e+02 5.168900000000000000e+04 5.189900000000000000e+04 5.359800000000000000e+04 5.060200000000000000e+04 2.076881869707722217e+01 7.600000000000000000e+02
-5.300000000000000000e+01 2.000000000000000000e+01 -1.650000000000000000e+02 5.194300000000000000e+04 5.126900000000000000e+04 5.317100000000000000e+04 5.144300000000000000e+04 2.077793144702445716e+01 7.600000000000000000e+02
-8.800000000000000000e+01 4.100000000000000000e+01 -1.810000000000000000e+02 5.121000000000000000e+04 5.125800000000000000e+04 5.376200000000000000e+04 5.153700000000000000e+04 2.078773956303484738e+01 7.600000000000000000e+02
-8.100000000000000000e+01 1.300000000000000000e+01 -1.500000000000000000e+02 5.117700000000000000e+04 5.155100000000000000e+04 5.372100000000000000e+04 5.134300000000000000e+04 2.079770418605767190e+01 7.600000000000000000e+02
-7.200000000000000000e+01 4.100000000000000000e+01 -1.680000000000000000e+02 5.132000000000000000e+04 5.177300000000000000e+04 5.353200000000000000e+04 5.122700000000000000e+04 2.080884009099099785e+01 7.600000000000000000e+02
-6.200000000000000000e+01 -8.000000000000000000e+00 -1.720000000000000000e+02 5.057500000000000000e+04 5.157400000000000000e+04 5.393800000000000000e+04 5.142200000000000000e+04 2.081798583397176117e+01 7.600000000000000000e+02
-6.100000000000000000e+01 4.000000000000000000e+01 -1.720000000000000000e+02 5.062600000000000000e+04 5.176600000000000000e+04 5.356300000000000000e+04 5.126300000000000000e+04 2.082777359697502106e+01 7.600000000000000000e+02
-2.600000000000000000e+01 1.000000000000000000e+01 -1.720000000000000000e+02 5.072400000000000000e+04 5.180200000000000000e+04 5.341100000000000000e+04 5.130200000000000000e+04 2.083768449898343533e+01 7.600000000000000000e+02
-1.900000000000000000e+01 4.300000000000000000e+01 -1.590000000000000000e+02 5.121000000000000000e+04 5.183000000000000000e+04 5.291000000000000000e+04 5.133700000000000000e+04 2.084745193400885910e+01 7.600000000000000000e+02
1.700000000000000000e+01 6.500000000000000000e+01 -1.490000000000000000e+02 5.141500000000000000e+04 5.173400000000000000e+04 5.275800000000000000e+04 5.135600000000000000e+04 2.085822258004918694e+01 7.600000000000000000e+02
1.600000000000000000e+01 7.900000000000000000e+01 -1.440000000000000000e+02 5.111200000000000000e+04 5.157300000000000000e+04 5.291300000000000000e+04 5.163900000000000000e+04 2.086874074500519782e+01 7.590000000000000000e+02
1.400000000000000000e+01 1.090000000000000000e+02 -1.560000000000000000e+02 5.099300000000000000e+04 5.112800000000000000e+04 5.302100000000000000e+04 5.203000000000000000e+04 2.087810143397655338e+01 7.590000000000000000e+02
2.300000000000000000e+01 1.150000000000000000e+02 -1.550000000000000000e+02 5.117100000000000000e+04 5.112700000000000000e+04 5.283500000000000000e+04 5.232100000000000000e+04 2.088754551904276013e+01 7.590000000000000000e+02
7.400000000000000000e+01 1.400000000000000000e+02 -1.630000000000000000e+02 5.159600000000000000e+04 5.130700000000000000e+04 5.228500000000000000e+04 5.228400000000000000e+04 2.089744288707152009e+01 7.590000000000000000e+02
1.180000000000000000e+02 1.210000000000000000e+02 -1.630000000000000000e+02 5.173000000000000000e+04 5.201200000000000000e+04 5.200100000000000000e+04 5.174800000000000000e+04 2.090926813497208059e+01 7.590000000000000000e+02
1.390000000000000000e+02 1.030000000000000000e+02 -1.680000000000000000e+02 5.186500000000000000e+04 5.202600000000000000e+04 5.205900000000000000e+04 5.190100000000000000e+04 2.091779882099945098e+01 7.570000000000000000e+02
1.550000000000000000e+02 7.200000000000000000e+01 -1.700000000000000000e+02 5.131700000000000000e+04 5.204300000000000000e+04 5.241800000000000000e+04 5.203400000000000000e+04 2.092834568198304623e+01 7.570000000000000000e+02
1.680000000000000000e+02 5.700000000000000000e+01 -1.860000000000000000e+02 5.119200000000000000e+04 5.225100000000000000e+04 5.234100000000000000e+04 5.202600000000000000e+04 2.093717680301051587e+01 7.570000000000000000e+02
1.660000000000000000e+02 2.100000000000000000e+01 -1.770000000000000000e+02 5.088100000000000000e+04 5.252400000000000000e+04 5.246900000000000000e+04 5.188300000000000000e+04 2.094714511802885681e+01 7.570000000000000000e+02
1.710000000000000000e+02 -5.000000000000000000e+00 -1.900000000000000000e+02 5.080100000000000000e+04 5.285900000000000000e+04 5.242900000000000000e+04 5.162200000000000000e+04 2.095746672002132982e+01 7.570000000000000000e+02
1.240000000000000000e+02 -4.500000000000000000e+01 -1.900000000000000000e+02 5.018500000000000000e+04 5.276300000000000000e+04 5.281300000000000000e+04 5.186900000000000000e+04 2.096759006299544126e+01 7.580000000000000000e+02
1.080000000000000000e+02 -5.700000000000000000e+01 -2.030000000000000000e+02 5.007000000000000000e+04 5.319600000000000000e+04 5.290900000000000000e+04 5.171900000000000000e+04 2.097712984599638730e+01 7.580000000000000000e+02
7.800000000000000000e+01 -3.500000000000000000e+01 -2.000000000000000000e+02 5.020900000000000000e+04 5.295000000000000000e+04 5.264500000000000000e+04 5.211800000000000000e+04 2.098752294806763530e+01 7.580000000000000000e+02
8.900000000000000000e+01 -7.200000000000000000e+01 -2.010000000000000000e+02 4.960500000000000000e+04 5.348700000000000000e+04 5.294800000000000000e+04 5.176100000000000000e+04 2.099699567398056388e+01 7.580000000000000000e+02
