4.000000000000000000e+00 -1.100000000000000000e+01 -5.000000000000000000e+00 5.510100000000000000e+04 5.368400000000000000e+04 5.647900000000000000e+04 5.292600000000000000e+04 1.671155877795536071e+01 7.870000000000000000e+02
1.400000000000000000e+01 -8.000000000000000000e+00 1.600000000000000000e+01 5.522300000000000000e+04 5.349700000000000000e+04 5.636100000000000000e+04 5.307300000000000000e+04 1.672242511797230691e+01 7.850000000000000000e+02
3.400000000000000000e+01 -2.000000000000000000e+00 -2.400000000000000000e+01 5.555500000000000000e+04 5.375400000000000000e+04 5.619800000000000000e+04 5.316700000000000000e+04 1.673024850897490978e+01 7.850000000000000000e+02
4.400000000000000000e+01 -2.000000000000000000e+00 -2.000000000000000000e+00 5.534600000000000000e+04 5.413700000000000000e+04 5.636600000000000000e+04 5.276100000000000000e+04 1.673989657999482006e+01 7.850000000000000000e+02
4.600000000000000000e+01 1.800000000000000000e+01 -1.400000000000000000e+01 5.511900000000000000e+04 5.375400000000000000e+04 5.663400000000000000e+04 5.304100000000000000e+04 1.674973452289123088e+01 7.850000000000000000e+02
2.700000000000000000e+01 -1.600000000000000000e+01 7.000000000000000000e+00 5.561400000000000000e+04 5.351900000000000000e+04 5.615000000000000000e+04 5.330100000000000000e+04 1.676005357399117202e+01 7.830000000000000000e+02
5.200000000000000000e+01 7.100000000000000000e+01 -9.000000000000000000e+00 5.558500000000000000e+04 5.350300000000000000e+04 5.610400000000000000e+04 5.332500000000000000e+04 1.676993942889384925e+01 7.830000000000000000e+02
1.300000000000000000e+01 -1.000000000000000000e+00 -2.100000000000000000e+01 5.536300000000000000e+04 5.350500000000000000e+04 5.623500000000000000e+04 5.348800000000000000e+04 1.677979713492095470e+01 7.830000000000000000e+02
-2.000000000000000000e+00 8.500000000000000000e+01 -2.500000000000000000e+01 5.546700000000000000e+04 5.334900000000000000e+04 5.610000000000000000e+04 5.367700000000000000e+04 1.678982939699199051e+01 7.830000000000000000e+02
-5.000000000000000000e+00 3.800000000000000000e+01 -2.600000000000000000e+01 5.509400000000000000e+04 5.322000000000000000e+04 5.638900000000000000e+04 5.388900000000000000e+04 1.679971528297755867e+01 7.830000000000000000e+02
-3.900000000000000000e+01 7.000000000000000000e+01 -1.900000000000000000e+01 5.566400000000000000e+04 5.304100000000000000e+04 5.612700000000000000e+04 5.418700000000000000e+04 1.680966654594521970e+01 7.830000000000000000e+02
-1.800000000000000000e+01 1.200000000000000000e+01 -1.600000000000000000e+01 5.552400000000000000e+04 5.366200000000000000e+04 5.626000000000000000e+04 5.354500000000000000e+04 1.681994229194242507e+01 7.850000000000000000e+02
-1.900000000000000000e+01 7.000000000000000000e+00 -1.000000000000000000e+01 5.511500000000000000e+04 5.317200000000000000e+04 5.669300000000000000e+04 5.389200000000000000e+04 1.682981878996361047e+01 7.850000000000000000e+02
5.000000000000000000e+00 -4.800000000000000000e+01 -2.300000000000000000e+01 5.520900000000000000e+04 5.392900000000000000e+04 5.649200000000000000e+04 5.322900000000000000e+04 1.684063119196798652e+01 7.850000000000000000e+02
6.100000000000000000e+01 -2.300000000000000000e+01 5.000000000000000000e+00 5.564600000000000000e+04 5.402400000000000000e+04 5.614500000000000000e+04 5.298900000000000000e+04 1.684961751697119325e+01 7.850000000000000000e+02
8.300000000000000000e+01 -9.400000000000000000e+01 -1.000000000000000000e+01 5.512000000000000000e+04 5.419900000000000000e+04 5.653600000000000000e+04 5.289900000000000000e+04 1.686006059194914997e+01 7.840000000000000000e+02
5.400000000000000000e+01 -5.100000000000000000e+01 0.000000000000000000e+00 5.567400000000000000e+04 5.383500000000000000e+04 5.591400000000000000e+04 5.280000000000000000e+04 1.687020009499974549e+01 7.840000000000000000e+02
4.100000000000000000e+01 -1.020000000000000000e+02 -3.000000000000000000e+00 5.509000000000000000e+04 5.390700000000000000e+04 5.622300000000000000e+04 5.264000000000000000e+04 1.687953823397401720e+01 7.840000000000000000e+02
3.700000000000000000e+01 -3.500000000000000000e+01 -1.000000000000000000e+00 5.539500000000000000e+04 5.362200000000000000e+04 5.592400000000000000e+04 5.294200000000000000e+04 1.688999143789988011e+01 7.840000000000000000e+02
-2.300000000000000000e+01 -7.800000000000000000e+01 -2.200000000000000000e+01 5.459900000000000000e+04 5.347100000000000000e+04 5.648100000000000000e+04 5.316800000000000000e+04 1.689972898189444095e+01 7.840000000000000000e+02
-1.600000000000000000e+01 5.000000000000000000e+00 -2.000000000000000000e+00 5.488200000000000000e+04 5.339700000000000000e+04 5.620100000000000000e+04 5.316100000000000000e+04 1.690957758994773030e+01 7.840000000000000000e+02
-2.800000000000000000e+01 -1.100000000000000000e+01 -1.500000000000000000e+01 5.519500000000000000e+04 5.308300000000000000e+04 5.619800000000000000e+04 5.379000000000000000e+04 1.692006532195955515e+01 7.800000000000000000e+02
-6.700000000000000000e+01 3.500000000000000000e+01 -2.300000000000000000e+01 5.492400000000000000e+04 5.323500000000000000e+04 5.640500000000000000e+04 5.361600000000000000e+04 1.692973809991963208e+01 7.800000000000000000e+02
-1.900000000000000000e+01 1.200000000000000000e+01 -1.000000000000000000e+01 5.537400000000000000e+04 5.339500000000000000e+04 5.607200000000000000e+04 5.371700000000000000e+04 1.693950503796804696e+01 7.800000000000000000e+02
-4.100000000000000000e+01 4.000000000000000000e+00 -1.300000000000000000e+01 5.520600000000000000e+04 5.354100000000000000e+04 5.629200000000000000e+04 5.348300000000000000e+04 1.694942500197794288e+01 7.800000000000000000e+02
1.200000000000000000e+01 7.000000000000000000e+01 -3.000000000000000000e+00 5.592400000000000000e+04 5.364100000000000000e+04 5.565200000000000000e+04 5.330500000000000000e+04 1.695996691193431616e+01 7.810000000000000000e+02
1.000000000000000000e+01 -9.000000000000000000e+00 6.000000000000000000e+00 5.516700000000000000e+04 5.386800000000000000e+04 5.636400000000000000e+04 5.319100000000000000e+04 1.696989303699228913e+01 7.810000000000000000e+02
2.300000000000000000e+01 1.000000000000000000e+01 -1.900000000000000000e+01 5.510800000000000000e+04 5.392400000000000000e+04 5.648200000000000000e+04 5.302100000000000000e+04 1.697963265690486878e+01 7.810000000000000000e+02
1.700000000000000000e+01 -3.000000000000000000e+00 5.000000000000000000e+00 5.556000000000000000e+04 5.351800000000000000e+04 5.611000000000000000e+04 5.335000000000000000e+04 1.698965985095128417e+01 7.810000000000000000e+02
4.500000000000000000e+01 2.700000000000000000e+01 5.000000000000000000e+00 5.530200000000000000e+04 5.393100000000000000e+04 5.627400000000000000e+04 5.306800000000000000e+04 1.699987884191796184e+01 7.810000000000000000e+02
2.500000000000000000e+01 -2.500000000000000000e+01 -1.100000000000000000e+01 5.564000000000000000e+04 5.371900000000000000e+04 5.595000000000000000e+04 5.325600000000000000e+04 1.701009044295642525e+01 7.810000000000000000e+02
2.300000000000000000e+01 4.200000000000000000e+01 -1.300000000000000000e+01 5.512900000000000000e+04 5.406800000000000000e+04 5.616500000000000000e+04 5.274500000000000000e+04 1.702060932293534279e+01 7.830000000000000000e+02
4.600000000000000000e+01 -5.000000000000000000e+00 -1.200000000000000000e+01 5.529800000000000000e+04 5.360200000000000000e+04 5.624900000000000000e+04 5.334100000000000000e+04 1.703018525498919189e+01 7.830000000000000000e+02
-4.000000000000000000e+00 3.300000000000000000e+01 -1.600000000000000000e+01 5.542300000000000000e+04 5.340400000000000000e+04 5.600200000000000000e+04 5.360400000000000000e+04 1.703970883495640010e+01 7.830000000000000000e+02
3.600000000000000000e+01 1.600000000000000000e+01 -1.300000000000000000e+01 5.532900000000000000e+04 5.408800000000000000e+04 5.608900000000000000e+04 5.281700000000000000e+04 1.705010471097193658e+01 7.830000000000000000e+02
7.000000000000000000e+00 1.900000000000000000e+01 -5.000000000000000000e+00 5.511900000000000000e+04 5.400600000000000000e+04 5.610300000000000000e+04 5.271200000000000000e+04 1.706008482293691486e+01 7.840000000000000000e+02
1.000000000000000000e+01 -2.000000000000000000e+00 -2.000000000000000000e+01 5.503800000000000000e+04 5.319800000000000000e+04 5.577800000000000000e+04 5.305200000000000000e+04 1.706969074893277138e+01 7.840000000000000000e+02
-6.000000000000000000e+00 2.800000000000000000e+01 1.000000000000000000e+00 5.464900000000000000e+04 5.310300000000000000e+04 5.610900000000000000e+04 5.313400000000000000e+04 1.707937387190759182e+01 7.840000000000000000e+02
-2.700000000000000000e+01 -1.400000000000000000e+01 -3.100000000000000000e+01 5.476700000000000000e+04 5.296200000000000000e+04 5.589800000000000000e+04 5.330700000000000000e+04 1.708987042389344424e+01 7.840000000000000000e+02
-2.600000000000000000e+01 -5.000000000000000000e+00 -6.000000000000000000e+00 5.440200000000000000e+04 5.334400000000000000e+04 5.619100000000000000e+04 5.283800000000000000e+04 1.710162952193059027e+01 7.840000000000000000e+02
-1.700000000000000000e+01 4.400000000000000000e+01 -3.000000000000000000e+00 5.483600000000000000e+04 5.302500000000000000e+04 5.587000000000000000e+04 5.305300000000000000e+04 1.710939672496169806e+01 7.840000000000000000e+02
-2.600000000000000000e+01 1.000000000000000000e+00 -1.000000000000000000e+00 5.448900000000000000e+04 5.291400000000000000e+04 5.593800000000000000e+04 5.294700000000000000e+04 1.711962068988941610e+01 7.850000000000000000e+02
3.000000000000000000e+00 1.070000000000000000e+02 0.000000000000000000e+00 5.495800000000000000e+04 5.273000000000000000e+04 5.546300000000000000e+04 5.316300000000000000e+04 1.712936646991875023e+01 7.850000000000000000e+02
4.000000000000000000e+00 2.000000000000000000e+01 -1.700000000000000000e+01 5.507200000000000000e+04 5.269800000000000000e+04 5.537600000000000000e+04 5.318200000000000000e+04 1.713938957196660340e+01 7.850000000000000000e+02
4.200000000000000000e+01 9.000000000000000000e+01 -1.000000000000000000e+01 5.519600000000000000e+04 5.269600000000000000e+04 5.521000000000000000e+04 5.318900000000000000e+04 1.714974875899497420e+01 7.850000000000000000e+02
6.100000000000000000e+01 -1.900000000000000000e+01 -1.900000000000000000e+01 5.480400000000000000e+04 5.306800000000000000e+04 5.553900000000000000e+04 5.288400000000000000e+04 1.716016265994403511e+01 7.850000000000000000e+02
6.100000000000000000e+01 -3.000000000000000000e+00 -4.000000000000000000e+00 5.504400000000000000e+04 5.347700000000000000e+04 5.531700000000000000e+04 5.239800000000000000e+04 1.716986428096424788e+01 7.850000000000000000e+02
1.050000000000000000e+02 -4.300000000000000000e+01 -9.000000000000000000e+00 5.517200000000000000e+04 5.341300000000000000e+04 5.498000000000000000e+04 5.232400000000000000e+04 1.718052338599227369e+01 7.850000000000000000e+02
6.200000000000000000e+01 -6.800000000000000000e+01 -1.300000000000000000e+01 5.466300000000000000e+04 5.342800000000000000e+04 5.541600000000000000e+04 5.236700000000000000e+04 1.718919806799385697e+01 7.850000000000000000e+02
8.200000000000000000e+01 -5.900000000000000000e+01 -1.000000000000000000e+00 5.494600000000000000e+04 5.371800000000000000e+04 5.515800000000000000e+04 5.201300000000000000e+04 1.720009989000391215e+01 7.850000000000000000e+02
4.700000000000000000e+01 -9.500000000000000000e+01 -1.100000000000000000e+01 5.438600000000000000e+04 5.342100000000000000e+04 5.582000000000000000e+04 5.221700000000000000e+04 1.721025802893564105e+01 7.850000000000000000e+02
2.500000000000000000e+01 -4.700000000000000000e+01 -5.000000000000000000e+00 5.473600000000000000e+04 5.381100000000000000e+04 5.574200000000000000e+04 5.221400000000000000e+04 1.722066552890464664e+01 7.820000000000000000e+02
-3.600000000000000000e+01 -8.200000000000000000e+01 6.000000000000000000e+00 5.462500000000000000e+04 5.330700000000000000e+04 5.606200000000000000e+04 5.289400000000000000e+04 1.722954070195555687e+01 7.820000000000000000e+02
-5.800000000000000000e+01 -9.000000000000000000e+00 -8.000000000000000000e+00 5.460500000000000000e+04 5.338800000000000000e+04 5.628700000000000000e+04 5.302400000000000000e+04 1.724004501395393163e+01 7.820000000000000000e+02
-1.030000000000000000e+02 -3.600000000000000000e+01 0.000000000000000000e+00 5.431900000000000000e+04 5.270300000000000000e+04 5.650500000000000000e+04 5.375900000000000000e+04 1.724999282590579242e+01 7.820000000000000000e+02
-6.700000000000000000e+01 6.100000000000000000e+01 -4.000000000000000000e+00 5.500500000000000000e+04 5.291000000000000000e+04 5.598700000000000000e+04 5.365300000000000000e+04 1.725958959595300257e+01 7.840000000000000000e+02
-6.400000000000000000e+01 -5.000000000000000000e+00 -1.400000000000000000e+01 5.487300000000000000e+04 5.310900000000000000e+04 5.611900000000000000e+04 5.339900000000000000e+04 1.726979079889133573e+01 7.840000000000000000e+02
-1.800000000000000000e+01 8.900000000000000000e+01 -1.100000000000000000e+01 5.538500000000000000e+04 5.358600000000000000e+04 5.556200000000000000e+04 5.309200000000000000e+04 1.728047694091219455e+01 7.840000000000000000e+02
5.000000000000000000e+00 1.400000000000000000e+01 -1.400000000000000000e+01 5.511300000000000000e+04 5.322000000000000000e+04 5.566900000000000000e+04 5.324700000000000000e+04 1.728974041598848999e+01 7.840000000000000000e+02
3.000000000000000000e+00 8.000000000000000000e+01 -2.000000000000000000e+00 5.575300000000000000e+04 5.328300000000000000e+04 5.529300000000000000e+04 5.339400000000000000e+04 1.729972200898919255e+01 7.840000000000000000e+02
5.300000000000000000e+01 2.300000000000000000e+01 1.800000000000000000e+01 5.554400000000000000e+04 5.392500000000000000e+04 5.537000000000000000e+04 5.248500000000000000e+04 1.730963644792791456e+01 7.840000000000000000e+02
4.300000000000000000e+01 1.400000000000000000e+01 1.000000000000000000e+00 5.578500000000000000e+04 5.395500000000000000e+04 5.573000000000000000e+04 5.279800000000000000e+04 1.731998558796476573e+01 7.810000000000000000e+02
4.100000000000000000e+01 -1.400000000000000000e+01 8.000000000000000000e+00 5.582700000000000000e+04 5.392300000000000000e+04 5.583900000000000000e+04 5.305300000000000000e+04 1.732939614693168551e+01 7.810000000000000000e+02
2.200000000000000000e+01 -2.800000000000000000e+01 1.700000000000000000e+01 5.558000000000000000e+04 5.401000000000000000e+04 5.618200000000000000e+04 5.289800000000000000e+04 1.733928162895608693e+01 7.810000000000000000e+02
2.400000000000000000e+01 -3.800000000000000000e+01 2.200000000000000000e+01 5.550500000000000000e+04 5.450600000000000000e+04 5.641900000000000000e+04 5.262900000000000000e+04 1.735078303294721991e+01 7.810000000000000000e+02
1.000000000000000000e+00 -5.200000000000000000e+01 1.800000000000000000e+01 5.544000000000000000e+04 5.394800000000000000e+04 5.637200000000000000e+04 5.302000000000000000e+04 1.735978120798245072e+01 7.800000000000000000e+02
-3.000000000000000000e+00 -1.300000000000000000e+01 2.200000000000000000e+01 5.561100000000000000e+04 5.403000000000000000e+04 5.636100000000000000e+04 5.318300000000000000e+04 1.736982363299466670e+01 7.800000000000000000e+02
-6.000000000000000000e+01 -9.300000000000000000e+01 7.000000000000000000e+00 5.537200000000000000e+04 5.403200000000000000e+04 5.660200000000000000e+04 5.317100000000000000e+04 1.737964701198507100e+01 7.800000000000000000e+02
-6.700000000000000000e+01 -3.200000000000000000e+01 1.700000000000000000e+01 5.508300000000000000e+04 5.365100000000000000e+04 5.673100000000000000e+04 5.341300000000000000e+04 1.739013637893367559e+01 7.800000000000000000e+02
-5.700000000000000000e+01 -6.600000000000000000e+01 1.100000000000000000e+01 5.531600000000000000e+04 5.373300000000000000e+04 5.654600000000000000e+04 5.329700000000000000e+04 1.739941595599520952e+01 7.800000000000000000e+02
-5.900000000000000000e+01 -8.000000000000000000e+00 1.900000000000000000e+01 5.525800000000000000e+04 5.394700000000000000e+04 5.674000000000000000e+04 5.323500000000000000e+04 1.740927474398631603e+01 7.800000000000000000e+02
-5.800000000000000000e+01 -4.800000000000000000e+01 2.500000000000000000e+01 5.555400000000000000e+04 5.354600000000000000e+04 5.642100000000000000e+04 5.349700000000000000e+04 1.742058170889504254e+01 7.810000000000000000e+02
-2.900000000000000000e+01 3.300000000000000000e+01 2.300000000000000000e+01 5.566500000000000000e+04 5.387800000000000000e+04 5.652900000000000000e+04 5.326300000000000000e+04 1.742936851689592004e+01 7.810000000000000000e+02
8.000000000000000000e+00 -3.800000000000000000e+01 2.200000000000000000e+01 5.627800000000000000e+04 5.390800000000000000e+04 5.601400000000000000e+04 5.311600000000000000e+04 1.743945225689094514e+01 7.810000000000000000e+02
2.000000000000000000e+00 2.400000000000000000e+01 2.800000000000000000e+01 5.590300000000000000e+04 5.376600000000000000e+04 5.629100000000000000e+04 5.336400000000000000e+04 1.744993213692214340e+01 7.810000000000000000e+02
3.100000000000000000e+01 -1.800000000000000000e+01 2.800000000000000000e+01 5.577100000000000000e+04 5.402700000000000000e+04 5.645100000000000000e+04 5.300200000000000000e+04 1.745945217192638665e+01 7.800000000000000000e+02
6.100000000000000000e+01 -7.000000000000000000e+00 2.200000000000000000e+01 5.604000000000000000e+04 5.431100000000000000e+04 5.600900000000000000e+04 5.236300000000000000e+04 1.746954971191007644e+01 7.800000000000000000e+02
2.300000000000000000e+01 -3.800000000000000000e+01 2.000000000000000000e+01 5.509200000000000000e+04 5.414300000000000000e+04 5.682800000000000000e+04 5.254200000000000000e+04 1.747953929193317890e+01 7.800000000000000000e+02
1.000000000000000000e+00 -3.600000000000000000e+01 1.300000000000000000e+01 5.596100000000000000e+04 5.368300000000000000e+04 5.587100000000000000e+04 5.273900000000000000e+04 1.748933218489401042e+01 7.800000000000000000e+02
-1.200000000000000000e+01 3.100000000000000000e+01 4.500000000000000000e+01 5.512600000000000000e+04 5.333300000000000000e+04 5.668200000000000000e+04 5.310300000000000000e+04 1.749980132991913706e+01 7.800000000000000000e+02
-6.300000000000000000e+01 -5.400000000000000000e+01 1.700000000000000000e+01 5.479800000000000000e+04 5.342900000000000000e+04 5.691200000000000000e+04 5.300000000000000000e+04 1.751008511090185493e+01 7.800000000000000000e+02
-5.000000000000000000e+01 3.900000000000000000e+01 3.800000000000000000e+01 5.544100000000000000e+04 5.348300000000000000e+04 5.620300000000000000e+04 5.270100000000000000e+04 1.751942262297961861e+01 7.810000000000000000e+02
-1.600000000000000000e+01 -1.300000000000000000e+01 3.700000000000000000e+01 5.585800000000000000e+04 5.320000000000000000e+04 5.609300000000000000e+04 5.303500000000000000e+04 1.752986342599615455e+01 7.810000000000000000e+02
-6.200000000000000000e+01 7.500000000000000000e+01 1.800000000000000000e+01 5.552300000000000000e+04 5.277700000000000000e+04 5.630500000000000000e+04 5.354500000000000000e+04 1.754078215593472123e+01 7.810000000000000000e+02
-2.800000000000000000e+01 3.000000000000000000e+01 4.300000000000000000e+01 5.626400000000000000e+04 5.313500000000000000e+04 5.565500000000000000e+04 5.307800000000000000e+04 1.754957217990886420e+01 7.810000000000000000e+02
-1.600000000000000000e+01 6.000000000000000000e+01 2.000000000000000000e+01 5.616200000000000000e+04 5.314000000000000000e+04 5.582700000000000000e+04 5.302500000000000000e+04 1.755927231698296964e+01 7.760000000000000000e+02
-2.100000000000000000e+01 1.800000000000000000e+01 2.700000000000000000e+01 5.664900000000000000e+04 5.349000000000000000e+04 5.552900000000000000e+04 5.288300000000000000e+04 1.756874595489352942e+01 7.760000000000000000e+02
-4.900000000000000000e+01 -1.600000000000000000e+01 4.100000000000000000e+01 5.568900000000000000e+04 5.328500000000000000e+04 5.651300000000000000e+04 5.306200000000000000e+04 1.758054417499806732e+01 7.760000000000000000e+02
-4.700000000000000000e+01 -3.000000000000000000e+00 2.700000000000000000e+01 5.587300000000000000e+04 5.313400000000000000e+04 5.630500000000000000e+04 5.322700000000000000e+04 1.758931595389731228e+01 7.760000000000000000e+02
-9.700000000000000000e+01 -6.800000000000000000e+01 2.100000000000000000e+01 5.556800000000000000e+04 5.297400000000000000e+04 5.660900000000000000e+04 5.337400000000000000e+04 1.759935706492979079e+01 7.760000000000000000e+02
-1.330000000000000000e+02 1.500000000000000000e+01 2.100000000000000000e+01 5.530500000000000000e+04 5.272800000000000000e+04 5.701800000000000000e+04 5.385200000000000000e+04 1.760951832891441882e+01 7.760000000000000000e+02
-1.110000000000000000e+02 -1.200000000000000000e+01 3.000000000000000000e+01 5.608900000000000000e+04 5.210500000000000000e+04 5.606000000000000000e+04 5.403300000000000000e+04 1.761918245791457593e+01 7.810000000000000000e+02
-1.210000000000000000e+02 2.100000000000000000e+01 2.500000000000000000e+01 5.486600000000000000e+04 5.261900000000000000e+04 5.713200000000000000e+04 5.367100000000000000e+04 1.762916489399503917e+01 7.810000000000000000e+02
-4.100000000000000000e+01 -5.800000000000000000e+01 4.000000000000000000e+01 5.586200000000000000e+04 5.346000000000000000e+04 5.633800000000000000e+04 5.266000000000000000e+04 1.763976161589380354e+01 7.810000000000000000e+02
-1.900000000000000000e+01 8.000000000000000000e+00 1.400000000000000000e+01 5.570900000000000000e+04 5.289400000000000000e+04 5.640700000000000000e+04 5.332100000000000000e+04 1.764913220098242164e+01 7.810000000000000000e+02
1.500000000000000000e+01 -2.300000000000000000e+01 8.000000000000000000e+00 5.600900000000000000e+04 5.345400000000000000e+04 5.603900000000000000e+04 5.276800000000000000e+04 1.765911715489346534e+01 7.760000000000000000e+02
9.000000000000000000e+00 -3.000000000000000000e+00 2.300000000000000000e+01 5.601800000000000000e+04 5.347100000000000000e+04 5.634600000000000000e+04 5.302900000000000000e+04 1.766938703891355544e+01 7.760000000000000000e+02
5.000000000000000000e+01 7.900000000000000000e+01 3.000000000000000000e+01 5.654200000000000000e+04 5.287400000000000000e+04 5.569900000000000000e+04 5.331900000000000000e+04 1.767942534596659243e+01 7.760000000000000000e+02
6.000000000000000000e+00 1.700000000000000000e+01 1.700000000000000000e+01 5.596100000000000000e+04 5.285200000000000000e+04 5.624300000000000000e+04 5.339200000000000000e+04 1.768976721889339387e+01 7.760000000000000000e+02
1.000000000000000000e+00 4.700000000000000000e+01 1.800000000000000000e+01 5.586600000000000000e+04 5.306300000000000000e+04 5.627800000000000000e+04 5.320600000000000000e+04 1.769919810397550464e+01 7.760000000000000000e+02
-8.000000000000000000e+00 -1.000000000000000000e+00 1.000000000000000000e+00 5.531200000000000000e+04 5.325100000000000000e+04 5.684900000000000000e+04 5.330900000000000000e+04 1.770956175995524973e+01 7.760000000000000000e+02
-1.800000000000000000e+01 3.300000000000000000e+01 -1.300000000000000000e+01 5.643000000000000000e+04 5.371100000000000000e+04 5.674300000000000000e+04 5.392200000000000000e+04 1.772090035700239241e+01 7.670000000000000000e+02
-2.400000000000000000e+01 3.700000000000000000e+01 -3.000000000000000000e+00 5.621700000000000000e+04 5.372800000000000000e+04 5.699200000000000000e+04 5.423700000000000000e+04 1.772973856795579195e+01 7.670000000000000000e+02
-9.000000000000000000e+00 -3.000000000000000000e+00 4.000000000000000000e+00 5.645200000000000000e+04 5.441000000000000000e+04 5.724000000000000000e+04 5.380800000000000000e+04 1.773999206395819783e+01 7.670000000000000000e+02
-6.000000000000000000e+00 6.100000000000000000e+01 1.000000000000000000e+00 5.675800000000000000e+04 5.342200000000000000e+04 5.686900000000000000e+04 5.478400000000000000e+04 1.774877239298075438e+01 7.670000000000000000e+02
-4.500000000000000000e+01 4.700000000000000000e+01 4.000000000000000000e+00 5.648000000000000000e+04 5.339200000000000000e+04 5.723300000000000000e+04 5.460600000000000000e+04 1.775947839289437979e+01 0.000000000000000000e+00
-6.400000000000000000e+01 1.250000000000000000e+02 1.100000000000000000e+01 5.768800000000000000e+04 5.409500000000000000e+04 5.791000000000000000e+04 5.618700000000000000e+04 1.776933448994532228e+01 0.000000000000000000e+00
-5.300000000000000000e+01 3.200000000000000000e+01 7.000000000000000000e+00 5.778100000000000000e+04 5.402300000000000000e+04 5.767500000000000000e+04 5.605900000000000000e+04 1.777968070597853512e+01 0.000000000000000000e+00
-4.000000000000000000e+01 1.060000000000000000e+02 1.500000000000000000e+01 5.773400000000000000e+04 5.428200000000000000e+04 5.835200000000000000e+04 5.639400000000000000e+04 1.778933344699908048e+01 0.000000000000000000e+00
9.000000000000000000e+00 5.800000000000000000e+01 2.200000000000000000e+01 5.791000000000000000e+04 5.474300000000000000e+04 5.846800000000000000e+04 5.600700000000000000e+04 1.779914972500409931e+01 0.000000000000000000e+00
5.200000000000000000e+01 9.000000000000000000e+00 1.000000000000000000e+01 5.823100000000000000e+04 5.510800000000000000e+04 5.840700000000000000e+04 5.573800000000000000e+04 1.780884426098782569e+01 0.000000000000000000e+00
8.800000000000000000e+01 4.900000000000000000e+01 4.600000000000000000e+01 5.876500000000000000e+04 5.574400000000000000e+04 5.831100000000000000e+04 5.559800000000000000e+04 1.781911234091967344e+01 4.000000000000000000e+00
9.500000000000000000e+01 3.100000000000000000e+01 1.400000000000000000e+01 5.848500000000000000e+04 5.576200000000000000e+04 5.866100000000000000e+04 5.576000000000000000e+04 1.782872799690812826e+01 4.000000000000000000e+00
6.900000000000000000e+01 1.030000000000000000e+02 -4.000000000000000000e+00 5.929900000000000000e+04 5.528200000000000000e+04 5.788600000000000000e+04 5.635700000000000000e+04 1.783985151397064328e+01 4.000000000000000000e+00
3.700000000000000000e+01 8.300000000000000000e+01 -1.200000000000000000e+01 5.874600000000000000e+04 5.545500000000000000e+04 5.826700000000000000e+04 5.622200000000000000e+04 1.784947235393337905e+01 4.000000000000000000e+00
3.900000000000000000e+01 1.770000000000000000e+02 -3.000000000000000000e+00 5.839500000000000000e+04 5.497400000000000000e+04 5.828300000000000000e+04 5.645000000000000000e+04 1.785975633095949888e+01 2.400000000000000000e+01
8.400000000000000000e+01 1.420000000000000000e+02 -1.000000000000000000e+01 5.782800000000000000e+04 5.440000000000000000e+04 5.696000000000000000e+04 5.488700000000000000e+04 1.786930981697514653e+01 2.400000000000000000e+01
6.700000000000000000e+01 1.300000000000000000e+02 -7.000000000000000000e+00 5.753600000000000000e+04 5.421800000000000000e+04 5.709900000000000000e+04 5.487300000000000000e+04 1.787949879898224026e+01 2.400000000000000000e+01
6.600000000000000000e+01 4.700000000000000000e+01 -1.900000000000000000e+01 5.680700000000000000e+04 5.377900000000000000e+04 5.706500000000000000e+04 5.450100000000000000e+04 1.788884576898999512e+01 2.400000000000000000e+01
6.600000000000000000e+01 -1.600000000000000000e+01 0.000000000000000000e+00 5.574900000000000000e+04 5.243300000000000000e+04 5.766900000000000000e+04 5.544000000000000000e+04 1.789913296094164252e+01 2.400000000000000000e+01
1.570000000000000000e+02 -1.030000000000000000e+02 -1.800000000000000000e+01 5.582900000000000000e+04 5.305800000000000000e+04 5.700900000000000000e+04 5.439200000000000000e+04 1.791101038991473615e+01 2.400000000000000000e+01
2.540000000000000000e+02 -1.590000000000000000e+02 -1.000000000000000000e+00 5.468200000000000000e+04 5.356900000000000000e+04 5.624000000000000000e+04 5.162600000000000000e+04 1.791923550690989941e+01 2.900000000000000000e+01
3.120000000000000000e+02 -2.600000000000000000e+02 -2.300000000000000000e+01 5.407500000000000000e+04 5.354700000000000000e+04 5.640800000000000000e+04 5.122400000000000000e+04 1.792927670094650239e+01 2.900000000000000000e+01
3.950000000000000000e+02 -1.750000000000000000e+02 -5.000000000000000000e+00 5.538500000000000000e+04 5.397800000000000000e+04 5.493000000000000000e+04 5.049600000000000000e+04 1.793920980999246240e+01 2.900000000000000000e+01
4.220000000000000000e+02 -2.140000000000000000e+02 -1.500000000000000000e+01 5.550200000000000000e+04 5.397700000000000000e+04 5.425600000000000000e+04 4.991800000000000000e+04 1.794908350997138768e+01 2.900000000000000000e+01
3.610000000000000000e+02 -1.350000000000000000e+02 -1.800000000000000000e+01 5.480200000000000000e+04 5.360900000000000000e+04 5.463600000000000000e+04 4.998700000000000000e+04 1.795898713695351034e+01 3.100000000000000000e+01
3.110000000000000000e+02 -6.900000000000000000e+01 -2.200000000000000000e+01 5.496000000000000000e+04 5.211200000000000000e+04 5.303800000000000000e+04 5.030200000000000000e+04 1.796938801696524024e+01 3.100000000000000000e+01
2.260000000000000000e+02 9.700000000000000000e+01 -3.400000000000000000e+01 5.510400000000000000e+04 5.093800000000000000e+04 5.240600000000000000e+04 5.131500000000000000e+04 1.797882648091763258e+01 3.100000000000000000e+01
1.180000000000000000e+02 9.000000000000000000e+01 -5.000000000000000000e+01 5.421700000000000000e+04 5.061400000000000000e+04 5.292200000000000000e+04 5.147800000000000000e+04 1.798882901493925601e+01 3.100000000000000000e+01
-6.100000000000000000e+01 1.300000000000000000e+02 -5.400000000000000000e+01 5.373700000000000000e+04 4.960900000000000000e+04 5.327200000000000000e+04 5.235700000000000000e+04 1.799911796499509364e+01 3.100000000000000000e+01
-1.300000000000000000e+02 1.350000000000000000e+02 -4.400000000000000000e+01 5.302000000000000000e+04 4.911000000000000000e+04 5.365300000000000000e+04 5.258300000000000000e+04 1.800931454799138010e+01 3.100000000000000000e+01
-1.880000000000000000e+02 7.400000000000000000e+01 -6.000000000000000000e+01 5.154900000000000000e+04 4.887800000000000000e+04 5.438900000000000000e+04 5.199200000000000000e+04 1.801958549988921732e+01 3.800000000000000000e+01
-1.720000000000000000e+02 3.800000000000000000e+01 -3.200000000000000000e+01 5.158500000000000000e+04 4.746800000000000000e+04 5.447900000000000000e+04 5.335900000000000000e+04 1.803010272490791976e+01 3.800000000000000000e+01
-4.600000000000000000e+01 -1.200000000000000000e+01 -3.200000000000000000e+01 5.186500000000000000e+04 4.861600000000000000e+04 5.421100000000000000e+04 5.228600000000000000e+04 1.803988346992991865e+01 3.800000000000000000e+01
7.400000000000000000e+01 -9.600000000000000000e+01 -3.200000000000000000e+01 5.203200000000000000e+04 4.989000000000000000e+04 5.391700000000000000e+04 5.098300000000000000e+04 1.804926964000333101e+01 3.800000000000000000e+01
2.160000000000000000e+02 -1.680000000000000000e+02 -3.200000000000000000e+01 5.243000000000000000e+04 5.203200000000000000e+04 5.352000000000000000e+04 4.879700000000000000e+04 1.805938491190318018e+01 4.600000000000000000e+01
2.700000000000000000e+02 -1.680000000000000000e+02 -4.300000000000000000e+01 5.242500000000000000e+04 5.081800000000000000e+04 5.246100000000000000e+04 4.921800000000000000e+04 1.806959275493863970e+01 4.600000000000000000e+01
2.940000000000000000e+02 -8.000000000000000000e+01 -2.900000000000000000e+01 5.265800000000000000e+04 5.062900000000000000e+04 5.237200000000000000e+04 4.935900000000000000e+04 1.807975547690875828e+01 4.600000000000000000e+01
2.850000000000000000e+02 -3.300000000000000000e+01 -3.300000000000000000e+01 5.321800000000000000e+04 5.026800000000000000e+04 5.171700000000000000e+04 4.964300000000000000e+04 1.808933899889234453e+01 4.600000000000000000e+01
2.670000000000000000e+02 3.800000000000000000e+01 -1.000000000000000000e+01 5.378700000000000000e+04 5.015000000000000000e+04 5.130400000000000000e+04 4.974000000000000000e+04 1.809914697392378002e+01 4.600000000000000000e+01
2.100000000000000000e+02 1.200000000000000000e+01 -4.000000000000000000e+00 5.312200000000000000e+04 5.021400000000000000e+04 5.222600000000000000e+04 4.964300000000000000e+04 1.810922286193817854e+01 4.600000000000000000e+01
8.500000000000000000e+01 2.100000000000000000e+01 3.000000000000000000e+00 5.277600000000000000e+04 4.977700000000000000e+04 5.255800000000000000e+04 4.995200000000000000e+04 1.812053376890253276e+01 4.900000000000000000e+01
-2.200000000000000000e+01 6.500000000000000000e+01 1.400000000000000000e+01 5.244000000000000000e+04 4.858300000000000000e+04 5.330600000000000000e+04 5.123400000000000000e+04 1.812939494999591261e+01 4.900000000000000000e+01
-1.060000000000000000e+02 6.500000000000000000e+01 3.100000000000000000e+01 5.265600000000000000e+04 4.826500000000000000e+04 5.337800000000000000e+04 5.157300000000000000e+04 1.813903785089496523e+01 4.900000000000000000e+01
-8.300000000000000000e+01 -3.100000000000000000e+01 1.400000000000000000e+01 5.163100000000000000e+04 5.001500000000000000e+04 5.454400000000000000e+04 5.011800000000000000e+04 1.814894591399934143e+01 4.900000000000000000e+01
-1.160000000000000000e+02 -1.570000000000000000e+02 -9.000000000000000000e+00 5.123000000000000000e+04 5.093900000000000000e+04 5.503500000000000000e+04 4.973900000000000000e+04 1.815875710395630449e+01 5.200000000000000000e+01
-1.040000000000000000e+02 -1.570000000000000000e+02 2.000000000000000000e+00 5.119000000000000000e+04 5.056000000000000000e+04 5.503600000000000000e+04 5.033500000000000000e+04 1.816891946899704635e+01 5.200000000000000000e+01
-8.000000000000000000e+01 -1.660000000000000000e+02 2.000000000000000000e+00 5.148200000000000000e+04 5.160300000000000000e+04 5.503700000000000000e+04 4.918800000000000000e+04 1.817924741096794605e+01 5.200000000000000000e+01
-2.400000000000000000e+01 -1.320000000000000000e+02 1.200000000000000000e+01 5.278600000000000000e+04 5.101400000000000000e+04 5.402800000000000000e+04 4.993000000000000000e+04 1.818954855890478939e+01 5.200000000000000000e+01
3.000000000000000000e+01 -7.400000000000000000e+01 2.800000000000000000e+01 5.296900000000000000e+04 5.112700000000000000e+04 5.398900000000000000e+04 4.984500000000000000e+04 1.819919682398904115e+01 5.200000000000000000e+01
2.100000000000000000e+01 -1.200000000000000000e+01 3.700000000000000000e+01 5.357000000000000000e+04 5.117100000000000000e+04 5.381200000000000000e+04 4.991300000000000000e+04 1.820932703500147909e+01 5.200000000000000000e+01
1.700000000000000000e+01 4.200000000000000000e+01 2.300000000000000000e+01 5.356400000000000000e+04 5.081700000000000000e+04 5.400400000000000000e+04 5.070700000000000000e+04 1.821892328595276922e+01 5.300000000000000000e+01
4.400000000000000000e+01 1.440000000000000000e+02 6.000000000000000000e+00 5.448000000000000000e+04 5.082100000000000000e+04 5.305600000000000000e+04 5.098500000000000000e+04 1.822870011092163622e+01 5.300000000000000000e+01
9.000000000000000000e+00 1.760000000000000000e+02 -8.000000000000000000e+00 5.497800000000000000e+04 5.097100000000000000e+04 5.282700000000000000e+04 5.123500000000000000e+04 1.823904893198050559e+01 5.300000000000000000e+01
-1.000000000000000000e+02 1.760000000000000000e+02 -2.000000000000000000e+01 5.359000000000000000e+04 4.919400000000000000e+04 5.436400000000000000e+04 5.310800000000000000e+04 1.824901808798313141e+01 5.300000000000000000e+01
-2.590000000000000000e+02 1.340000000000000000e+02 2.000000000000000000e+00 5.303700000000000000e+04 4.905800000000000000e+04 5.518400000000000000e+04 5.353000000000000000e+04 1.825846544792875648e+01 5.200000000000000000e+01
-3.270000000000000000e+02 7.400000000000000000e+01 1.200000000000000000e+01 5.202900000000000000e+04 4.959600000000000000e+04 5.659300000000000000e+04 5.331000000000000000e+04 1.826897220290265977e+01 5.200000000000000000e+01
-4.180000000000000000e+02 4.200000000000000000e+01 1.900000000000000000e+01 5.200900000000000000e+04 4.896600000000000000e+04 5.678500000000000000e+04 5.393200000000000000e+04 1.827887149597518146e+01 5.200000000000000000e+01
-4.300000000000000000e+02 1.700000000000000000e+01 4.400000000000000000e+01 5.162300000000000000e+04 4.837700000000000000e+04 5.736500000000000000e+04 5.429600000000000000e+04 1.828891698189545423e+01 5.200000000000000000e+01
-3.430000000000000000e+02 -8.000000000000000000e+00 5.900000000000000000e+01 5.235500000000000000e+04 4.966500000000000000e+04 5.715400000000000000e+04 5.311300000000000000e+04 1.829876671195961535e+01 5.200000000000000000e+01
-1.300000000000000000e+02 4.000000000000000000e+00 6.600000000000000000e+01 5.363800000000000000e+04 5.143200000000000000e+04 5.639200000000000000e+04 5.179100000000000000e+04 1.830859556596260518e+01 5.200000000000000000e+01
5.900000000000000000e+01 1.700000000000000000e+01 7.500000000000000000e+01 5.547900000000000000e+04 5.266800000000000000e+04 5.542200000000000000e+04 5.098800000000000000e+04 1.831874129793141037e+01 4.800000000000000000e+01
1.850000000000000000e+02 1.300000000000000000e+01 8.300000000000000000e+01 5.581500000000000000e+04 5.275300000000000000e+04 5.541500000000000000e+04 5.117700000000000000e+04 1.832862464699428529e+01 4.800000000000000000e+01
2.960000000000000000e+02 1.700000000000000000e+01 6.600000000000000000e+01 5.676400000000000000e+04 5.400300000000000000e+04 5.468200000000000000e+04 5.005500000000000000e+04 1.833841579093132168e+01 4.800000000000000000e+01
3.710000000000000000e+02 9.100000000000000000e+01 5.800000000000000000e+01 5.738000000000000000e+04 5.375900000000000000e+04 5.400000000000000000e+04 5.037700000000000000e+04 1.834837694093585014e+01 4.800000000000000000e+01
2.770000000000000000e+02 3.600000000000000000e+01 5.800000000000000000e+01 5.765400000000000000e+04 5.328700000000000000e+04 5.495900000000000000e+04 4.993000000000000000e+04 1.835874445899389684e+01 4.300000000000000000e+01
1.450000000000000000e+02 1.700000000000000000e+01 4.200000000000000000e+01 5.684800000000000000e+04 5.308700000000000000e+04 5.618800000000000000e+04 5.074100000000000000e+04 1.836859701597131789e+01 4.300000000000000000e+01
-1.400000000000000000e+01 -4.100000000000000000e+01 6.200000000000000000e+01 5.526000000000000000e+04 5.186700000000000000e+04 5.787900000000000000e+04 5.230200000000000000e+04 1.837903930596075952e+01 4.300000000000000000e+01
-1.080000000000000000e+02 -6.100000000000000000e+01 6.400000000000000000e+01 5.512800000000000000e+04 5.207700000000000000e+04 5.813800000000000000e+04 5.212600000000000000e+04 1.838870070595294237e+01 4.300000000000000000e+01
-1.830000000000000000e+02 -8.100000000000000000e+01 8.500000000000000000e+01 5.519400000000000000e+04 5.199800000000000000e+04 5.769100000000000000e+04 5.327200000000000000e+04 1.839940201991703361e+01 4.300000000000000000e+01
-1.450000000000000000e+02 5.000000000000000000e+00 9.600000000000000000e+01 5.565600000000000000e+04 5.204300000000000000e+04 5.745200000000000000e+04 5.297000000000000000e+04 1.840902246290352196e+01 4.300000000000000000e+01
-1.880000000000000000e+02 5.700000000000000000e+01 9.000000000000000000e+01 5.585000000000000000e+04 5.114800000000000000e+04 5.762500000000000000e+04 5.405900000000000000e+04 1.841934568597935140e+01 4.000000000000000000e+01
-8.600000000000000000e+01 1.550000000000000000e+02 9.700000000000000000e+01 5.772900000000000000e+04 5.233200000000000000e+04 5.572800000000000000e+04 5.280700000000000000e+04 1.842896256095264107e+01 4.000000000000000000e+01
-3.800000000000000000e+01 2.500000000000000000e+02 8.700000000000000000e+01 5.806300000000000000e+04 5.211900000000000000e+04 5.555200000000000000e+04 5.305500000000000000e+04 1.843931801698636264e+01 4.000000000000000000e+01
-8.900000000000000000e+01 2.360000000000000000e+02 7.900000000000000000e+01 5.771800000000000000e+04 5.124700000000000000e+04 5.585600000000000000e+04 5.393200000000000000e+04 1.844962151092477143e+01 4.000000000000000000e+01
-6.200000000000000000e+01 2.300000000000000000e+02 3.600000000000000000e+01 5.714200000000000000e+04 5.194800000000000000e+04 5.599900000000000000e+04 5.340000000000000000e+04 1.846001659799367189e+01 3.300000000000000000e+01
-6.600000000000000000e+01 1.250000000000000000e+02 2.400000000000000000e+01 5.749600000000000000e+04 5.221300000000000000e+04 5.661000000000000000e+04 5.325400000000000000e+04 1.846859874995425344e+01 3.300000000000000000e+01
-1.290000000000000000e+02 5.800000000000000000e+01 1.800000000000000000e+01 5.683500000000000000e+04 5.279100000000000000e+04 5.690900000000000000e+04 5.290500000000000000e+04 1.847872162098065019e+01 3.300000000000000000e+01
-1.350000000000000000e+02 5.000000000000000000e+00 4.200000000000000000e+01 5.606600000000000000e+04 5.264000000000000000e+04 5.772400000000000000e+04 5.275000000000000000e+04 1.849156409699935466e+01 3.300000000000000000e+01
-1.800000000000000000e+02 -8.000000000000000000e+01 5.700000000000000000e+01 5.582800000000000000e+04 5.249900000000000000e+04 5.837900000000000000e+04 5.252800000000000000e+04 1.849912757694255561e+01 3.300000000000000000e+01
-2.630000000000000000e+02 -1.190000000000000000e+02 4.900000000000000000e+01 5.444500000000000000e+04 5.167700000000000000e+04 5.961200000000000000e+04 5.287100000000000000e+04 1.850822930294089019e+01 3.300000000000000000e+01
-3.180000000000000000e+02 -1.450000000000000000e+02 7.200000000000000000e+01 5.426900000000000000e+04 5.145000000000000000e+04 6.011800000000000000e+04 5.335700000000000000e+04 1.851857164897955954e+01 2.900000000000000000e+01
-2.500000000000000000e+02 -8.400000000000000000e+01 9.000000000000000000e+01 5.518000000000000000e+04 5.123400000000000000e+04 5.965600000000000000e+04 5.306800000000000000e+04 1.852839416789356619e+01 2.900000000000000000e+01
-2.370000000000000000e+02 -9.400000000000000000e+01 9.900000000000000000e+01 5.579400000000000000e+04 5.143900000000000000e+04 5.963800000000000000e+04 5.236500000000000000e+04 1.853894233389291912e+01 2.900000000000000000e+01
-1.250000000000000000e+02 -5.100000000000000000e+01 9.200000000000000000e+01 5.593300000000000000e+04 5.089700000000000000e+04 5.958300000000000000e+04 5.235000000000000000e+04 1.854843011393677443e+01 2.900000000000000000e+01
-1.900000000000000000e+01 -3.600000000000000000e+01 9.400000000000000000e+01 5.729400000000000000e+04 5.192300000000000000e+04 5.841800000000000000e+04 5.039900000000000000e+04 1.855899058899376541e+01 2.900000000000000000e+01
6.100000000000000000e+01 -2.500000000000000000e+01 8.600000000000000000e+01 5.741300000000000000e+04 5.239000000000000000e+04 5.804200000000000000e+04 5.009500000000000000e+04 1.856950792297720909e+01 2.900000000000000000e+01
1.650000000000000000e+02 1.330000000000000000e+02 8.300000000000000000e+01 5.854800000000000000e+04 5.180500000000000000e+04 5.625300000000000000e+04 5.065500000000000000e+04 1.857862768298946321e+01 2.900000000000000000e+01
1.690000000000000000e+02 1.660000000000000000e+02 5.200000000000000000e+01 5.887800000000000000e+04 5.120000000000000000e+04 5.547600000000000000e+04 5.145400000000000000e+04 1.858828366990201175e+01 2.900000000000000000e+01
1.180000000000000000e+02 1.570000000000000000e+02 5.300000000000000000e+01 5.794500000000000000e+04 5.125800000000000000e+04 5.571400000000000000e+04 5.169000000000000000e+04 1.859879603097215295e+01 2.900000000000000000e+01
9.200000000000000000e+01 2.020000000000000000e+02 3.900000000000000000e+01 5.770500000000000000e+04 5.113100000000000000e+04 5.575100000000000000e+04 5.175700000000000000e+04 1.860818894894327968e+01 2.900000000000000000e+01
2.000000000000000000e+01 1.630000000000000000e+02 2.200000000000000000e+01 5.797500000000000000e+04 5.066800000000000000e+04 5.513800000000000000e+04 5.207100000000000000e+04 1.861939381796400994e+01 2.900000000000000000e+01
-1.020000000000000000e+02 2.160000000000000000e+02 3.000000000000000000e+01 5.758900000000000000e+04 4.964700000000000000e+04 5.526900000000000000e+04 5.306900000000000000e+04 1.862834502197802067e+01 2.900000000000000000e+01
-1.510000000000000000e+02 1.680000000000000000e+02 3.600000000000000000e+01 5.669100000000000000e+04 4.902300000000000000e+04 5.615800000000000000e+04 5.342000000000000000e+04 1.864325578394345939e+01 2.900000000000000000e+01
-1.810000000000000000e+02 7.300000000000000000e+01 4.100000000000000000e+01 5.587600000000000000e+04 4.885100000000000000e+04 5.687100000000000000e+04 5.337000000000000000e+04 1.865391870692837983e+01 2.900000000000000000e+01
-2.250000000000000000e+02 -5.500000000000000000e+01 2.000000000000000000e+01 5.414300000000000000e+04 4.968400000000000000e+04 5.791000000000000000e+04 5.187900000000000000e+04 1.865897709992714226e+01 3.200000000000000000e+01
-2.400000000000000000e+02 -2.200000000000000000e+02 4.000000000000000000e+01 5.307700000000000000e+04 5.000800000000000000e+04 5.837500000000000000e+04 5.136300000000000000e+04 1.866980126092676073e+01 3.200000000000000000e+01
-2.110000000000000000e+02 -2.630000000000000000e+02 4.500000000000000000e+01 5.224500000000000000e+04 5.033000000000000000e+04 5.879300000000000000e+04 5.069500000000000000e+04 1.867996646789833903e+01 3.200000000000000000e+01
-1.710000000000000000e+02 -3.600000000000000000e+02 4.700000000000000000e+01 5.193800000000000000e+04 5.138800000000000000e+04 5.914700000000000000e+04 4.910000000000000000e+04 1.868828540295362473e+01 3.200000000000000000e+01
-1.570000000000000000e+02 -2.770000000000000000e+02 3.900000000000000000e+01 5.250400000000000000e+04 5.036900000000000000e+04 5.868600000000000000e+04 4.959900000000000000e+04 1.869895459990948439e+01 3.200000000000000000e+01
-6.400000000000000000e+01 -1.950000000000000000e+02 3.300000000000000000e+01 5.178000000000000000e+04 4.992100000000000000e+04 5.904400000000000000e+04 5.009100000000000000e+04 1.870867412898223847e+01 3.200000000000000000e+01
4.800000000000000000e+01 -1.440000000000000000e+02 2.400000000000000000e+01 5.293700000000000000e+04 5.015100000000000000e+04 5.829200000000000000e+04 4.993200000000000000e+04 1.871860380098223686e+01 3.200000000000000000e+01
1.500000000000000000e+02 6.000000000000000000e+00 2.900000000000000000e+01 5.532000000000000000e+04 5.071000000000000000e+04 5.600400000000000000e+04 4.943900000000000000e+04 1.872862740990240127e+01 3.200000000000000000e+01
3.000000000000000000e+02 1.710000000000000000e+02 9.000000000000000000e+00 5.748100000000000000e+04 5.077400000000000000e+04 5.326500000000000000e+04 4.955200000000000000e+04 1.873873136995825917e+01 3.200000000000000000e+01
3.690000000000000000e+02 2.630000000000000000e+02 2.600000000000000000e+01 5.829700000000000000e+04 5.074200000000000000e+04 5.190900000000000000e+04 4.962400000000000000e+04 1.874828362395055592e+01 3.200000000000000000e+01
3.850000000000000000e+02 3.140000000000000000e+02 4.000000000000000000e+01 5.806500000000000000e+04 5.011200000000000000e+04 5.207700000000000000e+04 4.971300000000000000e+04 1.875807203596923500e+01 3.600000000000000000e+01
3.080000000000000000e+02 2.990000000000000000e+02 2.300000000000000000e+01 5.785100000000000000e+04 4.979400000000000000e+04 5.234100000000000000e+04 4.960500000000000000e+04 1.876864815293811262e+01 3.600000000000000000e+01
1.830000000000000000e+02 2.620000000000000000e+02 1.900000000000000000e+01 5.713300000000000000e+04 4.884700000000000000e+04 5.311900000000000000e+04 5.060900000000000000e+04 1.877818136394489557e+01 3.600000000000000000e+01
4.100000000000000000e+01 1.960000000000000000e+02 2.600000000000000000e+01 5.575900000000000000e+04 4.787400000000000000e+04 5.436100000000000000e+04 5.145200000000000000e+04 1.878877970995381474e+01 3.600000000000000000e+01
-1.280000000000000000e+02 4.200000000000000000e+01 3.100000000000000000e+01 5.464400000000000000e+04 4.998200000000000000e+04 5.575400000000000000e+04 4.917600000000000000e+04 1.879802865092642605e+01 3.600000000000000000e+01
-2.190000000000000000e+02 -7.400000000000000000e+01 2.300000000000000000e+01 5.363300000000000000e+04 4.981900000000000000e+04 5.677000000000000000e+04 4.925500000000000000e+04 1.880897077789995819e+01 3.600000000000000000e+01
-3.450000000000000000e+02 -2.090000000000000000e+02 2.500000000000000000e+01 5.147700000000000000e+04 4.998300000000000000e+04 5.844200000000000000e+04 4.947700000000000000e+04 1.881986723595764488e+01 3.700000000000000000e+01
-4.160000000000000000e+02 -2.090000000000000000e+02 1.900000000000000000e+01 5.080800000000000000e+04 4.982100000000000000e+04 5.884300000000000000e+04 4.975800000000000000e+04 1.882826997491065413e+01 3.700000000000000000e+01
-4.570000000000000000e+02 -2.310000000000000000e+02 4.000000000000000000e+01 5.005000000000000000e+04 4.914800000000000000e+04 5.945000000000000000e+04 5.029000000000000000e+04 1.883833237295038998e+01 3.700000000000000000e+01
-4.000000000000000000e+02 -1.680000000000000000e+02 2.100000000000000000e+01 5.006400000000000000e+04 4.733000000000000000e+04 5.961900000000000000e+04 5.172100000000000000e+04 1.884925382898654789e+01 3.700000000000000000e+01
-2.500000000000000000e+02 -1.110000000000000000e+02 3.200000000000000000e+01 5.113800000000000000e+04 4.767800000000000000e+04 5.880400000000000000e+04 5.092500000000000000e+04 1.885820979799609631e+01 4.200000000000000000e+01
-5.300000000000000000e+01 5.100000000000000000e+01 1.400000000000000000e+01 5.391800000000000000e+04 4.801800000000000000e+04 5.661800000000000000e+04 5.084300000000000000e+04 1.886931455892045051e+01 4.200000000000000000e+01
1.470000000000000000e+02 1.690000000000000000e+02 1.600000000000000000e+01 5.516200000000000000e+04 4.891600000000000000e+04 5.497000000000000000e+04 5.021300000000000000e+04 1.887983279488980770e+01 4.200000000000000000e+01
3.220000000000000000e+02 1.840000000000000000e+02 1.800000000000000000e+01 5.655900000000000000e+04 5.044200000000000000e+04 5.342600000000000000e+04 4.872500000000000000e+04 1.888835593196563423e+01 4.200000000000000000e+01
4.250000000000000000e+02 2.040000000000000000e+02 9.000000000000000000e+00 5.698700000000000000e+04 5.087800000000000000e+04 5.280700000000000000e+04 4.853000000000000000e+04 1.889840656390879303e+01 4.200000000000000000e+01
4.480000000000000000e+02 1.390000000000000000e+02 -3.000000000000000000e+00 5.714900000000000000e+04 5.166200000000000000e+04 5.227500000000000000e+04 4.814600000000000000e+04 1.890847987693268806e+01 4.200000000000000000e+01
4.040000000000000000e+02 1.590000000000000000e+02 5.000000000000000000e+00 5.767400000000000000e+04 5.252600000000000000e+04 5.188500000000000000e+04 4.742800000000000000e+04 1.891824848798569292e+01 4.200000000000000000e+01
3.020000000000000000e+02 1.170000000000000000e+02 2.200000000000000000e+01 5.729000000000000000e+04 5.231700000000000000e+04 5.321400000000000000e+04 4.749400000000000000e+04 1.892838565597776324e+01 4.200000000000000000e+01
8.200000000000000000e+01 9.200000000000000000e+01 5.000000000000000000e+00 5.604400000000000000e+04 5.047300000000000000e+04 5.496100000000000000e+04 4.940800000000000000e+04 1.893824181391391903e+01 4.200000000000000000e+01
-1.430000000000000000e+02 8.700000000000000000e+01 1.000000000000000000e+00 5.476200000000000000e+04 4.861200000000000000e+04 5.601300000000000000e+04 5.169800000000000000e+04 1.894866816198918968e+01 4.200000000000000000e+01
-2.720000000000000000e+02 7.300000000000000000e+01 -2.400000000000000000e+01 5.358400000000000000e+04 4.846500000000000000e+04 5.681200000000000000e+04 5.224000000000000000e+04 1.895868984598200768e+01 4.400000000000000000e+01
-4.470000000000000000e+02 -3.700000000000000000e+01 -3.300000000000000000e+01 5.148500000000000000e+04 4.787200000000000000e+04 5.798400000000000000e+04 5.304300000000000000e+04 1.896847636997699738e+01 4.400000000000000000e+01
-4.600000000000000000e+02 -6.300000000000000000e+01 -4.300000000000000000e+01 5.117700000000000000e+04 4.816100000000000000e+04 5.804700000000000000e+04 5.332800000000000000e+04 1.897875234088860452e+01 4.400000000000000000e+01
-4.390000000000000000e+02 -1.300000000000000000e+02 -5.100000000000000000e+01 5.065300000000000000e+04 4.896300000000000000e+04 5.822200000000000000e+04 5.321100000000000000e+04 1.898846468294505030e+01 4.400000000000000000e+01
-3.990000000000000000e+02 -1.040000000000000000e+02 -5.300000000000000000e+01 5.034900000000000000e+04 4.894400000000000000e+04 5.837000000000000000e+04 5.346900000000000000e+04 1.899809027591254562e+01 4.400000000000000000e+01
-2.730000000000000000e+02 -1.290000000000000000e+02 -3.200000000000000000e+01 5.140000000000000000e+04 5.019100000000000000e+04 5.803800000000000000e+04 5.241000000000000000e+04 1.900788690999615937e+01 4.400000000000000000e+01
-1.390000000000000000e+02 -1.030000000000000000e+02 -3.700000000000000000e+01 5.239200000000000000e+04 5.106800000000000000e+04 5.732400000000000000e+04 5.126700000000000000e+04 1.901801786490250379e+01 4.500000000000000000e+01
6.500000000000000000e+01 -5.300000000000000000e+01 -4.600000000000000000e+01 5.386600000000000000e+04 5.174900000000000000e+04 5.628200000000000000e+04 5.087400000000000000e+04 1.902772553788963705e+01 4.500000000000000000e+01
1.630000000000000000e+02 -3.800000000000000000e+01 -2.800000000000000000e+01 5.519500000000000000e+04 5.301300000000000000e+04 5.520300000000000000e+04 4.939800000000000000e+04 1.903845132188871503e+01 4.500000000000000000e+01
2.170000000000000000e+02 1.000000000000000000e+01 -2.700000000000000000e+01 5.512400000000000000e+04 5.275900000000000000e+04 5.538300000000000000e+04 4.970100000000000000e+04 1.904827808390837163e+01 4.500000000000000000e+01
2.190000000000000000e+02 1.700000000000000000e+01 -3.300000000000000000e+01 5.558200000000000000e+04 5.183200000000000000e+04 5.541900000000000000e+04 4.985800000000000000e+04 1.905799529992509633e+01 4.600000000000000000e+01
1.580000000000000000e+02 1.080000000000000000e+02 -3.200000000000000000e+01 5.574900000000000000e+04 5.091700000000000000e+04 5.481900000000000000e+04 5.129200000000000000e+04 1.906773734395392239e+01 4.600000000000000000e+01
2.040000000000000000e+02 1.690000000000000000e+02 -4.500000000000000000e+01 5.609800000000000000e+04 5.061700000000000000e+04 5.461100000000000000e+04 5.115000000000000000e+04 1.907883425697218627e+01 4.600000000000000000e+01
1.540000000000000000e+02 1.770000000000000000e+02 -5.200000000000000000e+01 5.609200000000000000e+04 5.087200000000000000e+04 5.374600000000000000e+04 5.185200000000000000e+04 1.908800336800049990e+01 4.600000000000000000e+01
1.440000000000000000e+02 2.210000000000000000e+02 -7.500000000000000000e+01 5.547700000000000000e+04 5.041400000000000000e+04 5.488000000000000000e+04 5.171600000000000000e+04 1.909815111395437270e+01 4.600000000000000000e+01
1.000000000000000000e+02 1.870000000000000000e+02 -8.900000000000000000e+01 5.542100000000000000e+04 5.094000000000000000e+04 5.332800000000000000e+04 5.294000000000000000e+04 1.910875220794696361e+01 4.600000000000000000e+01
8.400000000000000000e+01 1.700000000000000000e+02 -9.500000000000000000e+01 5.479100000000000000e+04 5.165800000000000000e+04 5.424000000000000000e+04 5.308700000000000000e+04 1.911862141394522041e+01 4.100000000000000000e+01
9.600000000000000000e+01 3.300000000000000000e+01 -8.500000000000000000e+01 5.469000000000000000e+04 5.243700000000000000e+04 5.429700000000000000e+04 5.242600000000000000e+04 1.912831143895164132e+01 4.100000000000000000e+01
1.010000000000000000e+02 -6.900000000000000000e+01 -8.200000000000000000e+01 5.424400000000000000e+04 5.360700000000000000e+04 5.475200000000000000e+04 5.116800000000000000e+04 1.913790554995648563e+01 4.100000000000000000e+01
7.700000000000000000e+01 -2.000000000000000000e+02 -8.200000000000000000e+01 5.220800000000000000e+04 5.425600000000000000e+04 5.653700000000000000e+04 5.047800000000000000e+04 1.914834256994072348e+01 4.100000000000000000e+01
1.000000000000000000e+01 -2.520000000000000000e+02 -9.000000000000000000e+01 5.208200000000000000e+04 5.399900000000000000e+04 5.692800000000000000e+04 5.106700000000000000e+04 1.915812516189180315e+01 3.900000000000000000e+01
-5.000000000000000000e+01 -3.020000000000000000e+02 -7.900000000000000000e+01 5.153500000000000000e+04 5.418700000000000000e+04 5.738700000000000000e+04 5.091100000000000000e+04 1.916911314695607871e+01 3.900000000000000000e+01
-9.500000000000000000e+01 -3.140000000000000000e+02 -7.900000000000000000e+01 5.193600000000000000e+04 5.200300000000000000e+04 5.828800000000000000e+04 5.162800000000000000e+04 1.917803311895113438e+01 3.900000000000000000e+01
-7.700000000000000000e+01 -2.040000000000000000e+02 -6.100000000000000000e+01 5.347200000000000000e+04 5.169900000000000000e+04 5.729600000000000000e+04 5.170800000000000000e+04 1.918818217492662370e+01 3.900000000000000000e+01
-5.200000000000000000e+01 -1.280000000000000000e+02 -6.300000000000000000e+01 5.059800000000000000e+04 4.859400000000000000e+04 5.927200000000000000e+04 5.461300000000000000e+04 1.919799094495829195e+01 3.900000000000000000e+01
-1.100000000000000000e+01 4.000000000000000000e+00 -5.500000000000000000e+01 5.433400000000000000e+04 4.898800000000000000e+04 5.656800000000000000e+04 5.425500000000000000e+04 1.920856526296120137e+01 3.900000000000000000e+01
9.300000000000000000e+01 1.230000000000000000e+02 -7.200000000000000000e+01 5.544100000000000000e+04 5.351300000000000000e+04 5.593000000000000000e+04 5.044800000000000000e+04 1.921800228394567966e+01 3.500000000000000000e+01
1.650000000000000000e+02 2.300000000000000000e+02 -8.600000000000000000e+01 5.651100000000000000e+04 5.215000000000000000e+04 5.482800000000000000e+04 5.232800000000000000e+04 1.922812442493159324e+01 3.500000000000000000e+01
2.870000000000000000e+02 3.030000000000000000e+02 -6.500000000000000000e+01 5.780000000000000000e+04 4.863200000000000000e+04 5.342100000000000000e+04 5.564100000000000000e+04 1.923774020699784160e+01 3.500000000000000000e+01
3.490000000000000000e+02 3.010000000000000000e+02 -5.400000000000000000e+01 5.806000000000000000e+04 5.478700000000000000e+04 5.320000000000000000e+04 4.954400000000000000e+04 1.924810818792320788e+01 3.500000000000000000e+01
3.540000000000000000e+02 1.620000000000000000e+02 -3.700000000000000000e+01 5.817600000000000000e+04 5.058300000000000000e+04 5.357800000000000000e+04 5.414500000000000000e+04 1.925862087798304856e+01 3.200000000000000000e+01
3.360000000000000000e+02 5.700000000000000000e+01 -4.500000000000000000e+01 5.640200000000000000e+04 5.395000000000000000e+04 5.567500000000000000e+04 5.079000000000000000e+04 1.926865863497368991e+01 3.200000000000000000e+01
2.170000000000000000e+02 -9.700000000000000000e+01 -2.700000000000000000e+01 5.677600000000000000e+04 5.517200000000000000e+04 5.528700000000000000e+04 4.929200000000000000e+04 1.927808063395787030e+01 3.200000000000000000e+01
6.900000000000000000e+01 -2.210000000000000000e+02 -2.500000000000000000e+01 5.303900000000000000e+04 5.398600000000000000e+04 5.859700000000000000e+04 5.068100000000000000e+04 1.928791683993767947e+01 3.200000000000000000e+01
-9.700000000000000000e+01 -3.120000000000000000e+02 2.000000000000000000e+00 5.209400000000000000e+04 5.313000000000000000e+04 5.942500000000000000e+04 5.137800000000000000e+04 1.929866308893542737e+01 3.200000000000000000e+01
-2.130000000000000000e+02 -2.850000000000000000e+02 2.100000000000000000e+01 5.473700000000000000e+04 5.319200000000000000e+04 5.766600000000000000e+04 5.094900000000000000e+04 1.930796516896225512e+01 3.200000000000000000e+01
-2.520000000000000000e+02 -2.100000000000000000e+02 1.300000000000000000e+01 5.235500000000000000e+04 5.110800000000000000e+04 5.928800000000000000e+04 5.314000000000000000e+04 1.931799048790708184e+01 3.200000000000000000e+01
-2.570000000000000000e+02 -1.650000000000000000e+02 1.000000000000000000e+01 5.378800000000000000e+04 5.132100000000000000e+04 5.842800000000000000e+04 5.307400000000000000e+04 1.932809048390481621e+01 3.200000000000000000e+01
-2.110000000000000000e+02 -1.040000000000000000e+02 0.000000000000000000e+00 5.025700000000000000e+04 5.144000000000000000e+04 6.065100000000000000e+04 5.302500000000000000e+04 1.933776174695231020e+01 3.200000000000000000e+01
-1.810000000000000000e+02 1.000000000000000000e+00 -9.000000000000000000e+00 5.497700000000000000e+04 5.240000000000000000e+04 5.733700000000000000e+04 5.210900000000000000e+04 1.934819397691171616e+01 3.200000000000000000e+01
2.100000000000000000e+01 8.300000000000000000e+01 -1.000000000000000000e+00 5.709000000000000000e+04 5.077500000000000000e+04 5.530100000000000000e+04 5.371100000000000000e+04 1.935806731891352683e+01 2.800000000000000000e+01
2.220000000000000000e+02 9.600000000000000000e+01 -8.000000000000000000e+00 5.448100000000000000e+04 5.396200000000000000e+04 5.773000000000000000e+04 5.046000000000000000e+04 1.936767511197831482e+01 2.800000000000000000e+01
3.050000000000000000e+02 1.100000000000000000e+02 -1.100000000000000000e+01 5.853600000000000000e+04 5.580000000000000000e+04 5.327900000000000000e+04 4.826600000000000000e+04 1.937754918995779008e+01 2.800000000000000000e+01
3.690000000000000000e+02 7.500000000000000000e+01 -3.000000000000000000e+01 5.732400000000000000e+04 5.436600000000000000e+04 5.473800000000000000e+04 5.000500000000000000e+04 1.938743085192982107e+01 2.800000000000000000e+01
2.670000000000000000e+02 4.900000000000000000e+01 -2.600000000000000000e+01 5.423300000000000000e+04 5.258200000000000000e+04 5.752700000000000000e+04 5.206200000000000000e+04 1.939873279398307204e+01 2.800000000000000000e+01
1.710000000000000000e+02 1.240000000000000000e+02 -4.300000000000000000e+01 5.843400000000000000e+04 5.396400000000000000e+04 5.290100000000000000e+04 5.054300000000000000e+04 1.940768383699469268e+01 2.800000000000000000e+01
4.600000000000000000e+01 1.900000000000000000e+02 -6.300000000000000000e+01 5.548800000000000000e+04 4.920000000000000000e+04 5.551500000000000000e+04 5.601800000000000000e+04 1.941815372789278626e+01 2.600000000000000000e+01
-8.400000000000000000e+01 1.830000000000000000e+02 -5.700000000000000000e+01 5.568400000000000000e+04 5.365100000000000000e+04 5.602100000000000000e+04 5.117400000000000000e+04 1.942830176500137895e+01 2.600000000000000000e+01
-1.770000000000000000e+02 1.730000000000000000e+02 -5.600000000000000000e+01 5.360900000000000000e+04 4.941500000000000000e+04 5.694300000000000000e+04 5.613100000000000000e+04 1.943882723199203610e+01 2.600000000000000000e+01
-2.940000000000000000e+02 1.110000000000000000e+02 -5.200000000000000000e+01 5.378800000000000000e+04 5.027200000000000000e+04 5.761400000000000000e+04 5.452600000000000000e+04 1.944791918992996216e+01 2.600000000000000000e+01
-3.210000000000000000e+02 1.300000000000000000e+01 -6.300000000000000000e+01 5.267500000000000000e+04 5.006600000000000000e+04 5.741300000000000000e+04 5.540500000000000000e+04 1.945759419398382306e+01 2.700000000000000000e+01
-2.720000000000000000e+02 -4.300000000000000000e+01 -3.900000000000000000e+01 5.448700000000000000e+04 5.297300000000000000e+04 5.660500000000000000e+04 5.149300000000000000e+04 1.946941698295995593e+01 2.700000000000000000e+01
-1.750000000000000000e+02 -4.500000000000000000e+01 -6.200000000000000000e+01 5.196900000000000000e+04 5.220300000000000000e+04 5.736300000000000000e+04 5.301900000000000000e+04 1.947785961092449725e+01 2.700000000000000000e+01
-1.600000000000000000e+01 -5.500000000000000000e+01 -5.400000000000000000e+01 5.209400000000000000e+04 5.118500000000000000e+04 5.710800000000000000e+04 5.383200000000000000e+04 1.948868480895180255e+01 2.700000000000000000e+01
1.110000000000000000e+02 -6.800000000000000000e+01 -5.700000000000000000e+01 5.483200000000000000e+04 5.227500000000000000e+04 5.464200000000000000e+04 5.258600000000000000e+04 1.949776993191335350e+01 2.700000000000000000e+01
1.740000000000000000e+02 -4.800000000000000000e+01 -5.000000000000000000e+01 5.650600000000000000e+04 5.730000000000000000e+04 5.253900000000000000e+04 4.587300000000000000e+04 1.950823453394696116e+01 2.700000000000000000e+01
2.010000000000000000e+02 -5.200000000000000000e+01 -2.100000000000000000e+01 5.486600000000000000e+04 5.088100000000000000e+04 5.451500000000000000e+04 5.322300000000000000e+04 1.951811282592825592e+01 2.800000000000000000e+01
1.880000000000000000e+02 3.900000000000000000e+01 -1.100000000000000000e+01 5.446400000000000000e+04 5.525800000000000000e+04 5.530400000000000000e+04 4.769200000000000000e+04 1.952770703798159957e+01 2.800000000000000000e+01
1.330000000000000000e+02 8.500000000000000000e+01 -8.000000000000000000e+00 5.551100000000000000e+04 5.198500000000000000e+04 5.464400000000000000e+04 5.095500000000000000e+04 1.953859100199770182e+01 2.800000000000000000e+01
1.130000000000000000e+02 1.730000000000000000e+02 -1.000000000000000000e+01 5.703200000000000000e+04 5.205700000000000000e+04 5.301400000000000000e+04 5.082500000000000000e+04 1.954910944600123912e+01 2.800000000000000000e+01
5.000000000000000000e+00 1.420000000000000000e+02 2.000000000000000000e+00 5.702900000000000000e+04 4.917600000000000000e+04 5.304500000000000000e+04 5.338800000000000000e+04 1.955774281895719469e+01 2.700000000000000000e+01
1.000000000000000000e+00 1.710000000000000000e+02 -4.100000000000000000e+01 5.305200000000000000e+04 4.927000000000000000e+04 5.640900000000000000e+04 5.366800000000000000e+04 1.956759982393123209e+01 2.700000000000000000e+01
-4.900000000000000000e+01 1.060000000000000000e+02 -4.400000000000000000e+01 5.601900000000000000e+04 5.234300000000000000e+04 5.285000000000000000e+04 5.150200000000000000e+04 1.957822500297334045e+01 2.700000000000000000e+01
-6.500000000000000000e+01 1.060000000000000000e+02 -5.900000000000000000e+01 5.448500000000000000e+04 5.091900000000000000e+04 5.436700000000000000e+04 5.326600000000000000e+04 1.958785991696640849e+01 2.700000000000000000e+01
-1.220000000000000000e+02 2.300000000000000000e+01 -7.700000000000000000e+01 5.319700000000000000e+04 5.085700000000000000e+04 5.538400000000000000e+04 5.382800000000000000e+04 1.959784891398157924e+01 2.700000000000000000e+01
-1.600000000000000000e+02 -8.600000000000000000e+01 -7.200000000000000000e+01 5.137300000000000000e+04 4.894000000000000000e+04 5.672300000000000000e+04 5.593500000000000000e+04 1.960750988998916000e+01 2.700000000000000000e+01
-1.670000000000000000e+02 -1.740000000000000000e+02 -1.000000000000000000e+02 5.334700000000000000e+04 5.488500000000000000e+04 5.503300000000000000e+04 5.095300000000000000e+04 1.961915154091548175e+01 2.900000000000000000e+01
-1.360000000000000000e+02 -2.430000000000000000e+02 -9.800000000000000000e+01 5.047900000000000000e+04 5.362300000000000000e+04 5.706600000000000000e+04 5.300700000000000000e+04 1.962789034389425069e+01 2.900000000000000000e+01
-8.300000000000000000e+01 -3.010000000000000000e+02 -8.600000000000000000e+01 4.784100000000000000e+04 5.222400000000000000e+04 5.894500000000000000e+04 5.481600000000000000e+04 1.963885526498779655e+01 2.900000000000000000e+01
-3.300000000000000000e+01 -3.100000000000000000e+02 -9.500000000000000000e+01 5.068900000000000000e+04 5.473200000000000000e+04 5.738200000000000000e+04 5.215000000000000000e+04 1.964768205594737083e+01 1.127000000000000000e+03
5.000000000000000000e+01 -3.260000000000000000e+02 -9.300000000000000000e+01 5.059000000000000000e+04 5.454100000000000000e+04 5.742700000000000000e+04 5.270700000000000000e+04 1.965805100789293647e+01 1.127000000000000000e+03
1.230000000000000000e+02 -2.380000000000000000e+02 -1.030000000000000000e+02 5.395700000000000000e+04 5.662600000000000000e+04 5.466200000000000000e+04 5.050500000000000000e+04 1.966794034990016371e+01 1.127000000000000000e+03
1.730000000000000000e+02 -2.150000000000000000e+02 -9.100000000000000000e+01 5.230600000000000000e+04 5.524900000000000000e+04 5.620700000000000000e+04 5.247100000000000000e+04 1.967776771297212690e+01 1.127000000000000000e+03
2.200000000000000000e+02 -1.110000000000000000e+02 -9.100000000000000000e+01 5.429000000000000000e+04 5.595500000000000000e+04 5.459700000000000000e+04 5.214300000000000000e+04 1.968765476590488106e+01 1.127000000000000000e+03
2.880000000000000000e+02 -3.000000000000000000e+01 -8.200000000000000000e+01 5.747700000000000000e+04 5.400500000000000000e+04 5.138900000000000000e+04 5.416300000000000000e+04 1.969737343897577375e+01 1.127000000000000000e+03
2.620000000000000000e+02 -9.000000000000000000e+00 -8.500000000000000000e+01 5.645400000000000000e+04 5.518200000000000000e+04 5.237000000000000000e+04 5.238200000000000000e+04 1.970746274292469025e+01 7.840000000000000000e+02
1.960000000000000000e+02 5.700000000000000000e+01 -4.700000000000000000e+01 5.612300000000000000e+04 5.438500000000000000e+04 5.349400000000000000e+04 5.328000000000000000e+04 1.971804028993938118e+01 7.840000000000000000e+02
9.500000000000000000e+01 -4.200000000000000000e+01 -3.700000000000000000e+01 5.396100000000000000e+04 5.302100000000000000e+04 5.628600000000000000e+04 5.430600000000000000e+04 1.972775910992641002e+01 7.840000000000000000e+02
-4.700000000000000000e+01 -7.700000000000000000e+01 -2.200000000000000000e+01 5.360000000000000000e+04 5.417800000000000000e+04 5.701600000000000000e+04 5.301700000000000000e+04 1.973754111898597330e+01 7.840000000000000000e+02
-1.370000000000000000e+02 -2.130000000000000000e+02 -4.100000000000000000e+01 5.418500000000000000e+04 5.201400000000000000e+04 5.672700000000000000e+04 5.516600000000000000e+04 1.974718843598384410e+01 7.790000000000000000e+02
-2.310000000000000000e+02 -2.720000000000000000e+02 -4.100000000000000000e+01 5.127500000000000000e+04 5.328200000000000000e+04 5.887900000000000000e+04 5.431200000000000000e+04 1.975757652590982616e+01 7.790000000000000000e+02
-2.540000000000000000e+02 -3.740000000000000000e+02 -3.100000000000000000e+01 5.008600000000000000e+04 5.386300000000000000e+04 5.953000000000000000e+04 5.371900000000000000e+04 1.976731547294184566e+01 7.790000000000000000e+02
-2.820000000000000000e+02 -3.850000000000000000e+02 -4.000000000000000000e+01 4.768600000000000000e+04 5.318000000000000000e+04 6.113800000000000000e+04 5.456000000000000000e+04 1.977726685395464301e+01 7.790000000000000000e+02
-2.370000000000000000e+02 -3.890000000000000000e+02 -1.600000000000000000e+01 5.109100000000000000e+04 5.319500000000000000e+04 5.959600000000000000e+04 5.368500000000000000e+04 1.978796118393074721e+01 7.790000000000000000e+02
-1.900000000000000000e+02 -4.150000000000000000e+02 -2.700000000000000000e+01 5.229600000000000000e+04 5.390100000000000000e+04 5.846600000000000000e+04 5.358300000000000000e+04 1.979947473900392652e+01 7.790000000000000000e+02
-1.120000000000000000e+02 -3.310000000000000000e+02 -1.300000000000000000e+01 5.260100000000000000e+04 5.329000000000000000e+04 5.876100000000000000e+04 5.370100000000000000e+04 1.980775504093617201e+01 7.770000000000000000e+02
-2.200000000000000000e+01 -3.340000000000000000e+02 -1.700000000000000000e+01 5.121200000000000000e+04 5.505000000000000000e+04 5.949800000000000000e+04 5.212000000000000000e+04 1.981788091990165412e+01 7.770000000000000000e+02
7.000000000000000000e+01 -2.180000000000000000e+02 -1.500000000000000000e+01 5.493000000000000000e+04 5.314600000000000000e+04 5.713800000000000000e+04 5.397600000000000000e+04 1.982757781492546201e+01 7.770000000000000000e+02
1.490000000000000000e+02 -1.780000000000000000e+02 -2.900000000000000000e+01 5.383500000000000000e+04 5.497800000000000000e+04 5.768300000000000000e+04 5.250600000000000000e+04 1.983887945197056979e+01 7.770000000000000000e+02
2.060000000000000000e+02 -5.800000000000000000e+01 -3.000000000000000000e+00 5.605500000000000000e+04 5.411800000000000000e+04 5.602300000000000000e+04 5.294100000000000000e+04 1.984788990393280983e+01 7.750000000000000000e+02
1.510000000000000000e+02 5.700000000000000000e+01 6.000000000000000000e+00 5.518000000000000000e+04 5.290400000000000000e+04 5.699800000000000000e+04 5.394100000000000000e+04 1.985845122497994453e+01 7.750000000000000000e+02
7.300000000000000000e+01 1.190000000000000000e+02 2.200000000000000000e+01 5.479200000000000000e+04 5.219900000000000000e+04 5.739900000000000000e+04 5.448600000000000000e+04 1.986871058994438499e+01 7.750000000000000000e+02
-4.900000000000000000e+01 9.500000000000000000e+01 1.900000000000000000e+01 5.571700000000000000e+04 4.983900000000000000e+04 5.656100000000000000e+04 5.647600000000000000e+04 1.987852632289286703e+01 7.750000000000000000e+02
-1.240000000000000000e+02 3.200000000000000000e+01 -2.100000000000000000e+01 5.394800000000000000e+04 5.163300000000000000e+04 5.781600000000000000e+04 5.499600000000000000e+04 1.988834028097335249e+01 7.750000000000000000e+02
-1.710000000000000000e+02 -1.900000000000000000e+01 -1.000000000000000000e+01 5.326900000000000000e+04 5.209100000000000000e+04 5.823700000000000000e+04 5.481700000000000000e+04 1.989873387594707310e+01 7.750000000000000000e+02
-1.530000000000000000e+02 -1.510000000000000000e+02 -3.100000000000000000e+01 5.285300000000000000e+04 5.263500000000000000e+04 5.864800000000000000e+04 5.461100000000000000e+04 1.991552434093318880e+01 7.740000000000000000e+02
-2.600000000000000000e+01 -1.450000000000000000e+02 -3.800000000000000000e+01 5.317000000000000000e+04 5.371700000000000000e+04 5.821600000000000000e+04 5.344300000000000000e+04 1.991984101198613644e+01 7.740000000000000000e+02
1.490000000000000000e+02 -2.360000000000000000e+02 -3.500000000000000000e+01 5.398100000000000000e+04 5.462300000000000000e+04 5.746900000000000000e+04 5.259200000000000000e+04 1.992774989397730678e+01 7.740000000000000000e+02
2.560000000000000000e+02 -2.370000000000000000e+02 -5.200000000000000000e+01 5.462100000000000000e+04 5.539600000000000000e+04 5.681800000000000000e+04 5.184100000000000000e+04 1.993754060997162014e+01 7.740000000000000000e+02
3.860000000000000000e+02 -1.950000000000000000e+02 -5.900000000000000000e+01 5.534000000000000000e+04 5.585600000000000000e+04 5.608500000000000000e+04 5.136600000000000000e+04 1.995187539595644921e+01 7.660000000000000000e+02
4.490000000000000000e+02 -1.630000000000000000e+02 -7.100000000000000000e+01 5.603700000000000000e+04 5.646500000000000000e+04 5.577000000000000000e+04 5.144200000000000000e+04 1.995810950396116823e+01 7.660000000000000000e+02
4.840000000000000000e+02 -4.100000000000000000e+01 -5.700000000000000000e+01 5.784200000000000000e+04 5.533600000000000000e+04 5.360500000000000000e+04 5.261200000000000000e+04 1.996934490697458386e+01 7.660000000000000000e+02
4.370000000000000000e+02 -3.600000000000000000e+01 -3.600000000000000000e+01 5.651800000000000000e+04 5.534700000000000000e+04 5.524800000000000000e+04 5.248600000000000000e+04 1.997776826890185475e+01 7.660000000000000000e+02
3.950000000000000000e+02 6.000000000000000000e+01 -5.200000000000000000e+01 5.683900000000000000e+04 5.504100000000000000e+04 5.480700000000000000e+04 5.281600000000000000e+04 1.998840216198004782e+01 7.660000000000000000e+02
3.010000000000000000e+02 1.430000000000000000e+02 -5.000000000000000000e+01 5.709200000000000000e+04 5.410400000000000000e+04 5.433800000000000000e+04 5.378500000000000000e+04 1.999763257591985166e+01 7.660000000000000000e+02
2.350000000000000000e+02 1.250000000000000000e+02 -6.800000000000000000e+01 5.684000000000000000e+04 5.441400000000000000e+04 5.454600000000000000e+04 5.345600000000000000e+04 2.000736874493304640e+01 7.670000000000000000e+02
1.880000000000000000e+02 1.560000000000000000e+02 -3.800000000000000000e+01 5.686500000000000000e+04 5.427100000000000000e+04 5.465400000000000000e+04 5.381300000000000000e+04 2.001809999300166965e+01 7.670000000000000000e+02
1.550000000000000000e+02 7.600000000000000000e+01 -3.200000000000000000e+01 5.658800000000000000e+04 5.465600000000000000e+04 5.495600000000000000e+04 5.323400000000000000e+04 2.002738694089930505e+01 7.670000000000000000e+02
7.900000000000000000e+01 3.400000000000000000e+01 -4.000000000000000000e+00 5.613100000000000000e+04 5.389200000000000000e+04 5.562100000000000000e+04 5.376600000000000000e+04 2.003736769990064204e+01 7.670000000000000000e+02
2.100000000000000000e+01 -5.200000000000000000e+01 1.700000000000000000e+01 5.536500000000000000e+04 5.402200000000000000e+04 5.653100000000000000e+04 5.328000000000000000e+04 2.004718486394267529e+01 7.670000000000000000e+02
-1.700000000000000000e+01 -1.060000000000000000e+02 3.800000000000000000e+01 5.511000000000000000e+04 5.416600000000000000e+04 5.665600000000000000e+04 5.257300000000000000e+04 2.005777767999097705e+01 7.670000000000000000e+02
-5.900000000000000000e+01 -1.570000000000000000e+02 2.600000000000000000e+01 5.514200000000000000e+04 5.425300000000000000e+04 5.665800000000000000e+04 5.228000000000000000e+04 2.006776671891566366e+01 7.670000000000000000e+02
-1.000000000000000000e+02 -1.480000000000000000e+02 3.800000000000000000e+01 5.392900000000000000e+04 5.363700000000000000e+04 5.740000000000000000e+04 5.261900000000000000e+04 2.007753906596917659e+01 7.670000000000000000e+02
-1.460000000000000000e+02 -1.940000000000000000e+02 2.900000000000000000e+01 5.390300000000000000e+04 5.399500000000000000e+04 5.734900000000000000e+04 5.212700000000000000e+04 2.008767990989144892e+01 7.670000000000000000e+02
-1.290000000000000000e+02 -1.450000000000000000e+02 7.000000000000000000e+01 5.479600000000000000e+04 5.359000000000000000e+04 5.668700000000000000e+04 5.223900000000000000e+04 2.009717928792815655e+01 7.670000000000000000e+02
-9.900000000000000000e+01 -9.200000000000000000e+01 5.100000000000000000e+01 5.492100000000000000e+04 5.309400000000000000e+04 5.655700000000000000e+04 5.253900000000000000e+04 2.010691231396049261e+01 7.650000000000000000e+02
-1.220000000000000000e+02 -8.600000000000000000e+01 6.400000000000000000e+01 5.504300000000000000e+04 5.320200000000000000e+04 5.657300000000000000e+04 5.241000000000000000e+04 2.011761551990639418e+01 7.650000000000000000e+02
-6.300000000000000000e+01 -1.600000000000000000e+01 5.000000000000000000e+01 5.507900000000000000e+04 5.355700000000000000e+04 5.639000000000000000e+04 5.185500000000000000e+04 2.012731283297762275e+01 7.650000000000000000e+02
-2.900000000000000000e+01 -2.700000000000000000e+01 3.800000000000000000e+01 5.550100000000000000e+04 5.340000000000000000e+04 5.594400000000000000e+04 5.207200000000000000e+04 2.013751040492206812e+01 7.650000000000000000e+02
-9.000000000000000000e+00 5.200000000000000000e+01 3.400000000000000000e+01 5.566700000000000000e+04 5.347000000000000000e+04 5.570500000000000000e+04 5.201600000000000000e+04 2.014746841392479837e+01 7.620000000000000000e+02
3.100000000000000000e+01 2.000000000000000000e+00 2.500000000000000000e+01 5.603900000000000000e+04 5.384200000000000000e+04 5.560700000000000000e+04 5.211400000000000000e+04 2.015781477896962315e+01 7.620000000000000000e+02
3.300000000000000000e+01 -4.000000000000000000e+00 3.500000000000000000e+01 5.605300000000000000e+04 5.398800000000000000e+04 5.556800000000000000e+04 5.198000000000000000e+04 2.016755952395033091e+01 7.620000000000000000e+02
6.700000000000000000e+01 -2.400000000000000000e+01 2.600000000000000000e+01 5.539300000000000000e+04 5.427800000000000000e+04 5.629800000000000000e+04 5.156600000000000000e+04 2.017724631098099053e+01 7.620000000000000000e+02
5.500000000000000000e+01 -6.500000000000000000e+01 3.300000000000000000e+01 5.620700000000000000e+04 5.489800000000000000e+04 5.540500000000000000e+04 5.092800000000000000e+04 2.018701700097881258e+01 7.620000000000000000e+02
9.000000000000000000e+00 -7.200000000000000000e+01 3.300000000000000000e+01 5.522400000000000000e+04 5.448200000000000000e+04 5.645200000000000000e+04 5.131500000000000000e+04 2.019716207997407764e+01 7.620000000000000000e+02
-9.000000000000000000e+00 -5.000000000000000000e+01 4.000000000000000000e+01 5.597000000000000000e+04 5.406900000000000000e+04 5.577200000000000000e+04 5.181700000000000000e+04 2.020842728100251406e+01 7.620000000000000000e+02
-1.000000000000000000e+02 3.800000000000000000e+01 6.000000000000000000e+00 5.512400000000000000e+04 5.321100000000000000e+04 5.658900000000000000e+04 5.285700000000000000e+04 2.021689182193949819e+01 7.660000000000000000e+02
-1.510000000000000000e+02 3.900000000000000000e+01 2.800000000000000000e+01 5.577300000000000000e+04 5.281400000000000000e+04 5.600300000000000000e+04 5.315700000000000000e+04 2.022771814698353410e+01 7.660000000000000000e+02
-1.760000000000000000e+02 1.180000000000000000e+02 2.700000000000000000e+01 5.577500000000000000e+04 5.222400000000000000e+04 5.612400000000000000e+04 5.364800000000000000e+04 2.023782477295026183e+01 7.660000000000000000e+02
-2.290000000000000000e+02 9.600000000000000000e+01 3.900000000000000000e+01 5.588200000000000000e+04 5.153100000000000000e+04 5.605100000000000000e+04 5.431200000000000000e+04 2.024755115900188684e+01 7.660000000000000000e+02
-2.410000000000000000e+02 1.630000000000000000e+02 4.500000000000000000e+01 5.548700000000000000e+04 5.149400000000000000e+04 5.639500000000000000e+04 5.405700000000000000e+04 2.025895454699639231e+01 7.620000000000000000e+02
-2.050000000000000000e+02 8.700000000000000000e+01 4.100000000000000000e+01 5.549800000000000000e+04 5.226100000000000000e+04 5.670300000000000000e+04 5.368000000000000000e+04 2.026790183188859373e+01 7.620000000000000000e+02
-1.730000000000000000e+02 1.080000000000000000e+02 4.400000000000000000e+01 5.586700000000000000e+04 5.292600000000000000e+04 5.640300000000000000e+04 5.303700000000000000e+04 2.027716046094428748e+01 7.620000000000000000e+02
-1.250000000000000000e+02 4.100000000000000000e+01 4.900000000000000000e+01 5.595400000000000000e+04 5.351200000000000000e+04 5.642400000000000000e+04 5.233500000000000000e+04 2.028793827292975038e+01 7.620000000000000000e+02
-5.500000000000000000e+01 -2.000000000000000000e+01 4.200000000000000000e+01 5.619400000000000000e+04 5.368000000000000000e+04 5.618600000000000000e+04 5.216500000000000000e+04 2.029742284095846117e+01 7.620000000000000000e+02
-1.000000000000000000e+00 -5.600000000000000000e+01 6.300000000000000000e+01 5.617600000000000000e+04 5.429900000000000000e+04 5.630000000000000000e+04 5.142700000000000000e+04 2.030706523091066629e+01 7.620000000000000000e+02
2.000000000000000000e+01 -1.090000000000000000e+02 7.600000000000000000e+01 5.641700000000000000e+04 5.430500000000000000e+04 5.645800000000000000e+04 5.143800000000000000e+04 2.031680948089342564e+01 7.650000000000000000e+02
-2.100000000000000000e+01 -1.090000000000000000e+02 8.500000000000000000e+01 5.596800000000000000e+04 5.368400000000000000e+04 5.688200000000000000e+04 5.171300000000000000e+04 2.032737208297476172e+01 7.650000000000000000e+02
-2.600000000000000000e+01 -4.600000000000000000e+01 8.400000000000000000e+01 5.639000000000000000e+04 5.317500000000000000e+04 5.662000000000000000e+04 5.214600000000000000e+04 2.033714882691856474e+01 7.650000000000000000e+02
-1.030000000000000000e+02 -6.500000000000000000e+01 7.800000000000000000e+01 5.616100000000000000e+04 5.293900000000000000e+04 5.683400000000000000e+04 5.240300000000000000e+04 2.034684767795260996e+01 7.650000000000000000e+02
-8.900000000000000000e+01 3.700000000000000000e+01 8.700000000000000000e+01 5.653900000000000000e+04 5.293900000000000000e+04 5.656600000000000000e+04 5.235800000000000000e+04 2.035751743090804666e+01 7.630000000000000000e+02
-7.700000000000000000e+01 4.900000000000000000e+01 9.400000000000000000e+01 5.665200000000000000e+04 5.227500000000000000e+04 5.640100000000000000e+04 5.293100000000000000e+04 2.036713895900174975e+01 7.630000000000000000e+02
-7.200000000000000000e+01 6.900000000000000000e+01 7.900000000000000000e+01 5.714500000000000000e+04 5.240000000000000000e+04 5.605800000000000000e+04 5.269200000000000000e+04 2.037763766199350357e+01 7.630000000000000000e+02
-7.200000000000000000e+01 1.220000000000000000e+02 8.900000000000000000e+01 5.695600000000000000e+04 5.183600000000000000e+04 5.621900000000000000e+04 5.324500000000000000e+04 2.038785877893678844e+01 7.630000000000000000e+02
-4.700000000000000000e+01 4.600000000000000000e+01 9.000000000000000000e+01 5.691900000000000000e+04 5.265100000000000000e+04 5.630100000000000000e+04 5.230100000000000000e+04 2.039767346391454339e+01 7.630000000000000000e+02
-4.600000000000000000e+01 -2.800000000000000000e+01 7.400000000000000000e+01 5.621200000000000000e+04 5.323400000000000000e+04 5.713900000000000000e+04 5.195000000000000000e+04 2.040740887890569866e+01 7.630000000000000000e+02
-7.100000000000000000e+01 -1.260000000000000000e+02 6.700000000000000000e+01 5.581100000000000000e+04 5.361500000000000000e+04 5.754000000000000000e+04 5.146900000000000000e+04 2.041708989697508514e+01 7.620000000000000000e+02
-7.200000000000000000e+01 -1.890000000000000000e+02 6.300000000000000000e+01 5.556100000000000000e+04 5.382700000000000000e+04 5.798900000000000000e+04 5.154700000000000000e+04 2.042737337294965982e+01 7.620000000000000000e+02
-1.190000000000000000e+02 -2.650000000000000000e+02 5.000000000000000000e+01 5.485400000000000000e+04 5.423800000000000000e+04 5.856300000000000000e+04 5.116400000000000000e+04 2.043776277289725840e+01 7.620000000000000000e+02
-1.380000000000000000e+02 -2.280000000000000000e+02 2.800000000000000000e+01 5.514100000000000000e+04 5.397000000000000000e+04 5.824200000000000000e+04 5.159300000000000000e+04 2.044689550390467048e+01 7.620000000000000000e+02
-1.550000000000000000e+02 -1.720000000000000000e+02 5.700000000000000000e+01 5.537100000000000000e+04 5.342500000000000000e+04 5.799800000000000000e+04 5.215700000000000000e+04 2.045724444894585758e+01 7.600000000000000000e+02
-1.670000000000000000e+02 -1.330000000000000000e+02 2.900000000000000000e+01 5.531900000000000000e+04 5.295200000000000000e+04 5.797000000000000000e+04 5.272600000000000000e+04 2.046756022993940860e+01 7.600000000000000000e+02
-2.010000000000000000e+02 -1.110000000000000000e+02 2.600000000000000000e+01 5.496100000000000000e+04 5.292000000000000000e+04 5.828500000000000000e+04 5.282200000000000000e+04 2.047739462298341095e+01 7.600000000000000000e+02
-1.900000000000000000e+02 -5.400000000000000000e+01 2.900000000000000000e+01 5.554300000000000000e+04 5.274700000000000000e+04 5.777400000000000000e+04 5.302200000000000000e+04 2.048708454088773578e+01 7.600000000000000000e+02
-1.480000000000000000e+02 4.000000000000000000e+00 8.000000000000000000e+00 5.573500000000000000e+04 5.271100000000000000e+04 5.762700000000000000e+04 5.307200000000000000e+04 2.049684040190186352e+01 7.600000000000000000e+02
-1.320000000000000000e+02 3.500000000000000000e+01 2.700000000000000000e+01 5.604600000000000000e+04 5.279400000000000000e+04 5.731000000000000000e+04 5.309200000000000000e+04 2.050775719899684191e+01 7.600000000000000000e+02
-7.500000000000000000e+01 6.400000000000000000e+01 8.000000000000000000e+00 5.638100000000000000e+04 5.264900000000000000e+04 5.717600000000000000e+04 5.343200000000000000e+04 2.051775048288982362e+01 7.640000000000000000e+02
-6.700000000000000000e+01 5.400000000000000000e+01 -2.000000000000000000e+00 5.571200000000000000e+04 5.273400000000000000e+04 5.733200000000000000e+04 5.289600000000000000e+04 2.052666900190524757e+01 7.640000000000000000e+02
-4.500000000000000000e+01 5.300000000000000000e+01 0.000000000000000000e+00 5.580600000000000000e+04 5.283400000000000000e+04 5.714400000000000000e+04 5.292900000000000000e+04 2.053664380998816341e+01 7.640000000000000000e+02
1.800000000000000000e+01 5.200000000000000000e+01 -1.500000000000000000e+01 5.592300000000000000e+04 5.343300000000000000e+04 5.699300000000000000e+04 5.224000000000000000e+04 2.054659336293116212e+01 7.640000000000000000e+02
9.000000000000000000e+00 1.900000000000000000e+01 6.000000000000000000e+00 5.594800000000000000e+04 5.320900000000000000e+04 5.684400000000000000e+04 5.221900000000000000e+04 2.055746166291646659e+01 7.610000000000000000e+02
4.200000000000000000e+01 3.000000000000000000e+01 2.000000000000000000e+00 5.571900000000000000e+04 5.315900000000000000e+04 5.707900000000000000e+04 5.239400000000000000e+04 2.056729221891146153e+01 7.610000000000000000e+02
7.600000000000000000e+01 2.900000000000000000e+01 -1.100000000000000000e+01 5.605100000000000000e+04 5.336200000000000000e+04 5.674000000000000000e+04 5.214800000000000000e+04 2.057684184599202126e+01 7.610000000000000000e+02
3.500000000000000000e+01 1.600000000000000000e+01 -2.000000000000000000e+00 5.609500000000000000e+04 5.328500000000000000e+04 5.642700000000000000e+04 5.206300000000000000e+04 2.058655973093118519e+01 7.610000000000000000e+02
4.700000000000000000e+01 6.100000000000000000e+01 -2.900000000000000000e+01 5.574500000000000000e+04 5.305200000000000000e+04 5.679800000000000000e+04 5.266300000000000000e+04 2.059780557791236788e+01 7.610000000000000000e+02
1.700000000000000000e+01 4.800000000000000000e+01 -7.000000000000000000e+00 5.593600000000000000e+04 5.287600000000000000e+04 5.663400000000000000e+04 5.280800000000000000e+04 2.060749108099844307e+01 7.610000000000000000e+02
-2.500000000000000000e+01 6.300000000000000000e+01 -2.000000000000000000e+01 5.580100000000000000e+04 5.263500000000000000e+04 5.672500000000000000e+04 5.294700000000000000e+04 2.061909009492956102e+01 7.620000000000000000e+02
-5.100000000000000000e+01 2.900000000000000000e+01 -1.200000000000000000e+01 5.528200000000000000e+04 5.234900000000000000e+04 5.715600000000000000e+04 5.321100000000000000e+04 2.062751750194001943e+01 7.620000000000000000e+02
-5.500000000000000000e+01 6.000000000000000000e+00 -4.000000000000000000e+00 5.546800000000000000e+04 5.255300000000000000e+04 5.705100000000000000e+04 5.291700000000000000e+04 2.063656999892555177e+01 7.620000000000000000e+02
-4.700000000000000000e+01 -1.200000000000000000e+01 -1.700000000000000000e+01 5.531400000000000000e+04 5.257100000000000000e+04 5.718500000000000000e+04 5.295900000000000000e+04 2.064706982497591525e+01 7.620000000000000000e+02
-3.300000000000000000e+01 -1.400000000000000000e+01 -1.100000000000000000e+01 5.491200000000000000e+04 5.268300000000000000e+04 5.751900000000000000e+04 5.289000000000000000e+04 2.065679996390827000e+01 7.660000000000000000e+02
1.400000000000000000e+01 2.000000000000000000e+00 -3.200000000000000000e+01 5.507000000000000000e+04 5.285400000000000000e+04 5.682300000000000000e+04 5.210300000000000000e+04 2.066833173099439591e+01 7.660000000000000000e+02
9.000000000000000000e+00 -5.000000000000000000e+00 -1.400000000000000000e+01 5.501000000000000000e+04 5.270600000000000000e+04 5.683100000000000000e+04 5.227500000000000000e+04 2.067670881689991802e+01 7.660000000000000000e+02
1.200000000000000000e+01 3.200000000000000000e+01 -3.800000000000000000e+01 5.509900000000000000e+04 5.274300000000000000e+04 5.663900000000000000e+04 5.234000000000000000e+04 2.069275566400028765e+01 7.660000000000000000e+02
-3.000000000000000000e+00 1.600000000000000000e+01 -3.000000000000000000e+00 5.458500000000000000e+04 5.220300000000000000e+04 5.698900000000000000e+04 5.259700000000000000e+04 2.069985960796475410e+01 7.660000000000000000e+02
