-8.000000000000000000e+00 1.700000000000000000e+01 9.000000000000000000e+00 4.916800000000000000e+04 4.722900000000000000e+04 4.966900000000000000e+04 4.611100000000000000e+04 1.760710439400281757e+01 7.920000000000000000e+02
-9.000000000000000000e+00 4.700000000000000000e+01 1.400000000000000000e+01 4.915000000000000000e+04 4.658800000000000000e+04 4.971400000000000000e+04 4.682900000000000000e+04 1.761700737196952105e+01 7.920000000000000000e+02
-1.300000000000000000e+01 3.200000000000000000e+01 4.000000000000000000e+00 4.906400000000000000e+04 4.644000000000000000e+04 4.998400000000000000e+04 4.706800000000000000e+04 1.762701584701426327e+01 7.920000000000000000e+02
-3.600000000000000000e+01 4.300000000000000000e+01 5.000000000000000000e+00 4.898900000000000000e+04 4.615400000000000000e+04 5.008000000000000000e+04 4.733400000000000000e+04 1.763716834597289562e+01 7.920000000000000000e+02
3.000000000000000000e+00 3.200000000000000000e+01 8.000000000000000000e+00 4.907200000000000000e+04 4.634500000000000000e+04 5.001300000000000000e+04 4.719300000000000000e+04 1.764633276395034045e+01 7.900000000000000000e+02
1.400000000000000000e+01 -3.000000000000000000e+01 1.200000000000000000e+01 4.915300000000000000e+04 4.707900000000000000e+04 4.988600000000000000e+04 4.649500000000000000e+04 1.765609115594998002e+01 7.900000000000000000e+02
1.500000000000000000e+01 1.400000000000000000e+01 7.000000000000000000e+00 4.943300000000000000e+04 4.666500000000000000e+04 4.967800000000000000e+04 4.688400000000000000e+04 1.766728760395199060e+01 7.900000000000000000e+02
-1.300000000000000000e+01 -2.000000000000000000e+00 2.100000000000000000e+01 4.949500000000000000e+04 4.680200000000000000e+04 4.963900000000000000e+04 4.671300000000000000e+04 1.767609978292603046e+01 7.900000000000000000e+02
6.000000000000000000e+00 -6.000000000000000000e+00 2.200000000000000000e+01 4.891700000000000000e+04 4.658600000000000000e+04 5.023600000000000000e+04 4.687600000000000000e+04 1.768591511202976108e+01 7.900000000000000000e+02
2.000000000000000000e+00 -4.400000000000000000e+01 1.300000000000000000e+01 4.910800000000000000e+04 4.678900000000000000e+04 5.003200000000000000e+04 4.674300000000000000e+04 1.769838036701548845e+01 7.900000000000000000e+02
4.300000000000000000e+01 -4.400000000000000000e+01 3.400000000000000000e+01 4.898500000000000000e+04 4.694100000000000000e+04 5.014200000000000000e+04 4.651300000000000000e+04 1.770648942294064909e+01 7.920000000000000000e+02
4.400000000000000000e+01 -6.800000000000000000e+01 1.800000000000000000e+01 4.919500000000000000e+04 4.687600000000000000e+04 5.001900000000000000e+04 4.648300000000000000e+04 1.771655922499485314e+01 7.920000000000000000e+02
2.200000000000000000e+01 -7.700000000000000000e+01 3.200000000000000000e+01 4.904500000000000000e+04 4.681900000000000000e+04 5.014800000000000000e+04 4.653700000000000000e+04 1.772653110499959439e+01 7.920000000000000000e+02
1.600000000000000000e+01 -5.100000000000000000e+01 1.800000000000000000e+01 4.938500000000000000e+04 4.678000000000000000e+04 4.987500000000000000e+04 4.656600000000000000e+04 1.773590562900062650e+01 7.920000000000000000e+02
2.900000000000000000e+01 -6.200000000000000000e+01 1.600000000000000000e+01 4.933700000000000000e+04 4.698100000000000000e+04 4.992800000000000000e+04 4.637200000000000000e+04 1.774597841792274266e+01 7.880000000000000000e+02
4.000000000000000000e+00 -5.100000000000000000e+01 1.500000000000000000e+01 4.939800000000000000e+04 4.714000000000000000e+04 4.996100000000000000e+04 4.645100000000000000e+04 1.775585230300202966e+01 7.880000000000000000e+02
2.600000000000000000e+01 -4.800000000000000000e+01 1.300000000000000000e+01 4.907200000000000000e+04 4.668300000000000000e+04 5.014300000000000000e+04 4.674200000000000000e+04 1.776643434399738908e+01 7.880000000000000000e+02
-1.800000000000000000e+01 -4.200000000000000000e+01 1.200000000000000000e+01 4.917600000000000000e+04 4.699600000000000000e+04 4.998900000000000000e+04 4.650000000000000000e+04 1.777563814399763942e+01 7.880000000000000000e+02
8.000000000000000000e+00 -7.200000000000000000e+01 0.000000000000000000e+00 4.914200000000000000e+04 4.688400000000000000e+04 5.002500000000000000e+04 4.659300000000000000e+04 1.778534390800632536e+01 7.880000000000000000e+02
-5.000000000000000000e+00 -1.300000000000000000e+01 1.000000000000000000e+01 4.920400000000000000e+04 4.687100000000000000e+04 5.011700000000000000e+04 4.672600000000000000e+04 1.779599588492419571e+01 7.880000000000000000e+02
1.100000000000000000e+01 -2.300000000000000000e+01 1.000000000000000000e+00 4.935600000000000000e+04 4.718700000000000000e+04 4.992100000000000000e+04 4.632100000000000000e+04 1.780655170395039022e+01 7.890000000000000000e+02
0.000000000000000000e+00 -1.000000000000000000e+00 9.000000000000000000e+00 4.936000000000000000e+04 4.699900000000000000e+04 4.993400000000000000e+04 4.649900000000000000e+04 1.781632302794605494e+01 7.890000000000000000e+02
-5.000000000000000000e+00 1.000000000000000000e+00 2.300000000000000000e+01 4.929400000000000000e+04 4.706400000000000000e+04 5.001200000000000000e+04 4.641200000000000000e+04 1.782623520598281175e+01 7.890000000000000000e+02
-1.000000000000000000e+01 3.000000000000000000e+00 4.000000000000000000e+00 4.932200000000000000e+04 4.661900000000000000e+04 4.997200000000000000e+04 4.685900000000000000e+04 1.783595051197335124e+01 7.890000000000000000e+02
1.000000000000000000e+00 -2.000000000000000000e+00 8.000000000000000000e+00 4.929100000000000000e+04 4.648900000000000000e+04 4.998800000000000000e+04 4.699600000000000000e+04 1.784741666796617210e+01 7.930000000000000000e+02
2.900000000000000000e+01 -1.400000000000000000e+01 5.000000000000000000e+00 4.908000000000000000e+04 4.632400000000000000e+04 4.989800000000000000e+04 4.664000000000000000e+04 1.785564404702745378e+01 7.930000000000000000e+02
2.500000000000000000e+01 -3.900000000000000000e+01 6.000000000000000000e+00 4.912500000000000000e+04 4.679100000000000000e+04 4.966700000000000000e+04 4.605600000000000000e+04 1.786570329195819795e+01 7.930000000000000000e+02
5.400000000000000000e+01 -5.900000000000000000e+01 1.800000000000000000e+01 4.913400000000000000e+04 4.697400000000000000e+04 4.963500000000000000e+04 4.589500000000000000e+04 1.787561224203091115e+01 7.930000000000000000e+02
7.100000000000000000e+01 -5.500000000000000000e+01 -1.500000000000000000e+01 4.936700000000000000e+04 4.699600000000000000e+04 4.936700000000000000e+04 4.586400000000000000e+04 1.788614844193216413e+01 7.930000000000000000e+02
1.700000000000000000e+01 -4.600000000000000000e+01 3.000000000000000000e+00 4.886900000000000000e+04 4.688000000000000000e+04 4.984600000000000000e+04 4.596600000000000000e+04 1.789596590097062290e+01 7.930000000000000000e+02
2.300000000000000000e+01 -2.900000000000000000e+01 4.000000000000000000e+00 4.884500000000000000e+04 4.647900000000000000e+04 4.987100000000000000e+04 4.638300000000000000e+04 1.790689650294370949e+01 7.900000000000000000e+02
1.700000000000000000e+01 -5.500000000000000000e+01 1.000000000000000000e+01 4.898600000000000000e+04 4.681300000000000000e+04 4.973600000000000000e+04 4.605500000000000000e+04 1.791565888095647097e+01 7.900000000000000000e+02
3.000000000000000000e+00 -1.900000000000000000e+01 -2.000000000000000000e+00 4.923500000000000000e+04 4.633400000000000000e+04 4.963400000000000000e+04 4.672300000000000000e+04 1.792570365394931287e+01 7.900000000000000000e+02
-2.700000000000000000e+01 -1.000000000000000000e+00 -1.000000000000000000e+00 4.936200000000000000e+04 4.631900000000000000e+04 4.948900000000000000e+04 4.672100000000000000e+04 1.793617451703175902e+01 7.900000000000000000e+02
-4.000000000000000000e+01 -2.000000000000000000e+01 0.000000000000000000e+00 4.918600000000000000e+04 4.629600000000000000e+04 4.978900000000000000e+04 4.690400000000000000e+04 1.794539306592196226e+01 7.880000000000000000e+02
-5.500000000000000000e+01 3.000000000000000000e+00 -1.000000000000000000e+01 4.901800000000000000e+04 4.606900000000000000e+04 4.983500000000000000e+04 4.697200000000000000e+04 1.795551534602418542e+01 7.880000000000000000e+02
-5.900000000000000000e+01 -5.000000000000000000e+00 -3.000000000000000000e+00 4.905600000000000000e+04 4.658200000000000000e+04 4.972600000000000000e+04 4.652800000000000000e+04 1.796535095700528473e+01 7.880000000000000000e+02
-3.200000000000000000e+01 -4.600000000000000000e+01 -1.400000000000000000e+01 4.903400000000000000e+04 4.645100000000000000e+04 4.975900000000000000e+04 4.664200000000000000e+04 1.797578421793878078e+01 7.880000000000000000e+02
-7.200000000000000000e+01 -4.000000000000000000e+01 -7.000000000000000000e+00 4.888000000000000000e+04 4.645900000000000000e+04 4.989800000000000000e+04 4.661600000000000000e+04 1.798598337196744978e+01 7.880000000000000000e+02
-4.200000000000000000e+01 -4.600000000000000000e+01 7.000000000000000000e+00 4.882000000000000000e+04 4.640500000000000000e+04 4.998500000000000000e+04 4.659800000000000000e+04 1.799684299598447978e+01 7.880000000000000000e+02
-5.000000000000000000e+01 -3.300000000000000000e+01 -1.100000000000000000e+01 4.903800000000000000e+04 4.662500000000000000e+04 4.995300000000000000e+04 4.666500000000000000e+04 1.800719028897583485e+01 7.880000000000000000e+02
-3.700000000000000000e+01 -4.300000000000000000e+01 -7.000000000000000000e+00 4.902100000000000000e+04 4.690900000000000000e+04 4.997700000000000000e+04 4.634200000000000000e+04 1.801584287593141198e+01 7.880000000000000000e+02
-1.000000000000000000e+00 -4.900000000000000000e+01 0.000000000000000000e+00 4.920600000000000000e+04 4.689500000000000000e+04 4.980900000000000000e+04 4.631700000000000000e+04 1.802543466293718666e+01 7.880000000000000000e+02
-4.000000000000000000e+00 -3.600000000000000000e+01 -3.000000000000000000e+00 4.901300000000000000e+04 4.708600000000000000e+04 5.016400000000000000e+04 4.621700000000000000e+04 1.803565106203313917e+01 7.880000000000000000e+02
1.200000000000000000e+01 -5.800000000000000000e+01 -7.000000000000000000e+00 4.927000000000000000e+04 4.707300000000000000e+04 4.988300000000000000e+04 4.633400000000000000e+04 1.804593625001143664e+01 7.890000000000000000e+02
1.000000000000000000e+00 -3.000000000000000000e+00 -6.000000000000000000e+00 4.938800000000000000e+04 4.667300000000000000e+04 4.961700000000000000e+04 4.650500000000000000e+04 1.805635954497847706e+01 7.890000000000000000e+02
-2.200000000000000000e+01 -4.100000000000000000e+01 -1.200000000000000000e+01 4.908800000000000000e+04 4.646100000000000000e+04 4.986500000000000000e+04 4.677200000000000000e+04 1.806547602894715965e+01 7.890000000000000000e+02
-8.000000000000000000e+00 -2.600000000000000000e+01 -1.000000000000000000e+01 4.924700000000000000e+04 4.677300000000000000e+04 4.959800000000000000e+04 4.633000000000000000e+04 1.807623241702094674e+01 7.890000000000000000e+02
-1.100000000000000000e+01 -1.900000000000000000e+01 -1.600000000000000000e+01 4.910300000000000000e+04 4.631500000000000000e+04 4.971600000000000000e+04 4.683700000000000000e+04 1.808629598096013069e+01 7.890000000000000000e+02
-1.400000000000000000e+01 -7.300000000000000000e+01 -2.000000000000000000e+00 4.883300000000000000e+04 4.672900000000000000e+04 4.999200000000000000e+04 4.641600000000000000e+04 1.809628920000977814e+01 7.890000000000000000e+02
1.000000000000000000e+00 -6.400000000000000000e+01 -6.000000000000000000e+00 4.882200000000000000e+04 4.646300000000000000e+04 4.999800000000000000e+04 4.669200000000000000e+04 1.810642593703232706e+01 7.880000000000000000e+02
6.000000000000000000e+00 -1.030000000000000000e+02 3.000000000000000000e+00 4.903800000000000000e+04 4.648000000000000000e+04 4.995300000000000000e+04 4.677600000000000000e+04 1.811604341794736683e+01 7.880000000000000000e+02
-6.000000000000000000e+00 -7.400000000000000000e+01 -3.000000000000000000e+00 4.921400000000000000e+04 4.723300000000000000e+04 4.981500000000000000e+04 4.595000000000000000e+04 1.812679586699232459e+01 7.880000000000000000e+02
1.300000000000000000e+01 -6.500000000000000000e+01 -3.000000000000000000e+00 4.901500000000000000e+04 4.657500000000000000e+04 5.003900000000000000e+04 4.657100000000000000e+04 1.813610391295515001e+01 7.880000000000000000e+02
0.000000000000000000e+00 -5.300000000000000000e+01 9.000000000000000000e+00 4.916700000000000000e+04 4.724900000000000000e+04 4.992400000000000000e+04 4.599000000000000000e+04 1.814575584698468447e+01 7.870000000000000000e+02
2.000000000000000000e+00 -2.800000000000000000e+01 -7.000000000000000000e+00 4.911500000000000000e+04 4.719200000000000000e+04 5.004500000000000000e+04 4.596800000000000000e+04 1.815599545999430120e+01 7.870000000000000000e+02
-8.000000000000000000e+00 -2.700000000000000000e+01 2.300000000000000000e+01 4.856200000000000000e+04 4.701100000000000000e+04 5.058000000000000000e+04 4.611100000000000000e+04 1.816577009100001305e+01 7.870000000000000000e+02
-1.800000000000000000e+01 2.000000000000000000e+00 1.700000000000000000e+01 4.876000000000000000e+04 4.604000000000000000e+04 5.032200000000000000e+04 4.693700000000000000e+04 1.817918507894501090e+01 7.870000000000000000e+02
-4.300000000000000000e+01 -1.000000000000000000e+00 1.700000000000000000e+01 4.903300000000000000e+04 4.683000000000000000e+04 5.007300000000000000e+04 4.614900000000000000e+04 1.818529899697750807e+01 7.870000000000000000e+02
-2.600000000000000000e+01 4.000000000000000000e+01 1.500000000000000000e+01 4.890400000000000000e+04 4.649000000000000000e+04 5.018700000000000000e+04 4.651700000000000000e+04 1.819575155293568969e+01 7.870000000000000000e+02
-2.000000000000000000e+00 4.400000000000000000e+01 4.000000000000000000e+00 4.884400000000000000e+04 4.570300000000000000e+04 5.018800000000000000e+04 4.719800000000000000e+04 1.820575104502495378e+01 7.880000000000000000e+02
-1.600000000000000000e+01 4.600000000000000000e+01 2.600000000000000000e+01 4.913300000000000000e+04 4.654200000000000000e+04 5.003300000000000000e+04 4.654200000000000000e+04 1.821603520703501999e+01 7.880000000000000000e+02
2.300000000000000000e+01 2.600000000000000000e+01 1.200000000000000000e+01 4.932800000000000000e+04 4.678400000000000000e+04 4.988400000000000000e+04 4.625700000000000000e+04 1.822595676302444190e+01 7.880000000000000000e+02
2.200000000000000000e+01 6.000000000000000000e+00 4.000000000000000000e+00 4.916800000000000000e+04 4.680100000000000000e+04 5.001900000000000000e+04 4.624000000000000000e+04 1.823587157495785505e+01 7.880000000000000000e+02
4.000000000000000000e+01 3.400000000000000000e+01 8.000000000000000000e+00 4.918600000000000000e+04 4.684500000000000000e+04 4.990100000000000000e+04 4.617700000000000000e+04 1.824561239499598742e+01 7.880000000000000000e+02
5.000000000000000000e+01 -2.900000000000000000e+01 1.200000000000000000e+01 4.909500000000000000e+04 4.705200000000000000e+04 5.004300000000000000e+04 4.590800000000000000e+04 1.825528104603290558e+01 7.880000000000000000e+02
3.700000000000000000e+01 -8.000000000000000000e+00 9.000000000000000000e+00 4.959400000000000000e+04 4.648400000000000000e+04 4.959900000000000000e+04 4.641600000000000000e+04 1.826563862699549645e+01 7.880000000000000000e+02
6.400000000000000000e+01 -2.500000000000000000e+01 1.200000000000000000e+01 4.914200000000000000e+04 4.685300000000000000e+04 4.981800000000000000e+04 4.597200000000000000e+04 1.827590431401040405e+01 7.880000000000000000e+02
3.100000000000000000e+01 -2.700000000000000000e+01 1.500000000000000000e+01 4.964100000000000000e+04 4.753200000000000000e+04 4.935400000000000000e+04 4.519300000000000000e+04 1.828534024802502245e+01 7.880000000000000000e+02
4.900000000000000000e+01 -5.900000000000000000e+01 5.000000000000000000e+00 4.847400000000000000e+04 4.680000000000000000e+04 5.049000000000000000e+04 4.596000000000000000e+04 1.829602756199892610e+01 7.880000000000000000e+02
0.000000000000000000e+00 -2.300000000000000000e+01 1.900000000000000000e+01 4.883500000000000000e+04 4.680600000000000000e+04 5.043600000000000000e+04 4.616100000000000000e+04 1.830581760802306235e+01 7.860000000000000000e+02
-1.100000000000000000e+01 -2.000000000000000000e+00 1.100000000000000000e+01 4.898700000000000000e+04 4.628100000000000000e+04 5.031300000000000000e+04 4.665800000000000000e+04 1.831543086597230285e+01 7.860000000000000000e+02
-4.900000000000000000e+01 8.000000000000000000e+00 5.000000000000000000e+00 4.910600000000000000e+04 4.626700000000000000e+04 5.021400000000000000e+04 4.670500000000000000e+04 1.832624455902259797e+01 7.860000000000000000e+02
-3.400000000000000000e+01 3.900000000000000000e+01 1.300000000000000000e+01 4.918400000000000000e+04 4.627000000000000000e+04 5.011600000000000000e+04 4.677800000000000000e+04 1.833784481696784496e+01 7.860000000000000000e+02
-9.000000000000000000e+00 6.600000000000000000e+01 -1.000000000000000000e+01 4.991800000000000000e+04 4.620200000000000000e+04 4.955500000000000000e+04 4.706500000000000000e+04 1.834658557502552867e+01 7.840000000000000000e+02
-1.500000000000000000e+01 7.600000000000000000e+01 -7.000000000000000000e+00 4.966200000000000000e+04 4.712700000000000000e+04 4.977800000000000000e+04 4.620100000000000000e+04 1.835565231100190431e+01 7.840000000000000000e+02
8.000000000000000000e+00 1.060000000000000000e+02 -6.000000000000000000e+00 4.924000000000000000e+04 4.657500000000000000e+04 5.012300000000000000e+04 4.684600000000000000e+04 1.836557535093743354e+01 7.840000000000000000e+02
1.000000000000000000e+01 6.300000000000000000e+01 -7.000000000000000000e+00 4.960400000000000000e+04 4.695400000000000000e+04 4.989500000000000000e+04 4.639200000000000000e+04 1.837698265095241368e+01 7.840000000000000000e+02
1.800000000000000000e+01 8.800000000000000000e+01 -6.000000000000000000e+00 4.955200000000000000e+04 4.666700000000000000e+04 4.992100000000000000e+04 4.674200000000000000e+04 1.838705927797127515e+01 7.840000000000000000e+02
2.100000000000000000e+01 8.200000000000000000e+01 -7.000000000000000000e+00 4.949000000000000000e+04 4.691000000000000000e+04 4.996800000000000000e+04 4.647500000000000000e+04 1.839591847092378885e+01 7.840000000000000000e+02
7.000000000000000000e+00 4.200000000000000000e+01 7.000000000000000000e+00 4.950900000000000000e+04 4.636300000000000000e+04 5.002600000000000000e+04 4.698700000000000000e+04 1.840642829192802310e+01 7.860000000000000000e+02
-3.600000000000000000e+01 6.600000000000000000e+01 -4.000000000000000000e+00 4.949300000000000000e+04 4.666900000000000000e+04 5.003800000000000000e+04 4.666100000000000000e+04 1.841569377097766846e+01 7.860000000000000000e+02
-4.200000000000000000e+01 5.300000000000000000e+01 1.800000000000000000e+01 4.948800000000000000e+04 4.642400000000000000e+04 5.012900000000000000e+04 4.679500000000000000e+04 1.842645607900340110e+01 7.860000000000000000e+02
-7.200000000000000000e+01 1.020000000000000000e+02 2.100000000000000000e+01 4.955300000000000000e+04 4.604400000000000000e+04 5.013700000000000000e+04 4.705800000000000000e+04 1.843640439899172634e+01 7.860000000000000000e+02
-8.800000000000000000e+01 7.700000000000000000e+01 2.000000000000000000e+00 4.939800000000000000e+04 4.607400000000000000e+04 5.013600000000000000e+04 4.696700000000000000e+04 1.844542128092143685e+01 7.860000000000000000e+02
-9.600000000000000000e+01 1.080000000000000000e+02 1.900000000000000000e+01 4.958100000000000000e+04 4.581200000000000000e+04 4.992700000000000000e+04 4.729200000000000000e+04 1.845772204303648323e+01 7.860000000000000000e+02
-3.400000000000000000e+01 1.330000000000000000e+02 3.000000000000000000e+00 4.968300000000000000e+04 4.556000000000000000e+04 4.972400000000000000e+04 4.734500000000000000e+04 1.846718964597675949e+01 7.860000000000000000e+02
-5.200000000000000000e+01 1.480000000000000000e+02 5.000000000000000000e+00 5.009600000000000000e+04 4.579900000000000000e+04 4.933600000000000000e+04 4.711500000000000000e+04 1.847592976503074169e+01 7.860000000000000000e+02
-2.000000000000000000e+01 1.720000000000000000e+02 -9.000000000000000000e+00 5.001200000000000000e+04 4.532500000000000000e+04 4.935000000000000000e+04 4.765900000000000000e+04 1.848512377100996673e+01 7.860000000000000000e+02
-4.000000000000000000e+00 1.670000000000000000e+02 -9.000000000000000000e+00 5.001100000000000000e+04 4.581900000000000000e+04 4.933200000000000000e+04 4.728300000000000000e+04 1.849575764895416796e+01 7.860000000000000000e+02
1.400000000000000000e+01 1.270000000000000000e+02 -5.000000000000000000e+00 5.035500000000000000e+04 4.664700000000000000e+04 4.920400000000000000e+04 4.674900000000000000e+04 1.850598893803544343e+01 7.820000000000000000e+02
1.000000000000000000e+00 1.120000000000000000e+02 -1.800000000000000000e+01 4.806100000000000000e+04 4.665200000000000000e+04 5.126700000000000000e+04 4.681800000000000000e+04 1.851640195702202618e+01 7.820000000000000000e+02
7.800000000000000000e+01 3.500000000000000000e+01 1.100000000000000000e+01 5.020100000000000000e+04 4.814100000000000000e+04 4.953000000000000000e+04 4.529100000000000000e+04 1.852873553102836013e+01 7.820000000000000000e+02
8.300000000000000000e+01 -4.100000000000000000e+01 -1.000000000000000000e+00 4.967000000000000000e+04 4.570300000000000000e+04 5.021700000000000000e+04 4.790100000000000000e+04 1.853512930299621075e+01 7.820000000000000000e+02
7.400000000000000000e+01 -8.100000000000000000e+01 -7.000000000000000000e+00 4.964400000000000000e+04 4.689500000000000000e+04 5.027500000000000000e+04 4.687000000000000000e+04 1.854899675596971065e+01 4.320000000000000000e+02
4.100000000000000000e+01 -7.900000000000000000e+01 3.000000000000000000e+00 4.944500000000000000e+04 4.672900000000000000e+04 5.025900000000000000e+04 4.692400000000000000e+04 1.856186265195719898e+01 4.320000000000000000e+02
4.200000000000000000e+01 -7.900000000000000000e+01 -1.600000000000000000e+01 4.961200000000000000e+04 4.722200000000000000e+04 5.004000000000000000e+04 4.644700000000000000e+04 1.856507880403660238e+01 4.320000000000000000e+02
-2.600000000000000000e+01 -6.100000000000000000e+01 -1.500000000000000000e+01 4.936300000000000000e+04 4.693700000000000000e+04 5.026800000000000000e+04 4.669000000000000000e+04 1.857662630500271916e+01 4.320000000000000000e+02
-3.100000000000000000e+01 -1.400000000000000000e+01 -1.600000000000000000e+01 4.880200000000000000e+04 4.650300000000000000e+04 5.065000000000000000e+04 4.692400000000000000e+04 1.858828858996275812e+01 4.320000000000000000e+02
-6.300000000000000000e+01 -4.000000000000000000e+00 -1.700000000000000000e+01 4.931900000000000000e+04 4.610300000000000000e+04 5.028600000000000000e+04 4.742700000000000000e+04 1.859635861893184483e+01 4.320000000000000000e+02
-5.400000000000000000e+01 3.000000000000000000e+01 -1.500000000000000000e+01 4.996500000000000000e+04 4.606100000000000000e+04 5.090000000000000000e+04 4.905900000000000000e+04 1.860565442696679384e+01 1.300000000000000000e+01
-7.900000000000000000e+01 1.600000000000000000e+01 -6.000000000000000000e+00 4.980000000000000000e+04 4.678800000000000000e+04 5.111100000000000000e+04 4.835700000000000000e+04 1.861538263096008450e+01 1.300000000000000000e+01
-8.100000000000000000e+01 1.900000000000000000e+01 -2.300000000000000000e+01 4.922200000000000000e+04 4.721200000000000000e+04 5.155100000000000000e+04 4.802900000000000000e+04 1.862517797900363803e+01 1.300000000000000000e+01
1.000000000000000000e+01 4.300000000000000000e+01 -8.000000000000000000e+00 5.060800000000000000e+04 4.696600000000000000e+04 5.061200000000000000e+04 4.848700000000000000e+04 1.863515278103295714e+01 1.300000000000000000e+01
2.000000000000000000e+01 4.000000000000000000e+01 -5.000000000000000000e+00 5.103800000000000000e+04 4.881300000000000000e+04 5.054800000000000000e+04 4.701000000000000000e+04 1.864567818702198565e+01 1.800000000000000000e+01
5.300000000000000000e+01 7.000000000000000000e+01 -2.500000000000000000e+01 5.000300000000000000e+04 4.702100000000000000e+04 5.149000000000000000e+04 4.880300000000000000e+04 1.865698697394691408e+01 1.800000000000000000e+01
7.600000000000000000e+01 3.300000000000000000e+01 -2.700000000000000000e+01 5.035600000000000000e+04 4.834300000000000000e+04 5.107800000000000000e+04 4.762100000000000000e+04 1.866631085297558457e+01 1.800000000000000000e+01
1.000000000000000000e+02 2.600000000000000000e+01 -1.700000000000000000e+01 5.354400000000000000e+04 5.039800000000000000e+04 4.671700000000000000e+04 4.512000000000000000e+04 1.867579221597407013e+01 1.800000000000000000e+01
1.030000000000000000e+02 2.000000000000000000e+01 -3.600000000000000000e+01 5.144600000000000000e+04 4.994000000000000000e+04 4.988400000000000000e+04 4.565700000000000000e+04 1.868581113696563989e+01 1.800000000000000000e+01
5.500000000000000000e+01 -2.400000000000000000e+01 -4.100000000000000000e+01 5.008100000000000000e+04 4.790100000000000000e+04 5.110200000000000000e+04 4.807300000000000000e+04 1.869935702998191118e+01 1.800000000000000000e+01
1.000000000000000000e+00 2.600000000000000000e+01 -4.400000000000000000e+01 5.222100000000000000e+04 5.113400000000000000e+04 4.798700000000000000e+04 4.314000000000000000e+04 1.870548122294712812e+01 2.500000000000000000e+01
-1.330000000000000000e+02 1.000000000000000000e+01 -2.500000000000000000e+01 4.843800000000000000e+04 4.532200000000000000e+04 5.183900000000000000e+04 4.959900000000000000e+04 1.871515661093872041e+01 2.500000000000000000e+01
-2.340000000000000000e+02 4.100000000000000000e+01 -4.100000000000000000e+01 5.056100000000000000e+04 4.673000000000000000e+04 4.993200000000000000e+04 4.834800000000000000e+04 1.872581003094092011e+01 2.500000000000000000e+01
-3.120000000000000000e+02 4.800000000000000000e+01 -4.300000000000000000e+01 4.754900000000000000e+04 4.426100000000000000e+04 5.225000000000000000e+04 5.011000000000000000e+04 1.873582405596971512e+01 2.500000000000000000e+01
-3.640000000000000000e+02 8.300000000000000000e+01 -1.900000000000000000e+01 4.376500000000000000e+04 3.144100000000000000e+04 5.380400000000000000e+04 5.487800000000000000e+04 1.874579985102172941e+01 2.700000000000000000e+01
-2.880000000000000000e+02 6.100000000000000000e+01 -2.900000000000000000e+01 4.858900000000000000e+04 4.246600000000000000e+04 5.081600000000000000e+04 5.062900000000000000e+04 1.875592703092843294e+01 2.700000000000000000e+01
-1.420000000000000000e+02 4.600000000000000000e+01 -4.200000000000000000e+01 4.707300000000000000e+04 4.194100000000000000e+04 5.190400000000000000e+04 5.084700000000000000e+04 1.876500712695997208e+01 2.700000000000000000e+01
7.600000000000000000e+01 -7.200000000000000000e+01 -3.200000000000000000e+01 4.852400000000000000e+04 4.359200000000000000e+04 5.044400000000000000e+04 4.953000000000000000e+04 1.877642480994109064e+01 2.700000000000000000e+01
3.130000000000000000e+02 -1.080000000000000000e+02 -3.500000000000000000e+01 5.015500000000000000e+04 4.796000000000000000e+04 4.876400000000000000e+04 4.541800000000000000e+04 1.878527859202586114e+01 2.700000000000000000e+01
5.150000000000000000e+02 -2.070000000000000000e+02 -4.100000000000000000e+01 5.010200000000000000e+04 5.138200000000000000e+04 4.859100000000000000e+04 4.027300000000000000e+04 1.879523704701568931e+01 2.700000000000000000e+01
6.520000000000000000e+02 -2.380000000000000000e+02 -2.700000000000000000e+01 4.948600000000000000e+04 4.882700000000000000e+04 4.887400000000000000e+04 4.365000000000000000e+04 1.880554285098332912e+01 2.800000000000000000e+01
6.440000000000000000e+02 -2.100000000000000000e+02 -3.000000000000000000e+01 4.937600000000000000e+04 4.589500000000000000e+04 4.893400000000000000e+04 4.683700000000000000e+04 1.881798550998792052e+01 2.800000000000000000e+01
6.220000000000000000e+02 -2.170000000000000000e+02 -4.100000000000000000e+01 4.948900000000000000e+04 4.778200000000000000e+04 4.880800000000000000e+04 4.498600000000000000e+04 1.882525895896833390e+01 2.800000000000000000e+01
5.240000000000000000e+02 -1.090000000000000000e+02 -3.600000000000000000e+01 4.852500000000000000e+04 4.942400000000000000e+04 4.948200000000000000e+04 4.260900000000000000e+04 1.883526852901559323e+01 2.800000000000000000e+01
4.300000000000000000e+02 -7.400000000000000000e+01 -3.400000000000000000e+01 5.067500000000000000e+04 4.612200000000000000e+04 4.662500000000000000e+04 4.604900000000000000e+04 1.884524642396718264e+01 3.200000000000000000e+01
3.030000000000000000e+02 2.200000000000000000e+01 -4.900000000000000000e+01 4.967400000000000000e+04 4.789000000000000000e+04 4.752300000000000000e+04 4.405400000000000000e+04 1.885504552803467959e+01 3.200000000000000000e+01
2.160000000000000000e+02 3.900000000000000000e+01 -4.300000000000000000e+01 4.475100000000000000e+04 4.372900000000000000e+04 5.164400000000000000e+04 4.805400000000000000e+04 1.886513255396857858e+01 3.200000000000000000e+01
9.300000000000000000e+01 6.600000000000000000e+01 -2.400000000000000000e+01 4.969900000000000000e+04 4.568100000000000000e+04 4.724400000000000000e+04 4.616400000000000000e+04 1.887588526902254671e+01 3.200000000000000000e+01
-1.800000000000000000e+01 6.300000000000000000e+01 -4.700000000000000000e+01 4.763800000000000000e+04 4.455000000000000000e+04 4.934400000000000000e+04 4.722400000000000000e+04 1.888715580396819860e+01 3.200000000000000000e+01
-1.160000000000000000e+02 5.300000000000000000e+01 -3.600000000000000000e+01 4.706800000000000000e+04 4.458800000000000000e+04 4.977600000000000000e+04 4.714800000000000000e+04 1.889541422994807363e+01 3.200000000000000000e+01
-1.280000000000000000e+02 6.800000000000000000e+01 -3.300000000000000000e+01 4.676900000000000000e+04 4.486300000000000000e+04 4.997900000000000000e+04 4.686700000000000000e+04 1.890618876996450126e+01 3.600000000000000000e+01
-1.040000000000000000e+02 1.050000000000000000e+02 -2.300000000000000000e+01 4.716400000000000000e+04 4.394800000000000000e+04 4.941400000000000000e+04 4.729300000000000000e+04 1.891510595998261124e+01 3.600000000000000000e+01
-4.500000000000000000e+01 1.510000000000000000e+02 -3.000000000000000000e+01 4.757200000000000000e+04 4.437300000000000000e+04 4.904100000000000000e+04 4.682500000000000000e+04 1.892581544292625040e+01 3.600000000000000000e+01
2.900000000000000000e+01 7.300000000000000000e+01 -2.900000000000000000e+01 4.780100000000000000e+04 4.532100000000000000e+04 4.876600000000000000e+04 4.592300000000000000e+04 1.893521329096984118e+01 3.600000000000000000e+01
1.210000000000000000e+02 4.600000000000000000e+01 -4.500000000000000000e+01 4.786200000000000000e+04 4.559600000000000000e+04 4.863100000000000000e+04 4.567200000000000000e+04 1.894486980699002743e+01 4.100000000000000000e+01
2.790000000000000000e+02 2.000000000000000000e+00 -2.800000000000000000e+01 4.828000000000000000e+04 4.597700000000000000e+04 4.777800000000000000e+04 4.489900000000000000e+04 1.895533573802094907e+01 4.100000000000000000e+01
3.530000000000000000e+02 6.000000000000000000e+00 -1.800000000000000000e+01 4.841500000000000000e+04 4.443800000000000000e+04 4.756700000000000000e+04 4.613800000000000000e+04 1.896536535292398185e+01 4.100000000000000000e+01
3.540000000000000000e+02 7.200000000000000000e+01 -1.300000000000000000e+01 4.905900000000000000e+04 4.519700000000000000e+04 4.682100000000000000e+04 4.515700000000000000e+04 1.897478238702751696e+01 4.100000000000000000e+01
3.290000000000000000e+02 1.090000000000000000e+02 2.000000000000000000e+00 4.893100000000000000e+04 4.551100000000000000e+04 4.703800000000000000e+04 4.470200000000000000e+04 1.898463058995548636e+01 4.100000000000000000e+01
2.550000000000000000e+02 -1.400000000000000000e+01 -9.000000000000000000e+00 4.777700000000000000e+04 4.631500000000000000e+04 4.810700000000000000e+04 4.394900000000000000e+04 1.899508634500671178e+01 4.100000000000000000e+01
1.360000000000000000e+02 -5.500000000000000000e+01 -1.800000000000000000e+01 4.785100000000000000e+04 4.652800000000000000e+04 4.805000000000000000e+04 4.407400000000000000e+04 1.900595645792782307e+01 4.400000000000000000e+01
-5.000000000000000000e+00 -9.000000000000000000e+01 -1.800000000000000000e+01 4.730500000000000000e+04 4.593900000000000000e+04 4.850900000000000000e+04 4.466200000000000000e+04 1.901489101094193757e+01 4.400000000000000000e+01
-1.400000000000000000e+02 -8.500000000000000000e+01 -2.500000000000000000e+01 4.687300000000000000e+04 4.526900000000000000e+04 4.900100000000000000e+04 4.530700000000000000e+04 1.902553185902070254e+01 4.400000000000000000e+01
-2.720000000000000000e+02 -6.500000000000000000e+01 -1.700000000000000000e+01 4.646200000000000000e+04 4.498500000000000000e+04 4.938700000000000000e+04 4.550000000000000000e+04 1.903515027393586934e+01 4.400000000000000000e+01
-4.220000000000000000e+02 -2.300000000000000000e+01 3.000000000000000000e+00 4.566300000000000000e+04 4.414300000000000000e+04 5.014500000000000000e+04 4.623400000000000000e+04 1.904530478199012578e+01 4.800000000000000000e+01
-4.830000000000000000e+02 1.400000000000000000e+01 1.700000000000000000e+01 4.572400000000000000e+04 4.287200000000000000e+04 5.003500000000000000e+04 4.704600000000000000e+04 1.905611735302954912e+01 4.800000000000000000e+01
-4.560000000000000000e+02 1.010000000000000000e+02 2.100000000000000000e+01 4.617100000000000000e+04 4.247800000000000000e+04 4.969800000000000000e+04 4.719500000000000000e+04 1.906493614893406630e+01 4.800000000000000000e+01
-3.460000000000000000e+02 1.070000000000000000e+02 2.300000000000000000e+01 4.643200000000000000e+04 4.236600000000000000e+04 4.949800000000000000e+04 4.733100000000000000e+04 1.907527123799081892e+01 4.800000000000000000e+01
-1.940000000000000000e+02 1.820000000000000000e+02 -5.000000000000000000e+00 4.764900000000000000e+04 4.319600000000000000e+04 4.831200000000000000e+04 4.682300000000000000e+04 1.908513126696925610e+01 4.800000000000000000e+01
-1.900000000000000000e+01 1.090000000000000000e+02 -3.900000000000000000e+01 4.750900000000000000e+04 4.388600000000000000e+04 4.819800000000000000e+04 4.656100000000000000e+04 1.909528667503036559e+01 4.800000000000000000e+01
1.580000000000000000e+02 4.100000000000000000e+01 -7.900000000000000000e+01 4.787900000000000000e+04 4.567800000000000000e+04 4.758300000000000000e+04 4.521900000000000000e+04 1.910489255003631115e+01 4.900000000000000000e+01
3.310000000000000000e+02 2.000000000000000000e+00 -7.600000000000000000e+01 4.876000000000000000e+04 4.692200000000000000e+04 4.665900000000000000e+04 4.423500000000000000e+04 1.911608668998815119e+01 4.900000000000000000e+01
4.740000000000000000e+02 5.900000000000000000e+01 -8.300000000000000000e+01 4.933600000000000000e+04 4.763800000000000000e+04 4.590500000000000000e+04 4.341900000000000000e+04 1.912505796493496746e+01 4.900000000000000000e+01
5.560000000000000000e+02 1.130000000000000000e+02 -8.600000000000000000e+01 4.981000000000000000e+04 4.752800000000000000e+04 4.519400000000000000e+04 4.363700000000000000e+04 1.913775980903301388e+01 4.900000000000000000e+01
5.340000000000000000e+02 1.060000000000000000e+02 -9.000000000000000000e+01 4.961900000000000000e+04 4.768900000000000000e+04 4.535900000000000000e+04 4.361100000000000000e+04 1.914452796301338822e+01 5.100000000000000000e+01
4.800000000000000000e+02 7.900000000000000000e+01 -6.700000000000000000e+01 4.965200000000000000e+04 4.757600000000000000e+04 4.554100000000000000e+04 4.362200000000000000e+04 1.916234687098767608e+01 5.100000000000000000e+01
3.230000000000000000e+02 7.900000000000000000e+01 -6.600000000000000000e+01 4.909600000000000000e+04 4.705100000000000000e+04 4.633800000000000000e+04 4.429000000000000000e+04 1.916820118692703545e+01 5.100000000000000000e+01
1.170000000000000000e+02 3.700000000000000000e+01 -7.300000000000000000e+01 4.827100000000000000e+04 4.595100000000000000e+04 4.731400000000000000e+04 4.554300000000000000e+04 1.917464458302129060e+01 5.100000000000000000e+01
-1.030000000000000000e+02 7.300000000000000000e+01 -7.600000000000000000e+01 4.738900000000000000e+04 4.492000000000000000e+04 4.798100000000000000e+04 4.660300000000000000e+04 1.918665819102898240e+01 5.100000000000000000e+01
-3.100000000000000000e+02 6.100000000000000000e+01 -9.500000000000000000e+01 4.677000000000000000e+04 4.410800000000000000e+04 4.860900000000000000e+04 4.760100000000000000e+04 1.919676713796798140e+01 5.100000000000000000e+01
-4.870000000000000000e+02 6.000000000000000000e+00 -8.000000000000000000e+01 4.551700000000000000e+04 4.401000000000000000e+04 4.967100000000000000e+04 4.777600000000000000e+04 1.920511445298325270e+01 5.000000000000000000e+01
-5.930000000000000000e+02 -5.200000000000000000e+01 -7.500000000000000000e+01 4.478800000000000000e+04 4.385700000000000000e+04 5.053400000000000000e+04 4.832400000000000000e+04 1.921805985399987549e+01 5.000000000000000000e+01
-6.110000000000000000e+02 -1.450000000000000000e+02 -8.100000000000000000e+01 4.469200000000000000e+04 4.461900000000000000e+04 5.066100000000000000e+04 4.770700000000000000e+04 1.922687603393569589e+01 5.000000000000000000e+01
-5.140000000000000000e+02 -1.480000000000000000e+02 -8.400000000000000000e+01 4.500300000000000000e+04 4.533200000000000000e+04 5.044400000000000000e+04 4.723600000000000000e+04 1.923646113602444530e+01 5.000000000000000000e+01
-3.740000000000000000e+02 -1.300000000000000000e+02 -8.600000000000000000e+01 4.612900000000000000e+04 4.556500000000000000e+04 4.958200000000000000e+04 4.713500000000000000e+04 1.924508435197640210e+01 4.800000000000000000e+01
-1.880000000000000000e+02 -5.900000000000000000e+01 -8.300000000000000000e+01 4.693100000000000000e+04 4.612100000000000000e+04 4.917000000000000000e+04 4.691700000000000000e+04 1.925518871098756790e+01 4.800000000000000000e+01
3.400000000000000000e+01 -2.900000000000000000e+01 -7.700000000000000000e+01 4.804300000000000000e+04 4.690500000000000000e+04 4.808700000000000000e+04 4.619800000000000000e+04 1.926511982793454081e+01 4.800000000000000000e+01
2.750000000000000000e+02 5.100000000000000000e+01 -5.800000000000000000e+01 4.924100000000000000e+04 4.764100000000000000e+04 4.685200000000000000e+04 4.532900000000000000e+04 1.927587098698131740e+01 4.800000000000000000e+01
3.770000000000000000e+02 1.060000000000000000e+02 -8.800000000000000000e+01 4.957600000000000000e+04 4.834100000000000000e+04 4.643400000000000000e+04 4.449800000000000000e+04 1.928541068697813898e+01 4.800000000000000000e+01
4.420000000000000000e+02 1.510000000000000000e+02 -1.080000000000000000e+02 5.001400000000000000e+04 4.836600000000000000e+04 4.554000000000000000e+04 4.481900000000000000e+04 1.929635855392552912e+01 4.800000000000000000e+01
4.070000000000000000e+02 1.380000000000000000e+02 -1.030000000000000000e+02 5.003800000000000000e+04 4.784600000000000000e+04 4.548100000000000000e+04 4.575100000000000000e+04 1.930582596303429455e+01 4.700000000000000000e+01
3.000000000000000000e+02 1.920000000000000000e+02 -1.020000000000000000e+02 4.957100000000000000e+04 4.754300000000000000e+04 4.626800000000000000e+04 4.635000000000000000e+04 1.931582897994667292e+01 4.700000000000000000e+01
1.950000000000000000e+02 1.880000000000000000e+02 -1.190000000000000000e+02 4.955500000000000000e+04 4.686600000000000000e+04 4.616500000000000000e+04 4.720100000000000000e+04 1.932557150395587087e+01 4.700000000000000000e+01
-7.400000000000000000e+01 1.930000000000000000e+02 -1.080000000000000000e+02 4.826700000000000000e+04 4.613400000000000000e+04 4.777700000000000000e+04 4.805200000000000000e+04 1.933552865695673972e+01 4.700000000000000000e+01
-2.000000000000000000e+02 8.500000000000000000e+01 -7.200000000000000000e+01 4.757200000000000000e+04 4.652300000000000000e+04 4.883100000000000000e+04 4.736700000000000000e+04 1.934609172702766955e+01 4.500000000000000000e+01
-3.360000000000000000e+02 1.100000000000000000e+01 -5.600000000000000000e+01 4.733300000000000000e+04 4.611000000000000000e+04 4.907400000000000000e+04 4.795300000000000000e+04 1.935547569498885423e+01 4.500000000000000000e+01
-4.160000000000000000e+02 -8.000000000000000000e+01 -4.100000000000000000e+01 4.607500000000000000e+04 4.636400000000000000e+04 5.018000000000000000e+04 4.761100000000000000e+04 1.936644168093334883e+01 4.500000000000000000e+01
-4.550000000000000000e+02 -1.800000000000000000e+02 -4.600000000000000000e+01 4.549700000000000000e+04 4.599500000000000000e+04 5.050400000000000000e+04 4.805600000000000000e+04 1.937530348694417626e+01 4.500000000000000000e+01
-4.560000000000000000e+02 -2.650000000000000000e+02 -2.700000000000000000e+01 4.490300000000000000e+04 4.649900000000000000e+04 5.102600000000000000e+04 4.739500000000000000e+04 1.938520272192545235e+01 4.500000000000000000e+01
-3.840000000000000000e+02 -2.640000000000000000e+02 2.000000000000000000e+00 4.609700000000000000e+04 4.679000000000000000e+04 5.034100000000000000e+04 4.684800000000000000e+04 1.939548330893740058e+01 4.500000000000000000e+01
-2.920000000000000000e+02 -2.110000000000000000e+02 2.700000000000000000e+01 4.735700000000000000e+04 4.743400000000000000e+04 4.950400000000000000e+04 4.597400000000000000e+04 1.940883809200022370e+01 4.500000000000000000e+01
-2.260000000000000000e+02 -1.720000000000000000e+02 4.900000000000000000e+01 4.704100000000000000e+04 4.681900000000000000e+04 4.990200000000000000e+04 4.640600000000000000e+04 1.941489971603732556e+01 4.500000000000000000e+01
-8.400000000000000000e+01 -2.500000000000000000e+01 6.100000000000000000e+01 4.802900000000000000e+04 4.608100000000000000e+04 4.921500000000000000e+04 4.715700000000000000e+04 1.942538163799326867e+01 4.500000000000000000e+01
4.600000000000000000e+01 1.330000000000000000e+02 4.800000000000000000e+01 4.971600000000000000e+04 4.638500000000000000e+04 4.739300000000000000e+04 4.690000000000000000e+04 1.943486502999439836e+01 4.500000000000000000e+01
1.290000000000000000e+02 1.680000000000000000e+02 3.700000000000000000e+01 4.949700000000000000e+04 4.694200000000000000e+04 4.763900000000000000e+04 4.624600000000000000e+04 1.944575164001435041e+01 4.200000000000000000e+01
1.450000000000000000e+02 2.390000000000000000e+02 3.300000000000000000e+01 4.953500000000000000e+04 4.651400000000000000e+04 4.758600000000000000e+04 4.671800000000000000e+04 1.945450926595367491e+01 4.200000000000000000e+01
1.730000000000000000e+02 2.890000000000000000e+02 1.700000000000000000e+01 5.019000000000000000e+04 4.634900000000000000e+04 4.661800000000000000e+04 4.692400000000000000e+04 1.947779828403145075e+01 4.200000000000000000e+01
1.250000000000000000e+02 3.280000000000000000e+02 4.100000000000000000e+01 5.008200000000000000e+04 4.556400000000000000e+04 4.682000000000000000e+04 4.752700000000000000e+04 1.948592418502084911e+01 4.200000000000000000e+01
1.120000000000000000e+02 2.690000000000000000e+02 5.600000000000000000e+01 4.963900000000000000e+04 4.639900000000000000e+04 4.745200000000000000e+04 4.659200000000000000e+04 1.950718317599967122e+01 4.200000000000000000e+01
2.000000000000000000e+01 1.990000000000000000e+02 3.400000000000000000e+01 4.929200000000000000e+04 4.603300000000000000e+04 4.778700000000000000e+04 4.696000000000000000e+04 1.951130866701714694e+01 4.200000000000000000e+01
1.700000000000000000e+01 1.460000000000000000e+02 3.700000000000000000e+01 4.929400000000000000e+04 4.645900000000000000e+04 4.777200000000000000e+04 4.659100000000000000e+04 1.951290780899580568e+01 4.300000000000000000e+01
-4.500000000000000000e+01 2.600000000000000000e+01 2.300000000000000000e+01 4.856700000000000000e+04 4.643900000000000000e+04 4.841000000000000000e+04 4.660500000000000000e+04 1.951552771800197661e+01 4.300000000000000000e+01
-1.330000000000000000e+02 -6.800000000000000000e+01 1.200000000000000000e+01 4.791600000000000000e+04 4.640100000000000000e+04 4.903400000000000000e+04 4.659600000000000000e+04 1.952452432492282242e+01 4.300000000000000000e+01
-1.740000000000000000e+02 -1.890000000000000000e+02 2.500000000000000000e+01 4.723200000000000000e+04 4.672100000000000000e+04 4.958100000000000000e+04 4.631700000000000000e+04 1.953494547703303397e+01 4.300000000000000000e+01
-2.120000000000000000e+02 -2.100000000000000000e+02 3.200000000000000000e+01 4.698100000000000000e+04 4.672300000000000000e+04 4.986200000000000000e+04 4.622800000000000000e+04 1.954518998099956661e+01 4.200000000000000000e+01
-1.680000000000000000e+02 -2.600000000000000000e+02 4.300000000000000000e+01 4.662700000000000000e+04 4.642700000000000000e+04 5.026300000000000000e+04 4.641700000000000000e+04 1.955463687598239630e+01 4.200000000000000000e+01
-5.700000000000000000e+01 -2.020000000000000000e+02 6.800000000000000000e+01 4.719300000000000000e+04 4.717500000000000000e+04 4.996700000000000000e+04 4.536200000000000000e+04 1.956436034501530230e+01 4.200000000000000000e+01
1.500000000000000000e+01 -1.730000000000000000e+02 6.400000000000000000e+01 4.779500000000000000e+04 4.678100000000000000e+04 4.933800000000000000e+04 4.559100000000000000e+04 1.957469189492985606e+01 4.200000000000000000e+01
1.140000000000000000e+02 -1.050000000000000000e+02 6.800000000000000000e+01 4.833500000000000000e+04 4.661100000000000000e+04 4.886500000000000000e+04 4.569500000000000000e+04 1.958493976795580238e+01 4.200000000000000000e+01
1.960000000000000000e+02 -3.300000000000000000e+01 8.700000000000000000e+01 4.893400000000000000e+04 4.684200000000000000e+04 4.864600000000000000e+04 4.547600000000000000e+04 1.959447670495137572e+01 4.200000000000000000e+01
2.180000000000000000e+02 3.700000000000000000e+01 1.130000000000000000e+02 4.907400000000000000e+04 4.656900000000000000e+04 4.857400000000000000e+04 4.550000000000000000e+04 1.960501381393987685e+01 3.900000000000000000e+01
2.120000000000000000e+02 1.310000000000000000e+02 1.310000000000000000e+02 5.046000000000000000e+04 4.627900000000000000e+04 4.885400000000000000e+04 4.399100000000000000e+04 1.961464949592482299e+01 3.900000000000000000e+01
1.450000000000000000e+02 1.180000000000000000e+02 1.290000000000000000e+02 4.941600000000000000e+04 4.594400000000000000e+04 4.875200000000000000e+04 4.590400000000000000e+04 1.962501452094875276e+01 3.900000000000000000e+01
4.800000000000000000e+01 1.250000000000000000e+02 1.530000000000000000e+02 5.039200000000000000e+04 4.435000000000000000e+04 4.949100000000000000e+04 4.516700000000000000e+04 1.963530356297269464e+01 3.900000000000000000e+01
-8.800000000000000000e+01 1.260000000000000000e+02 1.540000000000000000e+02 4.880400000000000000e+04 4.374700000000000000e+04 4.945800000000000000e+04 4.764700000000000000e+04 1.964502562303096056e+01 4.300000000000000000e+01
-1.870000000000000000e+02 1.210000000000000000e+02 1.320000000000000000e+02 4.904700000000000000e+04 4.233000000000000000e+04 5.058300000000000000e+04 4.656600000000000000e+04 1.965520743397064507e+01 4.300000000000000000e+01
-1.670000000000000000e+02 1.110000000000000000e+02 1.390000000000000000e+02 4.926700000000000000e+04 4.238500000000000000e+04 5.034500000000000000e+04 4.625200000000000000e+04 1.966514142300002277e+01 4.300000000000000000e+01
-1.390000000000000000e+02 1.050000000000000000e+02 1.330000000000000000e+02 4.907700000000000000e+04 4.293300000000000000e+04 5.036900000000000000e+04 4.589800000000000000e+04 1.967393607192207128e+01 4.300000000000000000e+01
-7.000000000000000000e+01 1.150000000000000000e+02 1.450000000000000000e+02 4.998600000000000000e+04 4.295400000000000000e+04 4.977200000000000000e+04 4.544900000000000000e+04 1.968519247299991548e+01 4.300000000000000000e+01
8.000000000000000000e+00 6.000000000000000000e+01 1.140000000000000000e+02 4.972500000000000000e+04 4.393800000000000000e+04 4.987000000000000000e+04 4.474300000000000000e+04 1.969425118202343583e+01 4.300000000000000000e+01
8.000000000000000000e+00 -1.300000000000000000e+01 9.900000000000000000e+01 4.910000000000000000e+04 4.419100000000000000e+04 5.019700000000000000e+04 4.487400000000000000e+04 1.970501163194421679e+01 4.000000000000000000e+01
5.500000000000000000e+01 -1.900000000000000000e+01 8.400000000000000000e+01 4.947800000000000000e+04 4.465500000000000000e+04 4.972500000000000000e+04 4.478500000000000000e+04 1.971410878293681890e+01 4.000000000000000000e+01
8.500000000000000000e+01 -5.500000000000000000e+01 6.600000000000000000e+01 4.951700000000000000e+04 4.599800000000000000e+04 4.973400000000000000e+04 4.369000000000000000e+04 1.972469338297378272e+01 4.000000000000000000e+01
1.070000000000000000e+02 -9.400000000000000000e+01 7.300000000000000000e+01 4.930900000000000000e+04 4.620800000000000000e+04 4.960100000000000000e+04 4.392000000000000000e+04 1.973456386697944254e+01 4.000000000000000000e+01
1.410000000000000000e+02 -1.460000000000000000e+02 8.100000000000000000e+01 4.920100000000000000e+04 4.632500000000000000e+04 4.986100000000000000e+04 4.359500000000000000e+04 1.974519035499542952e+01 4.000000000000000000e+01
1.840000000000000000e+02 -1.350000000000000000e+02 9.000000000000000000e+01 4.985400000000000000e+04 4.619600000000000000e+04 4.913800000000000000e+04 4.351300000000000000e+04 1.975569196196738631e+01 4.000000000000000000e+01
1.690000000000000000e+02 -9.900000000000000000e+01 8.100000000000000000e+01 4.955300000000000000e+04 4.625300000000000000e+04 4.947300000000000000e+04 4.345600000000000000e+04 1.976481025503017008e+01 4.000000000000000000e+01
1.060000000000000000e+02 -7.700000000000000000e+01 7.400000000000000000e+01 4.974700000000000000e+04 4.666200000000000000e+04 4.932100000000000000e+04 4.293400000000000000e+04 1.977485515503212810e+01 4.000000000000000000e+01
5.200000000000000000e+01 -2.500000000000000000e+01 6.900000000000000000e+01 4.929700000000000000e+04 4.610600000000000000e+04 4.957800000000000000e+04 4.393200000000000000e+04 1.978469447197858244e+01 4.000000000000000000e+01
-6.800000000000000000e+01 2.000000000000000000e+00 7.900000000000000000e+01 4.921500000000000000e+04 4.471000000000000000e+04 4.986800000000000000e+04 4.512300000000000000e+04 1.979456382396165282e+01 4.000000000000000000e+01
-1.750000000000000000e+02 -1.200000000000000000e+01 8.300000000000000000e+01 4.846900000000000000e+04 4.447600000000000000e+04 5.086900000000000000e+04 4.521500000000000000e+04 1.980438751203473657e+01 4.000000000000000000e+01
-2.560000000000000000e+02 -5.400000000000000000e+01 9.100000000000000000e+01 4.812200000000000000e+04 4.363300000000000000e+04 5.131300000000000000e+04 4.570300000000000000e+04 1.981547880300786346e+01 4.000000000000000000e+01
-3.160000000000000000e+02 -7.700000000000000000e+01 9.900000000000000000e+01 4.722100000000000000e+04 4.340500000000000000e+04 5.199600000000000000e+04 4.577900000000000000e+04 1.982493992894887924e+01 4.000000000000000000e+01
-3.390000000000000000e+02 -7.700000000000000000e+01 1.070000000000000000e+02 4.694400000000000000e+04 4.278300000000000000e+04 5.226600000000000000e+04 4.618700000000000000e+04 1.983455917495302856e+01 4.000000000000000000e+01
-3.030000000000000000e+02 -1.400000000000000000e+01 1.210000000000000000e+02 4.818700000000000000e+04 4.266300000000000000e+04 5.177500000000000000e+04 4.579300000000000000e+04 1.984470233402680606e+01 4.100000000000000000e+01
-1.550000000000000000e+02 8.100000000000000000e+01 1.280000000000000000e+02 4.955700000000000000e+04 4.316200000000000000e+04 5.088500000000000000e+04 4.468200000000000000e+04 1.985469689802266657e+01 4.100000000000000000e+01
-6.400000000000000000e+01 1.190000000000000000e+02 1.060000000000000000e+02 5.009300000000000000e+04 4.352300000000000000e+04 4.992800000000000000e+04 4.455900000000000000e+04 1.986444132099859416e+01 4.100000000000000000e+01
2.700000000000000000e+01 2.100000000000000000e+02 8.200000000000000000e+01 5.090600000000000000e+04 4.443800000000000000e+04 4.874200000000000000e+04 4.397600000000000000e+04 1.987428003200329840e+01 4.100000000000000000e+01
4.100000000000000000e+01 2.230000000000000000e+02 7.900000000000000000e+01 5.070500000000000000e+04 4.408900000000000000e+04 4.866400000000000000e+04 4.469800000000000000e+04 1.988405720097944140e+01 4.100000000000000000e+01
4.700000000000000000e+01 2.160000000000000000e+02 7.200000000000000000e+01 5.061300000000000000e+04 4.448600000000000000e+04 4.867100000000000000e+04 4.445400000000000000e+04 1.989659977692645043e+01 4.100000000000000000e+01
4.000000000000000000e+01 1.960000000000000000e+02 5.300000000000000000e+01 5.019400000000000000e+04 4.479000000000000000e+04 4.898500000000000000e+04 4.431600000000000000e+04 1.990390627598389983e+01 4.100000000000000000e+01
-3.700000000000000000e+01 1.750000000000000000e+02 3.500000000000000000e+01 4.988200000000000000e+04 4.416200000000000000e+04 4.905900000000000000e+04 4.534000000000000000e+04 1.991402372496668249e+01 4.100000000000000000e+01
-7.700000000000000000e+01 1.120000000000000000e+02 3.000000000000000000e+01 4.941600000000000000e+04 4.465800000000000000e+04 4.921000000000000000e+04 4.530600000000000000e+04 1.992413352895528078e+01 4.100000000000000000e+01
-1.340000000000000000e+02 3.100000000000000000e+01 3.600000000000000000e+01 4.867100000000000000e+04 4.472800000000000000e+04 4.997400000000000000e+04 4.520000000000000000e+04 1.993458276998717338e+01 4.100000000000000000e+01
-2.250000000000000000e+02 -8.800000000000000000e+01 1.500000000000000000e+01 4.757900000000000000e+04 4.504100000000000000e+04 5.081800000000000000e+04 4.494000000000000000e+04 1.994411774992477149e+01 3.800000000000000000e+01
-3.210000000000000000e+02 -1.150000000000000000e+02 2.900000000000000000e+01 4.678300000000000000e+04 4.397700000000000000e+04 5.138200000000000000e+04 4.634400000000000000e+04 1.995467137696687132e+01 3.800000000000000000e+01
-3.310000000000000000e+02 -1.150000000000000000e+02 5.400000000000000000e+01 4.668200000000000000e+04 4.401500000000000000e+04 5.154800000000000000e+04 4.580300000000000000e+04 1.996413698000833392e+01 3.800000000000000000e+01
-2.730000000000000000e+02 -7.700000000000000000e+01 4.500000000000000000e+01 4.718600000000000000e+04 4.397700000000000000e+04 5.140700000000000000e+04 4.552100000000000000e+04 1.997497893800027668e+01 3.800000000000000000e+01
-2.240000000000000000e+02 -6.900000000000000000e+01 4.700000000000000000e+01 4.756600000000000000e+04 4.411100000000000000e+04 5.117200000000000000e+04 4.532400000000000000e+04 1.998519192996900529e+01 3.800000000000000000e+01
-1.540000000000000000e+02 -2.100000000000000000e+01 2.600000000000000000e+01 4.748400000000000000e+04 4.430900000000000000e+04 5.107200000000000000e+04 4.536500000000000000e+04 1.999463387695141137e+01 3.800000000000000000e+01
-1.200000000000000000e+02 -6.200000000000000000e+01 5.000000000000000000e+00 4.720500000000000000e+04 4.491100000000000000e+04 5.105100000000000000e+04 4.505200000000000000e+04 2.000493916100822389e+01 4.100000000000000000e+01
-9.300000000000000000e+01 1.000000000000000000e+00 6.000000000000000000e+00 4.727100000000000000e+04 4.442300000000000000e+04 5.076600000000000000e+04 4.574600000000000000e+04 2.001698152092285454e+01 4.100000000000000000e+01
2.000000000000000000e+00 1.400000000000000000e+01 -1.100000000000000000e+01 4.792300000000000000e+04 4.535300000000000000e+04 5.012700000000000000e+04 4.502400000000000000e+04 2.002483568096067756e+01 4.100000000000000000e+01
1.040000000000000000e+02 9.000000000000000000e+01 -2.000000000000000000e+00 4.900100000000000000e+04 4.512800000000000000e+04 4.907200000000000000e+04 4.536100000000000000e+04 2.003375225700438023e+01 4.100000000000000000e+01
2.180000000000000000e+02 7.600000000000000000e+01 -1.300000000000000000e+01 4.960200000000000000e+04 4.593500000000000000e+04 4.836100000000000000e+04 4.460600000000000000e+04 2.004434230295009911e+01 4.000000000000000000e+01
2.910000000000000000e+02 8.800000000000000000e+01 -1.600000000000000000e+01 4.962800000000000000e+04 4.657000000000000000e+04 4.828000000000000000e+04 4.399900000000000000e+04 2.005426226893905550e+01 4.000000000000000000e+01
2.990000000000000000e+02 4.700000000000000000e+01 1.000000000000000000e+00 4.978800000000000000e+04 4.700700000000000000e+04 4.814200000000000000e+04 4.348100000000000000e+04 2.006393900897819549e+01 4.000000000000000000e+01
2.260000000000000000e+02 2.600000000000000000e+01 9.000000000000000000e+00 4.958400000000000000e+04 4.634000000000000000e+04 4.831400000000000000e+04 4.405500000000000000e+04 2.007552256295457482e+01 4.000000000000000000e+01
1.590000000000000000e+02 6.000000000000000000e+00 8.000000000000000000e+00 4.880100000000000000e+04 4.608500000000000000e+04 4.921700000000000000e+04 4.422100000000000000e+04 2.008457538799848408e+01 4.000000000000000000e+01
8.000000000000000000e+00 -3.200000000000000000e+01 4.000000000000000000e+00 4.791300000000000000e+04 4.510100000000000000e+04 5.007900000000000000e+04 4.518500000000000000e+04 2.009436851600185037e+01 4.000000000000000000e+01
-9.900000000000000000e+01 -4.800000000000000000e+01 0.000000000000000000e+00 4.730500000000000000e+04 4.467800000000000000e+04 5.069800000000000000e+04 4.572900000000000000e+04 2.010522349202074111e+01 3.900000000000000000e+01
-1.290000000000000000e+02 -4.300000000000000000e+01 -1.900000000000000000e+01 4.698000000000000000e+04 4.488200000000000000e+04 5.089600000000000000e+04 4.566600000000000000e+04 2.011426046001724899e+01 3.900000000000000000e+01
-1.580000000000000000e+02 -1.600000000000000000e+01 -3.200000000000000000e+01 4.757200000000000000e+04 4.473600000000000000e+04 5.024100000000000000e+04 4.618900000000000000e+04 2.012519217096269131e+01 3.900000000000000000e+01
-1.040000000000000000e+02 1.230000000000000000e+02 -4.600000000000000000e+01 4.793500000000000000e+04 4.401400000000000000e+04 4.962700000000000000e+04 4.737100000000000000e+04 2.013375559996347874e+01 3.900000000000000000e+01
-2.100000000000000000e+01 2.030000000000000000e+02 -4.900000000000000000e+01 4.946100000000000000e+04 4.426800000000000000e+04 4.795700000000000000e+04 4.741700000000000000e+04 2.014502520498353988e+01 3.800000000000000000e+01
7.300000000000000000e+01 2.500000000000000000e+02 -3.600000000000000000e+01 4.969000000000000000e+04 4.473100000000000000e+04 4.777700000000000000e+04 4.713200000000000000e+04 2.015494154603220522e+01 3.800000000000000000e+01
1.610000000000000000e+02 2.030000000000000000e+02 -4.700000000000000000e+01 4.985100000000000000e+04 4.561900000000000000e+04 4.775800000000000000e+04 4.622700000000000000e+04 2.016439667902886868e+01 3.800000000000000000e+01
1.730000000000000000e+02 5.000000000000000000e+01 -5.400000000000000000e+01 4.986700000000000000e+04 4.705900000000000000e+04 4.749400000000000000e+04 4.498300000000000000e+04 2.017568430397659540e+01 3.800000000000000000e+01
1.330000000000000000e+02 -9.400000000000000000e+01 -6.300000000000000000e+01 4.872700000000000000e+04 4.759900000000000000e+04 4.853000000000000000e+04 4.466700000000000000e+04 2.018689996295142919e+01 3.800000000000000000e+01
3.100000000000000000e+01 -2.210000000000000000e+02 -7.200000000000000000e+01 4.761500000000000000e+04 4.776000000000000000e+04 4.937600000000000000e+04 4.477200000000000000e+04 2.019634630193468183e+01 3.800000000000000000e+01
-3.400000000000000000e+01 -2.470000000000000000e+02 -8.900000000000000000e+01 4.677500000000000000e+04 4.754000000000000000e+04 4.994400000000000000e+04 4.525100000000000000e+04 2.020380493998527527e+01 3.700000000000000000e+01
-1.030000000000000000e+02 -2.620000000000000000e+02 -8.900000000000000000e+01 4.635400000000000000e+04 4.744900000000000000e+04 5.031700000000000000e+04 4.573400000000000000e+04 2.021476013795472682e+01 3.700000000000000000e+01
-8.200000000000000000e+01 -2.660000000000000000e+02 -1.000000000000000000e+02 4.634400000000000000e+04 4.802700000000000000e+04 5.017700000000000000e+04 4.527300000000000000e+04 2.022427521401550621e+01 3.700000000000000000e+01
-9.700000000000000000e+01 -2.050000000000000000e+02 -8.900000000000000000e+01 4.671000000000000000e+04 4.751400000000000000e+04 4.982800000000000000e+04 4.592700000000000000e+04 2.023494266998022795e+01 3.700000000000000000e+01
-1.430000000000000000e+02 -1.040000000000000000e+02 -8.800000000000000000e+01 4.667100000000000000e+04 4.650900000000000000e+04 4.982000000000000000e+04 4.707900000000000000e+04 2.024447775795124471e+01 3.500000000000000000e+01
-1.530000000000000000e+02 0.000000000000000000e+00 -9.600000000000000000e+01 4.714900000000000000e+04 4.589100000000000000e+04 4.936200000000000000e+04 4.791600000000000000e+04 2.025405383796896785e+01 3.500000000000000000e+01
-1.020000000000000000e+02 1.060000000000000000e+02 -7.500000000000000000e+01 4.794300000000000000e+04 4.643500000000000000e+04 4.850100000000000000e+04 4.728500000000000000e+04 2.026406733295880258e+01 3.500000000000000000e+01
-3.600000000000000000e+01 1.700000000000000000e+02 -8.400000000000000000e+01 4.850500000000000000e+04 4.589800000000000000e+04 4.802700000000000000e+04 4.764100000000000000e+04 2.027509728493168950e+01 3.500000000000000000e+01
3.000000000000000000e+01 2.330000000000000000e+02 -7.200000000000000000e+01 4.912100000000000000e+04 4.551700000000000000e+04 4.732700000000000000e+04 4.790500000000000000e+04 2.028416567994281650e+01 3.500000000000000000e+01
1.670000000000000000e+02 2.260000000000000000e+02 -7.900000000000000000e+01 4.993200000000000000e+04 4.606000000000000000e+04 4.774100000000000000e+04 4.631000000000000000e+04 2.029388994595501572e+01 3.500000000000000000e+01
2.740000000000000000e+02 2.040000000000000000e+02 -7.000000000000000000e+01 5.034100000000000000e+04 4.649900000000000000e+04 4.718900000000000000e+04 4.585800000000000000e+04 2.030388638493604958e+01 3.400000000000000000e+01
3.260000000000000000e+02 2.050000000000000000e+02 -6.400000000000000000e+01 5.062700000000000000e+04 4.701200000000000000e+04 4.688200000000000000e+04 4.535100000000000000e+04 2.031406599993351847e+01 3.400000000000000000e+01
3.170000000000000000e+02 1.430000000000000000e+02 -6.800000000000000000e+01 5.024700000000000000e+04 4.702600000000000000e+04 4.741500000000000000e+04 4.525900000000000000e+04 2.032382089598104358e+01 3.400000000000000000e+01
1.710000000000000000e+02 8.800000000000000000e+01 -5.100000000000000000e+01 4.953000000000000000e+04 4.678800000000000000e+04 4.822000000000000000e+04 4.552700000000000000e+04 2.033375392796006054e+01 3.400000000000000000e+01
2.800000000000000000e+01 9.000000000000000000e+00 -4.600000000000000000e+01 4.843900000000000000e+04 4.597200000000000000e+04 4.936200000000000000e+04 4.636900000000000000e+04 2.034450629795901477e+01 3.200000000000000000e+01
-1.680000000000000000e+02 -8.300000000000000000e+01 -4.900000000000000000e+01 4.748600000000000000e+04 4.632300000000000000e+04 4.959400000000000000e+04 4.681200000000000000e+04 2.035421171295456588e+01 3.200000000000000000e+01
-3.440000000000000000e+02 -1.440000000000000000e+02 -4.200000000000000000e+01 4.596200000000000000e+04 4.508100000000000000e+04 5.083900000000000000e+04 4.806100000000000000e+04 2.036394742294214666e+01 3.200000000000000000e+01
-4.120000000000000000e+02 -2.430000000000000000e+02 -1.300000000000000000e+01 4.490500000000000000e+04 4.516600000000000000e+04 5.174200000000000000e+04 4.781500000000000000e+04 2.037375352892559022e+01 3.200000000000000000e+01
-4.260000000000000000e+02 -2.900000000000000000e+02 -9.000000000000000000e+00 4.429600000000000000e+04 4.528600000000000000e+04 5.236000000000000000e+04 4.735100000000000000e+04 2.038414019392803311e+01 3.200000000000000000e+01
-3.740000000000000000e+02 -3.310000000000000000e+02 9.000000000000000000e+00 4.464300000000000000e+04 4.604400000000000000e+04 5.254500000000000000e+04 4.646700000000000000e+04 2.039412134501617402e+01 3.200000000000000000e+01
-2.750000000000000000e+02 -2.610000000000000000e+02 0.000000000000000000e+00 4.589300000000000000e+04 4.687800000000000000e+04 5.200400000000000000e+04 4.554200000000000000e+04 2.040395558392629027e+01 3.100000000000000000e+01
-1.460000000000000000e+02 -2.440000000000000000e+02 2.600000000000000000e+01 4.725400000000000000e+04 4.749500000000000000e+04 5.148500000000000000e+04 4.497000000000000000e+04 2.041434541298076510e+01 3.100000000000000000e+01
-6.600000000000000000e+01 -2.260000000000000000e+02 1.600000000000000000e+01 4.733400000000000000e+04 4.758200000000000000e+04 5.165300000000000000e+04 4.479300000000000000e+04 2.042359285696875304e+01 3.100000000000000000e+01
-1.000000000000000000e+00 -2.010000000000000000e+02 3.200000000000000000e+01 4.762500000000000000e+04 4.807300000000000000e+04 5.154900000000000000e+04 4.437000000000000000e+04 2.043403570796363056e+01 1.083000000000000000e+03
5.400000000000000000e+01 -1.120000000000000000e+02 2.200000000000000000e+01 4.837000000000000000e+04 4.789200000000000000e+04 5.113600000000000000e+04 4.443000000000000000e+04 2.044410383899230510e+01 1.083000000000000000e+03
1.290000000000000000e+02 -1.900000000000000000e+01 1.300000000000000000e+01 4.912600000000000000e+04 4.761400000000000000e+04 5.060900000000000000e+04 4.493600000000000000e+04 2.045358333992771804e+01 1.083000000000000000e+03
1.250000000000000000e+02 1.000000000000000000e+01 2.800000000000000000e+01 4.944400000000000000e+04 4.784200000000000000e+04 5.033700000000000000e+04 4.499900000000000000e+04 2.046409602998755872e+01 1.083000000000000000e+03
1.450000000000000000e+02 7.100000000000000000e+01 -4.000000000000000000e+00 4.958100000000000000e+04 4.763000000000000000e+04 5.017400000000000000e+04 4.559000000000000000e+04 2.047393664298579097e+01 1.083000000000000000e+03
9.900000000000000000e+01 8.800000000000000000e+01 -5.000000000000000000e+00 4.945200000000000000e+04 4.768700000000000000e+04 5.014100000000000000e+04 4.597300000000000000e+04 2.048460766195785254e+01 1.083000000000000000e+03
5.100000000000000000e+01 1.100000000000000000e+01 -3.500000000000000000e+01 4.903600000000000000e+04 4.796500000000000000e+04 5.044400000000000000e+04 4.601200000000000000e+04 2.049354675598442554e+01 7.810000000000000000e+02
-1.300000000000000000e+01 1.400000000000000000e+01 -2.600000000000000000e+01 4.807700000000000000e+04 4.746100000000000000e+04 5.091700000000000000e+04 4.670100000000000000e+04 2.050407707900740206e+01 7.810000000000000000e+02
-4.500000000000000000e+01 -1.330000000000000000e+02 -1.500000000000000000e+01 4.779900000000000000e+04 4.815700000000000000e+04 5.149600000000000000e+04 4.604700000000000000e+04 2.051422902499325573e+01 7.810000000000000000e+02
-1.140000000000000000e+02 -1.670000000000000000e+02 2.000000000000000000e+00 4.694400000000000000e+04 4.849800000000000000e+04 5.222900000000000000e+04 4.567500000000000000e+04 2.052394393994472921e+01 7.810000000000000000e+02
-1.100000000000000000e+02 -1.660000000000000000e+02 -1.500000000000000000e+01 4.673000000000000000e+04 4.836900000000000000e+04 5.240600000000000000e+04 4.592300000000000000e+04 2.053362194797955453e+01 7.770000000000000000e+02
-1.760000000000000000e+02 -1.600000000000000000e+02 2.000000000000000000e+00 4.627100000000000000e+04 4.806200000000000000e+04 5.272000000000000000e+04 4.614200000000000000e+04 2.054345228197053075e+01 7.770000000000000000e+02
-1.580000000000000000e+02 -1.310000000000000000e+02 -1.800000000000000000e+01 4.662900000000000000e+04 4.804400000000000000e+04 5.243600000000000000e+04 4.602900000000000000e+04 2.055332567403092980e+01 7.770000000000000000e+02
-1.680000000000000000e+02 -2.300000000000000000e+01 -2.600000000000000000e+01 4.703400000000000000e+04 4.771400000000000000e+04 5.208000000000000000e+04 4.663600000000000000e+04 2.056393602793104947e+01 7.770000000000000000e+02
-6.200000000000000000e+01 7.000000000000000000e+01 -4.100000000000000000e+01 4.746800000000000000e+04 4.737500000000000000e+04 5.164000000000000000e+04 4.725100000000000000e+04 2.057354861695785075e+01 7.770000000000000000e+02
-2.300000000000000000e+01 1.420000000000000000e+02 -1.600000000000000000e+01 4.765800000000000000e+04 4.791900000000000000e+04 5.126200000000000000e+04 4.699400000000000000e+04 2.058492334303446114e+01 7.770000000000000000e+02
1.700000000000000000e+02 2.910000000000000000e+02 -5.300000000000000000e+01 4.856500000000000000e+04 4.795500000000000000e+04 5.065200000000000000e+04 4.714400000000000000e+04 2.059377586294431239e+01 7.780000000000000000e+02
2.530000000000000000e+02 3.860000000000000000e+02 -4.100000000000000000e+01 4.890600000000000000e+04 4.772100000000000000e+04 4.981200000000000000e+04 4.706300000000000000e+04 2.060407616093289107e+01 7.780000000000000000e+02
3.620000000000000000e+02 4.690000000000000000e+02 -4.900000000000000000e+01 5.006900000000000000e+04 4.716900000000000000e+04 4.846200000000000000e+04 4.768700000000000000e+04 2.061509831796865910e+01 7.780000000000000000e+02
3.320000000000000000e+02 6.010000000000000000e+02 -7.000000000000000000e+01 5.022300000000000000e+04 4.681600000000000000e+04 4.784500000000000000e+04 4.830800000000000000e+04 2.062377337599173188e+01 7.780000000000000000e+02
3.390000000000000000e+02 6.610000000000000000e+02 -8.800000000000000000e+01 5.056400000000000000e+04 4.608900000000000000e+04 4.698800000000000000e+04 4.926400000000000000e+04 2.063364236894994974e+01 7.780000000000000000e+02
3.440000000000000000e+02 6.900000000000000000e+02 -7.400000000000000000e+01 5.081700000000000000e+04 4.625400000000000000e+04 4.638100000000000000e+04 4.950900000000000000e+04 2.064336603798437864e+01 7.700000000000000000e+02
3.490000000000000000e+02 7.120000000000000000e+02 -1.040000000000000000e+02 5.116900000000000000e+04 4.612400000000000000e+04 4.570500000000000000e+04 4.968400000000000000e+04 2.065397169301286340e+01 7.700000000000000000e+02
3.630000000000000000e+02 6.510000000000000000e+02 -1.080000000000000000e+02 5.107900000000000000e+04 4.659900000000000000e+04 4.546600000000000000e+04 4.957300000000000000e+04 2.066375890292692930e+01 7.700000000000000000e+02
3.850000000000000000e+02 5.580000000000000000e+02 -1.360000000000000000e+02 5.103700000000000000e+04 4.676700000000000000e+04 4.544000000000000000e+04 4.949300000000000000e+04 2.067357668699696660e+01 7.700000000000000000e+02
4.170000000000000000e+02 3.550000000000000000e+02 -1.440000000000000000e+02 5.041000000000000000e+04 4.844500000000000000e+04 4.574000000000000000e+04 4.846700000000000000e+04 2.068346761900465935e+01 7.700000000000000000e+02
4.640000000000000000e+02 1.570000000000000000e+02 -1.330000000000000000e+02 4.987700000000000000e+04 4.967200000000000000e+04 4.609500000000000000e+04 4.725200000000000000e+04 2.069344782398547977e+01 7.680000000000000000e+02
4.870000000000000000e+02 -5.900000000000000000e+01 -1.460000000000000000e+02 4.920100000000000000e+04 5.090600000000000000e+04 4.704700000000000000e+04 4.628700000000000000e+04 2.070414545596577227e+01 7.680000000000000000e+02
4.400000000000000000e+02 -2.460000000000000000e+02 -1.520000000000000000e+02 4.803100000000000000e+04 5.170700000000000000e+04 4.839400000000000000e+04 4.545300000000000000e+04 2.071360231598373502e+01 7.680000000000000000e+02
3.820000000000000000e+02 -4.360000000000000000e+02 -1.720000000000000000e+02 4.681900000000000000e+04 5.225900000000000000e+04 4.927500000000000000e+04 4.492200000000000000e+04 2.072415509901475161e+01 7.680000000000000000e+02
2.240000000000000000e+02 -5.030000000000000000e+02 -1.720000000000000000e+02 4.565000000000000000e+04 5.232900000000000000e+04 4.987800000000000000e+04 4.536700000000000000e+04 2.073385315993800759e+01 7.680000000000000000e+02
8.600000000000000000e+01 -5.840000000000000000e+02 -1.910000000000000000e+02 4.443000000000000000e+04 5.238800000000000000e+04 5.049600000000000000e+04 4.594800000000000000e+04 2.074382851494010538e+01 7.660000000000000000e+02
-4.400000000000000000e+01 -4.930000000000000000e+02 -1.660000000000000000e+02 4.416500000000000000e+04 5.157400000000000000e+04 5.064000000000000000e+04 4.739200000000000000e+04 2.075352735398337245e+01 7.660000000000000000e+02
-1.740000000000000000e+02 -3.890000000000000000e+02 -1.740000000000000000e+02 4.360100000000000000e+04 5.085100000000000000e+04 5.108400000000000000e+04 4.831000000000000000e+04 2.076436724700033665e+01 7.660000000000000000e+02
-2.230000000000000000e+02 -2.710000000000000000e+02 -1.680000000000000000e+02 4.505600000000000000e+04 4.946500000000000000e+04 5.019800000000000000e+04 4.980600000000000000e+04 2.077325584995560348e+01 7.660000000000000000e+02
-2.320000000000000000e+02 -2.800000000000000000e+01 -1.670000000000000000e+02 4.575000000000000000e+04 4.850700000000000000e+04 4.976200000000000000e+04 5.067900000000000000e+04 2.078393451892770827e+01 7.660000000000000000e+02
-1.880000000000000000e+02 6.800000000000000000e+01 -1.880000000000000000e+02 4.704600000000000000e+04 4.771400000000000000e+04 4.856800000000000000e+04 5.144400000000000000e+04 2.079346390801947564e+01 7.660000000000000000e+02
-1.090000000000000000e+02 1.360000000000000000e+02 -1.960000000000000000e+02 4.749600000000000000e+04 4.818800000000000000e+04 4.764600000000000000e+04 5.122900000000000000e+04 2.080310341296717525e+01 7.660000000000000000e+02
1.800000000000000000e+01 7.600000000000000000e+01 -1.960000000000000000e+02 4.797500000000000000e+04 4.925400000000000000e+04 4.710700000000000000e+04 5.061300000000000000e+04 2.081383235193789005e+01 7.660000000000000000e+02
6.000000000000000000e+01 5.900000000000000000e+01 -1.780000000000000000e+02 4.805100000000000000e+04 4.950600000000000000e+04 4.706900000000000000e+04 5.035100000000000000e+04 2.082382700196467340e+01 7.660000000000000000e+02
1.240000000000000000e+02 -1.160000000000000000e+02 -1.770000000000000000e+02 4.779200000000000000e+04 5.028600000000000000e+04 4.734600000000000000e+04 4.953200000000000000e+04 2.083311923092696816e+01 7.660000000000000000e+02
1.530000000000000000e+02 -2.300000000000000000e+02 -1.550000000000000000e+02 4.713900000000000000e+04 5.129300000000000000e+04 4.826500000000000000e+04 4.860600000000000000e+04 2.084354395803529769e+01 7.590000000000000000e+02
1.550000000000000000e+02 -4.160000000000000000e+02 -1.570000000000000000e+02 4.630100000000000000e+04 5.165000000000000000e+04 4.895700000000000000e+04 4.785500000000000000e+04 2.085354228399228305e+01 7.590000000000000000e+02
1.710000000000000000e+02 -4.450000000000000000e+02 -1.440000000000000000e+02 4.671100000000000000e+04 5.209700000000000000e+04 4.877000000000000000e+04 4.697200000000000000e+04 2.086355157592333853e+01 7.590000000000000000e+02
1.570000000000000000e+02 -5.880000000000000000e+02 -1.330000000000000000e+02 4.560200000000000000e+04 5.229200000000000000e+04 4.966700000000000000e+04 4.661700000000000000e+04 2.087339792202692479e+01 7.590000000000000000e+02
7.900000000000000000e+01 -6.100000000000000000e+02 -1.330000000000000000e+02 4.531100000000000000e+04 5.198900000000000000e+04 4.992800000000000000e+04 4.698900000000000000e+04 2.088368973194155842e+01 7.590000000000000000e+02
4.200000000000000000e+01 -6.110000000000000000e+02 -1.020000000000000000e+02 4.515700000000000000e+04 5.243500000000000000e+04 5.006100000000000000e+04 4.623500000000000000e+04 2.089436380297411233e+01 7.590000000000000000e+02
5.600000000000000000e+01 -6.670000000000000000e+02 -1.100000000000000000e+02 4.510400000000000000e+04 5.251600000000000000e+04 5.034200000000000000e+04 4.579200000000000000e+04 2.090409831597935408e+01 7.590000000000000000e+02
2.200000000000000000e+01 -5.980000000000000000e+02 -1.090000000000000000e+02 4.470400000000000000e+04 5.214000000000000000e+04 5.063900000000000000e+04 4.635000000000000000e+04 2.091374195693060756e+01 7.590000000000000000e+02
-3.400000000000000000e+01 -5.180000000000000000e+02 -1.130000000000000000e+02 4.531100000000000000e+04 5.144900000000000000e+04 5.021400000000000000e+04 4.769300000000000000e+04 2.092420431494247168e+01 7.590000000000000000e+02
-8.900000000000000000e+01 -4.200000000000000000e+02 -1.000000000000000000e+02 4.568100000000000000e+04 5.094400000000000000e+04 4.993400000000000000e+04 4.833200000000000000e+04 2.093342030502390116e+01 7.590000000000000000e+02
-1.210000000000000000e+02 -2.970000000000000000e+02 -7.200000000000000000e+01 4.633500000000000000e+04 5.024000000000000000e+04 4.983500000000000000e+04 4.874200000000000000e+04 2.094359661394264549e+01 7.570000000000000000e+02
-1.360000000000000000e+02 -1.550000000000000000e+02 -3.400000000000000000e+01 4.737300000000000000e+04 4.971200000000000000e+04 4.947100000000000000e+04 4.873900000000000000e+04 2.095375798398163170e+01 7.570000000000000000e+02
-8.700000000000000000e+01 -9.200000000000000000e+01 -3.400000000000000000e+01 4.809800000000000000e+04 4.873000000000000000e+04 4.916500000000000000e+04 4.929100000000000000e+04 2.096351619192864746e+01 7.570000000000000000e+02
-1.700000000000000000e+01 -7.200000000000000000e+01 5.000000000000000000e+00 4.902500000000000000e+04 4.936200000000000000e+04 4.869100000000000000e+04 4.808900000000000000e+04 2.097374476899858564e+01 7.570000000000000000e+02
3.500000000000000000e+01 -8.600000000000000000e+01 3.100000000000000000e+01 4.884400000000000000e+04 4.919400000000000000e+04 4.920400000000000000e+04 4.745200000000000000e+04 2.098358301795087755e+01 7.570000000000000000e+02
6.000000000000000000e+01 -2.030000000000000000e+02 3.800000000000000000e+01 4.897900000000000000e+04 4.948600000000000000e+04 4.951800000000000000e+04 4.635100000000000000e+04 2.099329154600854963e+01 7.550000000000000000e+02
6.100000000000000000e+01 -1.910000000000000000e+02 6.600000000000000000e+01 4.913300000000000000e+04 4.950600000000000000e+04 4.897400000000000000e+04 4.678700000000000000e+04 2.100432385795284063e+01 7.550000000000000000e+02
8.100000000000000000e+01 -3.030000000000000000e+02 7.400000000000000000e+01 4.866400000000000000e+04 4.994700000000000000e+04 4.969800000000000000e+04 4.611100000000000000e+04 2.101391995500307530e+01 7.550000000000000000e+02
9.100000000000000000e+01 -2.930000000000000000e+02 7.400000000000000000e+01 4.887300000000000000e+04 4.994000000000000000e+04 4.949900000000000000e+04 4.592600000000000000e+04 2.102329600101802498e+01 7.550000000000000000e+02
4.500000000000000000e+01 -2.570000000000000000e+02 1.150000000000000000e+02 4.865100000000000000e+04 4.930900000000000000e+04 4.980300000000000000e+04 4.634200000000000000e+04 2.103449972998350859e+01 7.550000000000000000e+02
-1.000000000000000000e+01 -2.290000000000000000e+02 1.300000000000000000e+02 4.897300000000000000e+04 4.908000000000000000e+04 4.998100000000000000e+04 4.670900000000000000e+04 2.104538466699887067e+01 7.500000000000000000e+02
-8.900000000000000000e+01 -1.680000000000000000e+02 1.560000000000000000e+02 4.857600000000000000e+04 4.860100000000000000e+04 5.036900000000000000e+04 4.672100000000000000e+04 2.105412381503265351e+01 7.500000000000000000e+02
-1.760000000000000000e+02 -1.530000000000000000e+02 1.970000000000000000e+02 4.840700000000000000e+04 4.841000000000000000e+04 5.063200000000000000e+04 4.665200000000000000e+04 2.106447049695998430e+01 7.500000000000000000e+02
-2.440000000000000000e+02 -1.070000000000000000e+02 1.770000000000000000e+02 4.815600000000000000e+04 4.747700000000000000e+04 5.100200000000000000e+04 4.728300000000000000e+04 2.107428986195009202e+01 7.500000000000000000e+02
-2.760000000000000000e+02 -9.800000000000000000e+01 1.930000000000000000e+02 4.872900000000000000e+04 4.735400000000000000e+04 5.048100000000000000e+04 4.737000000000000000e+04 2.108429707994218916e+01 7.500000000000000000e+02
-3.260000000000000000e+02 -1.200000000000000000e+02 1.850000000000000000e+02 4.817500000000000000e+04 4.721900000000000000e+04 5.100700000000000000e+04 4.732100000000000000e+04 2.109402122802566737e+01 7.530000000000000000e+02
-2.930000000000000000e+02 -6.500000000000000000e+01 1.830000000000000000e+02 4.855000000000000000e+04 4.692200000000000000e+04 5.073100000000000000e+04 4.744400000000000000e+04 2.110364171094261110e+01 7.530000000000000000e+02
-2.760000000000000000e+02 -1.120000000000000000e+02 1.860000000000000000e+02 4.814800000000000000e+04 4.720500000000000000e+04 5.105900000000000000e+04 4.702100000000000000e+04 2.111526448302902281e+01 7.530000000000000000e+02
-2.310000000000000000e+02 -1.170000000000000000e+02 1.510000000000000000e+02 4.832900000000000000e+04 4.726200000000000000e+04 5.083000000000000000e+04 4.699100000000000000e+04 2.112393569899722934e+01 7.530000000000000000e+02
-2.290000000000000000e+02 -1.250000000000000000e+02 1.610000000000000000e+02 4.841200000000000000e+04 4.691500000000000000e+04 5.074800000000000000e+04 4.725500000000000000e+04 2.113462621998041868e+01 7.530000000000000000e+02
-2.110000000000000000e+02 -1.370000000000000000e+02 1.370000000000000000e+02 4.810700000000000000e+04 4.677400000000000000e+04 5.068200000000000000e+04 4.727700000000000000e+04 2.114305791002698243e+01 7.560000000000000000e+02
-1.760000000000000000e+02 -1.080000000000000000e+02 1.220000000000000000e+02 4.815600000000000000e+04 4.766700000000000000e+04 5.056300000000000000e+04 4.640100000000000000e+04 2.115359716303646564e+01 7.560000000000000000e+02
-1.480000000000000000e+02 -1.630000000000000000e+02 1.220000000000000000e+02 4.800800000000000000e+04 4.720000000000000000e+04 5.060200000000000000e+04 4.666600000000000000e+04 2.116349147900473326e+01 7.560000000000000000e+02
-8.100000000000000000e+01 -1.170000000000000000e+02 1.190000000000000000e+02 4.852000000000000000e+04 4.726900000000000000e+04 5.004700000000000000e+04 4.642100000000000000e+04 2.117353010899387300e+01 7.560000000000000000e+02
-6.100000000000000000e+01 -9.100000000000000000e+01 1.190000000000000000e+02 4.859400000000000000e+04 4.751300000000000000e+04 5.016000000000000000e+04 4.619400000000000000e+04 2.118325949192512780e+01 7.560000000000000000e+02
-7.000000000000000000e+00 -8.900000000000000000e+01 8.800000000000000000e+01 4.896000000000000000e+04 4.747500000000000000e+04 4.965200000000000000e+04 4.610800000000000000e+04 2.119330105499830097e+01 7.560000000000000000e+02
-3.000000000000000000e+00 -7.000000000000000000e+01 9.000000000000000000e+01 4.829600000000000000e+04 4.786000000000000000e+04 5.011100000000000000e+04 4.569000000000000000e+04 2.120331225602421910e+01 7.560000000000000000e+02
-6.000000000000000000e+00 -8.700000000000000000e+01 5.600000000000000000e+01 4.807500000000000000e+04 4.756300000000000000e+04 5.029500000000000000e+04 4.630400000000000000e+04 2.121367699699476361e+01 7.560000000000000000e+02
3.300000000000000000e+01 -7.500000000000000000e+01 5.800000000000000000e+01 4.844100000000000000e+04 4.829500000000000000e+04 4.997200000000000000e+04 4.548500000000000000e+04 2.122366230294574052e+01 7.560000000000000000e+02
3.300000000000000000e+01 -9.300000000000000000e+01 5.000000000000000000e+01 4.842700000000000000e+04 4.798500000000000000e+04 4.998200000000000000e+04 4.585300000000000000e+04 2.123313636193051934e+01 7.560000000000000000e+02
-1.900000000000000000e+01 -3.000000000000000000e+00 6.000000000000000000e+01 4.873300000000000000e+04 4.702900000000000000e+04 4.951900000000000000e+04 4.667300000000000000e+04 2.124308948894031346e+01 7.570000000000000000e+02
-1.000000000000000000e+00 -1.900000000000000000e+01 5.500000000000000000e+01 4.842600000000000000e+04 4.725300000000000000e+04 4.977800000000000000e+04 4.644100000000000000e+04 2.125354392500594258e+01 7.570000000000000000e+02
-7.500000000000000000e+01 4.800000000000000000e+01 5.000000000000000000e+01 4.812500000000000000e+04 4.676800000000000000e+04 5.005500000000000000e+04 4.692900000000000000e+04 2.126408340397756547e+01 7.570000000000000000e+02
-1.020000000000000000e+02 2.400000000000000000e+01 2.900000000000000000e+01 4.782100000000000000e+04 4.662800000000000000e+04 5.027400000000000000e+04 4.710600000000000000e+04 2.127427144197281450e+01 7.570000000000000000e+02
-1.750000000000000000e+02 4.000000000000000000e+01 2.700000000000000000e+01 4.814300000000000000e+04 4.649400000000000000e+04 4.987600000000000000e+04 4.739900000000000000e+04 2.128336454194504768e+01 7.570000000000000000e+02
-1.680000000000000000e+02 5.700000000000000000e+01 -1.300000000000000000e+01 4.813600000000000000e+04 4.648800000000000000e+04 4.976800000000000000e+04 4.756800000000000000e+04 2.129318819602485746e+01 7.600000000000000000e+02
-1.460000000000000000e+02 9.100000000000000000e+01 -1.800000000000000000e+01 4.801100000000000000e+04 4.704000000000000000e+04 4.972900000000000000e+04 4.711100000000000000e+04 2.130317345692310482e+01 7.600000000000000000e+02
-8.700000000000000000e+01 1.010000000000000000e+02 -6.600000000000000000e+01 4.807000000000000000e+04 4.669000000000000000e+04 4.948900000000000000e+04 4.770600000000000000e+04 2.131351726292632520e+01 7.600000000000000000e+02
-1.700000000000000000e+01 8.500000000000000000e+01 -7.000000000000000000e+01 4.855200000000000000e+04 4.760300000000000000e+04 4.884500000000000000e+04 4.706000000000000000e+04 2.132419488194864243e+01 7.600000000000000000e+02
8.300000000000000000e+01 5.900000000000000000e+01 -9.400000000000000000e+01 4.880900000000000000e+04 4.833100000000000000e+04 4.846600000000000000e+04 4.640800000000000000e+04 2.133321598893962801e+01 7.600000000000000000e+02
1.290000000000000000e+02 1.000000000000000000e+01 -9.900000000000000000e+01 4.820900000000000000e+04 4.867800000000000000e+04 4.879600000000000000e+04 4.600100000000000000e+04 2.134367286402266473e+01 7.620000000000000000e+02
1.640000000000000000e+02 -3.200000000000000000e+01 -1.150000000000000000e+02 4.850700000000000000e+04 4.824200000000000000e+04 4.837100000000000000e+04 4.672900000000000000e+04 2.135364603600464761e+01 7.620000000000000000e+02
1.140000000000000000e+02 -4.400000000000000000e+01 -1.470000000000000000e+02 4.816300000000000000e+04 4.850600000000000000e+04 4.833100000000000000e+04 4.662300000000000000e+04 2.136413748702034354e+01 7.620000000000000000e+02
1.330000000000000000e+02 -9.700000000000000000e+01 -1.670000000000000000e+02 4.799300000000000000e+04 4.873100000000000000e+04 4.828500000000000000e+04 4.667400000000000000e+04 2.137377012101933360e+01 7.620000000000000000e+02
1.130000000000000000e+02 -1.100000000000000000e+02 -1.850000000000000000e+02 4.750800000000000000e+04 4.936700000000000000e+04 4.856200000000000000e+04 4.624200000000000000e+04 2.138280516897793859e+01 7.620000000000000000e+02
1.420000000000000000e+02 -1.530000000000000000e+02 -2.180000000000000000e+02 4.721900000000000000e+04 4.984100000000000000e+04 4.866600000000000000e+04 4.589900000000000000e+04 2.139355182892177254e+01 7.630000000000000000e+02
1.100000000000000000e+02 -1.300000000000000000e+02 -2.150000000000000000e+02 4.710300000000000000e+04 4.933700000000000000e+04 4.848500000000000000e+04 4.675900000000000000e+04 2.140535437793005258e+01 7.630000000000000000e+02
1.010000000000000000e+02 -1.500000000000000000e+02 -2.380000000000000000e+02 4.680500000000000000e+04 4.967300000000000000e+04 4.875300000000000000e+04 4.679200000000000000e+04 2.141294671897776425e+01 7.630000000000000000e+02
9.400000000000000000e+01 -1.170000000000000000e+02 -2.320000000000000000e+02 4.665800000000000000e+04 4.983300000000000000e+04 4.882200000000000000e+04 4.676800000000000000e+04 2.142353281693067402e+01 7.630000000000000000e+02
3.000000000000000000e+01 -5.600000000000000000e+01 -1.970000000000000000e+02 4.742400000000000000e+04 4.910300000000000000e+04 4.815600000000000000e+04 4.767400000000000000e+04 2.143350066803395748e+01 7.630000000000000000e+02
-8.000000000000000000e+00 -3.200000000000000000e+01 -1.910000000000000000e+02 4.743600000000000000e+04 4.888800000000000000e+04 4.832800000000000000e+04 4.798500000000000000e+04 2.144408763095270842e+01 7.620000000000000000e+02
-7.300000000000000000e+01 2.900000000000000000e+01 -1.710000000000000000e+02 4.726300000000000000e+04 4.853500000000000000e+04 4.863900000000000000e+04 4.837300000000000000e+04 2.145291740796528757e+01 7.620000000000000000e+02
-1.280000000000000000e+02 2.500000000000000000e+01 -1.550000000000000000e+02 4.689600000000000000e+04 4.843400000000000000e+04 4.899500000000000000e+04 4.854300000000000000e+04 2.146356828999705613e+01 7.620000000000000000e+02
-1.430000000000000000e+02 -1.600000000000000000e+01 -1.710000000000000000e+02 4.647600000000000000e+04 4.857600000000000000e+04 4.934900000000000000e+04 4.849300000000000000e+04 2.147289340000133961e+01 7.620000000000000000e+02
-2.080000000000000000e+02 -1.300000000000000000e+01 -1.440000000000000000e+02 4.636300000000000000e+04 4.839400000000000000e+04 4.944300000000000000e+04 4.880200000000000000e+04 2.148412739601917565e+01 7.620000000000000000e+02
-1.740000000000000000e+02 -6.000000000000000000e+00 -1.360000000000000000e+02 4.692100000000000000e+04 4.863300000000000000e+04 4.911300000000000000e+04 4.853200000000000000e+04 2.149361252598464489e+01 7.590000000000000000e+02
-2.000000000000000000e+02 -3.200000000000000000e+01 -1.110000000000000000e+02 4.667100000000000000e+04 4.871300000000000000e+04 4.965000000000000000e+04 4.878200000000000000e+04 2.150299185398034751e+01 7.590000000000000000e+02
-1.470000000000000000e+02 -8.000000000000000000e+01 -9.900000000000000000e+01 4.657700000000000000e+04 4.929300000000000000e+04 4.997200000000000000e+04 4.832200000000000000e+04 2.151295587897766382e+01 7.590000000000000000e+02
-1.000000000000000000e+02 -9.800000000000000000e+01 -9.600000000000000000e+01 4.658500000000000000e+04 4.944100000000000000e+04 4.997300000000000000e+04 4.826800000000000000e+04 2.152288951701484621e+01 7.590000000000000000e+02
-3.800000000000000000e+01 -1.280000000000000000e+02 -9.100000000000000000e+01 4.674200000000000000e+04 5.019600000000000000e+04 5.003000000000000000e+04 4.761700000000000000e+04 2.153255782299675047e+01 7.590000000000000000e+02
1.800000000000000000e+01 -9.800000000000000000e+01 -1.080000000000000000e+02 4.726700000000000000e+04 5.009300000000000000e+04 4.981000000000000000e+04 4.818000000000000000e+04 2.154295097198337317e+01 7.570000000000000000e+02
3.300000000000000000e+01 -7.000000000000000000e+01 -8.400000000000000000e+01 4.767800000000000000e+04 5.038700000000000000e+04 4.954600000000000000e+04 4.790800000000000000e+04 2.155313591798767447e+01 7.570000000000000000e+02
6.200000000000000000e+01 -6.400000000000000000e+01 -1.000000000000000000e+02 4.731500000000000000e+04 5.033600000000000000e+04 4.986300000000000000e+04 4.808100000000000000e+04 2.156389133003540337e+01 7.570000000000000000e+02
6.300000000000000000e+01 -2.800000000000000000e+01 -8.800000000000000000e+01 4.770400000000000000e+04 5.032900000000000000e+04 4.959000000000000000e+04 4.815800000000000000e+04 2.157276948401704431e+01 7.570000000000000000e+02
2.000000000000000000e+01 2.600000000000000000e+01 -8.000000000000000000e+01 4.773700000000000000e+04 5.007500000000000000e+04 4.959800000000000000e+04 4.852100000000000000e+04 2.158335693494882435e+01 7.570000000000000000e+02
1.500000000000000000e+01 4.000000000000000000e+01 -9.400000000000000000e+01 4.767000000000000000e+04 4.973500000000000000e+04 4.966800000000000000e+04 4.895200000000000000e+04 2.159793215594254434e+01 7.600000000000000000e+02
