-1.500000000000000000e+01 4.600000000000000000e+01 1.000000000000000000e+01 5.324100000000000000e+04 5.116300000000000000e+04 5.435700000000000000e+04 5.131500000000000000e+04 1.920982430397998542e+01 7.810000000000000000e+02
-4.000000000000000000e+00 8.000000000000000000e+00 2.000000000000000000e+01 5.328700000000000000e+04 5.146000000000000000e+04 5.454600000000000000e+04 5.112300000000000000e+04 1.921998953295405954e+01 7.770000000000000000e+02
2.300000000000000000e+01 5.000000000000000000e+01 4.000000000000000000e+00 5.379600000000000000e+04 5.142700000000000000e+04 5.428400000000000000e+04 5.141300000000000000e+04 1.923043930099811405e+01 7.770000000000000000e+02
9.000000000000000000e+00 2.500000000000000000e+01 1.000000000000000000e+01 5.345400000000000000e+04 5.135900000000000000e+04 5.462700000000000000e+04 5.150000000000000000e+04 1.924014644802082330e+01 7.770000000000000000e+02
2.400000000000000000e+01 2.800000000000000000e+01 7.000000000000000000e+00 5.383900000000000000e+04 5.200000000000000000e+04 5.437700000000000000e+04 5.102600000000000000e+04 1.925065674795769155e+01 7.770000000000000000e+02
3.700000000000000000e+01 3.600000000000000000e+01 1.800000000000000000e+01 5.368000000000000000e+04 5.151000000000000000e+04 5.454700000000000000e+04 5.147100000000000000e+04 1.926031530695036054e+01 7.800000000000000000e+02
-2.000000000000000000e+00 -5.000000000000000000e+00 6.000000000000000000e+00 5.320000000000000000e+04 5.162500000000000000e+04 5.478000000000000000e+04 5.108900000000000000e+04 1.927023883792571723e+01 7.800000000000000000e+02
1.700000000000000000e+01 5.400000000000000000e+01 1.100000000000000000e+01 5.386600000000000000e+04 5.158900000000000000e+04 5.399000000000000000e+04 5.101600000000000000e+04 1.928144887601956725e+01 7.800000000000000000e+02
1.400000000000000000e+01 -3.400000000000000000e+01 2.000000000000000000e+00 5.307200000000000000e+04 5.190700000000000000e+04 5.469000000000000000e+04 5.072600000000000000e+04 1.929079472797457129e+01 7.800000000000000000e+02
-1.600000000000000000e+01 4.100000000000000000e+01 1.600000000000000000e+01 5.362000000000000000e+04 5.101200000000000000e+04 5.407900000000000000e+04 5.131500000000000000e+04 1.930087527993600816e+01 7.800000000000000000e+02
-1.000000000000000000e+00 -6.000000000000000000e+00 1.000000000000000000e+01 5.357600000000000000e+04 5.104700000000000000e+04 5.412200000000000000e+04 5.129000000000000000e+04 1.931059321097563952e+01 7.800000000000000000e+02
-5.000000000000000000e+00 2.300000000000000000e+01 6.000000000000000000e+00 5.359500000000000000e+04 5.111700000000000000e+04 5.411500000000000000e+04 5.121600000000000000e+04 1.932028733694460243e+01 7.780000000000000000e+02
-2.200000000000000000e+01 4.200000000000000000e+01 1.200000000000000000e+01 5.350700000000000000e+04 5.112200000000000000e+04 5.424200000000000000e+04 5.145200000000000000e+04 1.933004447794519365e+01 7.780000000000000000e+02
-2.700000000000000000e+01 -4.100000000000000000e+01 -5.000000000000000000e+00 5.338500000000000000e+04 5.112700000000000000e+04 5.439600000000000000e+04 5.141100000000000000e+04 1.933991359802894294e+01 7.780000000000000000e+02
-6.000000000000000000e+01 -2.300000000000000000e+01 1.000000000000000000e+00 5.338300000000000000e+04 5.093600000000000000e+04 5.437200000000000000e+04 5.159700000000000000e+04 1.935049003001768142e+01 7.780000000000000000e+02
1.200000000000000000e+01 -6.300000000000000000e+01 -4.000000000000000000e+00 5.347800000000000000e+04 5.140600000000000000e+04 5.441100000000000000e+04 5.130400000000000000e+04 1.936074364895466715e+01 7.790000000000000000e+02
-3.600000000000000000e+01 -1.020000000000000000e+02 -1.100000000000000000e+01 5.334700000000000000e+04 5.131200000000000000e+04 5.421300000000000000e+04 5.107500000000000000e+04 1.937279675400350243e+01 7.790000000000000000e+02
-2.900000000000000000e+01 -8.900000000000000000e+01 -6.000000000000000000e+00 5.308100000000000000e+04 5.151900000000000000e+04 5.442500000000000000e+04 5.089300000000000000e+04 1.938041954697109759e+01 7.790000000000000000e+02
-2.900000000000000000e+01 -1.050000000000000000e+02 -2.000000000000000000e+00 5.284900000000000000e+04 5.145100000000000000e+04 5.447000000000000000e+04 5.079900000000000000e+04 1.939104245696216822e+01 7.790000000000000000e+02
-4.200000000000000000e+01 -6.800000000000000000e+01 -1.000000000000000000e+01 5.270800000000000000e+04 5.111900000000000000e+04 5.455300000000000000e+04 5.107800000000000000e+04 1.940029780403710902e+01 7.790000000000000000e+02
-5.300000000000000000e+01 -9.900000000000000000e+01 -6.000000000000000000e+00 5.291400000000000000e+04 5.132600000000000000e+04 5.435600000000000000e+04 5.088200000000000000e+04 1.941111907095182687e+01 7.790000000000000000e+02
-7.000000000000000000e+00 -1.400000000000000000e+01 -1.100000000000000000e+01 5.309900000000000000e+04 5.119900000000000000e+04 5.415300000000000000e+04 5.103400000000000000e+04 1.942083313595503569e+01 7.780000000000000000e+02
0.000000000000000000e+00 -3.800000000000000000e+01 -3.000000000000000000e+01 5.312600000000000000e+04 5.117300000000000000e+04 5.403700000000000000e+04 5.107900000000000000e+04 1.942994423396885395e+01 7.780000000000000000e+02
-3.000000000000000000e+00 3.300000000000000000e+01 -1.500000000000000000e+01 5.362800000000000000e+04 5.108700000000000000e+04 5.377200000000000000e+04 5.132400000000000000e+04 1.944125105300918221e+01 7.780000000000000000e+02
1.900000000000000000e+01 9.000000000000000000e+00 -2.400000000000000000e+01 5.347700000000000000e+04 5.115100000000000000e+04 5.382300000000000000e+04 5.136200000000000000e+04 1.945073561393655837e+01 7.780000000000000000e+02
-1.100000000000000000e+01 5.000000000000000000e+01 -3.800000000000000000e+01 5.370300000000000000e+04 5.089300000000000000e+04 5.357100000000000000e+04 5.158800000000000000e+04 1.946076623396947980e+01 7.790000000000000000e+02
1.300000000000000000e+01 5.800000000000000000e+01 -1.300000000000000000e+01 5.359400000000000000e+04 5.044600000000000000e+04 5.352400000000000000e+04 5.197000000000000000e+04 1.947058141394518316e+01 7.790000000000000000e+02
-6.000000000000000000e+00 -5.000000000000000000e+00 -3.400000000000000000e+01 5.376700000000000000e+04 5.092400000000000000e+04 5.333400000000000000e+04 5.152100000000000000e+04 1.948043657199013978e+01 7.790000000000000000e+02
-2.700000000000000000e+01 -5.000000000000000000e+00 -1.200000000000000000e+01 5.323100000000000000e+04 5.068100000000000000e+04 5.374600000000000000e+04 5.154500000000000000e+04 1.949086264893412590e+01 7.790000000000000000e+02
-3.400000000000000000e+01 -9.700000000000000000e+01 -1.600000000000000000e+01 5.303000000000000000e+04 5.127700000000000000e+04 5.395800000000000000e+04 5.092300000000000000e+04 1.950126654701307416e+01 7.790000000000000000e+02
-1.900000000000000000e+01 -9.800000000000000000e+01 -1.200000000000000000e+01 5.263300000000000000e+04 5.146000000000000000e+04 5.429100000000000000e+04 5.075600000000000000e+04 1.951055871997959912e+01 7.790000000000000000e+02
-5.100000000000000000e+01 -1.790000000000000000e+02 -2.500000000000000000e+01 5.247400000000000000e+04 5.152800000000000000e+04 5.437500000000000000e+04 5.074700000000000000e+04 1.952024367300327867e+01 7.780000000000000000e+02
-2.900000000000000000e+01 -1.230000000000000000e+02 -2.600000000000000000e+01 5.238100000000000000e+04 5.139400000000000000e+04 5.450400000000000000e+04 5.099100000000000000e+04 1.953077281103469431e+01 7.780000000000000000e+02
-1.500000000000000000e+01 -1.590000000000000000e+02 -3.100000000000000000e+01 5.261200000000000000e+04 5.172200000000000000e+04 5.447100000000000000e+04 5.079800000000000000e+04 1.954044610494747758e+01 7.780000000000000000e+02
-1.800000000000000000e+01 -8.000000000000000000e+01 -1.800000000000000000e+01 5.262600000000000000e+04 5.164800000000000000e+04 5.445200000000000000e+04 5.090800000000000000e+04 1.955036140698939562e+01 7.780000000000000000e+02
2.000000000000000000e+00 -6.600000000000000000e+01 -1.700000000000000000e+01 5.300300000000000000e+04 5.139800000000000000e+04 5.413600000000000000e+04 5.112100000000000000e+04 1.956055101298261434e+01 7.790000000000000000e+02
8.000000000000000000e+00 2.000000000000000000e+00 -2.700000000000000000e+01 5.322000000000000000e+04 5.133200000000000000e+04 5.382300000000000000e+04 5.119200000000000000e+04 1.957046039693523198e+01 7.790000000000000000e+02
3.000000000000000000e+00 3.100000000000000000e+01 -1.100000000000000000e+01 5.322500000000000000e+04 5.127800000000000000e+04 5.380800000000000000e+04 5.124400000000000000e+04 1.958040588698349893e+01 7.790000000000000000e+02
5.700000000000000000e+01 7.800000000000000000e+01 -3.700000000000000000e+01 5.341300000000000000e+04 5.099400000000000000e+04 5.340100000000000000e+04 5.140100000000000000e+04 1.959023918095044792e+01 7.790000000000000000e+02
6.000000000000000000e+00 7.000000000000000000e+01 -2.400000000000000000e+01 5.354200000000000000e+04 5.082600000000000000e+04 5.323800000000000000e+04 5.164500000000000000e+04 1.960048505302984267e+01 7.790000000000000000e+02
3.200000000000000000e+01 7.000000000000000000e+01 -2.900000000000000000e+01 5.366100000000000000e+04 5.103200000000000000e+04 5.314900000000000000e+04 5.137900000000000000e+04 1.961006155493669212e+01 7.790000000000000000e+02
3.400000000000000000e+01 7.900000000000000000e+01 -2.200000000000000000e+01 5.350500000000000000e+04 5.086800000000000000e+04 5.328200000000000000e+04 5.155000000000000000e+04 1.962046141293831170e+01 7.810000000000000000e+02
9.000000000000000000e+00 3.500000000000000000e+01 -4.300000000000000000e+01 5.283400000000000000e+04 5.132600000000000000e+04 5.363600000000000000e+04 5.085100000000000000e+04 1.963041854999028146e+01 7.810000000000000000e+02
2.900000000000000000e+01 3.400000000000000000e+01 -1.800000000000000000e+01 5.297500000000000000e+04 5.099900000000000000e+04 5.352200000000000000e+04 5.119100000000000000e+04 1.964040350902359933e+01 7.810000000000000000e+02
1.700000000000000000e+01 -2.400000000000000000e+01 -4.500000000000000000e+01 5.306500000000000000e+04 5.101200000000000000e+04 5.355200000000000000e+04 5.142600000000000000e+04 1.965058408898767084e+01 7.810000000000000000e+02
-1.200000000000000000e+01 -5.200000000000000000e+01 -3.200000000000000000e+01 5.313700000000000000e+04 5.135900000000000000e+04 5.342300000000000000e+04 5.110700000000000000e+04 1.966066440998110920e+01 7.780000000000000000e+02
2.300000000000000000e+01 -6.500000000000000000e+01 -3.500000000000000000e+01 5.245000000000000000e+04 5.159900000000000000e+04 5.418800000000000000e+04 5.107800000000000000e+04 1.967024330596905202e+01 7.780000000000000000e+02
4.000000000000000000e+00 -8.400000000000000000e+01 -3.600000000000000000e+01 5.224900000000000000e+04 5.170100000000000000e+04 5.415000000000000000e+04 5.088400000000000000e+04 1.968080751900561154e+01 7.780000000000000000e+02
-2.000000000000000000e+00 -8.700000000000000000e+01 -3.700000000000000000e+01 5.228400000000000000e+04 5.165200000000000000e+04 5.417200000000000000e+04 5.093700000000000000e+04 1.969116286002099514e+01 7.780000000000000000e+02
-2.000000000000000000e+00 -6.700000000000000000e+01 -5.200000000000000000e+01 5.241400000000000000e+04 5.158100000000000000e+04 5.403400000000000000e+04 5.113600000000000000e+04 1.970007760694716126e+01 7.780000000000000000e+02
1.900000000000000000e+01 -6.100000000000000000e+01 -3.400000000000000000e+01 5.284100000000000000e+04 5.146400000000000000e+04 5.366300000000000000e+04 5.120600000000000000e+04 1.971060088498052210e+01 7.780000000000000000e+02
1.500000000000000000e+01 -1.000000000000000000e+00 -3.500000000000000000e+01 5.258600000000000000e+04 5.126800000000000000e+04 5.393300000000000000e+04 5.137000000000000000e+04 1.972094953793566674e+01 7.780000000000000000e+02
6.000000000000000000e+00 -4.000000000000000000e+00 -3.600000000000000000e+01 5.309800000000000000e+04 5.137300000000000000e+04 5.373000000000000000e+04 5.147900000000000000e+04 1.972963789501227438e+01 7.780000000000000000e+02
3.100000000000000000e+01 9.300000000000000000e+01 -3.700000000000000000e+01 5.352100000000000000e+04 5.122600000000000000e+04 5.324000000000000000e+04 5.172600000000000000e+04 1.974020727700553834e+01 7.780000000000000000e+02
3.200000000000000000e+01 6.900000000000000000e+01 -4.600000000000000000e+01 5.330300000000000000e+04 5.106900000000000000e+04 5.361500000000000000e+04 5.216300000000000000e+04 1.975032664998434484e+01 7.780000000000000000e+02
1.000000000000000000e+01 1.480000000000000000e+02 -2.500000000000000000e+01 5.365900000000000000e+04 5.084600000000000000e+04 5.328200000000000000e+04 5.239700000000000000e+04 1.976078082597814500e+01 7.780000000000000000e+02
4.500000000000000000e+01 9.500000000000000000e+01 -3.300000000000000000e+01 5.323000000000000000e+04 5.139500000000000000e+04 5.361200000000000000e+04 5.165800000000000000e+04 1.977048628102056682e+01 7.780000000000000000e+02
1.400000000000000000e+01 1.260000000000000000e+02 -2.600000000000000000e+01 5.356700000000000000e+04 5.123300000000000000e+04 5.329800000000000000e+04 5.180500000000000000e+04 1.977983090793713927e+01 7.780000000000000000e+02
4.400000000000000000e+01 6.400000000000000000e+01 -2.800000000000000000e+01 5.319100000000000000e+04 5.117900000000000000e+04 5.348100000000000000e+04 5.175500000000000000e+04 1.979091094795148820e+01 7.780000000000000000e+02
1.800000000000000000e+01 4.500000000000000000e+01 -3.400000000000000000e+01 5.319700000000000000e+04 5.150600000000000000e+04 5.343900000000000000e+04 5.152500000000000000e+04 1.980081027199048549e+01 7.780000000000000000e+02
1.800000000000000000e+01 -1.700000000000000000e+01 -4.300000000000000000e+01 5.285200000000000000e+04 5.175700000000000000e+04 5.390500000000000000e+04 5.143400000000000000e+04 1.980976255994755775e+01 7.780000000000000000e+02
1.800000000000000000e+01 -3.000000000000000000e+01 -2.000000000000000000e+01 5.274000000000000000e+04 5.165800000000000000e+04 5.401800000000000000e+04 5.149900000000000000e+04 1.981954605202190578e+01 7.800000000000000000e+02
4.300000000000000000e+01 -4.700000000000000000e+01 -2.400000000000000000e+01 5.260800000000000000e+04 5.168700000000000000e+04 5.398200000000000000e+04 5.118200000000000000e+04 1.983046719001140445e+01 7.800000000000000000e+02
-5.000000000000000000e+00 -8.400000000000000000e+01 -2.300000000000000000e+01 5.235800000000000000e+04 5.207400000000000000e+04 5.437200000000000000e+04 5.092700000000000000e+04 1.983991009299643338e+01 7.800000000000000000e+02
5.700000000000000000e+01 -4.100000000000000000e+01 -2.500000000000000000e+01 5.285600000000000000e+04 5.200300000000000000e+04 5.383900000000000000e+04 5.107900000000000000e+04 1.985005871101748198e+01 7.800000000000000000e+02
2.600000000000000000e+01 -4.400000000000000000e+01 -3.700000000000000000e+01 5.275500000000000000e+04 5.145900000000000000e+04 5.372400000000000000e+04 5.151000000000000000e+04 1.986077114299405366e+01 7.760000000000000000e+02
2.100000000000000000e+01 4.000000000000000000e+00 -8.000000000000000000e+00 5.284500000000000000e+04 5.168700000000000000e+04 5.390600000000000000e+04 5.153400000000000000e+04 1.986953812895808369e+01 7.760000000000000000e+02
3.200000000000000000e+01 4.000000000000000000e+00 -2.800000000000000000e+01 5.334000000000000000e+04 5.157100000000000000e+04 5.349200000000000000e+04 5.157500000000000000e+04 1.988036591000854969e+01 7.760000000000000000e+02
2.100000000000000000e+01 4.900000000000000000e+01 -3.000000000000000000e+01 5.308800000000000000e+04 5.123500000000000000e+04 5.367000000000000000e+04 5.200200000000000000e+04 1.988990859594196081e+01 7.760000000000000000e+02
2.000000000000000000e+01 3.900000000000000000e+01 -1.600000000000000000e+01 5.325000000000000000e+04 5.131700000000000000e+04 5.349100000000000000e+04 5.193900000000000000e+04 1.989980277395807207e+01 7.760000000000000000e+02
2.400000000000000000e+01 3.600000000000000000e+01 -2.300000000000000000e+01 5.305000000000000000e+04 5.110000000000000000e+04 5.369700000000000000e+04 5.211900000000000000e+04 1.990968506596982479e+01 7.760000000000000000e+02
3.100000000000000000e+01 3.500000000000000000e+01 -2.800000000000000000e+01 5.341300000000000000e+04 5.144600000000000000e+04 5.327300000000000000e+04 5.188100000000000000e+04 1.991989909298717976e+01 7.780000000000000000e+02
2.200000000000000000e+01 3.300000000000000000e+01 -2.400000000000000000e+01 5.272900000000000000e+04 5.131800000000000000e+04 5.384700000000000000e+04 5.193700000000000000e+04 1.993016934802290052e+01 7.780000000000000000e+02
2.500000000000000000e+01 1.500000000000000000e+01 -4.000000000000000000e+01 5.290500000000000000e+04 5.156700000000000000e+04 5.356100000000000000e+04 5.177000000000000000e+04 1.994058952399063855e+01 7.780000000000000000e+02
1.300000000000000000e+01 2.000000000000000000e+01 -1.400000000000000000e+01 5.302100000000000000e+04 5.156800000000000000e+04 5.364500000000000000e+04 5.191800000000000000e+04 1.995053655502852052e+01 7.780000000000000000e+02
4.200000000000000000e+01 -1.400000000000000000e+01 -3.000000000000000000e+01 5.315700000000000000e+04 5.165700000000000000e+04 5.356400000000000000e+04 5.176900000000000000e+04 1.996084017097018659e+01 7.780000000000000000e+02
-3.000000000000000000e+00 -1.500000000000000000e+01 -1.600000000000000000e+01 5.295100000000000000e+04 5.151200000000000000e+04 5.372300000000000000e+04 5.177900000000000000e+04 1.997051419899798930e+01 7.780000000000000000e+02
3.100000000000000000e+01 1.900000000000000000e+01 -1.600000000000000000e+01 5.317400000000000000e+04 5.156000000000000000e+04 5.334800000000000000e+04 5.158800000000000000e+04 1.998008642601780593e+01 7.780000000000000000e+02
1.700000000000000000e+01 9.000000000000000000e+00 -1.500000000000000000e+01 5.280100000000000000e+04 5.140400000000000000e+04 5.350100000000000000e+04 5.158100000000000000e+04 1.998999354103580117e+01 7.780000000000000000e+02
1.100000000000000000e+01 1.100000000000000000e+01 -1.800000000000000000e+01 5.315600000000000000e+04 5.132200000000000000e+04 5.312000000000000000e+04 5.164700000000000000e+04 1.999997481203172356e+01 7.780000000000000000e+02
1.900000000000000000e+01 2.900000000000000000e+01 -1.200000000000000000e+01 5.290500000000000000e+04 5.111300000000000000e+04 5.343600000000000000e+04 5.178900000000000000e+04 2.000974036892876029e+01 7.780000000000000000e+02
1.800000000000000000e+01 5.300000000000000000e+01 -5.000000000000000000e+00 5.309000000000000000e+04 5.107200000000000000e+04 5.321600000000000000e+04 5.187200000000000000e+04 2.002012630796525627e+01 7.740000000000000000e+02
1.700000000000000000e+01 5.800000000000000000e+01 -3.000000000000000000e+00 5.325200000000000000e+04 5.146100000000000000e+04 5.344300000000000000e+04 5.176000000000000000e+04 2.002964373200666159e+01 7.740000000000000000e+02
3.100000000000000000e+01 9.100000000000000000e+01 1.000000000000000000e+00 5.351900000000000000e+04 5.153000000000000000e+04 5.336800000000000000e+04 5.186600000000000000e+04 2.004097113595344126e+01 7.740000000000000000e+02
4.900000000000000000e+01 9.800000000000000000e+01 1.400000000000000000e+01 5.430200000000000000e+04 5.140300000000000000e+04 5.276900000000000000e+04 5.211300000000000000e+04 2.004943934199400246e+01 7.740000000000000000e+02
5.600000000000000000e+01 1.310000000000000000e+02 -1.600000000000000000e+01 5.414800000000000000e+04 5.094500000000000000e+04 5.295400000000000000e+04 5.258900000000000000e+04 2.005999533901922405e+01 7.740000000000000000e+02
3.200000000000000000e+01 9.100000000000000000e+01 -7.000000000000000000e+00 5.384600000000000000e+04 5.131300000000000000e+04 5.322300000000000000e+04 5.242000000000000000e+04 2.006989517703186721e+01 7.750000000000000000e+02
5.500000000000000000e+01 1.210000000000000000e+02 -6.000000000000000000e+00 5.410800000000000000e+04 5.128300000000000000e+04 5.301000000000000000e+04 5.246000000000000000e+04 2.008075948397163302e+01 7.750000000000000000e+02
7.000000000000000000e+01 7.400000000000000000e+01 5.000000000000000000e+00 5.402900000000000000e+04 5.119900000000000000e+04 5.298800000000000000e+04 5.230000000000000000e+04 2.008940081496257335e+01 7.750000000000000000e+02
2.900000000000000000e+01 -4.000000000000000000e+00 -1.400000000000000000e+01 5.316200000000000000e+04 5.171000000000000000e+04 5.381700000000000000e+04 5.182700000000000000e+04 2.009974500699900091e+01 7.750000000000000000e+02
-2.000000000000000000e+00 1.000000000000000000e+00 -2.000000000000000000e+00 5.336400000000000000e+04 5.162500000000000000e+04 5.362500000000000000e+04 5.194800000000000000e+04 2.011078786593861878e+01 7.750000000000000000e+02
1.600000000000000000e+01 -5.900000000000000000e+01 -1.400000000000000000e+01 5.259500000000000000e+04 5.182500000000000000e+04 5.433900000000000000e+04 5.170100000000000000e+04 2.011966832901816815e+01 7.730000000000000000e+02
-5.300000000000000000e+01 -8.100000000000000000e+01 -5.000000000000000000e+00 5.301700000000000000e+04 5.153200000000000000e+04 5.406800000000000000e+04 5.214300000000000000e+04 2.012989697896409780e+01 7.730000000000000000e+02
5.000000000000000000e+00 -3.100000000000000000e+01 -5.000000000000000000e+00 5.316300000000000000e+04 5.186800000000000000e+04 5.408200000000000000e+04 5.202500000000000000e+04 2.014038443693425506e+01 7.730000000000000000e+02
-3.200000000000000000e+01 -5.600000000000000000e+01 -1.400000000000000000e+01 5.300400000000000000e+04 5.168200000000000000e+04 5.417300000000000000e+04 5.219600000000000000e+04 2.015040237293578684e+01 7.730000000000000000e+02
-2.500000000000000000e+01 -7.000000000000000000e+00 -1.200000000000000000e+01 5.328800000000000000e+04 5.169800000000000000e+04 5.389300000000000000e+04 5.217100000000000000e+04 2.016187230695504695e+01 7.660000000000000000e+02
-1.800000000000000000e+01 -1.600000000000000000e+01 4.000000000000000000e+00 5.353700000000000000e+04 5.183400000000000000e+04 5.428900000000000000e+04 5.260000000000000000e+04 2.017028737999498844e+01 7.660000000000000000e+02
-1.900000000000000000e+01 3.000000000000000000e+01 -1.600000000000000000e+01 5.358700000000000000e+04 5.174300000000000000e+04 5.417000000000000000e+04 5.273700000000000000e+04 2.017920725897420198e+01 7.660000000000000000e+02
-3.500000000000000000e+01 3.900000000000000000e+01 -5.000000000000000000e+00 5.381700000000000000e+04 5.137500000000000000e+04 5.380600000000000000e+04 5.290100000000000000e+04 2.019077858794480562e+01 7.660000000000000000e+02
-1.900000000000000000e+01 8.800000000000000000e+01 1.000000000000000000e+00 5.346500000000000000e+04 5.150100000000000000e+04 5.421800000000000000e+04 5.298000000000000000e+04 2.020041541696991771e+01 7.660000000000000000e+02
-1.800000000000000000e+01 3.200000000000000000e+01 -2.100000000000000000e+01 5.357600000000000000e+04 5.170100000000000000e+04 5.409700000000000000e+04 5.270800000000000000e+04 2.020975472196005285e+01 7.660000000000000000e+02
-2.700000000000000000e+01 5.900000000000000000e+01 -4.000000000000000000e+00 5.411700000000000000e+04 5.236600000000000000e+04 5.362500000000000000e+04 5.234600000000000000e+04 2.022032614599447697e+01 2.900000000000000000e+01
3.900000000000000000e+01 6.900000000000000000e+01 -1.700000000000000000e+01 5.400800000000000000e+04 5.140300000000000000e+04 5.276200000000000000e+04 5.202100000000000000e+04 2.023051981593016535e+01 2.900000000000000000e+01
1.000000000000000000e+01 8.800000000000000000e+01 -1.100000000000000000e+01 5.439000000000000000e+04 5.100500000000000000e+04 5.229200000000000000e+04 5.243900000000000000e+04 2.024105141393374652e+01 2.900000000000000000e+01
-5.000000000000000000e+00 7.100000000000000000e+01 -1.400000000000000000e+01 5.440400000000000000e+04 5.088300000000000000e+04 5.223900000000000000e+04 5.267200000000000000e+04 2.024986234598327428e+01 2.900000000000000000e+01
4.000000000000000000e+00 4.800000000000000000e+01 -2.100000000000000000e+01 5.381400000000000000e+04 5.130000000000000000e+04 5.251200000000000000e+04 5.197300000000000000e+04 2.026011145499069244e+01 2.900000000000000000e+01
-4.100000000000000000e+01 0.000000000000000000e+00 -3.500000000000000000e+01 5.406800000000000000e+04 5.211500000000000000e+04 5.408500000000000000e+04 5.334700000000000000e+04 2.027115241193678230e+01 0.000000000000000000e+00
-9.300000000000000000e+01 -4.000000000000000000e+00 -2.400000000000000000e+01 5.386500000000000000e+04 5.199300000000000000e+04 5.421100000000000000e+04 5.320600000000000000e+04 2.028099932800978422e+01 0.000000000000000000e+00
-9.900000000000000000e+01 -3.900000000000000000e+01 -2.600000000000000000e+01 5.340400000000000000e+04 5.233600000000000000e+04 5.472900000000000000e+04 5.309600000000000000e+04 2.029282685997895896e+01 0.000000000000000000e+00
-1.080000000000000000e+02 -1.140000000000000000e+02 -3.500000000000000000e+01 5.286700000000000000e+04 5.195600000000000000e+04 5.520000000000000000e+04 5.341200000000000000e+04 2.030030380398966372e+01 0.000000000000000000e+00
-1.630000000000000000e+02 -1.330000000000000000e+02 -1.200000000000000000e+01 5.218800000000000000e+04 5.170600000000000000e+04 5.589400000000000000e+04 5.376400000000000000e+04 2.030941979796625674e+01 0.000000000000000000e+00
-8.800000000000000000e+01 -1.670000000000000000e+02 -1.000000000000000000e+00 5.262600000000000000e+04 5.250300000000000000e+04 5.571100000000000000e+04 5.303300000000000000e+04 2.032059811195358634e+01 1.400000000000000000e+01
-1.900000000000000000e+01 -1.160000000000000000e+02 1.200000000000000000e+01 5.273400000000000000e+04 5.285400000000000000e+04 5.536400000000000000e+04 5.242400000000000000e+04 2.032947398803662509e+01 1.400000000000000000e+01
8.500000000000000000e+01 -8.500000000000000000e+01 1.400000000000000000e+01 5.421500000000000000e+04 5.258300000000000000e+04 5.414000000000000000e+04 5.230500000000000000e+04 2.033924540493171662e+01 1.400000000000000000e+01
1.390000000000000000e+02 -8.000000000000000000e+00 1.100000000000000000e+01 5.454800000000000000e+04 5.181900000000000000e+04 5.400500000000000000e+04 5.296500000000000000e+04 2.034947001398541033e+01 1.400000000000000000e+01
1.750000000000000000e+02 -2.300000000000000000e+01 -1.700000000000000000e+01 5.379700000000000000e+04 5.278200000000000000e+04 5.448900000000000000e+04 5.209600000000000000e+04 2.036111451894976199e+01 1.400000000000000000e+01
1.710000000000000000e+02 3.200000000000000000e+01 2.900000000000000000e+01 5.416800000000000000e+04 5.239800000000000000e+04 5.324900000000000000e+04 5.159900000000000000e+04 2.036952700093388557e+01 1.900000000000000000e+01
2.560000000000000000e+02 7.600000000000000000e+01 7.000000000000000000e+00 5.517800000000000000e+04 5.227100000000000000e+04 5.202900000000000000e+04 5.125300000000000000e+04 2.037948491203133017e+01 1.900000000000000000e+01
1.800000000000000000e+02 1.150000000000000000e+02 2.900000000000000000e+01 5.516300000000000000e+04 5.148400000000000000e+04 5.215800000000000000e+04 5.175900000000000000e+04 2.039059387892484665e+01 1.900000000000000000e+01
1.800000000000000000e+02 1.110000000000000000e+02 1.900000000000000000e+01 5.472600000000000000e+04 5.106500000000000000e+04 5.231600000000000000e+04 5.164600000000000000e+04 2.039942139200866222e+01 1.900000000000000000e+01
6.800000000000000000e+01 9.200000000000000000e+01 1.100000000000000000e+01 5.521200000000000000e+04 4.963700000000000000e+04 5.171100000000000000e+04 5.286400000000000000e+04 2.040901001601014286e+01 1.900000000000000000e+01
8.000000000000000000e+00 2.300000000000000000e+01 2.100000000000000000e+01 5.467900000000000000e+04 4.966300000000000000e+04 5.203200000000000000e+04 5.295900000000000000e+04 2.042024794803000987e+01 2.100000000000000000e+01
-7.300000000000000000e+01 -8.500000000000000000e+01 0.000000000000000000e+00 5.300900000000000000e+04 4.951400000000000000e+04 5.302600000000000000e+04 5.269600000000000000e+04 2.042913440498523414e+01 2.100000000000000000e+01
-1.190000000000000000e+02 -2.200000000000000000e+02 1.000000000000000000e+00 5.174100000000000000e+04 5.030200000000000000e+04 5.403300000000000000e+04 5.204100000000000000e+04 2.044099677493795753e+01 2.100000000000000000e+01
-1.420000000000000000e+02 -2.540000000000000000e+02 -6.000000000000000000e+00 5.087700000000000000e+04 5.064500000000000000e+04 5.461300000000000000e+04 5.167700000000000000e+04 2.044969675294123590e+01 2.100000000000000000e+01
-1.840000000000000000e+02 -2.500000000000000000e+02 1.000000000000000000e+01 5.085500000000000000e+04 5.011400000000000000e+04 5.441700000000000000e+04 5.194000000000000000e+04 2.045989423501305282e+01 2.100000000000000000e+01
-1.620000000000000000e+02 -1.770000000000000000e+02 -5.000000000000000000e+00 5.018400000000000000e+04 4.997800000000000000e+04 5.424400000000000000e+04 5.099700000000000000e+04 2.046972220297902822e+01 2.700000000000000000e+01
-1.670000000000000000e+02 -1.420000000000000000e+02 2.400000000000000000e+01 5.051000000000000000e+04 4.897100000000000000e+04 5.400300000000000000e+04 5.158500000000000000e+04 2.048006182594690472e+01 2.700000000000000000e+01
-9.400000000000000000e+01 -6.500000000000000000e+01 3.100000000000000000e+01 5.127200000000000000e+04 4.883600000000000000e+04 5.361700000000000000e+04 5.124300000000000000e+04 2.049094356095883995e+01 2.700000000000000000e+01
-3.000000000000000000e+01 -5.300000000000000000e+01 4.100000000000000000e+01 5.183400000000000000e+04 4.913500000000000000e+04 5.303600000000000000e+04 5.016300000000000000e+04 2.049986260593868792e+01 2.700000000000000000e+01
5.400000000000000000e+01 -1.800000000000000000e+01 3.900000000000000000e+01 5.252400000000000000e+04 4.846100000000000000e+04 5.241000000000000000e+04 5.057100000000000000e+04 2.051033249893225729e+01 2.700000000000000000e+01
1.460000000000000000e+02 1.100000000000000000e+01 3.100000000000000000e+01 5.261500000000000000e+04 4.958300000000000000e+04 5.206800000000000000e+04 4.960600000000000000e+04 2.051907503092661500e+01 3.000000000000000000e+01
1.860000000000000000e+02 6.900000000000000000e+01 2.400000000000000000e+01 5.391000000000000000e+04 4.941900000000000000e+04 5.012500000000000000e+04 4.928800000000000000e+04 2.052977370703592896e+01 3.000000000000000000e+01
2.050000000000000000e+02 9.000000000000000000e+01 9.000000000000000000e+00 5.326300000000000000e+04 4.959100000000000000e+04 5.057100000000000000e+04 4.921000000000000000e+04 2.053923862695228308e+01 3.000000000000000000e+01
1.510000000000000000e+02 5.800000000000000000e+01 0.000000000000000000e+00 5.279100000000000000e+04 4.924500000000000000e+04 5.065300000000000000e+04 4.986400000000000000e+04 2.054915550199802965e+01 3.000000000000000000e+01
1.300000000000000000e+02 7.100000000000000000e+01 2.700000000000000000e+01 5.250900000000000000e+04 4.924400000000000000e+04 5.102000000000000000e+04 4.964800000000000000e+04 2.055887554795481265e+01 3.000000000000000000e+01
1.270000000000000000e+02 1.900000000000000000e+01 8.000000000000000000e+00 5.185800000000000000e+04 4.938200000000000000e+04 5.106700000000000000e+04 4.919200000000000000e+04 2.056924202293157578e+01 3.600000000000000000e+01
3.600000000000000000e+01 -2.000000000000000000e+00 -1.000000000000000000e+00 5.167200000000000000e+04 5.035900000000000000e+04 5.098000000000000000e+04 4.809000000000000000e+04 2.057942039298359305e+01 3.600000000000000000e+01
-6.000000000000000000e+01 -1.000000000000000000e+01 -1.200000000000000000e+01 5.122800000000000000e+04 5.008600000000000000e+04 5.121400000000000000e+04 4.843400000000000000e+04 2.059027055697515607e+01 3.600000000000000000e+01
-2.530000000000000000e+02 4.700000000000000000e+01 -1.800000000000000000e+01 5.033100000000000000e+04 4.805000000000000000e+04 5.178000000000000000e+04 5.070200000000000000e+04 2.059898597502615303e+01 3.600000000000000000e+01
-3.960000000000000000e+02 6.900000000000000000e+01 -1.500000000000000000e+01 5.022400000000000000e+04 4.744700000000000000e+04 5.208200000000000000e+04 5.110800000000000000e+04 2.060914797394070774e+01 3.600000000000000000e+01
-4.950000000000000000e+02 7.600000000000000000e+01 -2.500000000000000000e+01 4.874500000000000000e+04 4.626500000000000000e+04 5.325600000000000000e+04 5.211700000000000000e+04 2.061936803301796317e+01 3.800000000000000000e+01
-5.080000000000000000e+02 1.280000000000000000e+02 -2.900000000000000000e+01 4.857400000000000000e+04 4.707400000000000000e+04 5.346500000000000000e+04 5.163600000000000000e+04 2.062931351293809712e+01 3.800000000000000000e+01
-4.640000000000000000e+02 1.030000000000000000e+02 -1.900000000000000000e+01 4.792100000000000000e+04 4.504500000000000000e+04 5.358700000000000000e+04 5.351900000000000000e+04 2.063905075797811151e+01 3.800000000000000000e+01
-3.190000000000000000e+02 1.490000000000000000e+02 -3.000000000000000000e+01 4.931800000000000000e+04 4.650400000000000000e+04 5.237200000000000000e+04 5.256100000000000000e+04 2.064944868895690888e+01 3.800000000000000000e+01
-1.700000000000000000e+02 1.310000000000000000e+02 -2.400000000000000000e+01 5.030500000000000000e+04 4.706800000000000000e+04 5.128000000000000000e+04 5.231400000000000000e+04 2.065899647597689182e+01 3.800000000000000000e+01
-3.000000000000000000e+00 1.630000000000000000e+02 -2.700000000000000000e+01 5.150000000000000000e+04 4.866300000000000000e+04 4.991100000000000000e+04 5.062100000000000000e+04 2.066957484593149275e+01 4.300000000000000000e+01
8.900000000000000000e+01 1.180000000000000000e+02 -3.200000000000000000e+01 5.166400000000000000e+04 4.913000000000000000e+04 4.986200000000000000e+04 5.013200000000000000e+04 2.067907426296733320e+01 4.300000000000000000e+01
1.250000000000000000e+02 5.800000000000000000e+01 -2.900000000000000000e+01 5.135300000000000000e+04 5.022000000000000000e+04 4.987100000000000000e+04 4.918600000000000000e+04 2.069087919499725103e+01 4.300000000000000000e+01
1.490000000000000000e+02 4.000000000000000000e+00 -1.400000000000000000e+01 5.072300000000000000e+04 4.970400000000000000e+04 5.079300000000000000e+04 4.959300000000000000e+04 2.069943778694141656e+01 4.300000000000000000e+01
1.930000000000000000e+02 9.000000000000000000e+00 -1.000000000000000000e+01 5.186000000000000000e+04 4.971100000000000000e+04 5.011400000000000000e+04 4.931500000000000000e+04 2.070950209593866020e+01 4.300000000000000000e+01
2.840000000000000000e+02 2.100000000000000000e+01 -1.200000000000000000e+01 5.225400000000000000e+04 5.070800000000000000e+04 4.970100000000000000e+04 4.838000000000000000e+04 2.071927809598855674e+01 4.800000000000000000e+01
2.460000000000000000e+02 -9.200000000000000000e+01 -1.200000000000000000e+01 5.171200000000000000e+04 5.156900000000000000e+04 5.015000000000000000e+04 4.721600000000000000e+04 2.072887628001626581e+01 4.800000000000000000e+01
1.630000000000000000e+02 -1.480000000000000000e+02 -9.000000000000000000e+00 5.055800000000000000e+04 5.127400000000000000e+04 5.157000000000000000e+04 4.780000000000000000e+04 2.073908549197949469e+01 4.800000000000000000e+01
2.000000000000000000e+01 -1.660000000000000000e+02 -2.300000000000000000e+01 4.951900000000000000e+04 5.043100000000000000e+04 5.240700000000000000e+04 4.902400000000000000e+04 2.074933789100032300e+01 4.800000000000000000e+01
-6.300000000000000000e+01 -7.000000000000000000e+01 1.200000000000000000e+01 4.995300000000000000e+04 4.947000000000000000e+04 5.218900000000000000e+04 4.995300000000000000e+04 2.075962490902747959e+01 4.800000000000000000e+01
-1.390000000000000000e+02 4.900000000000000000e+01 2.300000000000000000e+01 5.016800000000000000e+04 4.824200000000000000e+04 5.245100000000000000e+04 5.069700000000000000e+04 2.076921504293568432e+01 4.700000000000000000e+01
-2.120000000000000000e+02 2.010000000000000000e+02 2.700000000000000000e+01 5.149400000000000000e+04 4.640100000000000000e+04 5.169900000000000000e+04 5.195900000000000000e+04 2.077917078894097358e+01 4.700000000000000000e+01
-2.130000000000000000e+02 2.690000000000000000e+02 3.600000000000000000e+01 5.240900000000000000e+04 4.611500000000000000e+04 5.124500000000000000e+04 5.189000000000000000e+04 2.078943884302861989e+01 4.700000000000000000e+01
-1.900000000000000000e+02 3.000000000000000000e+02 2.800000000000000000e+01 5.248100000000000000e+04 4.533400000000000000e+04 5.111700000000000000e+04 5.260800000000000000e+04 2.079967868002131581e+01 4.700000000000000000e+01
-1.650000000000000000e+02 2.480000000000000000e+02 3.500000000000000000e+01 5.216400000000000000e+04 4.667800000000000000e+04 5.142700000000000000e+04 5.176500000000000000e+04 2.080894607992377132e+01 4.700000000000000000e+01
-7.700000000000000000e+01 1.690000000000000000e+02 3.300000000000000000e+01 5.185800000000000000e+04 4.890300000000000000e+04 5.166700000000000000e+04 5.034800000000000000e+04 2.081883148499764502e+01 4.500000000000000000e+01
-5.000000000000000000e+01 5.100000000000000000e+01 2.200000000000000000e+01 5.155300000000000000e+04 4.841700000000000000e+04 5.277300000000000000e+04 5.093900000000000000e+04 2.083041086501907557e+01 4.500000000000000000e+01
-5.800000000000000000e+01 -9.500000000000000000e+01 2.300000000000000000e+01 5.046900000000000000e+04 4.972300000000000000e+04 5.382800000000000000e+04 4.986500000000000000e+04 2.083938731602393091e+01 4.500000000000000000e+01
-3.100000000000000000e+01 -2.160000000000000000e+02 2.300000000000000000e+01 5.049000000000000000e+04 5.045100000000000000e+04 5.407900000000000000e+04 4.900700000000000000e+04 2.084979580994695425e+01 4.500000000000000000e+01
-1.100000000000000000e+01 -2.570000000000000000e+02 3.400000000000000000e+01 5.059000000000000000e+04 5.070300000000000000e+04 5.412000000000000000e+04 4.882700000000000000e+04 2.085902547102887183e+01 4.500000000000000000e+01
4.800000000000000000e+01 -2.870000000000000000e+02 1.700000000000000000e+01 5.094800000000000000e+04 5.161100000000000000e+04 5.390100000000000000e+04 4.803100000000000000e+04 2.086964132799766958e+01 4.800000000000000000e+01
2.900000000000000000e+01 -2.060000000000000000e+02 1.800000000000000000e+01 5.132200000000000000e+04 5.131000000000000000e+04 5.342600000000000000e+04 4.869500000000000000e+04 2.088015502493362874e+01 4.800000000000000000e+01
5.200000000000000000e+01 -1.100000000000000000e+02 1.400000000000000000e+01 5.136900000000000000e+04 5.049100000000000000e+04 5.322600000000000000e+04 4.950800000000000000e+04 2.088899280398618430e+01 4.800000000000000000e+01
-1.000000000000000000e+00 7.900000000000000000e+01 5.000000000000000000e+00 5.250600000000000000e+04 4.940500000000000000e+04 5.218600000000000000e+04 5.075000000000000000e+04 2.089952795393764973e+01 4.800000000000000000e+01
-4.600000000000000000e+01 1.200000000000000000e+02 -9.000000000000000000e+00 5.171200000000000000e+04 4.863200000000000000e+04 5.262300000000000000e+04 5.194300000000000000e+04 2.090897986001800746e+01 4.800000000000000000e+01
-1.370000000000000000e+02 1.810000000000000000e+02 -2.100000000000000000e+01 5.156500000000000000e+04 4.821100000000000000e+04 5.292300000000000000e+04 5.253600000000000000e+04 2.091946994396857917e+01 4.200000000000000000e+01
-4.800000000000000000e+01 1.580000000000000000e+02 -3.100000000000000000e+01 5.264400000000000000e+04 4.973800000000000000e+04 5.216000000000000000e+04 5.186700000000000000e+04 2.092947261594235897e+01 4.200000000000000000e+01
0.000000000000000000e+00 1.750000000000000000e+02 -5.000000000000000000e+01 5.275800000000000000e+04 5.019500000000000000e+04 5.215800000000000000e+04 5.184200000000000000e+04 2.093940999300684780e+01 4.200000000000000000e+01
1.300000000000000000e+01 1.580000000000000000e+02 -3.000000000000000000e+01 5.226500000000000000e+04 4.947900000000000000e+04 5.274200000000000000e+04 5.252200000000000000e+04 2.095053835399448872e+01 4.200000000000000000e+01
0.000000000000000000e+00 1.020000000000000000e+02 -5.200000000000000000e+01 5.200800000000000000e+04 5.029400000000000000e+04 5.297900000000000000e+04 5.190800000000000000e+04 2.096107911097351462e+01 4.200000000000000000e+01
-1.100000000000000000e+01 5.500000000000000000e+01 -4.500000000000000000e+01 5.189800000000000000e+04 5.044000000000000000e+04 5.333300000000000000e+04 5.220400000000000000e+04 2.096894316398538649e+01 4.000000000000000000e+01
1.700000000000000000e+01 -5.000000000000000000e+00 -6.800000000000000000e+01 5.153500000000000000e+04 5.123000000000000000e+04 5.355900000000000000e+04 5.169400000000000000e+04 2.098040118499193341e+01 4.000000000000000000e+01
3.800000000000000000e+01 -1.300000000000000000e+01 -7.100000000000000000e+01 5.169100000000000000e+04 5.123100000000000000e+04 5.332400000000000000e+04 5.178400000000000000e+04 2.098921148199588060e+01 4.000000000000000000e+01
8.100000000000000000e+01 -1.400000000000000000e+01 -9.900000000000000000e+01 5.182100000000000000e+04 5.093700000000000000e+04 5.303100000000000000e+04 5.228200000000000000e+04 2.099992795498110354e+01 4.000000000000000000e+01
1.050000000000000000e+02 -2.000000000000000000e+01 -1.110000000000000000e+02 5.225500000000000000e+04 5.176800000000000000e+04 5.257000000000000000e+04 5.186000000000000000e+04 2.101240066299214959e+01 4.000000000000000000e+01
1.200000000000000000e+02 -5.700000000000000000e+01 -1.260000000000000000e+02 5.142700000000000000e+04 5.218000000000000000e+04 5.305600000000000000e+04 5.161100000000000000e+04 2.102003487595357001e+01 3.800000000000000000e+01
9.300000000000000000e+01 -3.600000000000000000e+01 -1.240000000000000000e+02 5.176600000000000000e+04 5.198800000000000000e+04 5.276600000000000000e+04 5.197100000000000000e+04 2.103153369296342134e+01 3.800000000000000000e+01
5.800000000000000000e+01 -9.000000000000000000e+00 -1.300000000000000000e+02 5.158800000000000000e+04 5.084300000000000000e+04 5.281800000000000000e+04 5.314900000000000000e+04 2.104215326101984829e+01 3.800000000000000000e+01
-3.300000000000000000e+01 6.000000000000000000e+01 -1.160000000000000000e+02 5.146900000000000000e+04 5.087200000000000000e+04 5.311900000000000000e+04 5.321000000000000000e+04 2.105137597303837538e+01 3.800000000000000000e+01
-5.400000000000000000e+01 1.260000000000000000e+02 -9.900000000000000000e+01 5.159200000000000000e+04 5.041300000000000000e+04 5.297500000000000000e+04 5.360100000000000000e+04 2.106043409195262939e+01 3.400000000000000000e+01
-6.700000000000000000e+01 8.600000000000000000e+01 -9.300000000000000000e+01 5.160900000000000000e+04 5.046100000000000000e+04 5.313500000000000000e+04 5.355000000000000000e+04 2.106978660298045725e+01 3.400000000000000000e+01
-4.800000000000000000e+01 1.040000000000000000e+02 -7.600000000000000000e+01 5.108200000000000000e+04 4.875500000000000000e+04 5.355800000000000000e+04 5.486900000000000000e+04 2.108072274597361684e+01 3.400000000000000000e+01
1.000000000000000000e+01 8.000000000000000000e+00 -7.700000000000000000e+01 5.125300000000000000e+04 5.128800000000000000e+04 5.339200000000000000e+04 5.271500000000000000e+04 2.109065729100257158e+01 3.400000000000000000e+01
6.200000000000000000e+01 -9.000000000000000000e+00 -4.600000000000000000e+01 5.114000000000000000e+04 5.155200000000000000e+04 5.348500000000000000e+04 5.232200000000000000e+04 2.109945265599526465e+01 3.400000000000000000e+01
1.440000000000000000e+02 -4.400000000000000000e+01 -6.100000000000000000e+01 5.096600000000000000e+04 5.286100000000000000e+04 5.325400000000000000e+04 5.128700000000000000e+04 2.111247882898896933e+01 3.400000000000000000e+01
1.800000000000000000e+02 -3.400000000000000000e+01 -5.700000000000000000e+01 4.764100000000000000e+04 5.717200000000000000e+04 5.632000000000000000e+04 4.525800000000000000e+04 2.112045394093729556e+01 2.900000000000000000e+01
2.100000000000000000e+02 4.000000000000000000e+00 -5.600000000000000000e+01 5.178800000000000000e+04 5.208100000000000000e+04 5.301300000000000000e+04 5.213300000000000000e+04 2.112864897097460926e+01 2.900000000000000000e+01
2.240000000000000000e+02 3.800000000000000000e+01 -6.800000000000000000e+01 5.327100000000000000e+04 5.395000000000000000e+04 5.131300000000000000e+04 5.006700000000000000e+04 2.113894805999007076e+01 2.900000000000000000e+01
2.710000000000000000e+02 1.190000000000000000e+02 -6.500000000000000000e+01 5.174900000000000000e+04 5.174200000000000000e+04 5.292900000000000000e+04 5.269600000000000000e+04 2.114980485592968762e+01 2.900000000000000000e+01
1.920000000000000000e+02 1.890000000000000000e+02 -7.700000000000000000e+01 5.262800000000000000e+04 5.193300000000000000e+04 5.191400000000000000e+04 5.252300000000000000e+04 2.116082145797554404e+01 2.900000000000000000e+01
7.900000000000000000e+01 3.150000000000000000e+02 -6.900000000000000000e+01 5.122400000000000000e+04 5.271500000000000000e+04 5.331800000000000000e+04 5.176200000000000000e+04 2.116910770197864622e+01 2.900000000000000000e+01
1.200000000000000000e+01 3.620000000000000000e+02 -5.900000000000000000e+01 5.408400000000000000e+04 4.880400000000000000e+04 5.022600000000000000e+04 5.488900000000000000e+04 2.117842266301158816e+01 2.900000000000000000e+01
-1.600000000000000000e+01 3.930000000000000000e+02 -3.100000000000000000e+01 5.188300000000000000e+04 4.760000000000000000e+04 5.259800000000000000e+04 5.556900000000000000e+04 2.119094878493342549e+01 2.900000000000000000e+01
-3.600000000000000000e+01 3.080000000000000000e+02 -4.500000000000000000e+01 5.229600000000000000e+04 4.954000000000000000e+04 5.215000000000000000e+04 5.402700000000000000e+04 2.119908277993090451e+01 2.900000000000000000e+01
-7.000000000000000000e+01 2.540000000000000000e+02 -1.900000000000000000e+01 5.061100000000000000e+04 4.704600000000000000e+04 5.366300000000000000e+04 5.569200000000000000e+04 2.120904310303740203e+01 2.900000000000000000e+01
-4.200000000000000000e+01 1.570000000000000000e+02 -1.300000000000000000e+01 5.127500000000000000e+04 4.969200000000000000e+04 5.300100000000000000e+04 5.362300000000000000e+04 2.121853196294978261e+01 2.600000000000000000e+01
-4.000000000000000000e+00 6.500000000000000000e+01 1.000000000000000000e+00 5.405000000000000000e+04 5.316600000000000000e+04 5.023700000000000000e+04 5.008700000000000000e+04 2.122880814701784402e+01 2.600000000000000000e+01
1.270000000000000000e+02 -1.500000000000000000e+01 9.000000000000000000e+00 4.972300000000000000e+04 4.882400000000000000e+04 5.454900000000000000e+04 5.429600000000000000e+04 2.123880700697191060e+01 2.600000000000000000e+01
1.670000000000000000e+02 -6.500000000000000000e+01 3.000000000000000000e+00 5.295200000000000000e+04 5.201200000000000000e+04 5.161000000000000000e+04 5.129800000000000000e+04 2.124886739696376026e+01 2.600000000000000000e+01
2.280000000000000000e+02 -5.700000000000000000e+01 2.400000000000000000e+01 5.334500000000000000e+04 5.342500000000000000e+04 5.109300000000000000e+04 4.959800000000000000e+04 2.125983195402659476e+01 2.600000000000000000e+01
2.610000000000000000e+02 -1.640000000000000000e+02 0.000000000000000000e+00 5.241100000000000000e+04 5.263100000000000000e+04 5.174500000000000000e+04 5.013900000000000000e+04 2.126996667101047933e+01 2.900000000000000000e+01
2.270000000000000000e+02 -1.180000000000000000e+02 3.400000000000000000e+01 5.297300000000000000e+04 5.094400000000000000e+04 5.106000000000000000e+04 5.174000000000000000e+04 2.127866458497010171e+01 2.900000000000000000e+01
2.060000000000000000e+02 -1.060000000000000000e+02 1.400000000000000000e+01 5.174000000000000000e+04 5.266100000000000000e+04 5.210700000000000000e+04 4.954800000000000000e+04 2.128894070000387728e+01 2.900000000000000000e+01
6.600000000000000000e+01 -4.900000000000000000e+01 2.500000000000000000e+01 5.180400000000000000e+04 5.066800000000000000e+04 5.181200000000000000e+04 5.138800000000000000e+04 2.129897610098123550e+01 2.900000000000000000e+01
-7.000000000000000000e+00 -2.500000000000000000e+01 1.300000000000000000e+01 5.142000000000000000e+04 5.044100000000000000e+04 5.200900000000000000e+04 5.156900000000000000e+04 2.131080094899516553e+01 2.900000000000000000e+01
-8.000000000000000000e+01 -1.000000000000000000e+01 2.400000000000000000e+01 4.205700000000000000e+04 4.696300000000000000e+04 5.767300000000000000e+04 5.392000000000000000e+04 2.131899797392543405e+01 3.300000000000000000e+01
-1.060000000000000000e+02 1.900000000000000000e+01 3.800000000000000000e+01 4.884700000000000000e+04 4.797500000000000000e+04 5.370700000000000000e+04 5.288300000000000000e+04 2.132953561097383499e+01 3.300000000000000000e+01
-7.800000000000000000e+01 5.600000000000000000e+01 2.700000000000000000e+01 4.963600000000000000e+04 4.761900000000000000e+04 5.305600000000000000e+04 5.303400000000000000e+04 2.133957606100011617e+01 3.300000000000000000e+01
3.300000000000000000e+01 -1.900000000000000000e+01 5.400000000000000000e+01 5.050400000000000000e+04 5.201900000000000000e+04 5.212400000000000000e+04 4.852600000000000000e+04 2.134936488198582083e+01 3.300000000000000000e+01
1.510000000000000000e+02 -6.100000000000000000e+01 4.800000000000000000e+01 5.108900000000000000e+04 4.968800000000000000e+04 5.162800000000000000e+04 5.082700000000000000e+04 2.135911660897545516e+01 3.300000000000000000e+01
2.140000000000000000e+02 -3.300000000000000000e+01 5.700000000000000000e+01 5.641400000000000000e+04 5.246300000000000000e+04 4.403200000000000000e+04 4.735900000000000000e+04 2.136937868501991034e+01 3.300000000000000000e+01
2.460000000000000000e+02 9.000000000000000000e+00 5.400000000000000000e+01 5.424000000000000000e+04 5.285300000000000000e+04 4.771000000000000000e+04 4.657000000000000000e+04 2.137941225594840944e+01 3.300000000000000000e+01
1.800000000000000000e+02 3.900000000000000000e+01 7.300000000000000000e+01 5.454800000000000000e+04 5.256000000000000000e+04 4.731300000000000000e+04 4.687100000000000000e+04 2.138955484703183174e+01 3.300000000000000000e+01
1.210000000000000000e+02 7.600000000000000000e+01 6.800000000000000000e+01 5.190500000000000000e+04 5.053600000000000000e+04 5.049900000000000000e+04 4.896100000000000000e+04 2.139928333694115281e+01 3.300000000000000000e+01
-5.000000000000000000e+00 5.400000000000000000e+01 6.700000000000000000e+01 5.154400000000000000e+04 5.042000000000000000e+04 5.090500000000000000e+04 4.910900000000000000e+04 2.140941131894942373e+01 3.300000000000000000e+01
-1.710000000000000000e+02 4.900000000000000000e+01 7.700000000000000000e+01 5.355300000000000000e+04 4.845000000000000000e+04 4.870600000000000000e+04 5.097400000000000000e+04 2.141940538701601326e+01 3.400000000000000000e+01
-3.580000000000000000e+02 -7.100000000000000000e+01 7.100000000000000000e+01 4.858500000000000000e+04 5.033000000000000000e+04 5.394500000000000000e+04 4.933200000000000000e+04 2.142895156203303486e+01 3.400000000000000000e+01
-5.210000000000000000e+02 -1.350000000000000000e+02 9.100000000000000000e+01 4.803700000000000000e+04 4.447500000000000000e+04 5.454600000000000000e+04 5.407700000000000000e+04 2.143801693699788302e+01 3.400000000000000000e+01
-5.430000000000000000e+02 -1.920000000000000000e+02 8.700000000000000000e+01 4.831600000000000000e+04 4.791300000000000000e+04 5.437300000000000000e+04 5.151800000000000000e+04 2.144875956501346081e+01 3.400000000000000000e+01
-5.070000000000000000e+02 -2.500000000000000000e+02 9.900000000000000000e+01 4.515300000000000000e+04 4.988200000000000000e+04 5.647500000000000000e+04 4.952500000000000000e+04 2.145880830101668835e+01 3.400000000000000000e+01
-3.910000000000000000e+02 -2.570000000000000000e+02 1.100000000000000000e+02 4.701500000000000000e+04 4.969500000000000000e+04 5.509400000000000000e+04 4.930800000000000000e+04 2.146836802898906171e+01 3.900000000000000000e+01
-2.530000000000000000e+02 -2.130000000000000000e+02 1.270000000000000000e+02 4.894400000000000000e+04 4.916500000000000000e+04 5.395300000000000000e+04 4.952500000000000000e+04 2.147893768502399325e+01 3.900000000000000000e+01
-1.370000000000000000e+02 -2.320000000000000000e+02 1.280000000000000000e+02 4.969900000000000000e+04 4.914100000000000000e+04 5.332600000000000000e+04 4.926200000000000000e+04 2.148876831599045545e+01 3.900000000000000000e+01
-5.300000000000000000e+01 -1.440000000000000000e+02 1.340000000000000000e+02 4.753800000000000000e+04 4.939200000000000000e+04 5.504600000000000000e+04 4.888700000000000000e+04 2.149839039496146142e+01 3.900000000000000000e+01
0.000000000000000000e+00 -1.100000000000000000e+02 1.210000000000000000e+02 5.243300000000000000e+04 4.952200000000000000e+04 5.092000000000000000e+04 4.872700000000000000e+04 2.150883451092522591e+01 3.900000000000000000e+01
1.070000000000000000e+02 2.300000000000000000e+01 9.800000000000000000e+01 4.966500000000000000e+04 5.031300000000000000e+04 5.355800000000000000e+04 4.809000000000000000e+04 2.151927649194840342e+01 3.900000000000000000e+01
1.870000000000000000e+02 1.830000000000000000e+02 1.050000000000000000e+02 5.244900000000000000e+04 4.843600000000000000e+04 5.105200000000000000e+04 5.012700000000000000e+04 2.152911595301702619e+01 3.900000000000000000e+01
2.650000000000000000e+02 3.430000000000000000e+02 9.400000000000000000e+01 5.427800000000000000e+04 4.525300000000000000e+04 4.879600000000000000e+04 5.301800000000000000e+04 2.153837383096106350e+01 3.900000000000000000e+01
2.670000000000000000e+02 4.040000000000000000e+02 9.500000000000000000e+01 5.433200000000000000e+04 4.787000000000000000e+04 4.923300000000000000e+04 5.097300000000000000e+04 2.154863503493834287e+01 3.900000000000000000e+01
2.250000000000000000e+02 3.550000000000000000e+02 7.400000000000000000e+01 5.552600000000000000e+04 5.014100000000000000e+04 4.758900000000000000e+04 4.889300000000000000e+04 2.155875034502241760e+01 3.900000000000000000e+01
1.690000000000000000e+02 2.960000000000000000e+02 7.800000000000000000e+01 5.145100000000000000e+04 4.874700000000000000e+04 5.244600000000000000e+04 5.020100000000000000e+04 2.156845280597917736e+01 4.000000000000000000e+01
1.060000000000000000e+02 1.900000000000000000e+02 7.800000000000000000e+01 5.381600000000000000e+04 4.999500000000000000e+04 5.000800000000000000e+04 4.898400000000000000e+04 2.157827608799561858e+01 4.000000000000000000e+01
-1.200000000000000000e+01 8.700000000000000000e+01 8.400000000000000000e+01 5.016400000000000000e+04 4.524500000000000000e+04 5.370500000000000000e+04 5.288800000000000000e+04 2.158886309503577650e+01 4.000000000000000000e+01
-3.300000000000000000e+01 -7.200000000000000000e+01 9.700000000000000000e+01 5.320700000000000000e+04 5.147300000000000000e+04 5.100500000000000000e+04 4.694400000000000000e+04 2.160008830600418150e+01 4.000000000000000000e+01
-8.600000000000000000e+01 -1.790000000000000000e+02 1.000000000000000000e+02 4.846100000000000000e+04 4.968300000000000000e+04 5.505900000000000000e+04 4.928900000000000000e+04 2.160895953397266567e+01 4.000000000000000000e+01
-1.840000000000000000e+02 -3.050000000000000000e+02 1.110000000000000000e+02 4.957100000000000000e+04 4.975400000000000000e+04 5.496100000000000000e+04 4.922300000000000000e+04 2.161855621193535626e+01 3.600000000000000000e+01
-2.460000000000000000e+02 -4.020000000000000000e+02 1.110000000000000000e+02 4.771700000000000000e+04 4.517500000000000000e+04 5.620800000000000000e+04 5.362800000000000000e+04 2.162854860397055745e+01 3.600000000000000000e+01
-3.200000000000000000e+02 -4.070000000000000000e+02 1.040000000000000000e+02 4.864100000000000000e+04 5.367600000000000000e+04 5.617400000000000000e+04 4.429800000000000000e+04 2.163817450101487339e+01 3.600000000000000000e+01
-2.720000000000000000e+02 -3.910000000000000000e+02 1.010000000000000000e+02 4.878400000000000000e+04 5.008000000000000000e+04 5.609900000000000000e+04 4.936100000000000000e+04 2.164866779593285173e+01 3.600000000000000000e+01
-1.780000000000000000e+02 -2.660000000000000000e+02 9.500000000000000000e+01 4.843900000000000000e+04 4.869600000000000000e+04 5.634100000000000000e+04 5.088600000000000000e+04 2.165842592099215835e+01 3.600000000000000000e+01
-4.200000000000000000e+01 -1.000000000000000000e+02 9.100000000000000000e+01 5.057800000000000000e+04 4.931900000000000000e+04 5.502800000000000000e+04 5.025400000000000000e+04 2.167016439093276858e+01 3.700000000000000000e+01
3.500000000000000000e+01 9.600000000000000000e+01 1.000000000000000000e+02 5.320400000000000000e+04 4.867400000000000000e+04 5.275300000000000000e+04 5.095200000000000000e+04 2.167814797896426171e+01 3.700000000000000000e+01
2.000000000000000000e+02 3.090000000000000000e+02 7.300000000000000000e+01 5.430400000000000000e+04 4.972400000000000000e+04 5.160500000000000000e+04 5.009100000000000000e+04 2.168871278897859156e+01 3.700000000000000000e+01
3.080000000000000000e+02 3.770000000000000000e+02 6.900000000000000000e+01 5.645600000000000000e+04 4.790400000000000000e+04 4.866300000000000000e+04 5.187400000000000000e+04 2.170029539894312620e+01 3.700000000000000000e+01
4.330000000000000000e+02 4.090000000000000000e+02 4.700000000000000000e+01 5.592100000000000000e+04 4.995700000000000000e+04 4.942900000000000000e+04 5.009100000000000000e+04 2.170826380897779018e+01 3.700000000000000000e+01
4.080000000000000000e+02 3.310000000000000000e+02 5.800000000000000000e+01 5.646000000000000000e+04 5.233900000000000000e+04 4.891300000000000000e+04 4.769100000000000000e+04 2.172063033294398338e+01 3.500000000000000000e+01
3.610000000000000000e+02 2.360000000000000000e+02 6.100000000000000000e+01 5.446900000000000000e+04 5.056000000000000000e+04 5.179300000000000000e+04 4.957500000000000000e+04 2.172903871594462544e+01 3.500000000000000000e+01
2.180000000000000000e+02 8.500000000000000000e+01 6.500000000000000000e+01 5.539400000000000000e+04 5.081900000000000000e+04 5.091400000000000000e+04 4.908900000000000000e+04 2.173835706501267850e+01 3.500000000000000000e+01
9.000000000000000000e+01 4.000000000000000000e+00 6.000000000000000000e+01 5.367500000000000000e+04 5.041200000000000000e+04 5.304600000000000000e+04 4.988400000000000000e+04 2.174862191698048264e+01 3.500000000000000000e+01
-3.800000000000000000e+01 -1.030000000000000000e+02 7.900000000000000000e+01 5.206000000000000000e+04 5.094500000000000000e+04 5.471400000000000000e+04 4.929100000000000000e+04 2.175860242603812367e+01 3.500000000000000000e+01
-1.490000000000000000e+02 -1.920000000000000000e+02 7.400000000000000000e+01 5.215000000000000000e+04 5.058200000000000000e+04 5.484200000000000000e+04 4.983400000000000000e+04 2.176888160302769393e+01 3.200000000000000000e+01
-2.980000000000000000e+02 -2.830000000000000000e+02 7.200000000000000000e+01 5.022700000000000000e+04 4.986000000000000000e+04 5.617500000000000000e+04 5.051400000000000000e+04 2.177834650303702801e+01 3.200000000000000000e+01
-3.340000000000000000e+02 -2.890000000000000000e+02 7.500000000000000000e+01 5.079900000000000000e+04 4.944900000000000000e+04 5.587800000000000000e+04 5.081900000000000000e+04 2.178866268799174577e+01 3.200000000000000000e+01
-3.490000000000000000e+02 -2.560000000000000000e+02 6.500000000000000000e+01 4.722800000000000000e+04 4.960900000000000000e+04 5.790200000000000000e+04 5.095400000000000000e+04 2.179981734603643417e+01 3.200000000000000000e+01
-2.450000000000000000e+02 -2.230000000000000000e+02 8.800000000000000000e+01 5.110500000000000000e+04 5.003900000000000000e+04 5.573300000000000000e+04 5.020400000000000000e+04 2.180823053303174675e+01 3.200000000000000000e+01
-9.600000000000000000e+01 -1.460000000000000000e+02 7.800000000000000000e+01 5.182000000000000000e+04 5.033400000000000000e+04 5.523400000000000000e+04 4.978000000000000000e+04 2.181789682793896645e+01 2.800000000000000000e+01
6.500000000000000000e+01 -4.400000000000000000e+01 8.300000000000000000e+01 5.629300000000000000e+04 5.606300000000000000e+04 5.140600000000000000e+04 4.117200000000000000e+04 2.182843839796259999e+01 2.800000000000000000e+01
1.120000000000000000e+02 -1.500000000000000000e+01 7.000000000000000000e+01 5.403700000000000000e+04 5.228000000000000000e+04 5.375200000000000000e+04 4.785300000000000000e+04 2.183841069694608450e+01 2.800000000000000000e+01
1.010000000000000000e+02 1.090000000000000000e+02 7.800000000000000000e+01 5.465100000000000000e+04 5.142900000000000000e+04 5.322400000000000000e+04 4.897000000000000000e+04 2.184817864897195250e+01 2.800000000000000000e+01
7.200000000000000000e+01 1.630000000000000000e+02 6.600000000000000000e+01 5.475900000000000000e+04 5.095600000000000000e+04 5.305200000000000000e+04 4.944500000000000000e+04 2.186006124294362962e+01 2.800000000000000000e+01
-5.800000000000000000e+01 1.980000000000000000e+02 5.900000000000000000e+01 5.389100000000000000e+04 4.966100000000000000e+04 5.394100000000000000e+04 5.067900000000000000e+04 2.186890922999009490e+01 2.700000000000000000e+01
-1.630000000000000000e+02 2.470000000000000000e+02 5.300000000000000000e+01 5.381400000000000000e+04 4.895400000000000000e+04 5.397900000000000000e+04 5.136400000000000000e+04 2.187779232999309897e+01 2.700000000000000000e+01
-2.020000000000000000e+02 2.340000000000000000e+02 3.100000000000000000e+01 5.379200000000000000e+04 4.783800000000000000e+04 5.358800000000000000e+04 5.226600000000000000e+04 2.188800767995417118e+01 2.700000000000000000e+01
-2.790000000000000000e+02 1.700000000000000000e+02 5.300000000000000000e+01 5.275800000000000000e+04 4.865400000000000000e+04 5.455200000000000000e+04 5.141500000000000000e+04 2.189859287103172392e+01 2.700000000000000000e+01
-2.310000000000000000e+02 1.100000000000000000e+02 4.000000000000000000e+01 5.234000000000000000e+04 4.929600000000000000e+04 5.491300000000000000e+04 5.072900000000000000e+04 2.191710809397045523e+01 2.700000000000000000e+01
-2.470000000000000000e+02 2.200000000000000000e+01 2.700000000000000000e+01 5.188900000000000000e+04 4.898600000000000000e+04 5.515400000000000000e+04 5.110600000000000000e+04 2.192239069193601608e+01 2.100000000000000000e+01
-1.880000000000000000e+02 3.400000000000000000e+01 1.300000000000000000e+01 5.280600000000000000e+04 5.013200000000000000e+04 5.464700000000000000e+04 5.043500000000000000e+04 2.192835152300540358e+01 2.100000000000000000e+01
-9.600000000000000000e+01 -8.000000000000000000e+00 1.900000000000000000e+01 5.290500000000000000e+04 4.999300000000000000e+04 5.442200000000000000e+04 5.059300000000000000e+04 2.193860547000076622e+01 2.100000000000000000e+01
-3.600000000000000000e+01 -6.200000000000000000e+01 6.000000000000000000e+00 5.252700000000000000e+04 5.093100000000000000e+04 5.490800000000000000e+04 4.969600000000000000e+04 2.194836821802891791e+01 2.100000000000000000e+01
2.700000000000000000e+01 -1.090000000000000000e+02 1.300000000000000000e+01 5.242200000000000000e+04 5.139500000000000000e+04 5.478300000000000000e+04 4.897800000000000000e+04 2.195820601598825306e+01 2.100000000000000000e+01
7.500000000000000000e+01 -5.000000000000000000e+01 -1.200000000000000000e+01 5.322100000000000000e+04 5.115400000000000000e+04 5.383100000000000000e+04 4.939400000000000000e+04 2.196916989993769675e+01 2.200000000000000000e+01
6.600000000000000000e+01 -8.000000000000000000e+00 -1.900000000000000000e+01 5.327400000000000000e+04 5.063100000000000000e+04 5.375900000000000000e+04 4.990700000000000000e+04 2.197918010794091970e+01 2.200000000000000000e+01
8.500000000000000000e+01 3.700000000000000000e+01 0.000000000000000000e+00 5.336200000000000000e+04 5.037200000000000000e+04 5.352800000000000000e+04 5.022700000000000000e+04 2.198782965599093586e+01 2.200000000000000000e+01
1.700000000000000000e+02 7.600000000000000000e+01 -3.100000000000000000e+01 5.350700000000000000e+04 5.076200000000000000e+04 5.320700000000000000e+04 4.953600000000000000e+04 2.199805289192590863e+01 2.200000000000000000e+01
1.010000000000000000e+02 5.500000000000000000e+01 -2.800000000000000000e+01 5.320400000000000000e+04 5.035300000000000000e+04 5.339400000000000000e+04 5.001100000000000000e+04 2.200906664796639234e+01 2.200000000000000000e+01
1.130000000000000000e+02 1.020000000000000000e+02 -2.700000000000000000e+01 5.392100000000000000e+04 5.045200000000000000e+04 5.270500000000000000e+04 5.004200000000000000e+04 2.201822631503455341e+01 2.300000000000000000e+01
6.400000000000000000e+01 7.100000000000000000e+01 -2.100000000000000000e+01 5.344300000000000000e+04 4.978800000000000000e+04 5.293700000000000000e+04 5.043500000000000000e+04 2.202866946195717901e+01 2.300000000000000000e+01
-3.000000000000000000e+00 8.200000000000000000e+01 -3.100000000000000000e+01 5.297300000000000000e+04 4.942900000000000000e+04 5.333000000000000000e+04 5.075200000000000000e+04 2.203895141894463450e+01 2.300000000000000000e+01
-7.400000000000000000e+01 -4.400000000000000000e+01 -2.300000000000000000e+01 5.191000000000000000e+04 4.923700000000000000e+04 5.432300000000000000e+04 5.092900000000000000e+04 2.204815714294090867e+01 2.300000000000000000e+01
-1.540000000000000000e+02 -1.220000000000000000e+02 -1.900000000000000000e+01 5.118100000000000000e+04 4.946000000000000000e+04 5.499000000000000000e+04 5.062800000000000000e+04 2.205833462800364941e+01 2.300000000000000000e+01
-2.140000000000000000e+02 -2.770000000000000000e+02 -3.000000000000000000e+00 4.968300000000000000e+04 5.037000000000000000e+04 5.594900000000000000e+04 4.951000000000000000e+04 2.206855483097024262e+01 2.400000000000000000e+01
-1.600000000000000000e+02 -2.550000000000000000e+02 -4.000000000000000000e+00 5.000000000000000000e+04 5.043400000000000000e+04 5.557200000000000000e+04 4.925000000000000000e+04 2.207807987800333649e+01 2.400000000000000000e+01
-1.200000000000000000e+02 -2.080000000000000000e+02 -2.000000000000000000e+00 5.044000000000000000e+04 4.985000000000000000e+04 5.520700000000000000e+04 4.956700000000000000e+04 2.208805233298335224e+01 2.400000000000000000e+01
-2.200000000000000000e+01 -1.350000000000000000e+02 6.000000000000000000e+00 5.166000000000000000e+04 5.007800000000000000e+04 5.426000000000000000e+04 4.939000000000000000e+04 2.209880314499605447e+01 2.400000000000000000e+01
7.800000000000000000e+01 -5.600000000000000000e+01 -1.000000000000000000e+00 5.228100000000000000e+04 5.061600000000000000e+04 5.379600000000000000e+04 4.885800000000000000e+04 2.210817205696366727e+01 2.400000000000000000e+01
1.170000000000000000e+02 3.000000000000000000e+01 -1.300000000000000000e+01 5.355200000000000000e+04 5.117100000000000000e+04 5.258300000000000000e+04 4.846800000000000000e+04 2.211944505502469838e+01 2.700000000000000000e+01
1.640000000000000000e+02 6.200000000000000000e+01 -4.200000000000000000e+01 5.386800000000000000e+04 5.087400000000000000e+04 5.190900000000000000e+04 4.867200000000000000e+04 2.212829155102372169e+01 2.700000000000000000e+01
1.070000000000000000e+02 4.800000000000000000e+01 -2.000000000000000000e+01 5.319300000000000000e+04 5.063200000000000000e+04 5.266600000000000000e+04 4.917500000000000000e+04 2.213806794898118824e+01 2.700000000000000000e+01
6.400000000000000000e+01 2.300000000000000000e+01 -4.100000000000000000e+01 5.327700000000000000e+04 5.130300000000000000e+04 5.274400000000000000e+04 4.861800000000000000e+04 2.214805075596086681e+01 1.208000000000000000e+03
-5.000000000000000000e+01 -1.400000000000000000e+01 -1.800000000000000000e+01 5.263100000000000000e+04 5.061800000000000000e+04 5.334200000000000000e+04 4.916600000000000000e+04 2.215845351293683052e+01 1.208000000000000000e+03
-1.350000000000000000e+02 -2.600000000000000000e+01 -3.200000000000000000e+01 5.213500000000000000e+04 5.032400000000000000e+04 5.390800000000000000e+04 4.965000000000000000e+04 2.216838373092468828e+01 1.208000000000000000e+03
-2.670000000000000000e+02 -5.900000000000000000e+01 -1.600000000000000000e+01 5.095400000000000000e+04 4.945000000000000000e+04 5.500900000000000000e+04 5.077600000000000000e+04 2.217865324497688562e+01 1.208000000000000000e+03
-3.640000000000000000e+02 -4.000000000000000000e+01 -2.300000000000000000e+01 5.032400000000000000e+04 4.895700000000000000e+04 5.545900000000000000e+04 5.138700000000000000e+04 2.218847101693972945e+01 1.208000000000000000e+03
-3.630000000000000000e+02 -8.300000000000000000e+01 -2.900000000000000000e+01 5.079800000000000000e+04 4.909000000000000000e+04 5.548300000000000000e+04 5.146800000000000000e+04 2.219897453300654888e+01 1.208000000000000000e+03
-3.120000000000000000e+02 -1.500000000000000000e+02 -1.100000000000000000e+01 5.056000000000000000e+04 4.989100000000000000e+04 5.579400000000000000e+04 5.087600000000000000e+04 2.220817724196240306e+01 7.780000000000000000e+02
-2.060000000000000000e+02 -1.690000000000000000e+02 -2.600000000000000000e+01 5.145300000000000000e+04 5.037200000000000000e+04 5.485900000000000000e+04 5.023400000000000000e+04 2.221836740302387625e+01 7.780000000000000000e+02
-8.000000000000000000e+01 -1.700000000000000000e+02 -2.000000000000000000e+01 5.189700000000000000e+04 5.113300000000000000e+04 5.482000000000000000e+04 4.976000000000000000e+04 2.222817813197616488e+01 7.780000000000000000e+02
1.000000000000000000e+01 -2.140000000000000000e+02 -2.000000000000000000e+01 5.182800000000000000e+04 5.161600000000000000e+04 5.487700000000000000e+04 4.963800000000000000e+04 2.223828442103695124e+01 7.780000000000000000e+02
8.400000000000000000e+01 -1.690000000000000000e+02 -3.500000000000000000e+01 5.222400000000000000e+04 5.203200000000000000e+04 5.495000000000000000e+04 4.940600000000000000e+04 2.224918898998294026e+01 7.780000000000000000e+02
1.440000000000000000e+02 -1.510000000000000000e+02 -2.400000000000000000e+01 5.314800000000000000e+04 5.151500000000000000e+04 5.428800000000000000e+04 5.011800000000000000e+04 2.225820001098327339e+01 7.750000000000000000e+02
1.570000000000000000e+02 -1.040000000000000000e+02 -3.900000000000000000e+01 5.297400000000000000e+04 5.168900000000000000e+04 5.430200000000000000e+04 5.008700000000000000e+04 2.226826055801939219e+01 7.750000000000000000e+02
1.650000000000000000e+02 -1.470000000000000000e+02 -4.000000000000000000e+01 5.281900000000000000e+04 5.163700000000000000e+04 5.453400000000000000e+04 5.044700000000000000e+04 2.227814208401832730e+01 7.750000000000000000e+02
1.440000000000000000e+02 -1.810000000000000000e+02 -4.600000000000000000e+01 5.253200000000000000e+04 5.229100000000000000e+04 5.494500000000000000e+04 4.989100000000000000e+04 2.228825099498499185e+01 7.750000000000000000e+02
1.530000000000000000e+02 -1.920000000000000000e+02 -3.900000000000000000e+01 5.232400000000000000e+04 5.215800000000000000e+04 5.525300000000000000e+04 5.014400000000000000e+04 2.229846968501806259e+01 7.750000000000000000e+02
1.130000000000000000e+02 -2.170000000000000000e+02 -2.300000000000000000e+01 5.216100000000000000e+04 5.159500000000000000e+04 5.545300000000000000e+04 5.094100000000000000e+04 2.230822368501685560e+01 7.690000000000000000e+02
1.040000000000000000e+02 -1.600000000000000000e+02 -4.500000000000000000e+01 5.287800000000000000e+04 5.174400000000000000e+04 5.536200000000000000e+04 5.122800000000000000e+04 2.231800395494792610e+01 7.690000000000000000e+02
1.170000000000000000e+02 -1.640000000000000000e+02 -3.500000000000000000e+01 5.317800000000000000e+04 5.181500000000000000e+04 5.538300000000000000e+04 5.149200000000000000e+04 2.232834357093088329e+01 7.690000000000000000e+02
7.100000000000000000e+01 -1.240000000000000000e+02 -4.800000000000000000e+01 5.269900000000000000e+04 5.154200000000000000e+04 5.579100000000000000e+04 5.198500000000000000e+04 2.233815806196071208e+01 7.690000000000000000e+02
3.000000000000000000e+00 -1.630000000000000000e+02 -4.500000000000000000e+01 5.239700000000000000e+04 5.117600000000000000e+04 5.603300000000000000e+04 5.259000000000000000e+04 2.234810586203821003e+01 7.690000000000000000e+02
-7.100000000000000000e+01 -1.850000000000000000e+02 -4.000000000000000000e+01 5.159400000000000000e+04 5.099000000000000000e+04 5.685400000000000000e+04 5.304200000000000000e+04 2.235823041899129748e+01 7.690000000000000000e+02
-1.130000000000000000e+02 -2.310000000000000000e+02 -5.400000000000000000e+01 5.080900000000000000e+04 5.134400000000000000e+04 5.710600000000000000e+04 5.238000000000000000e+04 2.236779788497369736e+01 7.690000000000000000e+02
-7.700000000000000000e+01 -2.050000000000000000e+02 -2.700000000000000000e+01 5.131100000000000000e+04 5.124900000000000000e+04 5.687400000000000000e+04 5.247400000000000000e+04 2.237748782895505428e+01 7.690000000000000000e+02
-1.010000000000000000e+02 -1.980000000000000000e+02 -3.500000000000000000e+01 5.134600000000000000e+04 5.054900000000000000e+04 5.694300000000000000e+04 5.305100000000000000e+04 2.238773537799715996e+01 7.690000000000000000e+02
-3.900000000000000000e+01 -1.630000000000000000e+02 -3.400000000000000000e+01 5.115100000000000000e+04 5.098900000000000000e+04 5.703600000000000000e+04 5.272400000000000000e+04 2.239763512497302145e+01 7.690000000000000000e+02
4.000000000000000000e+01 -1.870000000000000000e+02 -3.500000000000000000e+01 5.192600000000000000e+04 5.167100000000000000e+04 5.640700000000000000e+04 5.222600000000000000e+04 2.240835723700001836e+01 7.620000000000000000e+02
1.370000000000000000e+02 -1.490000000000000000e+02 -3.000000000000000000e+01 5.254400000000000000e+04 5.226500000000000000e+04 5.613300000000000000e+04 5.169900000000000000e+04 2.241784970101434737e+01 7.620000000000000000e+02
2.820000000000000000e+02 -1.100000000000000000e+02 -3.100000000000000000e+01 5.355100000000000000e+04 5.229600000000000000e+04 5.531300000000000000e+04 5.161100000000000000e+04 2.242903340898919851e+01 7.620000000000000000e+02
2.970000000000000000e+02 -1.060000000000000000e+02 -1.700000000000000000e+01 5.354400000000000000e+04 5.230800000000000000e+04 5.551000000000000000e+04 5.170200000000000000e+04 2.243924657593015581e+01 7.620000000000000000e+02
3.520000000000000000e+02 -3.300000000000000000e+01 -3.600000000000000000e+01 5.376000000000000000e+04 5.223500000000000000e+04 5.520100000000000000e+04 5.188800000000000000e+04 2.244824762595817447e+01 7.620000000000000000e+02
3.670000000000000000e+02 -6.600000000000000000e+01 -3.200000000000000000e+01 5.350700000000000000e+04 5.285700000000000000e+04 5.545400000000000000e+04 5.123900000000000000e+04 2.245774732902646065e+01 7.590000000000000000e+02
3.470000000000000000e+02 -5.700000000000000000e+01 -3.900000000000000000e+01 5.387300000000000000e+04 5.231800000000000000e+04 5.512900000000000000e+04 5.186900000000000000e+04 2.247015001997351646e+01 7.590000000000000000e+02
2.990000000000000000e+02 -6.500000000000000000e+01 -7.300000000000000000e+01 5.305200000000000000e+04 5.240800000000000000e+04 5.562000000000000000e+04 5.203000000000000000e+04 2.247774069197475910e+01 7.590000000000000000e+02
2.890000000000000000e+02 -7.200000000000000000e+01 -6.700000000000000000e+01 5.293800000000000000e+04 5.277900000000000000e+04 5.555500000000000000e+04 5.181400000000000000e+04 2.248796779697295278e+01 7.590000000000000000e+02
2.440000000000000000e+02 -8.500000000000000000e+01 -9.500000000000000000e+01 5.277400000000000000e+04 5.264500000000000000e+04 5.554400000000000000e+04 5.207900000000000000e+04 2.249766741693019867e+01 7.590000000000000000e+02
2.070000000000000000e+02 -2.800000000000000000e+01 -8.200000000000000000e+01 5.296900000000000000e+04 5.243400000000000000e+04 5.527100000000000000e+04 5.237500000000000000e+04 2.250733404699712992e+01 7.570000000000000000e+02
2.380000000000000000e+02 1.400000000000000000e+01 -1.010000000000000000e+02 5.342500000000000000e+04 5.193600000000000000e+04 5.471800000000000000e+04 5.286900000000000000e+04 2.251767954393289983e+01 7.570000000000000000e+02
2.460000000000000000e+02 1.370000000000000000e+02 -1.010000000000000000e+02 5.415400000000000000e+04 5.177600000000000000e+04 5.389900000000000000e+04 5.304300000000000000e+04 2.252785169903654605e+01 7.570000000000000000e+02
3.230000000000000000e+02 1.280000000000000000e+02 -1.030000000000000000e+02 5.438800000000000000e+04 5.214100000000000000e+04 5.353700000000000000e+04 5.276400000000000000e+04 2.253791262197773904e+01 7.570000000000000000e+02
2.920000000000000000e+02 1.850000000000000000e+02 -9.600000000000000000e+01 5.429300000000000000e+04 5.179200000000000000e+04 5.351500000000000000e+04 5.314100000000000000e+04 2.254777290392667055e+01 7.570000000000000000e+02
2.780000000000000000e+02 1.940000000000000000e+02 -7.500000000000000000e+01 5.437200000000000000e+04 5.150400000000000000e+04 5.352000000000000000e+04 5.326000000000000000e+04 2.255843387497588992e+01 7.490000000000000000e+02
2.830000000000000000e+02 1.380000000000000000e+02 -9.700000000000000000e+01 5.461200000000000000e+04 5.174700000000000000e+04 5.362400000000000000e+04 5.334500000000000000e+04 2.256962758093141019e+01 7.490000000000000000e+02
2.770000000000000000e+02 9.500000000000000000e+01 -7.800000000000000000e+01 5.407800000000000000e+04 5.231200000000000000e+04 5.403900000000000000e+04 5.289600000000000000e+04 2.257806011603679508e+01 7.490000000000000000e+02
2.950000000000000000e+02 -5.700000000000000000e+01 -1.190000000000000000e+02 5.358400000000000000e+04 5.328100000000000000e+04 5.452900000000000000e+04 5.222100000000000000e+04 2.258872181701008230e+01 7.490000000000000000e+02
2.190000000000000000e+02 -1.540000000000000000e+02 -1.070000000000000000e+02 5.281400000000000000e+04 5.371700000000000000e+04 5.507000000000000000e+04 5.190700000000000000e+04 2.259806758002378047e+01 7.490000000000000000e+02
2.410000000000000000e+02 -2.990000000000000000e+02 -1.260000000000000000e+02 5.214300000000000000e+04 5.463300000000000000e+04 5.546900000000000000e+04 5.104400000000000000e+04 2.260797947098035365e+01 7.520000000000000000e+02
1.990000000000000000e+02 -3.540000000000000000e+02 -1.220000000000000000e+02 5.160400000000000000e+04 5.459400000000000000e+04 5.562500000000000000e+04 5.095800000000000000e+04 2.261951766395941377e+01 7.520000000000000000e+02
2.220000000000000000e+02 -3.540000000000000000e+02 -1.410000000000000000e+02 5.199200000000000000e+04 5.485900000000000000e+04 5.521000000000000000e+04 5.063800000000000000e+04 2.262800609099213034e+01 7.520000000000000000e+02
2.090000000000000000e+02 -3.060000000000000000e+02 -1.240000000000000000e+02 5.187300000000000000e+04 5.457400000000000000e+04 5.513100000000000000e+04 5.110900000000000000e+04 2.263721785193774849e+01 7.520000000000000000e+02
1.630000000000000000e+02 -2.040000000000000000e+02 -1.510000000000000000e+02 5.217100000000000000e+04 5.420200000000000000e+04 5.486600000000000000e+04 5.155700000000000000e+04 2.265159743395633996e+01 7.520000000000000000e+02
1.780000000000000000e+02 -5.300000000000000000e+01 -1.150000000000000000e+02 5.300400000000000000e+04 5.373200000000000000e+04 5.399200000000000000e+04 5.214300000000000000e+04 2.265766142599750310e+01 7.470000000000000000e+02
1.040000000000000000e+02 5.700000000000000000e+01 -1.390000000000000000e+02 5.353100000000000000e+04 5.252100000000000000e+04 5.354500000000000000e+04 5.355400000000000000e+04 2.266820135898888111e+01 7.470000000000000000e+02
1.520000000000000000e+02 1.110000000000000000e+02 -1.080000000000000000e+02 5.386900000000000000e+04 5.313900000000000000e+04 5.317400000000000000e+04 5.289300000000000000e+04 2.267804598202928901e+01 7.470000000000000000e+02
1.560000000000000000e+02 1.900000000000000000e+02 -1.070000000000000000e+02 5.447900000000000000e+04 5.266300000000000000e+04 5.253400000000000000e+04 5.333700000000000000e+04 2.268783264595549554e+01 7.470000000000000000e+02
2.220000000000000000e+02 1.330000000000000000e+02 -1.010000000000000000e+02 5.439400000000000000e+04 5.343300000000000000e+04 5.264200000000000000e+04 5.246900000000000000e+04 2.269773786899168044e+01 7.470000000000000000e+02
2.340000000000000000e+02 2.020000000000000000e+02 -6.000000000000000000e+01 5.495600000000000000e+04 5.341900000000000000e+04 5.200000000000000000e+04 5.234000000000000000e+04 2.270770157396327704e+01 7.480000000000000000e+02
2.860000000000000000e+02 9.200000000000000000e+01 -6.400000000000000000e+01 5.449700000000000000e+04 5.358400000000000000e+04 5.250000000000000000e+04 5.188900000000000000e+04 2.271751094399951398e+01 7.480000000000000000e+02
2.210000000000000000e+02 1.180000000000000000e+02 -2.600000000000000000e+01 5.418300000000000000e+04 5.310700000000000000e+04 5.293800000000000000e+04 5.222800000000000000e+04 2.272742682194802910e+01 7.480000000000000000e+02
1.900000000000000000e+02 -1.600000000000000000e+01 -8.000000000000000000e+00 5.385400000000000000e+04 5.330100000000000000e+04 5.345000000000000000e+04 5.177000000000000000e+04 2.273707279202062637e+01 7.480000000000000000e+02
1.490000000000000000e+02 -3.300000000000000000e+01 8.000000000000000000e+00 5.393600000000000000e+04 5.349100000000000000e+04 5.355800000000000000e+04 5.130400000000000000e+04 2.274774101702496409e+01 7.480000000000000000e+02
2.400000000000000000e+01 -1.640000000000000000e+02 1.700000000000000000e+01 5.292200000000000000e+04 5.350700000000000000e+04 5.462200000000000000e+04 5.115500000000000000e+04 2.275744554202537984e+01 7.470000000000000000e+02
-2.100000000000000000e+01 -1.960000000000000000e+02 3.200000000000000000e+01 5.262700000000000000e+04 5.335100000000000000e+04 5.490100000000000000e+04 5.118400000000000000e+04 2.276736559800338000e+01 7.470000000000000000e+02
-1.440000000000000000e+02 -2.030000000000000000e+02 3.600000000000000000e+01 5.221000000000000000e+04 5.297200000000000000e+04 5.511900000000000000e+04 5.133600000000000000e+04 2.277757412195205688e+01 7.470000000000000000e+02
-1.970000000000000000e+02 -2.610000000000000000e+02 2.900000000000000000e+01 5.173300000000000000e+04 5.310300000000000000e+04 5.558600000000000000e+04 5.111800000000000000e+04 2.278791736799757928e+01 7.470000000000000000e+02
-2.490000000000000000e+02 -1.670000000000000000e+02 4.300000000000000000e+01 5.131000000000000000e+04 5.235200000000000000e+04 5.573800000000000000e+04 5.179800000000000000e+04 2.279816433798987418e+01 7.470000000000000000e+02
-2.480000000000000000e+02 -2.140000000000000000e+02 2.500000000000000000e+01 5.202000000000000000e+04 5.242400000000000000e+04 5.530000000000000000e+04 5.188900000000000000e+04 2.281058280798606575e+01 7.490000000000000000e+02
-2.330000000000000000e+02 -7.000000000000000000e+01 4.500000000000000000e+01 5.196100000000000000e+04 5.180700000000000000e+04 5.519200000000000000e+04 5.215100000000000000e+04 2.281807638600002974e+01 7.490000000000000000e+02
-1.810000000000000000e+02 -7.100000000000000000e+01 3.100000000000000000e+01 5.229300000000000000e+04 5.214800000000000000e+04 5.491500000000000000e+04 5.176500000000000000e+04 2.282792487298138440e+01 7.490000000000000000e+02
-1.400000000000000000e+02 4.800000000000000000e+01 3.900000000000000000e+01 5.294700000000000000e+04 5.239400000000000000e+04 5.433100000000000000e+04 5.149200000000000000e+04 2.283773473394103348e+01 7.490000000000000000e+02
-7.000000000000000000e+01 6.200000000000000000e+01 4.500000000000000000e+01 5.376100000000000000e+04 5.172100000000000000e+04 5.353700000000000000e+04 5.211300000000000000e+04 2.284894580999389291e+01 7.490000000000000000e+02
-2.600000000000000000e+01 1.060000000000000000e+02 3.400000000000000000e+01 5.391000000000000000e+04 5.195100000000000000e+04 5.341500000000000000e+04 5.179200000000000000e+04 2.285768922092393041e+01 7.480000000000000000e+02
-8.000000000000000000e+00 1.080000000000000000e+02 3.600000000000000000e+01 5.400800000000000000e+04 5.214600000000000000e+04 5.304700000000000000e+04 5.140600000000000000e+04 2.286744238692335784e+01 7.480000000000000000e+02
8.000000000000000000e+00 6.700000000000000000e+01 4.300000000000000000e+01 5.354700000000000000e+04 5.209400000000000000e+04 5.351700000000000000e+04 5.136500000000000000e+04 2.287827263900544494e+01 7.480000000000000000e+02
1.000000000000000000e+00 3.500000000000000000e+01 2.400000000000000000e+01 5.340100000000000000e+04 5.227000000000000000e+04 5.362600000000000000e+04 5.118100000000000000e+04 2.288770981098059565e+01 7.480000000000000000e+02
-3.800000000000000000e+01 5.000000000000000000e+00 3.500000000000000000e+01 5.312100000000000000e+04 5.234900000000000000e+04 5.390500000000000000e+04 5.110000000000000000e+04 2.289828890701755881e+01 7.480000000000000000e+02
-7.800000000000000000e+01 -2.300000000000000000e+01 2.500000000000000000e+01 5.314300000000000000e+04 5.203600000000000000e+04 5.382200000000000000e+04 5.141900000000000000e+04 2.290724994393531233e+01 7.460000000000000000e+02
-1.100000000000000000e+02 -6.100000000000000000e+01 2.800000000000000000e+01 5.300700000000000000e+04 5.238400000000000000e+04 5.411600000000000000e+04 5.126800000000000000e+04 2.291729685000609607e+01 7.460000000000000000e+02
-9.100000000000000000e+01 -9.200000000000000000e+01 2.300000000000000000e+01 5.267800000000000000e+04 5.228900000000000000e+04 5.469600000000000000e+04 5.138800000000000000e+04 2.292709993699099869e+01 7.460000000000000000e+02
-1.820000000000000000e+02 -5.200000000000000000e+01 3.500000000000000000e+01 5.230000000000000000e+04 5.162900000000000000e+04 5.510100000000000000e+04 5.195800000000000000e+04 2.293741758097894490e+01 7.460000000000000000e+02
-1.260000000000000000e+02 -5.900000000000000000e+01 3.700000000000000000e+01 5.275600000000000000e+04 5.223900000000000000e+04 5.451000000000000000e+04 5.157100000000000000e+04 2.294747480598744005e+01 7.460000000000000000e+02
-1.470000000000000000e+02 -5.100000000000000000e+01 4.100000000000000000e+01 5.276400000000000000e+04 5.230500000000000000e+04 5.475600000000000000e+04 5.119700000000000000e+04 2.295753525500185788e+01 7.490000000000000000e+02
-1.180000000000000000e+02 -3.100000000000000000e+01 4.900000000000000000e+01 5.247600000000000000e+04 5.219800000000000000e+04 5.482900000000000000e+04 5.085200000000000000e+04 2.296753687795717269e+01 7.490000000000000000e+02
-1.370000000000000000e+02 2.000000000000000000e+00 5.200000000000000000e+01 5.292200000000000000e+04 5.167600000000000000e+04 5.407300000000000000e+04 5.183800000000000000e+04 2.297777654998935759e+01 7.490000000000000000e+02
-1.520000000000000000e+02 1.900000000000000000e+01 4.100000000000000000e+01 5.284800000000000000e+04 5.133600000000000000e+04 5.449900000000000000e+04 5.173800000000000000e+04 2.298775673494674265e+01 7.490000000000000000e+02
-1.510000000000000000e+02 8.000000000000000000e+00 7.700000000000000000e+01 5.290300000000000000e+04 5.166600000000000000e+04 5.435800000000000000e+04 5.147400000000000000e+04 2.299790473899338394e+01 7.490000000000000000e+02
-1.460000000000000000e+02 1.500000000000000000e+01 6.000000000000000000e+01 5.275400000000000000e+04 5.117100000000000000e+04 5.480900000000000000e+04 5.158000000000000000e+04 2.300761450198478997e+01 7.500000000000000000e+02
-1.890000000000000000e+02 -5.000000000000000000e+00 7.400000000000000000e+01 5.255800000000000000e+04 5.102200000000000000e+04 5.475700000000000000e+04 5.171500000000000000e+04 2.301774164498783648e+01 7.500000000000000000e+02
-1.430000000000000000e+02 5.000000000000000000e+01 6.000000000000000000e+01 5.309300000000000000e+04 5.107700000000000000e+04 5.444400000000000000e+04 5.183400000000000000e+04 2.302792003098875284e+01 7.500000000000000000e+02
-1.460000000000000000e+02 2.500000000000000000e+01 5.000000000000000000e+01 5.297700000000000000e+04 5.104800000000000000e+04 5.471900000000000000e+04 5.174200000000000000e+04 2.303758690098766237e+01 7.500000000000000000e+02
-1.430000000000000000e+02 9.300000000000000000e+01 4.900000000000000000e+01 5.282500000000000000e+04 5.111600000000000000e+04 5.471100000000000000e+04 5.180700000000000000e+04 2.304757828393485397e+01 7.500000000000000000e+02
-1.220000000000000000e+02 6.000000000000000000e+01 3.900000000000000000e+01 5.278100000000000000e+04 5.112400000000000000e+04 5.444700000000000000e+04 5.212000000000000000e+04 2.305772696796339005e+01 7.490000000000000000e+02
-2.060000000000000000e+02 8.800000000000000000e+01 3.400000000000000000e+01 5.249300000000000000e+04 5.010100000000000000e+04 5.468400000000000000e+04 5.288700000000000000e+04 2.306756352295633405e+01 7.490000000000000000e+02
-1.820000000000000000e+02 7.100000000000000000e+01 3.500000000000000000e+01 5.231700000000000000e+04 5.036600000000000000e+04 5.485500000000000000e+04 5.259700000000000000e+04 2.307857022993266582e+01 7.490000000000000000e+02
-2.190000000000000000e+02 -1.000000000000000000e+00 4.600000000000000000e+01 5.234700000000000000e+04 5.012200000000000000e+04 5.512400000000000000e+04 5.246300000000000000e+04 2.308731039392296225e+01 7.490000000000000000e+02
-1.810000000000000000e+02 7.000000000000000000e+00 4.300000000000000000e+01 5.229800000000000000e+04 5.038700000000000000e+04 5.510700000000000000e+04 5.224900000000000000e+04 2.309762220003176481e+01 7.490000000000000000e+02
-1.310000000000000000e+02 -5.100000000000000000e+01 4.700000000000000000e+01 5.234200000000000000e+04 5.065900000000000000e+04 5.508900000000000000e+04 5.193800000000000000e+04 2.310695175197906792e+01 7.470000000000000000e+02
-1.220000000000000000e+02 -4.100000000000000000e+01 3.900000000000000000e+01 5.235500000000000000e+04 5.145200000000000000e+04 5.513200000000000000e+04 5.173300000000000000e+04 2.311770744493696839e+01 7.470000000000000000e+02
-6.300000000000000000e+01 -1.090000000000000000e+02 5.400000000000000000e+01 5.251500000000000000e+04 5.184500000000000000e+04 5.507400000000000000e+04 5.117700000000000000e+04 2.312808482092805207e+01 7.470000000000000000e+02
-3.600000000000000000e+01 -7.400000000000000000e+01 2.700000000000000000e+01 5.293700000000000000e+04 5.204300000000000000e+04 5.490000000000000000e+04 5.106900000000000000e+04 2.313720218802336603e+01 7.470000000000000000e+02
1.400000000000000000e+01 -5.300000000000000000e+01 3.000000000000000000e+01 5.328300000000000000e+04 5.181000000000000000e+04 5.451700000000000000e+04 5.132800000000000000e+04 2.314835983002558351e+01 7.470000000000000000e+02
5.700000000000000000e+01 -3.500000000000000000e+01 3.200000000000000000e+01 5.351800000000000000e+04 5.193600000000000000e+04 5.428800000000000000e+04 5.118800000000000000e+04 2.315749545302242041e+01 7.500000000000000000e+02
5.900000000000000000e+01 3.500000000000000000e+01 2.000000000000000000e+01 5.372400000000000000e+04 5.158400000000000000e+04 5.389900000000000000e+04 5.154500000000000000e+04 2.316750211000908166e+01 7.500000000000000000e+02
6.900000000000000000e+01 -3.000000000000000000e+00 3.000000000000000000e+01 5.352700000000000000e+04 5.141500000000000000e+04 5.417600000000000000e+04 5.157800000000000000e+04 2.317720479902345687e+01 7.500000000000000000e+02
6.900000000000000000e+01 4.400000000000000000e+01 1.300000000000000000e+01 5.332700000000000000e+04 5.096000000000000000e+04 5.411200000000000000e+04 5.193500000000000000e+04 2.318724643392488360e+01 7.500000000000000000e+02
3.200000000000000000e+01 1.500000000000000000e+01 2.600000000000000000e+01 5.315000000000000000e+04 5.123300000000000000e+04 5.423800000000000000e+04 5.164700000000000000e+04 2.319717182894237339e+01 7.500000000000000000e+02
