2.500000000000000000e+01 -1.000000000000000000e+00 -4.100000000000000000e+01 4.907200000000000000e+04 4.669700000000000000e+04 4.966000000000000000e+04 4.717100000000000000e+04 2.030259494495112449e+01 7.690000000000000000e+02
3.000000000000000000e+00 3.500000000000000000e+01 -4.600000000000000000e+01 4.922800000000000000e+04 4.696800000000000000e+04 4.924800000000000000e+04 4.721000000000000000e+04 2.031263553490862250e+01 7.690000000000000000e+02
-1.500000000000000000e+01 -2.500000000000000000e+01 -2.300000000000000000e+01 4.831000000000000000e+04 4.708900000000000000e+04 5.004300000000000000e+04 4.715700000000000000e+04 2.032257520698476583e+01 7.690000000000000000e+02
-4.200000000000000000e+01 1.100000000000000000e+01 -4.900000000000000000e+01 4.845800000000000000e+04 4.668700000000000000e+04 4.965600000000000000e+04 4.700800000000000000e+04 2.033246093697380275e+01 7.720000000000000000e+02
-2.400000000000000000e+01 -4.100000000000000000e+01 -1.900000000000000000e+01 4.844000000000000000e+04 4.728700000000000000e+04 4.958500000000000000e+04 4.649000000000000000e+04 2.034314207895658910e+01 7.720000000000000000e+02
-5.900000000000000000e+01 -1.800000000000000000e+01 -3.700000000000000000e+01 4.822800000000000000e+04 4.676800000000000000e+04 4.982200000000000000e+04 4.697500000000000000e+04 2.035246951400768012e+01 7.720000000000000000e+02
-4.700000000000000000e+01 -7.000000000000000000e+01 -3.800000000000000000e+01 4.827700000000000000e+04 4.715400000000000000e+04 4.965100000000000000e+04 4.669100000000000000e+04 2.036233845690730959e+01 7.720000000000000000e+02
-2.800000000000000000e+01 -4.200000000000000000e+01 -2.100000000000000000e+01 4.830500000000000000e+04 4.690100000000000000e+04 4.967100000000000000e+04 4.693600000000000000e+04 2.037289197300560772e+01 7.720000000000000000e+02
-4.200000000000000000e+01 -6.400000000000000000e+01 -3.900000000000000000e+01 4.822400000000000000e+04 4.709800000000000000e+04 4.976600000000000000e+04 4.674100000000000000e+04 2.038237873499747366e+01 7.670000000000000000e+02
-4.000000000000000000e+01 -5.200000000000000000e+01 -2.600000000000000000e+01 4.824600000000000000e+04 4.750600000000000000e+04 5.001000000000000000e+04 4.688600000000000000e+04 2.039238227996975183e+01 7.670000000000000000e+02
-3.000000000000000000e+00 -1.900000000000000000e+01 -3.400000000000000000e+01 4.848200000000000000e+04 4.710500000000000000e+04 4.976900000000000000e+04 4.728100000000000000e+04 2.040279687393922359e+01 7.670000000000000000e+02
-2.500000000000000000e+01 -5.100000000000000000e+01 -5.100000000000000000e+01 4.869600000000000000e+04 4.769000000000000000e+04 4.963800000000000000e+04 4.696300000000000000e+04 2.041350946994498372e+01 7.670000000000000000e+02
3.000000000000000000e+00 -2.100000000000000000e+01 -3.500000000000000000e+01 4.828700000000000000e+04 4.784900000000000000e+04 4.994000000000000000e+04 4.703900000000000000e+04 2.042294064199086279e+01 7.670000000000000000e+02
-9.000000000000000000e+00 -3.000000000000000000e+01 -4.900000000000000000e+01 4.846100000000000000e+04 4.713900000000000000e+04 4.962800000000000000e+04 4.742000000000000000e+04 2.043287422298453748e+01 7.700000000000000000e+02
-1.500000000000000000e+01 7.000000000000000000e+00 -4.200000000000000000e+01 4.860700000000000000e+04 4.732200000000000000e+04 4.949200000000000000e+04 4.722100000000000000e+04 2.044304239901248366e+01 7.700000000000000000e+02
-6.000000000000000000e+00 2.700000000000000000e+01 -4.000000000000000000e+01 4.858300000000000000e+04 4.690500000000000000e+04 4.950400000000000000e+04 4.767000000000000000e+04 2.045297961495816708e+01 7.700000000000000000e+02
-3.700000000000000000e+01 0.000000000000000000e+00 -4.800000000000000000e+01 4.845800000000000000e+04 4.722300000000000000e+04 4.956600000000000000e+04 4.740600000000000000e+04 2.046279004297684878e+01 7.700000000000000000e+02
-1.600000000000000000e+01 6.300000000000000000e+01 -4.000000000000000000e+01 4.842200000000000000e+04 4.711700000000000000e+04 4.936000000000000000e+04 4.751200000000000000e+04 2.047303775895852596e+01 7.700000000000000000e+02
-7.000000000000000000e+00 1.700000000000000000e+01 -4.400000000000000000e+01 4.857200000000000000e+04 4.698000000000000000e+04 4.942800000000000000e+04 4.770700000000000000e+04 2.048537432390730828e+01 7.700000000000000000e+02
-3.800000000000000000e+01 4.200000000000000000e+01 -4.800000000000000000e+01 4.827900000000000000e+04 4.698200000000000000e+04 4.959200000000000000e+04 4.758700000000000000e+04 2.049250344792380929e+01 7.700000000000000000e+02
-4.300000000000000000e+01 3.100000000000000000e+01 -4.400000000000000000e+01 4.832300000000000000e+04 4.711300000000000000e+04 4.955400000000000000e+04 4.775100000000000000e+04 2.050230390497017652e+01 7.700000000000000000e+02
-1.000000000000000000e+00 4.100000000000000000e+01 -5.000000000000000000e+01 4.877300000000000000e+04 4.739500000000000000e+04 4.903900000000000000e+04 4.755600000000000000e+04 2.051222865795716643e+01 7.700000000000000000e+02
-8.000000000000000000e+00 2.300000000000000000e+01 -3.300000000000000000e+01 4.886400000000000000e+04 4.729800000000000000e+04 4.902500000000000000e+04 4.764100000000000000e+04 2.052292446291539818e+01 7.700000000000000000e+02
-1.400000000000000000e+01 1.000000000000000000e+00 -4.700000000000000000e+01 4.852600000000000000e+04 4.711200000000000000e+04 4.943300000000000000e+04 4.796500000000000000e+04 2.053277301695197821e+01 7.660000000000000000e+02
-5.000000000000000000e+00 -1.000000000000000000e+01 -5.500000000000000000e+01 4.840600000000000000e+04 4.721800000000000000e+04 4.940400000000000000e+04 4.804600000000000000e+04 2.054296175693161786e+01 7.660000000000000000e+02
-1.600000000000000000e+01 -5.600000000000000000e+01 -5.500000000000000000e+01 4.842000000000000000e+04 4.766800000000000000e+04 4.940300000000000000e+04 4.766100000000000000e+04 2.055215707793831825e+01 7.660000000000000000e+02
2.400000000000000000e+01 -3.300000000000000000e+01 -6.200000000000000000e+01 4.837200000000000000e+04 4.794500000000000000e+04 4.931700000000000000e+04 4.754000000000000000e+04 2.056227685895282775e+01 7.660000000000000000e+02
3.300000000000000000e+01 -9.300000000000000000e+01 -6.700000000000000000e+01 4.824000000000000000e+04 4.839400000000000000e+04 4.928400000000000000e+04 4.730700000000000000e+04 2.057276281097438186e+01 7.660000000000000000e+02
1.500000000000000000e+01 -6.400000000000000000e+01 -7.300000000000000000e+01 4.872400000000000000e+04 4.728600000000000000e+04 4.968300000000000000e+04 4.752900000000000000e+04 2.058293401799164712e+01 7.650000000000000000e+02
8.800000000000000000e+01 -7.900000000000000000e+01 -5.300000000000000000e+01 4.851100000000000000e+04 4.873200000000000000e+04 4.909200000000000000e+04 4.729600000000000000e+04 2.059277650492731482e+01 7.650000000000000000e+02
3.100000000000000000e+01 -1.160000000000000000e+02 -5.500000000000000000e+01 4.814400000000000000e+04 4.828300000000000000e+04 4.982100000000000000e+04 4.762900000000000000e+04 2.060238427692092955e+01 7.650000000000000000e+02
2.900000000000000000e+01 -4.100000000000000000e+01 -6.300000000000000000e+01 4.837700000000000000e+04 4.790300000000000000e+04 4.966000000000000000e+04 4.793000000000000000e+04 2.061278891295660287e+01 7.650000000000000000e+02
5.100000000000000000e+01 -1.030000000000000000e+02 -6.400000000000000000e+01 4.835900000000000000e+04 4.859700000000000000e+04 4.945900000000000000e+04 4.747800000000000000e+04 2.062286165100522339e+01 7.650000000000000000e+02
-2.300000000000000000e+01 -2.700000000000000000e+01 -5.600000000000000000e+01 4.786400000000000000e+04 4.780800000000000000e+04 4.968100000000000000e+04 4.793200000000000000e+04 2.063281746394932270e+01 7.690000000000000000e+02
2.300000000000000000e+01 -7.300000000000000000e+01 -5.300000000000000000e+01 4.811300000000000000e+04 4.815400000000000000e+04 4.950400000000000000e+04 4.751100000000000000e+04 2.064239975996315479e+01 7.690000000000000000e+02
1.600000000000000000e+01 9.000000000000000000e+00 -6.000000000000000000e+01 4.833700000000000000e+04 4.789300000000000000e+04 4.909500000000000000e+04 4.770600000000000000e+04 2.065276944497600198e+01 7.690000000000000000e+02
2.100000000000000000e+01 1.200000000000000000e+01 -2.600000000000000000e+01 4.866000000000000000e+04 4.656900000000000000e+04 4.948300000000000000e+04 4.788600000000000000e+04 2.066241140896454453e+01 7.690000000000000000e+02
3.200000000000000000e+01 1.700000000000000000e+01 -2.500000000000000000e+01 4.877300000000000000e+04 4.735600000000000000e+04 4.952300000000000000e+04 4.719700000000000000e+04 2.067278744594659656e+01 7.690000000000000000e+02
4.300000000000000000e+01 3.700000000000000000e+01 -4.800000000000000000e+01 4.894600000000000000e+04 4.668700000000000000e+04 4.919000000000000000e+04 4.768300000000000000e+04 2.068283753492869437e+01 7.670000000000000000e+02
3.600000000000000000e+01 2.500000000000000000e+01 -4.300000000000000000e+01 4.867300000000000000e+04 4.755000000000000000e+04 4.888600000000000000e+04 4.764700000000000000e+04 2.069348513893783092e+01 7.670000000000000000e+02
6.600000000000000000e+01 1.400000000000000000e+01 -3.900000000000000000e+01 4.877700000000000000e+04 4.777000000000000000e+04 4.936500000000000000e+04 4.675300000000000000e+04 2.070237524399999529e+01 7.670000000000000000e+02
5.400000000000000000e+01 -5.000000000000000000e+00 -4.600000000000000000e+01 4.839100000000000000e+04 4.752900000000000000e+04 4.965000000000000000e+04 4.702700000000000000e+04 2.071206500194966793e+01 7.670000000000000000e+02
5.800000000000000000e+01 2.500000000000000000e+01 -3.700000000000000000e+01 4.877100000000000000e+04 4.752400000000000000e+04 4.923200000000000000e+04 4.703500000000000000e+04 2.072263808397110552e+01 7.670000000000000000e+02
8.100000000000000000e+01 -2.900000000000000000e+01 -3.000000000000000000e+01 4.895300000000000000e+04 4.729700000000000000e+04 4.888200000000000000e+04 4.716300000000000000e+04 2.073289872298482805e+01 7.680000000000000000e+02
1.200000000000000000e+01 -8.000000000000000000e+00 -2.800000000000000000e+01 4.838400000000000000e+04 4.759000000000000000e+04 4.881700000000000000e+04 4.726900000000000000e+04 2.074283069593366235e+01 7.680000000000000000e+02
9.000000000000000000e+00 -7.000000000000000000e+00 -3.500000000000000000e+01 4.870800000000000000e+04 4.729900000000000000e+04 4.906500000000000000e+04 4.696300000000000000e+04 2.075276889896485955e+01 7.680000000000000000e+02
9.000000000000000000e+00 -2.000000000000000000e+00 -4.500000000000000000e+01 4.840400000000000000e+04 4.710800000000000000e+04 4.888900000000000000e+04 4.744800000000000000e+04 2.076314805995207280e+01 7.680000000000000000e+02
-2.500000000000000000e+01 1.500000000000000000e+01 -3.900000000000000000e+01 4.839800000000000000e+04 4.685200000000000000e+04 4.927800000000000000e+04 4.748800000000000000e+04 2.077285942400339991e+01 7.680000000000000000e+02
-3.100000000000000000e+01 1.400000000000000000e+01 -3.700000000000000000e+01 4.763400000000000000e+04 4.597200000000000000e+04 4.997200000000000000e+04 4.834000000000000000e+04 2.078288701199926436e+01 7.680000000000000000e+02
-6.500000000000000000e+01 3.300000000000000000e+01 -4.500000000000000000e+01 4.826000000000000000e+04 4.762600000000000000e+04 4.948800000000000000e+04 4.681400000000000000e+04 2.079274394700769335e+01 7.680000000000000000e+02
-5.100000000000000000e+01 2.700000000000000000e+01 -3.300000000000000000e+01 4.751600000000000000e+04 4.584800000000000000e+04 5.012200000000000000e+04 4.854300000000000000e+04 2.080314553901553154e+01 7.680000000000000000e+02
-1.100000000000000000e+01 2.100000000000000000e+01 -4.300000000000000000e+01 4.834000000000000000e+04 4.660200000000000000e+04 4.939200000000000000e+04 4.787400000000000000e+04 2.081361934193409979e+01 7.680000000000000000e+02
2.000000000000000000e+01 4.400000000000000000e+01 -4.000000000000000000e+01 4.842700000000000000e+04 4.671200000000000000e+04 4.925700000000000000e+04 4.778900000000000000e+04 2.082209679391235113e+01 7.680000000000000000e+02
7.300000000000000000e+01 4.000000000000000000e+00 -3.200000000000000000e+01 4.967800000000000000e+04 4.676300000000000000e+04 4.785800000000000000e+04 4.766700000000000000e+04 2.083262936398386955e+01 7.690000000000000000e+02
7.300000000000000000e+01 5.000000000000000000e+00 -3.600000000000000000e+01 4.935800000000000000e+04 4.785400000000000000e+04 4.807500000000000000e+04 4.646300000000000000e+04 2.084456107101868838e+01 7.690000000000000000e+02
1.150000000000000000e+02 1.700000000000000000e+01 -3.200000000000000000e+01 4.783800000000000000e+04 4.675600000000000000e+04 4.956300000000000000e+04 4.760100000000000000e+04 2.085198457795195282e+01 7.690000000000000000e+02
6.300000000000000000e+01 -4.000000000000000000e+01 -2.500000000000000000e+01 4.789300000000000000e+04 4.739200000000000000e+04 4.941400000000000000e+04 4.675900000000000000e+04 2.086226874799467623e+01 7.690000000000000000e+02
7.100000000000000000e+01 2.600000000000000000e+01 -1.800000000000000000e+01 4.896700000000000000e+04 4.784000000000000000e+04 4.849200000000000000e+04 4.642600000000000000e+04 2.087267719593364745e+01 7.690000000000000000e+02
6.100000000000000000e+01 -3.800000000000000000e+01 -3.600000000000000000e+01 4.784400000000000000e+04 4.737500000000000000e+04 4.960800000000000000e+04 4.696200000000000000e+04 2.088254727190360427e+01 7.680000000000000000e+02
2.300000000000000000e+01 2.700000000000000000e+01 -2.300000000000000000e+01 4.827400000000000000e+04 4.756400000000000000e+04 4.923700000000000000e+04 4.687000000000000000e+04 2.089288226701319218e+01 7.680000000000000000e+02
3.000000000000000000e+01 1.100000000000000000e+01 -2.200000000000000000e+01 4.884600000000000000e+04 4.777900000000000000e+04 4.887600000000000000e+04 4.674500000000000000e+04 2.090297042101155967e+01 7.680000000000000000e+02
-3.000000000000000000e+01 5.300000000000000000e+01 -2.000000000000000000e+01 4.815600000000000000e+04 4.720300000000000000e+04 4.958000000000000000e+04 4.733600000000000000e+04 2.091271458298433572e+01 7.680000000000000000e+02
-6.000000000000000000e+00 1.400000000000000000e+01 -6.000000000000000000e+00 4.846500000000000000e+04 4.727900000000000000e+04 4.930600000000000000e+04 4.727700000000000000e+04 2.092335574992466718e+01 7.680000000000000000e+02
-2.400000000000000000e+01 5.200000000000000000e+01 -2.600000000000000000e+01 4.853400000000000000e+04 4.723800000000000000e+04 4.916700000000000000e+04 4.734200000000000000e+04 2.093250435998197645e+01 7.690000000000000000e+02
-6.400000000000000000e+01 3.400000000000000000e+01 -1.400000000000000000e+01 4.781300000000000000e+04 4.692100000000000000e+04 4.987100000000000000e+04 4.764200000000000000e+04 2.094287477701436728e+01 7.690000000000000000e+02
-3.500000000000000000e+01 5.700000000000000000e+01 -9.000000000000000000e+00 4.883100000000000000e+04 4.721800000000000000e+04 4.898500000000000000e+04 4.732600000000000000e+04 2.095194587192963809e+01 7.690000000000000000e+02
-3.400000000000000000e+01 5.900000000000000000e+01 -1.200000000000000000e+01 4.837700000000000000e+04 4.744100000000000000e+04 4.927700000000000000e+04 4.695300000000000000e+04 2.096237186598591506e+01 7.690000000000000000e+02
-2.800000000000000000e+01 4.700000000000000000e+01 -1.500000000000000000e+01 4.856800000000000000e+04 4.696200000000000000e+04 4.906000000000000000e+04 4.750700000000000000e+04 2.097231415100395679e+01 7.690000000000000000e+02
-3.600000000000000000e+01 5.600000000000000000e+01 -7.000000000000000000e+00 4.838700000000000000e+04 4.686100000000000000e+04 4.933100000000000000e+04 4.759200000000000000e+04 2.098259921395219862e+01 7.710000000000000000e+02
-3.200000000000000000e+01 3.500000000000000000e+01 -1.200000000000000000e+01 4.831900000000000000e+04 4.756800000000000000e+04 4.926500000000000000e+04 4.685700000000000000e+04 2.099231524299830198e+01 7.710000000000000000e+02
-2.100000000000000000e+01 2.800000000000000000e+01 -5.000000000000000000e+00 4.838600000000000000e+04 4.721100000000000000e+04 4.923100000000000000e+04 4.717600000000000000e+04 2.100307259894907475e+01 7.710000000000000000e+02
-2.900000000000000000e+01 4.300000000000000000e+01 -9.000000000000000000e+00 4.793400000000000000e+04 4.629700000000000000e+04 4.968300000000000000e+04 4.805300000000000000e+04 2.101616592193022370e+01 7.710000000000000000e+02
-2.000000000000000000e+01 2.200000000000000000e+01 -1.300000000000000000e+01 4.834400000000000000e+04 4.786900000000000000e+04 4.927200000000000000e+04 4.656200000000000000e+04 2.102328143292106688e+01 7.710000000000000000e+02
-1.800000000000000000e+01 3.300000000000000000e+01 -4.000000000000000000e+00 4.835400000000000000e+04 4.729900000000000000e+04 4.932400000000000000e+04 4.713700000000000000e+04 2.103296839597169310e+01 7.680000000000000000e+02
-3.100000000000000000e+01 -7.000000000000000000e+00 -1.600000000000000000e+01 4.838900000000000000e+04 4.747200000000000000e+04 4.925800000000000000e+04 4.703200000000000000e+04 2.104294679500162601e+01 7.680000000000000000e+02
-2.400000000000000000e+01 -2.000000000000000000e+00 7.000000000000000000e+00 4.804100000000000000e+04 4.666100000000000000e+04 4.965900000000000000e+04 4.775700000000000000e+04 2.105202714097686112e+01 7.680000000000000000e+02
-2.600000000000000000e+01 3.100000000000000000e+01 -1.000000000000000000e+00 4.818300000000000000e+04 4.763600000000000000e+04 4.958700000000000000e+04 4.680700000000000000e+04 2.106226492393761873e+01 7.680000000000000000e+02
-9.000000000000000000e+00 2.900000000000000000e+01 -2.000000000000000000e+00 4.872500000000000000e+04 4.838100000000000000e+04 4.910200000000000000e+04 4.605700000000000000e+04 2.107242883590515703e+01 7.680000000000000000e+02
1.300000000000000000e+01 4.600000000000000000e+01 6.000000000000000000e+00 4.913300000000000000e+04 4.541100000000000000e+04 4.886100000000000000e+04 4.912600000000000000e+04 2.108225182199385017e+01 7.680000000000000000e+02
1.600000000000000000e+01 9.000000000000000000e+00 -1.300000000000000000e+01 4.829100000000000000e+04 4.771300000000000000e+04 4.967700000000000000e+04 4.715100000000000000e+04 2.109202030091546476e+01 7.680000000000000000e+02
3.000000000000000000e+00 5.800000000000000000e+01 -1.000000000000000000e+00 4.887400000000000000e+04 4.744100000000000000e+04 4.926500000000000000e+04 4.756700000000000000e+04 2.110183729999698699e+01 7.680000000000000000e+02
6.300000000000000000e+01 -1.000000000000000000e+01 -1.600000000000000000e+01 4.922100000000000000e+04 4.755300000000000000e+04 4.897500000000000000e+04 4.743800000000000000e+04 2.111178104393184185e+01 7.680000000000000000e+02
4.300000000000000000e+01 2.000000000000000000e+01 0.000000000000000000e+00 4.989200000000000000e+04 4.801000000000000000e+04 4.829300000000000000e+04 4.702300000000000000e+04 2.112257058697286993e+01 7.680000000000000000e+02
3.200000000000000000e+01 3.900000000000000000e+01 -5.000000000000000000e+00 4.779800000000000000e+04 4.697000000000000000e+04 5.054800000000000000e+04 4.817900000000000000e+04 2.113261587393935770e+01 7.660000000000000000e+02
4.200000000000000000e+01 -9.000000000000000000e+00 -1.000000000000000000e+01 4.923400000000000000e+04 4.785000000000000000e+04 4.900100000000000000e+04 4.732900000000000000e+04 2.114231976598966867e+01 7.660000000000000000e+02
3.400000000000000000e+01 5.100000000000000000e+01 -9.000000000000000000e+00 5.004700000000000000e+04 4.822600000000000000e+04 4.817500000000000000e+04 4.690700000000000000e+04 2.115304256090894341e+01 7.660000000000000000e+02
-9.000000000000000000e+00 1.800000000000000000e+01 -8.000000000000000000e+00 4.770000000000000000e+04 4.685400000000000000e+04 5.049400000000000000e+04 4.829800000000000000e+04 2.116420415497850627e+01 7.660000000000000000e+02
-4.000000000000000000e+01 4.200000000000000000e+01 -1.000000000000000000e+01 4.888100000000000000e+04 4.726800000000000000e+04 4.940100000000000000e+04 4.798000000000000000e+04 2.117264155996963382e+01 7.660000000000000000e+02
-9.300000000000000000e+01 6.300000000000000000e+01 -6.000000000000000000e+00 4.862800000000000000e+04 4.680500000000000000e+04 4.964900000000000000e+04 4.845500000000000000e+04 2.118281482299789786e+01 7.680000000000000000e+02
-1.100000000000000000e+02 9.400000000000000000e+01 -2.200000000000000000e+01 4.955000000000000000e+04 4.737600000000000000e+04 4.875500000000000000e+04 4.784500000000000000e+04 2.119164573191665113e+01 7.680000000000000000e+02
-1.150000000000000000e+02 9.800000000000000000e+01 -2.000000000000000000e+00 4.817900000000000000e+04 4.682000000000000000e+04 5.001500000000000000e+04 4.847300000000000000e+04 2.120222467300482094e+01 7.680000000000000000e+02
-1.060000000000000000e+02 5.100000000000000000e+01 3.000000000000000000e+00 4.801300000000000000e+04 4.683000000000000000e+04 5.035800000000000000e+04 4.854600000000000000e+04 2.121208333398681134e+01 7.680000000000000000e+02
-1.180000000000000000e+02 2.300000000000000000e+01 -4.000000000000000000e+00 4.887500000000000000e+04 4.706200000000000000e+04 4.946000000000000000e+04 4.818800000000000000e+04 2.122205963300075382e+01 7.680000000000000000e+02
-7.800000000000000000e+01 1.700000000000000000e+01 -4.000000000000000000e+00 4.851100000000000000e+04 4.745200000000000000e+04 4.964000000000000000e+04 4.767800000000000000e+04 2.123209302697796375e+01 7.680000000000000000e+02
-5.300000000000000000e+01 -3.300000000000000000e+01 -1.300000000000000000e+01 4.927200000000000000e+04 4.663300000000000000e+04 4.884200000000000000e+04 4.856500000000000000e+04 2.124288626690395176e+01 7.680000000000000000e+02
-3.700000000000000000e+01 -3.100000000000000000e+01 -6.000000000000000000e+00 4.860300000000000000e+04 4.815600000000000000e+04 4.936900000000000000e+04 4.689300000000000000e+04 2.125203546497505158e+01 7.680000000000000000e+02
5.000000000000000000e+01 -1.210000000000000000e+02 -1.000000000000000000e+01 4.825900000000000000e+04 4.799800000000000000e+04 4.968000000000000000e+04 4.705000000000000000e+04 2.126224162499420345e+01 7.680000000000000000e+02
0.000000000000000000e+00 -6.100000000000000000e+01 -1.500000000000000000e+01 4.854500000000000000e+04 4.766600000000000000e+04 4.933100000000000000e+04 4.741300000000000000e+04 2.127304106601513922e+01 7.680000000000000000e+02
-1.100000000000000000e+01 2.100000000000000000e+01 -1.400000000000000000e+01 4.830500000000000000e+04 4.694900000000000000e+04 4.961300000000000000e+04 4.821000000000000000e+04 2.128194155893288553e+01 7.650000000000000000e+02
-4.600000000000000000e+01 1.010000000000000000e+02 -3.000000000000000000e+01 4.859700000000000000e+04 4.601300000000000000e+04 4.927900000000000000e+04 4.907000000000000000e+04 2.129288364294916391e+01 7.650000000000000000e+02
-7.300000000000000000e+01 1.910000000000000000e+02 -5.700000000000000000e+01 4.923200000000000000e+04 4.586900000000000000e+04 4.844400000000000000e+04 4.932000000000000000e+04 2.130189256800804287e+01 7.650000000000000000e+02
-4.800000000000000000e+01 2.340000000000000000e+02 -5.700000000000000000e+01 4.948900000000000000e+04 4.590900000000000000e+04 4.813300000000000000e+04 4.961800000000000000e+04 2.131216782401315868e+01 7.650000000000000000e+02
-1.600000000000000000e+01 2.470000000000000000e+02 -5.300000000000000000e+01 4.949900000000000000e+04 4.613100000000000000e+04 4.817800000000000000e+04 4.935000000000000000e+04 2.132319071597885340e+01 7.650000000000000000e+02
-3.500000000000000000e+01 1.260000000000000000e+02 -3.100000000000000000e+01 4.955200000000000000e+04 4.721500000000000000e+04 4.963200000000000000e+04 4.975800000000000000e+04 2.133219671691767871e+01 7.480000000000000000e+02
1.000000000000000000e+00 9.300000000000000000e+01 -4.700000000000000000e+01 4.929300000000000000e+04 4.770900000000000000e+04 4.970900000000000000e+04 4.926000000000000000e+04 2.134310156898573041e+01 7.480000000000000000e+02
4.000000000000000000e+00 -5.800000000000000000e+01 -6.300000000000000000e+01 4.986200000000000000e+04 4.823600000000000000e+04 4.931500000000000000e+04 4.912500000000000000e+04 2.135201590892393142e+01 7.480000000000000000e+02
2.000000000000000000e+01 -1.680000000000000000e+02 -5.300000000000000000e+01 4.783300000000000000e+04 4.950900000000000000e+04 5.112300000000000000e+04 4.776800000000000000e+04 2.136303382401820272e+01 7.480000000000000000e+02
1.040000000000000000e+02 -2.900000000000000000e+02 -3.400000000000000000e+01 4.859000000000000000e+04 4.947300000000000000e+04 5.049700000000000000e+04 4.768500000000000000e+04 2.137207057198975235e+01 7.480000000000000000e+02
8.500000000000000000e+01 -2.920000000000000000e+02 -2.600000000000000000e+01 4.866500000000000000e+04 4.925000000000000000e+04 5.052700000000000000e+04 4.803200000000000000e+04 2.138270095700863749e+01 0.000000000000000000e+00
8.100000000000000000e+01 -2.280000000000000000e+02 -4.600000000000000000e+01 5.144000000000000000e+04 4.736200000000000000e+04 4.807000000000000000e+04 5.026700000000000000e+04 2.139165617397520691e+01 0.000000000000000000e+00
5.800000000000000000e+01 -2.790000000000000000e+02 -3.300000000000000000e+01 4.948900000000000000e+04 5.010000000000000000e+04 5.031700000000000000e+04 4.763100000000000000e+04 2.140351075597573072e+01 0.000000000000000000e+00
-2.000000000000000000e+00 -1.670000000000000000e+02 -3.200000000000000000e+01 4.938600000000000000e+04 4.893800000000000000e+04 5.053300000000000000e+04 4.905700000000000000e+04 2.141212125192396343e+01 0.000000000000000000e+00
-5.000000000000000000e+01 -1.450000000000000000e+02 -1.600000000000000000e+01 4.931900000000000000e+04 4.830200000000000000e+04 5.056900000000000000e+04 4.961200000000000000e+04 2.142284355091396719e+01 0.000000000000000000e+00
-7.800000000000000000e+01 2.000000000000000000e+01 -3.600000000000000000e+01 4.949400000000000000e+04 4.777000000000000000e+04 5.034300000000000000e+04 5.005800000000000000e+04 2.143184363993350416e+01 0.000000000000000000e+00
-1.250000000000000000e+02 -1.100000000000000000e+01 -3.700000000000000000e+01 4.937100000000000000e+04 4.813300000000000000e+04 5.025900000000000000e+04 4.974100000000000000e+04 2.144178119499702007e+01 0.000000000000000000e+00
-3.200000000000000000e+01 9.500000000000000000e+01 -2.400000000000000000e+01 4.992300000000000000e+04 4.774000000000000000e+04 4.952800000000000000e+04 4.986600000000000000e+04 2.145230166194960475e+01 0.000000000000000000e+00
1.400000000000000000e+01 8.300000000000000000e+01 -2.800000000000000000e+01 4.996900000000000000e+04 4.752100000000000000e+04 4.939700000000000000e+04 4.997100000000000000e+04 2.146250769996549934e+01 0.000000000000000000e+00
7.100000000000000000e+01 1.820000000000000000e+02 -1.600000000000000000e+01 5.041400000000000000e+04 4.730500000000000000e+04 4.885900000000000000e+04 5.003100000000000000e+04 2.147221086500212550e+01 0.000000000000000000e+00
1.880000000000000000e+02 1.880000000000000000e+02 -4.100000000000000000e+01 5.012200000000000000e+04 4.725900000000000000e+04 4.901800000000000000e+04 5.005000000000000000e+04 2.148220500897150487e+01 7.000000000000000000e+00
1.960000000000000000e+02 1.160000000000000000e+02 -4.000000000000000000e+01 4.960300000000000000e+04 4.800800000000000000e+04 4.884700000000000000e+04 4.867700000000000000e+04 2.149368813098408282e+01 7.000000000000000000e+00
2.630000000000000000e+02 3.200000000000000000e+01 -2.200000000000000000e+01 4.969900000000000000e+04 4.785700000000000000e+04 4.865100000000000000e+04 4.866000000000000000e+04 2.150256689998786896e+01 7.000000000000000000e+00
2.630000000000000000e+02 -1.000000000000000000e+00 -7.000000000000000000e+00 4.964500000000000000e+04 4.823100000000000000e+04 4.846700000000000000e+04 4.800100000000000000e+04 2.151250471198000014e+01 7.000000000000000000e+00
2.200000000000000000e+02 -4.600000000000000000e+01 -9.000000000000000000e+00 4.947400000000000000e+04 4.836700000000000000e+04 4.847900000000000000e+04 4.779900000000000000e+04 2.152168892300687730e+01 7.000000000000000000e+00
1.790000000000000000e+02 -1.980000000000000000e+02 -3.000000000000000000e+00 4.868300000000000000e+04 4.885100000000000000e+04 4.910100000000000000e+04 4.696300000000000000e+04 2.153235421900171787e+01 1.400000000000000000e+01
9.200000000000000000e+01 -2.680000000000000000e+02 1.600000000000000000e+01 4.753100000000000000e+04 4.889600000000000000e+04 4.946800000000000000e+04 4.547300000000000000e+04 2.154300723294727504e+01 1.400000000000000000e+01
2.800000000000000000e+01 -2.500000000000000000e+02 2.000000000000000000e+01 4.736000000000000000e+04 4.775700000000000000e+04 4.934600000000000000e+04 4.651900000000000000e+04 2.155197608994785696e+01 1.400000000000000000e+01
-2.700000000000000000e+01 -1.720000000000000000e+02 2.200000000000000000e+01 4.671800000000000000e+04 4.698900000000000000e+04 4.960400000000000000e+04 4.685400000000000000e+04 2.156172604195307940e+01 1.400000000000000000e+01
-1.220000000000000000e+02 -1.490000000000000000e+02 1.000000000000000000e+01 4.680800000000000000e+04 4.646600000000000000e+04 4.943300000000000000e+04 4.730100000000000000e+04 2.157143149501644075e+01 1.400000000000000000e+01
-1.830000000000000000e+02 6.800000000000000000e+01 3.500000000000000000e+01 4.729000000000000000e+04 4.538700000000000000e+04 4.894800000000000000e+04 4.816200000000000000e+04 2.158221693092491478e+01 2.200000000000000000e+01
-1.900000000000000000e+02 1.690000000000000000e+02 2.700000000000000000e+01 4.723400000000000000e+04 4.364500000000000000e+04 4.795100000000000000e+04 4.842800000000000000e+04 2.159197898895945400e+01 2.200000000000000000e+01
-1.690000000000000000e+02 3.480000000000000000e+02 2.600000000000000000e+01 4.772000000000000000e+04 4.365800000000000000e+04 4.737500000000000000e+04 4.828400000000000000e+04 2.160194424400106072e+01 2.200000000000000000e+01
-5.400000000000000000e+01 3.830000000000000000e+02 3.000000000000000000e+01 4.845300000000000000e+04 4.366100000000000000e+04 4.632200000000000000e+04 4.807300000000000000e+04 2.161187303299084306e+01 2.200000000000000000e+01
1.800000000000000000e+01 3.750000000000000000e+02 2.100000000000000000e+01 4.847400000000000000e+04 4.426100000000000000e+04 4.616400000000000000e+04 4.755400000000000000e+04 2.162153062201105058e+01 2.200000000000000000e+01
1.230000000000000000e+02 3.090000000000000000e+02 2.500000000000000000e+01 4.909900000000000000e+04 4.524500000000000000e+04 4.517300000000000000e+04 4.648300000000000000e+04 2.163270711200311780e+01 2.900000000000000000e+01
1.590000000000000000e+02 2.120000000000000000e+02 8.000000000000000000e+00 4.853300000000000000e+04 4.476600000000000000e+04 4.473800000000000000e+04 4.599200000000000000e+04 2.164160627301316708e+01 2.900000000000000000e+01
1.130000000000000000e+02 8.100000000000000000e+01 -6.000000000000000000e+00 4.769200000000000000e+04 4.511500000000000000e+04 4.530200000000000000e+04 4.534800000000000000e+04 2.165249262901488692e+01 2.900000000000000000e+01
5.800000000000000000e+01 -6.200000000000000000e+01 5.000000000000000000e+00 4.720800000000000000e+04 4.638700000000000000e+04 4.576200000000000000e+04 4.395500000000000000e+04 2.166511695401277393e+01 2.900000000000000000e+01
-1.300000000000000000e+01 -2.690000000000000000e+02 7.000000000000000000e+00 4.630700000000000000e+04 4.742700000000000000e+04 4.669300000000000000e+04 4.268300000000000000e+04 2.167296524997800589e+01 2.900000000000000000e+01
-1.770000000000000000e+02 -3.500000000000000000e+02 2.000000000000000000e+01 4.515000000000000000e+04 4.652300000000000000e+04 4.791400000000000000e+04 4.359500000000000000e+04 2.168147284793667495e+01 3.600000000000000000e+01
-2.760000000000000000e+02 -3.600000000000000000e+02 2.000000000000000000e+01 4.379800000000000000e+04 4.588400000000000000e+04 4.845000000000000000e+04 4.352500000000000000e+04 2.169163399701938033e+01 3.600000000000000000e+01
-3.750000000000000000e+02 -3.540000000000000000e+02 1.600000000000000000e+01 4.370200000000000000e+04 4.537200000000000000e+04 4.853800000000000000e+04 4.406600000000000000e+04 2.170162870700005442e+01 3.600000000000000000e+01
-4.550000000000000000e+02 -2.700000000000000000e+02 2.300000000000000000e+01 4.375700000000000000e+04 4.436400000000000000e+04 4.853100000000000000e+04 4.515400000000000000e+04 2.171208110300358385e+01 3.600000000000000000e+01
-4.920000000000000000e+02 -1.820000000000000000e+02 4.000000000000000000e+00 4.352100000000000000e+04 4.420000000000000000e+04 4.870200000000000000e+04 4.540000000000000000e+04 2.172162579291034490e+01 3.600000000000000000e+01
-5.180000000000000000e+02 -6.100000000000000000e+01 1.000000000000000000e+01 4.374300000000000000e+04 4.333800000000000000e+04 4.852200000000000000e+04 4.631800000000000000e+04 2.173423756693955511e+01 4.100000000000000000e+01
-4.650000000000000000e+02 6.100000000000000000e+01 -1.000000000000000000e+01 4.498100000000000000e+04 4.294900000000000000e+04 4.716200000000000000e+04 4.644600000000000000e+04 2.174157412792555988e+01 4.100000000000000000e+01
-3.420000000000000000e+02 1.610000000000000000e+02 3.000000000000000000e+00 4.593300000000000000e+04 4.318100000000000000e+04 4.617100000000000000e+04 4.619300000000000000e+04 2.175226441794075072e+01 4.100000000000000000e+01
-2.020000000000000000e+02 1.720000000000000000e+02 -9.000000000000000000e+00 4.641200000000000000e+04 4.428800000000000000e+04 4.572100000000000000e+04 4.522700000000000000e+04 2.176225174590945244e+01 4.100000000000000000e+01
-6.300000000000000000e+01 1.530000000000000000e+02 -1.700000000000000000e+01 4.670000000000000000e+04 4.466000000000000000e+04 4.540900000000000000e+04 4.501300000000000000e+04 2.177339042897801846e+01 4.100000000000000000e+01
3.700000000000000000e+01 8.800000000000000000e+01 -1.700000000000000000e+01 4.656700000000000000e+04 4.528600000000000000e+04 4.557800000000000000e+04 4.450500000000000000e+04 2.178190044197253883e+01 4.600000000000000000e+01
1.230000000000000000e+02 2.000000000000000000e+01 -1.200000000000000000e+01 4.644400000000000000e+04 4.611300000000000000e+04 4.557700000000000000e+04 4.355500000000000000e+04 2.179146402794867754e+01 4.600000000000000000e+01
1.150000000000000000e+02 -3.000000000000000000e+00 0.000000000000000000e+00 4.625900000000000000e+04 4.581500000000000000e+04 4.597200000000000000e+04 4.379900000000000000e+04 2.180236125993542373e+01 4.600000000000000000e+01
3.700000000000000000e+01 6.000000000000000000e+00 -1.400000000000000000e+01 4.574700000000000000e+04 4.478600000000000000e+04 4.655400000000000000e+04 4.492300000000000000e+04 2.181164154992438853e+01 4.600000000000000000e+01
-1.900000000000000000e+01 5.300000000000000000e+01 -2.600000000000000000e+01 4.591500000000000000e+04 4.443600000000000000e+04 4.639300000000000000e+04 4.546300000000000000e+04 2.182170642900746316e+01 4.600000000000000000e+01
-4.800000000000000000e+01 5.900000000000000000e+01 -4.200000000000000000e+01 4.588500000000000000e+04 4.468500000000000000e+04 4.630100000000000000e+04 4.566400000000000000e+04 2.183542184496764094e+01 4.600000000000000000e+01
-9.900000000000000000e+01 1.050000000000000000e+02 -3.800000000000000000e+01 4.575800000000000000e+04 4.416600000000000000e+04 4.674000000000000000e+04 4.646100000000000000e+04 2.184207727899774909e+01 4.600000000000000000e+01
-8.300000000000000000e+01 1.390000000000000000e+02 -3.000000000000000000e+01 4.636800000000000000e+04 4.442400000000000000e+04 4.636100000000000000e+04 4.634300000000000000e+04 2.185261275491211563e+01 4.600000000000000000e+01
-1.000000000000000000e+00 2.020000000000000000e+02 -3.600000000000000000e+01 4.735900000000000000e+04 4.466000000000000000e+04 4.546300000000000000e+04 4.635000000000000000e+04 2.186351953400298953e+01 4.600000000000000000e+01
4.000000000000000000e+01 2.130000000000000000e+02 -2.100000000000000000e+01 4.716500000000000000e+04 4.476800000000000000e+04 4.592100000000000000e+04 4.656100000000000000e+04 2.187641100294422358e+01 4.600000000000000000e+01
5.400000000000000000e+01 1.000000000000000000e+02 -1.500000000000000000e+01 4.737800000000000000e+04 4.570100000000000000e+04 4.612600000000000000e+04 4.579100000000000000e+04 2.188236129493452609e+01 4.900000000000000000e+01
8.000000000000000000e+01 -6.000000000000000000e+00 -2.100000000000000000e+01 4.627100000000000000e+04 4.638500000000000000e+04 4.729000000000000000e+04 4.529100000000000000e+04 2.189152725401800126e+01 4.900000000000000000e+01
1.140000000000000000e+02 -1.150000000000000000e+02 -1.500000000000000000e+01 4.624400000000000000e+04 4.717300000000000000e+04 4.750400000000000000e+04 4.450300000000000000e+04 2.190536073700059205e+01 4.900000000000000000e+01
1.060000000000000000e+02 -1.500000000000000000e+02 9.000000000000000000e+00 4.619900000000000000e+04 4.721500000000000000e+04 4.791700000000000000e+04 4.463100000000000000e+04 2.191122136497870088e+01 4.900000000000000000e+01
5.800000000000000000e+01 -1.350000000000000000e+02 5.000000000000000000e+00 4.656400000000000000e+04 4.652600000000000000e+04 4.773000000000000000e+04 4.545300000000000000e+04 2.192336530995089561e+01 4.900000000000000000e+01
-8.500000000000000000e+01 -1.150000000000000000e+02 -2.000000000000000000e+01 4.537700000000000000e+04 4.574000000000000000e+04 4.876200000000000000e+04 4.649300000000000000e+04 2.193245961400680244e+01 4.500000000000000000e+01
-1.810000000000000000e+02 -3.400000000000000000e+01 -2.100000000000000000e+01 4.570100000000000000e+04 4.502200000000000000e+04 4.886100000000000000e+04 4.773300000000000000e+04 2.194169783999677747e+01 4.500000000000000000e+01
-2.600000000000000000e+02 1.900000000000000000e+01 -2.100000000000000000e+01 4.578000000000000000e+04 4.499800000000000000e+04 4.894400000000000000e+04 4.790300000000000000e+04 2.195453084597829729e+01 4.500000000000000000e+01
-2.680000000000000000e+02 2.600000000000000000e+01 -2.100000000000000000e+01 4.564500000000000000e+04 4.490600000000000000e+04 4.910500000000000000e+04 4.820000000000000000e+04 2.196216907398775220e+01 4.500000000000000000e+01
-2.350000000000000000e+02 4.100000000000000000e+01 -2.400000000000000000e+01 4.551800000000000000e+04 4.524300000000000000e+04 4.944800000000000000e+04 4.813300000000000000e+04 2.197319751593749970e+01 4.500000000000000000e+01
-1.250000000000000000e+02 -3.000000000000000000e+00 -2.400000000000000000e+01 4.618700000000000000e+04 4.628700000000000000e+04 4.889500000000000000e+04 4.729900000000000000e+04 2.198180865496397018e+01 4.400000000000000000e+01
1.400000000000000000e+01 2.300000000000000000e+01 -2.500000000000000000e+01 4.721700000000000000e+04 4.685600000000000000e+04 4.823300000000000000e+04 4.720100000000000000e+04 2.199391658999957144e+01 4.400000000000000000e+01
1.650000000000000000e+02 7.000000000000000000e+00 -2.000000000000000000e+01 4.765400000000000000e+04 4.761500000000000000e+04 4.809700000000000000e+04 4.653100000000000000e+04 2.200167368899565190e+01 4.400000000000000000e+01
2.930000000000000000e+02 9.100000000000000000e+01 -1.600000000000000000e+01 4.876500000000000000e+04 4.756400000000000000e+04 4.698700000000000000e+04 4.667100000000000000e+04 2.201657858490943909e+01 4.400000000000000000e+01
3.590000000000000000e+02 1.450000000000000000e+02 -2.700000000000000000e+01 4.935400000000000000e+04 4.742300000000000000e+04 4.628700000000000000e+04 4.697900000000000000e+04 2.202171152899973094e+01 4.400000000000000000e+01
3.950000000000000000e+02 1.630000000000000000e+02 -1.500000000000000000e+01 4.903400000000000000e+04 4.819300000000000000e+04 4.680400000000000000e+04 4.615800000000000000e+04 2.203530235495418310e+01 3.900000000000000000e+01
3.550000000000000000e+02 1.220000000000000000e+02 -1.100000000000000000e+01 4.864600000000000000e+04 4.786800000000000000e+04 4.769300000000000000e+04 4.690500000000000000e+04 2.204209219198673964e+01 3.900000000000000000e+01
2.660000000000000000e+02 7.100000000000000000e+01 -1.900000000000000000e+01 4.837300000000000000e+04 4.826400000000000000e+04 4.802100000000000000e+04 4.649300000000000000e+04 2.205468173394910991e+01 3.900000000000000000e+01
2.130000000000000000e+02 -6.200000000000000000e+01 -2.800000000000000000e+01 4.776100000000000000e+04 4.830500000000000000e+04 4.849900000000000000e+04 4.663000000000000000e+04 2.206262836500536650e+01 3.900000000000000000e+01
7.600000000000000000e+01 -5.100000000000000000e+01 -2.100000000000000000e+01 4.708000000000000000e+04 4.706000000000000000e+04 4.911000000000000000e+04 4.799200000000000000e+04 2.207267298293299973e+01 3.900000000000000000e+01
-6.700000000000000000e+01 -1.900000000000000000e+01 -2.500000000000000000e+01 4.666500000000000000e+04 4.681200000000000000e+04 4.954700000000000000e+04 4.816100000000000000e+04 2.208186544396448880e+01 3.400000000000000000e+01
-1.350000000000000000e+02 -3.800000000000000000e+01 -2.100000000000000000e+01 4.662700000000000000e+04 4.694300000000000000e+04 4.995300000000000000e+04 4.837200000000000000e+04 2.209164753393270075e+01 3.400000000000000000e+01
-1.730000000000000000e+02 1.500000000000000000e+01 -3.100000000000000000e+01 4.680100000000000000e+04 4.672000000000000000e+04 4.979000000000000000e+04 4.886400000000000000e+04 2.210152320901397616e+01 3.400000000000000000e+01
-1.190000000000000000e+02 1.800000000000000000e+01 -4.400000000000000000e+01 4.717900000000000000e+04 4.697500000000000000e+04 4.949600000000000000e+04 4.889500000000000000e+04 2.211112191493157297e+01 3.400000000000000000e+01
1.700000000000000000e+01 7.000000000000000000e+01 -5.900000000000000000e+01 4.818500000000000000e+04 4.829200000000000000e+04 4.828600000000000000e+04 4.754200000000000000e+04 2.212148443493060768e+01 3.400000000000000000e+01
9.600000000000000000e+01 -1.100000000000000000e+01 -8.100000000000000000e+01 4.778900000000000000e+04 4.849200000000000000e+04 4.846100000000000000e+04 4.750700000000000000e+04 2.213145829597488046e+01 3.000000000000000000e+01
1.460000000000000000e+02 9.200000000000000000e+01 -8.900000000000000000e+01 4.844700000000000000e+04 4.825400000000000000e+04 4.793500000000000000e+04 4.823800000000000000e+04 2.214115616097114980e+01 3.000000000000000000e+01
1.520000000000000000e+02 7.900000000000000000e+01 -1.060000000000000000e+02 4.835300000000000000e+04 4.831500000000000000e+04 4.779700000000000000e+04 4.830500000000000000e+04 2.215123648801818490e+01 3.000000000000000000e+01
8.500000000000000000e+01 2.010000000000000000e+02 -1.200000000000000000e+02 4.833600000000000000e+04 4.750800000000000000e+04 4.762100000000000000e+04 4.917300000000000000e+04 2.216144719300791621e+01 3.000000000000000000e+01
6.400000000000000000e+01 1.470000000000000000e+02 -1.220000000000000000e+02 4.790700000000000000e+04 4.768000000000000000e+04 4.786300000000000000e+04 4.906200000000000000e+04 2.217122466501314193e+01 3.000000000000000000e+01
-4.300000000000000000e+01 1.820000000000000000e+02 -1.170000000000000000e+02 4.716800000000000000e+04 4.694800000000000000e+04 4.841600000000000000e+04 4.974000000000000000e+04 2.218109348393045366e+01 2.700000000000000000e+01
-9.800000000000000000e+01 8.500000000000000000e+01 -1.180000000000000000e+02 4.713700000000000000e+04 4.718600000000000000e+04 4.861100000000000000e+04 4.969500000000000000e+04 2.219152811099775136e+01 2.700000000000000000e+01
-2.400000000000000000e+01 1.050000000000000000e+02 -1.320000000000000000e+02 4.708700000000000000e+04 4.761300000000000000e+04 4.840400000000000000e+04 4.937800000000000000e+04 2.220264670893084258e+01 2.700000000000000000e+01
4.900000000000000000e+01 1.200000000000000000e+01 -1.330000000000000000e+02 4.722800000000000000e+04 4.823900000000000000e+04 4.822600000000000000e+04 4.893400000000000000e+04 2.221143926994409412e+01 2.700000000000000000e+01
1.010000000000000000e+02 -2.100000000000000000e+01 -1.400000000000000000e+02 4.719900000000000000e+04 4.864700000000000000e+04 4.795900000000000000e+04 4.835900000000000000e+04 2.222294919099658728e+01 2.700000000000000000e+01
9.900000000000000000e+01 2.000000000000000000e+00 -1.140000000000000000e+02 4.691300000000000000e+04 4.861800000000000000e+04 4.807000000000000000e+04 4.830600000000000000e+04 2.223092131793964654e+01 2.500000000000000000e+01
1.430000000000000000e+02 -3.200000000000000000e+01 -1.080000000000000000e+02 4.766300000000000000e+04 4.873800000000000000e+04 4.727000000000000000e+04 4.797700000000000000e+04 2.224203197495080531e+01 2.500000000000000000e+01
1.300000000000000000e+02 -1.100000000000000000e+01 -1.060000000000000000e+02 4.750900000000000000e+04 4.861300000000000000e+04 4.730300000000000000e+04 4.793600000000000000e+04 2.225452678801957518e+01 2.500000000000000000e+01
1.390000000000000000e+02 -6.300000000000000000e+01 -1.070000000000000000e+02 4.733100000000000000e+04 4.862900000000000000e+04 4.724900000000000000e+04 4.788700000000000000e+04 2.226210109691601247e+01 2.500000000000000000e+01
6.400000000000000000e+01 4.000000000000000000e+00 -1.210000000000000000e+02 4.687500000000000000e+04 4.791200000000000000e+04 4.727600000000000000e+04 4.853000000000000000e+04 2.227129527600482106e+01 2.500000000000000000e+01
2.900000000000000000e+01 -2.000000000000000000e+00 -1.210000000000000000e+02 4.710000000000000000e+04 4.819900000000000000e+04 4.697400000000000000e+04 4.838100000000000000e+04 2.228170733398292214e+01 2.400000000000000000e+01
-2.300000000000000000e+01 4.800000000000000000e+01 -1.020000000000000000e+02 4.654700000000000000e+04 4.735800000000000000e+04 4.748800000000000000e+04 4.913600000000000000e+04 2.229326308192685246e+01 2.400000000000000000e+01
-4.700000000000000000e+01 1.100000000000000000e+02 -1.060000000000000000e+02 4.704500000000000000e+04 4.667100000000000000e+04 4.689200000000000000e+04 4.966000000000000000e+04 2.230198657698929310e+01 2.400000000000000000e+01
-1.130000000000000000e+02 1.730000000000000000e+02 -9.500000000000000000e+01 4.701600000000000000e+04 4.600000000000000000e+04 4.676900000000000000e+04 5.011400000000000000e+04 2.231165304500609636e+01 2.400000000000000000e+01
-1.360000000000000000e+02 1.300000000000000000e+02 -9.400000000000000000e+01 4.614500000000000000e+04 4.644600000000000000e+04 4.747300000000000000e+04 4.964500000000000000e+04 2.232159885694272816e+01 2.400000000000000000e+01
-1.150000000000000000e+02 8.400000000000000000e+01 -9.200000000000000000e+01 4.627300000000000000e+04 4.691000000000000000e+04 4.706800000000000000e+04 4.908000000000000000e+04 2.233317220397293568e+01 2.500000000000000000e+01
0.000000000000000000e+00 -4.000000000000000000e+00 -8.300000000000000000e+01 4.624500000000000000e+04 4.793100000000000000e+04 4.682600000000000000e+04 4.782900000000000000e+04 2.234120882500428706e+01 2.500000000000000000e+01
9.300000000000000000e+01 -1.350000000000000000e+02 -6.700000000000000000e+01 4.626800000000000000e+04 4.814400000000000000e+04 4.677600000000000000e+04 4.743500000000000000e+04 2.235087155899964273e+01 2.500000000000000000e+01
1.680000000000000000e+02 -1.510000000000000000e+02 -4.800000000000000000e+01 4.628600000000000000e+04 4.866500000000000000e+04 4.666800000000000000e+04 4.669700000000000000e+04 2.236173576698638499e+01 2.500000000000000000e+01
1.910000000000000000e+02 -2.080000000000000000e+02 -6.700000000000000000e+01 4.618500000000000000e+04 4.859900000000000000e+04 4.665400000000000000e+04 4.661500000000000000e+04 2.237173065496608615e+01 2.500000000000000000e+01
2.020000000000000000e+02 -1.660000000000000000e+02 -3.300000000000000000e+01 4.601000000000000000e+04 4.885700000000000000e+04 4.670500000000000000e+04 4.622700000000000000e+04 2.238105194596573710e+01 2.400000000000000000e+01
2.150000000000000000e+02 -2.040000000000000000e+02 -3.700000000000000000e+01 4.621200000000000000e+04 4.845800000000000000e+04 4.669400000000000000e+04 4.654500000000000000e+04 2.239264014200307429e+01 2.400000000000000000e+01
1.880000000000000000e+02 -6.200000000000000000e+01 -8.000000000000000000e+00 4.697000000000000000e+04 4.835600000000000000e+04 4.587700000000000000e+04 4.646500000000000000e+04 2.240079471399076283e+01 2.400000000000000000e+01
1.300000000000000000e+02 -5.300000000000000000e+01 -1.000000000000000000e+01 4.677400000000000000e+04 4.793500000000000000e+04 4.617900000000000000e+04 4.690100000000000000e+04 2.241104435198940337e+01 2.400000000000000000e+01
-2.300000000000000000e+01 6.900000000000000000e+01 2.000000000000000000e+00 4.589000000000000000e+04 4.666300000000000000e+04 4.683100000000000000e+04 4.795800000000000000e+04 2.242160498397424817e+01 2.400000000000000000e+01
-1.470000000000000000e+02 9.400000000000000000e+01 -1.100000000000000000e+01 4.565000000000000000e+04 4.550900000000000000e+04 4.689700000000000000e+04 4.877200000000000000e+04 2.243134863197337836e+01 3.000000000000000000e+01
-2.380000000000000000e+02 2.240000000000000000e+02 -1.700000000000000000e+01 4.548000000000000000e+04 4.479900000000000000e+04 4.657000000000000000e+04 4.912200000000000000e+04 2.244131966901477426e+01 3.000000000000000000e+01
-2.950000000000000000e+02 1.660000000000000000e+02 -3.700000000000000000e+01 4.512200000000000000e+04 4.447900000000000000e+04 4.682200000000000000e+04 4.944500000000000000e+04 2.245142045198008418e+01 3.000000000000000000e+01
-2.700000000000000000e+02 1.390000000000000000e+02 -3.000000000000000000e+01 4.501800000000000000e+04 4.487000000000000000e+04 4.663200000000000000e+04 4.909300000000000000e+04 2.246158665791153908e+01 3.000000000000000000e+01
-1.960000000000000000e+02 5.500000000000000000e+01 -4.500000000000000000e+01 4.473200000000000000e+04 4.543100000000000000e+04 4.695000000000000000e+04 4.875300000000000000e+04 2.247121509001590312e+01 3.000000000000000000e+01
-8.300000000000000000e+01 -2.800000000000000000e+01 -2.800000000000000000e+01 4.528400000000000000e+04 4.638200000000000000e+04 4.641500000000000000e+04 4.788700000000000000e+04 2.248333172791171819e+01 2.900000000000000000e+01
5.700000000000000000e+01 -1.130000000000000000e+02 -9.000000000000000000e+00 4.496200000000000000e+04 4.765100000000000000e+04 4.692500000000000000e+04 4.650300000000000000e+04 2.249279613501857966e+01 2.900000000000000000e+01
2.350000000000000000e+02 -2.380000000000000000e+02 -1.100000000000000000e+01 4.534100000000000000e+04 4.885100000000000000e+04 4.662400000000000000e+04 4.512700000000000000e+04 2.250097006699070334e+01 2.900000000000000000e+01
3.560000000000000000e+02 -2.510000000000000000e+02 -2.000000000000000000e+00 4.593800000000000000e+04 4.942200000000000000e+04 4.601100000000000000e+04 4.441200000000000000e+04 2.251129196595866233e+01 2.900000000000000000e+01
4.120000000000000000e+02 -2.580000000000000000e+02 -2.100000000000000000e+01 4.649400000000000000e+04 4.949200000000000000e+04 4.538400000000000000e+04 4.434000000000000000e+04 2.252158979699015617e+01 2.900000000000000000e+01
3.960000000000000000e+02 -1.510000000000000000e+02 -2.400000000000000000e+01 4.646700000000000000e+04 4.928200000000000000e+04 4.521100000000000000e+04 4.478100000000000000e+04 2.253169192792847753e+01 3.600000000000000000e+01
2.900000000000000000e+02 -1.330000000000000000e+02 -2.900000000000000000e+01 4.552900000000000000e+04 4.855100000000000000e+04 4.561600000000000000e+04 4.525300000000000000e+04 2.254086337494663894e+01 3.600000000000000000e+01
1.790000000000000000e+02 -3.000000000000000000e+01 -2.000000000000000000e+00 4.597800000000000000e+04 4.775200000000000000e+04 4.513800000000000000e+04 4.595000000000000000e+04 2.255181782692670822e+01 3.600000000000000000e+01
9.900000000000000000e+01 -4.700000000000000000e+01 1.500000000000000000e+01 4.541300000000000000e+04 4.800100000000000000e+04 4.596200000000000000e+04 4.548600000000000000e+04 2.256090444594155997e+01 3.600000000000000000e+01
-4.100000000000000000e+01 7.000000000000000000e+01 3.500000000000000000e+01 4.590500000000000000e+04 4.647900000000000000e+04 4.569800000000000000e+04 4.703700000000000000e+04 2.257100678991992027e+01 3.600000000000000000e+01
-1.710000000000000000e+02 1.890000000000000000e+02 4.100000000000000000e+01 4.574600000000000000e+04 4.531600000000000000e+04 4.605700000000000000e+04 4.809500000000000000e+04 2.258132474101148546e+01 3.800000000000000000e+01
-2.710000000000000000e+02 2.510000000000000000e+02 4.800000000000000000e+01 4.546300000000000000e+04 4.406400000000000000e+04 4.635100000000000000e+04 4.892300000000000000e+04 2.259140984399709851e+01 3.800000000000000000e+01
-2.970000000000000000e+02 2.630000000000000000e+02 6.600000000000000000e+01 4.539500000000000000e+04 4.437200000000000000e+04 4.662600000000000000e+04 4.866500000000000000e+04 2.260103107499890029e+01 3.800000000000000000e+01
-3.250000000000000000e+02 1.670000000000000000e+02 7.500000000000000000e+01 4.490300000000000000e+04 4.472600000000000000e+04 4.732000000000000000e+04 4.829100000000000000e+04 2.261216776596847922e+01 3.800000000000000000e+01
-2.840000000000000000e+02 8.000000000000000000e+01 9.500000000000000000e+01 4.512400000000000000e+04 4.583100000000000000e+04 4.731300000000000000e+04 4.720600000000000000e+04 2.262141814792994410e+01 3.800000000000000000e+01
-2.400000000000000000e+02 -1.600000000000000000e+01 1.090000000000000000e+02 4.415200000000000000e+04 4.614600000000000000e+04 4.831500000000000000e+04 4.681700000000000000e+04 2.263229701691307127e+01 3.900000000000000000e+01
-1.130000000000000000e+02 -1.270000000000000000e+02 1.190000000000000000e+02 4.481200000000000000e+04 4.644100000000000000e+04 4.770600000000000000e+04 4.609700000000000000e+04 2.264145204890519381e+01 3.900000000000000000e+01
2.100000000000000000e+01 -1.710000000000000000e+02 1.350000000000000000e+02 4.537500000000000000e+04 4.756600000000000000e+04 4.744000000000000000e+04 4.484800000000000000e+04 2.265133207791950554e+01 3.900000000000000000e+01
1.490000000000000000e+02 -2.080000000000000000e+02 1.450000000000000000e+02 4.588600000000000000e+04 4.776000000000000000e+04 4.726200000000000000e+04 4.450000000000000000e+04 2.266147157899104059e+01 3.900000000000000000e+01
2.270000000000000000e+02 -1.590000000000000000e+02 1.680000000000000000e+02 4.679800000000000000e+04 4.809000000000000000e+04 4.686600000000000000e+04 4.403600000000000000e+04 2.267092389496974647e+01 3.900000000000000000e+01
2.060000000000000000e+02 -1.350000000000000000e+02 1.770000000000000000e+02 4.679800000000000000e+04 4.727700000000000000e+04 4.711000000000000000e+04 4.489500000000000000e+04 2.268229322601109743e+01 4.100000000000000000e+01
1.920000000000000000e+02 -4.600000000000000000e+01 1.920000000000000000e+02 4.690700000000000000e+04 4.714600000000000000e+04 4.704700000000000000e+04 4.459300000000000000e+04 2.269131533196195960e+01 4.100000000000000000e+01
1.490000000000000000e+02 7.600000000000000000e+01 1.950000000000000000e+02 4.771600000000000000e+04 4.640700000000000000e+04 4.651100000000000000e+04 4.553100000000000000e+04 2.270100376300979406e+01 4.100000000000000000e+01
1.120000000000000000e+02 1.410000000000000000e+02 1.920000000000000000e+02 4.762600000000000000e+04 4.566000000000000000e+04 4.662700000000000000e+04 4.612000000000000000e+04 2.271121244993992150e+01 4.100000000000000000e+01
-4.000000000000000000e+00 2.270000000000000000e+02 1.910000000000000000e+02 4.751300000000000000e+04 4.488100000000000000e+04 4.698500000000000000e+04 4.686400000000000000e+04 2.272133415890857577e+01 4.100000000000000000e+01
-8.600000000000000000e+01 2.440000000000000000e+02 2.010000000000000000e+02 4.728300000000000000e+04 4.443500000000000000e+04 4.747800000000000000e+04 4.726200000000000000e+04 2.273142879595980048e+01 3.900000000000000000e+01
-1.470000000000000000e+02 2.460000000000000000e+02 2.210000000000000000e+02 4.721500000000000000e+04 4.413800000000000000e+04 4.783600000000000000e+04 4.738300000000000000e+04 2.274116690596565604e+01 3.900000000000000000e+01
-1.750000000000000000e+02 1.530000000000000000e+02 2.190000000000000000e+02 4.707200000000000000e+04 4.452200000000000000e+04 4.824000000000000000e+04 4.699000000000000000e+04 2.275171313900500536e+01 3.900000000000000000e+01
-2.260000000000000000e+02 5.300000000000000000e+01 2.160000000000000000e+02 4.640500000000000000e+04 4.493600000000000000e+04 4.901400000000000000e+04 4.660100000000000000e+04 2.276148577791173011e+01 3.900000000000000000e+01
-2.050000000000000000e+02 -8.000000000000000000e+01 2.150000000000000000e+02 4.578300000000000000e+04 4.570500000000000000e+04 4.967400000000000000e+04 4.588400000000000000e+04 2.277120930491946638e+01 3.900000000000000000e+01
-2.120000000000000000e+02 -1.900000000000000000e+02 2.110000000000000000e+02 4.525900000000000000e+04 4.595300000000000000e+04 5.037100000000000000e+04 4.577600000000000000e+04 2.278085013094823807e+01 3.700000000000000000e+01
-1.810000000000000000e+02 -2.290000000000000000e+02 2.060000000000000000e+02 4.561200000000000000e+04 4.609300000000000000e+04 5.033400000000000000e+04 4.580300000000000000e+04 2.279120818094816059e+01 3.700000000000000000e+01
-9.000000000000000000e+01 -2.330000000000000000e+02 2.090000000000000000e+02 4.613500000000000000e+04 4.665100000000000000e+04 5.012000000000000000e+04 4.514700000000000000e+04 2.280102043994702399e+01 3.700000000000000000e+01
1.100000000000000000e+01 -1.480000000000000000e+02 2.090000000000000000e+02 4.677300000000000000e+04 4.675400000000000000e+04 4.990600000000000000e+04 4.519200000000000000e+04 2.281277917395345867e+01 3.700000000000000000e+01
1.470000000000000000e+02 -2.400000000000000000e+01 1.860000000000000000e+02 4.836200000000000000e+04 4.691600000000000000e+04 4.857300000000000000e+04 4.504400000000000000e+04 2.282174663897603750e+01 3.700000000000000000e+01
2.360000000000000000e+02 3.700000000000000000e+01 1.760000000000000000e+02 4.897100000000000000e+04 4.762300000000000000e+04 4.810000000000000000e+04 4.463400000000000000e+04 2.283071211399510503e+01 3.400000000000000000e+01
2.670000000000000000e+02 1.550000000000000000e+02 1.610000000000000000e+02 4.958800000000000000e+04 4.711400000000000000e+04 4.751400000000000000e+04 4.533300000000000000e+04 2.284131671395152807e+01 3.400000000000000000e+01
2.580000000000000000e+02 2.030000000000000000e+02 1.530000000000000000e+02 4.980600000000000000e+04 4.666400000000000000e+04 4.742800000000000000e+04 4.588100000000000000e+04 2.285103558900300413e+01 3.400000000000000000e+01
2.140000000000000000e+02 2.920000000000000000e+02 1.220000000000000000e+02 5.008100000000000000e+04 4.617200000000000000e+04 4.700200000000000000e+04 4.658700000000000000e+04 2.286082678893581033e+01 3.400000000000000000e+01
1.440000000000000000e+02 2.860000000000000000e+02 1.210000000000000000e+02 4.969900000000000000e+04 4.610300000000000000e+04 4.743700000000000000e+04 4.675600000000000000e+04 2.287294326198752970e+01 3.400000000000000000e+01
9.900000000000000000e+01 2.330000000000000000e+02 8.800000000000000000e+01 4.893300000000000000e+04 4.643600000000000000e+04 4.840300000000000000e+04 4.670400000000000000e+04 2.288134349591564387e+01 3.200000000000000000e+01
-1.800000000000000000e+01 1.680000000000000000e+02 1.060000000000000000e+02 4.886600000000000000e+04 4.584600000000000000e+04 4.859200000000000000e+04 4.722500000000000000e+04 2.289174284797627479e+01 3.200000000000000000e+01
-7.200000000000000000e+01 1.260000000000000000e+02 9.400000000000000000e+01 4.825600000000000000e+04 4.623100000000000000e+04 4.919800000000000000e+04 4.686100000000000000e+04 2.290085981797892600e+01 3.200000000000000000e+01
-1.040000000000000000e+02 5.500000000000000000e+01 9.200000000000000000e+01 4.924100000000000000e+04 4.456100000000000000e+04 4.969400000000000000e+04 4.707000000000000000e+04 2.291065679700113833e+01 3.200000000000000000e+01
-1.810000000000000000e+02 8.000000000000000000e+01 7.600000000000000000e+01 4.833300000000000000e+04 4.427300000000000000e+04 5.054000000000000000e+04 4.744600000000000000e+04 2.292067773500457406e+01 3.200000000000000000e+01
-2.110000000000000000e+02 -1.000000000000000000e+00 7.500000000000000000e+01 4.718800000000000000e+04 4.552100000000000000e+04 5.022000000000000000e+04 4.767100000000000000e+04 2.293095451500266790e+01 3.000000000000000000e+01
-1.980000000000000000e+02 -5.300000000000000000e+01 5.100000000000000000e+01 4.787300000000000000e+04 4.514800000000000000e+04 5.052500000000000000e+04 4.695900000000000000e+04 2.294077122595626861e+01 3.000000000000000000e+01
-1.350000000000000000e+02 -3.800000000000000000e+01 5.500000000000000000e+01 4.777700000000000000e+04 4.532900000000000000e+04 5.029100000000000000e+04 4.713000000000000000e+04 2.295040904695633799e+01 3.000000000000000000e+01
-3.900000000000000000e+01 2.800000000000000000e+01 4.800000000000000000e+01 4.889700000000000000e+04 4.581300000000000000e+04 4.916500000000000000e+04 4.679900000000000000e+04 2.296036680298857391e+01 3.000000000000000000e+01
3.500000000000000000e+01 5.300000000000000000e+01 4.700000000000000000e+01 4.918500000000000000e+04 4.611100000000000000e+04 4.895000000000000000e+04 4.650100000000000000e+04 2.297074873792007565e+01 3.000000000000000000e+01
9.700000000000000000e+01 4.700000000000000000e+01 4.000000000000000000e+01 4.935100000000000000e+04 4.572600000000000000e+04 4.876100000000000000e+04 4.692200000000000000e+04 2.298037426499649882e+01 2.400000000000000000e+01
1.360000000000000000e+02 1.500000000000000000e+01 2.500000000000000000e+01 4.935600000000000000e+04 4.659500000000000000e+04 4.881800000000000000e+04 4.654400000000000000e+04 2.299138547596521676e+01 2.400000000000000000e+01
1.090000000000000000e+02 2.900000000000000000e+01 1.200000000000000000e+01 4.946000000000000000e+04 4.656900000000000000e+04 4.842400000000000000e+04 4.707500000000000000e+04 2.300102834694553167e+01 2.400000000000000000e+01
8.500000000000000000e+01 -2.000000000000000000e+01 6.000000000000000000e+00 4.910000000000000000e+04 4.738600000000000000e+04 4.846000000000000000e+04 4.657700000000000000e+04 2.301093448593746871e+01 2.400000000000000000e+01
9.700000000000000000e+01 1.700000000000000000e+01 2.000000000000000000e+00 4.862100000000000000e+04 4.687000000000000000e+04 4.889900000000000000e+04 4.712400000000000000e+04 2.302048975892830640e+01 2.400000000000000000e+01
8.200000000000000000e+01 -4.500000000000000000e+01 7.000000000000000000e+00 4.898000000000000000e+04 4.754400000000000000e+04 4.850500000000000000e+04 4.640800000000000000e+04 2.303030004294123501e+01 2.200000000000000000e+01
2.400000000000000000e+01 -9.100000000000000000e+01 6.000000000000000000e+00 4.802800000000000000e+04 4.773000000000000000e+04 4.936200000000000000e+04 4.618300000000000000e+04 2.304094140301458538e+01 2.200000000000000000e+01
-1.600000000000000000e+01 -1.490000000000000000e+02 2.300000000000000000e+01 4.797200000000000000e+04 4.756700000000000000e+04 4.947500000000000000e+04 4.623500000000000000e+04 2.305084832396823913e+01 2.200000000000000000e+01
-1.060000000000000000e+02 -1.160000000000000000e+02 7.000000000000000000e+00 4.736600000000000000e+04 4.623500000000000000e+04 5.012400000000000000e+04 4.737600000000000000e+04 2.306169635092373937e+01 2.200000000000000000e+01
-1.750000000000000000e+02 -1.810000000000000000e+02 1.600000000000000000e+01 4.664200000000000000e+04 4.696800000000000000e+04 5.063600000000000000e+04 4.666900000000000000e+04 2.307103420491330326e+01 2.200000000000000000e+01
-1.650000000000000000e+02 -1.150000000000000000e+02 9.000000000000000000e+00 4.694100000000000000e+04 4.634900000000000000e+04 5.039600000000000000e+04 4.723600000000000000e+04 2.308157234301324934e+01 1.700000000000000000e+01
-1.900000000000000000e+02 -8.100000000000000000e+01 1.700000000000000000e+01 4.668000000000000000e+04 4.641400000000000000e+04 5.081600000000000000e+04 4.740900000000000000e+04 2.309179951692931354e+01 1.700000000000000000e+01
-1.250000000000000000e+02 6.800000000000000000e+01 1.900000000000000000e+01 4.855800000000000000e+04 4.563300000000000000e+04 4.918200000000000000e+04 4.805100000000000000e+04 2.310110553191043437e+01 1.700000000000000000e+01
-4.100000000000000000e+01 1.100000000000000000e+02 2.800000000000000000e+01 4.866400000000000000e+04 4.601500000000000000e+04 4.938900000000000000e+04 4.759400000000000000e+04 2.311073792795650661e+01 1.700000000000000000e+01
9.000000000000000000e+00 1.300000000000000000e+02 4.300000000000000000e+01 4.975500000000000000e+04 4.594300000000000000e+04 4.841800000000000000e+04 4.748000000000000000e+04 2.312026598292868584e+01 1.700000000000000000e+01
2.300000000000000000e+01 1.980000000000000000e+02 4.300000000000000000e+01 4.948200000000000000e+04 4.450300000000000000e+04 4.863600000000000000e+04 4.822100000000000000e+04 2.313078069291077554e+01 2.000000000000000000e+01
-3.600000000000000000e+01 7.900000000000000000e+01 6.100000000000000000e+01 4.841100000000000000e+04 4.519100000000000000e+04 4.969900000000000000e+04 4.720200000000000000e+04 2.314098942000418901e+01 2.000000000000000000e+01
2.100000000000000000e+01 5.900000000000000000e+01 4.900000000000000000e+01 4.895000000000000000e+04 4.520900000000000000e+04 4.932000000000000000e+04 4.675300000000000000e+04 2.315118276292923838e+01 2.000000000000000000e+01
6.900000000000000000e+01 -3.000000000000000000e+00 4.200000000000000000e+01 4.940300000000000000e+04 4.562600000000000000e+04 4.889900000000000000e+04 4.634800000000000000e+04 2.316180991393048316e+01 2.000000000000000000e+01
6.600000000000000000e+01 -4.700000000000000000e+01 3.800000000000000000e+01 4.837800000000000000e+04 4.619600000000000000e+04 4.976400000000000000e+04 4.593700000000000000e+04 2.317175807093735784e+01 2.000000000000000000e+01
1.190000000000000000e+02 -1.150000000000000000e+02 2.600000000000000000e+01 4.851700000000000000e+04 4.740500000000000000e+04 4.957200000000000000e+04 4.506600000000000000e+04 2.318113378400448710e+01 1.800000000000000000e+01
1.320000000000000000e+02 -8.500000000000000000e+01 1.000000000000000000e+01 4.907400000000000000e+04 4.744900000000000000e+04 4.875300000000000000e+04 4.527500000000000000e+04 2.319051991391461343e+01 1.800000000000000000e+01
1.770000000000000000e+02 -1.050000000000000000e+02 1.300000000000000000e+01 4.904100000000000000e+04 4.770800000000000000e+04 4.871200000000000000e+04 4.533000000000000000e+04 2.320048684591893107e+01 1.800000000000000000e+01
1.550000000000000000e+02 -9.700000000000000000e+01 -2.000000000000000000e+00 4.935100000000000000e+04 4.864200000000000000e+04 4.836700000000000000e+04 4.451100000000000000e+04 2.321061882900539786e+01 1.800000000000000000e+01
1.190000000000000000e+02 -7.600000000000000000e+01 1.000000000000000000e+00 4.908000000000000000e+04 4.816600000000000000e+04 4.858000000000000000e+04 4.544100000000000000e+04 2.322128966392483562e+01 1.800000000000000000e+01
4.200000000000000000e+01 -6.200000000000000000e+01 2.000000000000000000e+01 4.866200000000000000e+04 4.754000000000000000e+04 4.894000000000000000e+04 4.614300000000000000e+04 2.323087625799234957e+01 3.850000000000000000e+02
-1.000000000000000000e+01 -5.400000000000000000e+01 -3.000000000000000000e+00 4.919300000000000000e+04 4.831000000000000000e+04 4.872100000000000000e+04 4.534400000000000000e+04 2.324064052896574140e+01 3.850000000000000000e+02
-1.210000000000000000e+02 -1.190000000000000000e+02 -1.000000000000000000e+00 4.841000000000000000e+04 4.817000000000000000e+04 4.954500000000000000e+04 4.569300000000000000e+04 2.325182633195072412e+01 3.850000000000000000e+02
-1.370000000000000000e+02 -1.810000000000000000e+02 5.000000000000000000e+00 4.722800000000000000e+04 4.807900000000000000e+04 5.063900000000000000e+04 4.598600000000000000e+04 2.326080885797273368e+01 3.850000000000000000e+02
-2.380000000000000000e+02 -3.330000000000000000e+02 6.000000000000000000e+00 4.650600000000000000e+04 4.840800000000000000e+04 5.152800000000000000e+04 4.581500000000000000e+04 2.327079718792811036e+01 3.850000000000000000e+02
-2.370000000000000000e+02 -3.580000000000000000e+02 3.400000000000000000e+01 4.586800000000000000e+04 4.878800000000000000e+04 5.221200000000000000e+04 4.528300000000000000e+04 2.328040044999215752e+01 7.720000000000000000e+02
-2.010000000000000000e+02 -4.730000000000000000e+02 2.500000000000000000e+01 4.583100000000000000e+04 4.828300000000000000e+04 5.193500000000000000e+04 4.499400000000000000e+04 2.329044205497484654e+01 7.720000000000000000e+02
-1.970000000000000000e+02 -4.560000000000000000e+02 2.800000000000000000e+01 4.585300000000000000e+04 4.893900000000000000e+04 5.222400000000000000e+04 4.435200000000000000e+04 2.330185898998752236e+01 7.720000000000000000e+02
-6.000000000000000000e+01 -4.820000000000000000e+02 1.700000000000000000e+01 4.654000000000000000e+04 4.935400000000000000e+04 5.177200000000000000e+04 4.376100000000000000e+04 2.331023048399947584e+01 7.720000000000000000e+02
-5.000000000000000000e+01 -4.180000000000000000e+02 1.500000000000000000e+01 4.656400000000000000e+04 4.951400000000000000e+04 5.164600000000000000e+04 4.403200000000000000e+04 2.332045891601592302e+01 7.720000000000000000e+02
4.400000000000000000e+01 -3.800000000000000000e+02 6.000000000000000000e+00 4.666400000000000000e+04 4.961800000000000000e+04 5.106200000000000000e+04 4.334100000000000000e+04 2.333133659395389259e+01 7.730000000000000000e+02
2.300000000000000000e+01 -3.080000000000000000e+02 1.100000000000000000e+01 4.738900000000000000e+04 4.931700000000000000e+04 5.046100000000000000e+04 4.398600000000000000e+04 2.334153795591555536e+01 7.730000000000000000e+02
2.900000000000000000e+01 -3.100000000000000000e+02 -1.300000000000000000e+01 4.676800000000000000e+04 4.978500000000000000e+04 5.078400000000000000e+04 4.345700000000000000e+04 2.335027757298666984e+01 7.730000000000000000e+02
1.700000000000000000e+01 -2.630000000000000000e+02 -3.000000000000000000e+00 4.757300000000000000e+04 4.887700000000000000e+04 5.005500000000000000e+04 4.486900000000000000e+04 2.336069484101608396e+01 7.730000000000000000e+02
8.900000000000000000e+01 -1.120000000000000000e+02 3.000000000000000000e+00 4.841400000000000000e+04 4.883200000000000000e+04 4.961200000000000000e+04 4.500800000000000000e+04 2.337061537499539554e+01 7.730000000000000000e+02
4.100000000000000000e+01 -1.200000000000000000e+02 2.300000000000000000e+01 4.832700000000000000e+04 4.835000000000000000e+04 4.995000000000000000e+04 4.544100000000000000e+04 2.338047148601617664e+01 7.680000000000000000e+02
2.000000000000000000e+00 2.500000000000000000e+01 2.100000000000000000e+01 4.885200000000000000e+04 4.733700000000000000e+04 4.981400000000000000e+04 4.612000000000000000e+04 2.339102599699981511e+01 7.680000000000000000e+02
3.000000000000000000e+00 7.600000000000000000e+01 1.100000000000000000e+01 4.961100000000000000e+04 4.642500000000000000e+04 4.914000000000000000e+04 4.697300000000000000e+04 2.340037199400831014e+01 7.680000000000000000e+02
4.200000000000000000e+01 1.920000000000000000e+02 3.200000000000000000e+01 5.067400000000000000e+04 4.653200000000000000e+04 4.798800000000000000e+04 4.694000000000000000e+04 2.341037846298422664e+01 7.680000000000000000e+02
1.370000000000000000e+02 2.520000000000000000e+02 4.000000000000000000e+01 5.120600000000000000e+04 4.632000000000000000e+04 4.759100000000000000e+04 4.697400000000000000e+04 2.342024377698544413e+01 7.680000000000000000e+02
1.770000000000000000e+02 2.390000000000000000e+02 7.800000000000000000e+01 5.163200000000000000e+04 4.674500000000000000e+04 4.767800000000000000e+04 4.629400000000000000e+04 2.343036332796327770e+01 7.630000000000000000e+02
1.760000000000000000e+02 2.240000000000000000e+02 8.800000000000000000e+01 5.177400000000000000e+04 4.610400000000000000e+04 4.805400000000000000e+04 4.632700000000000000e+04 2.344057107390835881e+01 7.630000000000000000e+02
1.680000000000000000e+02 1.150000000000000000e+02 1.120000000000000000e+02 5.112500000000000000e+04 4.650100000000000000e+04 4.923100000000000000e+04 4.514300000000000000e+04 2.345090677193365991e+01 7.630000000000000000e+02
1.350000000000000000e+02 -2.700000000000000000e+01 1.020000000000000000e+02 5.082500000000000000e+04 4.719400000000000000e+04 4.997400000000000000e+04 4.390100000000000000e+04 2.346085166896227747e+01 7.630000000000000000e+02
1.230000000000000000e+02 -1.630000000000000000e+02 1.250000000000000000e+02 4.999700000000000000e+04 4.798700000000000000e+04 5.107700000000000000e+04 4.301000000000000000e+04 2.347077478200662881e+01 7.630000000000000000e+02
9.700000000000000000e+01 -2.470000000000000000e+02 1.080000000000000000e+02 4.981400000000000000e+04 4.789600000000000000e+04 5.134100000000000000e+04 4.295100000000000000e+04 2.348074890393763781e+01 7.620000000000000000e+02
-3.300000000000000000e+01 -2.870000000000000000e+02 1.070000000000000000e+02 4.901500000000000000e+04 4.733200000000000000e+04 5.204400000000000000e+04 4.354300000000000000e+04 2.349259387492202222e+01 7.620000000000000000e+02
-7.800000000000000000e+01 -2.570000000000000000e+02 9.700000000000000000e+01 4.885800000000000000e+04 4.710200000000000000e+04 5.220800000000000000e+04 4.420400000000000000e+04 2.350167251401580870e+01 7.620000000000000000e+02
-1.250000000000000000e+02 -2.160000000000000000e+02 8.100000000000000000e+01 4.850400000000000000e+04 4.627500000000000000e+04 5.212700000000000000e+04 4.542100000000000000e+04 2.351194985595066100e+01 7.620000000000000000e+02
-1.620000000000000000e+02 -1.510000000000000000e+02 7.200000000000000000e+01 4.881000000000000000e+04 4.614500000000000000e+04 5.182800000000000000e+04 4.584400000000000000e+04 2.352021935896482319e+01 7.620000000000000000e+02
-1.190000000000000000e+02 -1.160000000000000000e+02 8.400000000000000000e+01 4.932700000000000000e+04 4.621600000000000000e+04 5.161900000000000000e+04 4.602700000000000000e+04 2.353064002096652985e+01 7.580000000000000000e+02
-7.800000000000000000e+01 -3.700000000000000000e+01 8.100000000000000000e+01 4.988400000000000000e+04 4.578800000000000000e+04 5.116300000000000000e+04 4.648400000000000000e+04 2.354015842394437641e+01 7.580000000000000000e+02
6.000000000000000000e+00 8.200000000000000000e+01 7.100000000000000000e+01 5.101500000000000000e+04 4.557800000000000000e+04 5.014500000000000000e+04 4.664700000000000000e+04 2.355093203601427376e+01 7.580000000000000000e+02
1.340000000000000000e+02 1.770000000000000000e+02 1.040000000000000000e+02 5.213400000000000000e+04 4.567000000000000000e+04 4.908400000000000000e+04 4.629700000000000000e+04 2.356076773500535637e+01 7.580000000000000000e+02
2.510000000000000000e+02 2.370000000000000000e+02 9.900000000000000000e+01 5.319700000000000000e+04 4.572500000000000000e+04 4.804500000000000000e+04 4.612100000000000000e+04 2.357035706995520741e+01 7.580000000000000000e+02
2.930000000000000000e+02 2.480000000000000000e+02 1.040000000000000000e+02 5.352100000000000000e+04 4.572100000000000000e+04 4.786900000000000000e+04 4.585000000000000000e+04 2.358454084000550210e+01 7.570000000000000000e+02
3.120000000000000000e+02 2.070000000000000000e+02 1.030000000000000000e+02 5.370700000000000000e+04 4.595200000000000000e+04 4.771600000000000000e+04 4.544500000000000000e+04 2.359336288995109499e+01 7.570000000000000000e+02
3.150000000000000000e+02 1.730000000000000000e+02 1.220000000000000000e+02 5.224000000000000000e+04 4.686200000000000000e+04 4.851800000000000000e+04 4.626900000000000000e+04 2.360174527391791344e+01 7.570000000000000000e+02
2.030000000000000000e+02 8.500000000000000000e+01 1.240000000000000000e+02 5.272000000000000000e+04 4.618700000000000000e+04 4.988100000000000000e+04 4.465400000000000000e+04 2.361140598496422172e+01 7.570000000000000000e+02
3.600000000000000000e+01 -1.020000000000000000e+02 1.250000000000000000e+02 5.140400000000000000e+04 4.592800000000000000e+04 5.144900000000000000e+04 4.500600000000000000e+04 2.362086269492283463e+01 7.570000000000000000e+02
-1.060000000000000000e+02 -1.940000000000000000e+02 1.270000000000000000e+02 5.060700000000000000e+04 4.551500000000000000e+04 5.215000000000000000e+04 4.523700000000000000e+04 2.363187729695346206e+01 7.550000000000000000e+02
-1.980000000000000000e+02 -3.420000000000000000e+02 1.480000000000000000e+02 4.895000000000000000e+04 4.587200000000000000e+04 5.352400000000000000e+04 4.477700000000000000e+04 2.364113144890870899e+01 7.550000000000000000e+02
-2.600000000000000000e+02 -4.930000000000000000e+02 1.130000000000000000e+02 4.807600000000000000e+04 4.773300000000000000e+04 5.285000000000000000e+04 4.519400000000000000e+04 2.365215313294902444e+01 7.550000000000000000e+02
-2.740000000000000000e+02 -5.580000000000000000e+02 9.600000000000000000e+01 4.741700000000000000e+04 4.806100000000000000e+04 5.329000000000000000e+04 4.487700000000000000e+04 2.366026985598728061e+01 7.550000000000000000e+02
-2.750000000000000000e+02 -5.860000000000000000e+02 1.000000000000000000e+02 4.774100000000000000e+04 4.759300000000000000e+04 5.314900000000000000e+04 4.542400000000000000e+04 2.366992576792836189e+01 7.550000000000000000e+02
-1.900000000000000000e+02 -4.900000000000000000e+02 9.200000000000000000e+01 4.815000000000000000e+04 4.768200000000000000e+04 5.285200000000000000e+04 4.544100000000000000e+04 2.368062030500732362e+01 7.480000000000000000e+02
-9.500000000000000000e+01 -3.640000000000000000e+02 8.200000000000000000e+01 4.910600000000000000e+04 4.751200000000000000e+04 5.250500000000000000e+04 4.621700000000000000e+04 2.369032774597872049e+01 7.480000000000000000e+02
-6.500000000000000000e+01 -2.730000000000000000e+02 6.600000000000000000e+01 4.980600000000000000e+04 4.755700000000000000e+04 5.196100000000000000e+04 4.620500000000000000e+04 2.370038507494609803e+01 7.480000000000000000e+02
3.600000000000000000e+01 -4.200000000000000000e+01 3.800000000000000000e+01 5.103700000000000000e+04 4.749200000000000000e+04 5.091200000000000000e+04 4.665600000000000000e+04 2.371044191601686180e+01 7.480000000000000000e+02
1.470000000000000000e+02 7.600000000000000000e+01 1.400000000000000000e+01 5.122300000000000000e+04 4.703200000000000000e+04 5.072300000000000000e+04 4.730600000000000000e+04 2.372069242293946445e+01 7.480000000000000000e+02
1.430000000000000000e+02 1.610000000000000000e+02 1.800000000000000000e+01 5.149800000000000000e+04 4.707500000000000000e+04 5.033100000000000000e+04 4.721500000000000000e+04 2.373025533591862768e+01 7.490000000000000000e+02
1.740000000000000000e+02 2.440000000000000000e+02 2.200000000000000000e+01 5.207400000000000000e+04 4.676100000000000000e+04 4.960100000000000000e+04 4.758500000000000000e+04 2.374171600094996393e+01 7.490000000000000000e+02
1.680000000000000000e+02 2.280000000000000000e+02 9.000000000000000000e+00 5.168500000000000000e+04 4.643500000000000000e+04 4.981000000000000000e+04 4.780500000000000000e+04 2.375153053796384484e+01 7.490000000000000000e+02
1.070000000000000000e+02 1.840000000000000000e+02 4.000000000000000000e+00 5.121400000000000000e+04 4.685300000000000000e+04 5.031900000000000000e+04 4.743300000000000000e+04 2.376027066900860518e+01 7.490000000000000000e+02
8.000000000000000000e+01 1.550000000000000000e+02 -1.000000000000000000e+00 5.109500000000000000e+04 4.639200000000000000e+04 5.042100000000000000e+04 4.798000000000000000e+04 2.377038313297089189e+01 7.490000000000000000e+02
1.700000000000000000e+01 7.000000000000000000e+00 -2.000000000000000000e+00 4.998600000000000000e+04 4.750400000000000000e+04 5.152700000000000000e+04 4.693000000000000000e+04 2.378044102701824158e+01 7.470000000000000000e+02
-4.100000000000000000e+01 -9.500000000000000000e+01 -1.500000000000000000e+01 5.004300000000000000e+04 4.729900000000000000e+04 5.148400000000000000e+04 4.712100000000000000e+04 2.378985218296293169e+01 7.470000000000000000e+02
-7.500000000000000000e+01 -1.880000000000000000e+02 -2.500000000000000000e+01 4.918100000000000000e+04 4.730400000000000000e+04 5.218400000000000000e+04 4.710400000000000000e+04 2.380041878495831043e+01 7.470000000000000000e+02
-1.010000000000000000e+02 -2.050000000000000000e+02 -1.800000000000000000e+01 4.898100000000000000e+04 4.753500000000000000e+04 5.225400000000000000e+04 4.699600000000000000e+04 2.381079128396231681e+01 7.470000000000000000e+02
-6.500000000000000000e+01 -1.920000000000000000e+02 -4.000000000000000000e+01 4.876000000000000000e+04 4.777600000000000000e+04 5.234300000000000000e+04 4.686200000000000000e+04 2.382067907694727182e+01 7.470000000000000000e+02
-6.900000000000000000e+01 -2.100000000000000000e+02 -5.300000000000000000e+01 4.913500000000000000e+04 4.783500000000000000e+04 5.184500000000000000e+04 4.683800000000000000e+04 2.382989079994149506e+01 7.450000000000000000e+02
-2.100000000000000000e+01 -8.000000000000000000e+01 -7.800000000000000000e+01 4.985700000000000000e+04 4.757700000000000000e+04 5.098000000000000000e+04 4.712600000000000000e+04 2.384074703091755509e+01 7.450000000000000000e+02
4.600000000000000000e+01 -3.200000000000000000e+01 -1.110000000000000000e+02 4.992000000000000000e+04 4.723000000000000000e+04 5.055900000000000000e+04 4.761200000000000000e+04 2.385001878894399852e+01 7.450000000000000000e+02
9.500000000000000000e+01 1.900000000000000000e+01 -9.600000000000000000e+01 5.042600000000000000e+04 4.768600000000000000e+04 5.008700000000000000e+04 4.739700000000000000e+04 2.386005913896951824e+01 7.450000000000000000e+02
1.200000000000000000e+02 5.800000000000000000e+01 -1.140000000000000000e+02 5.038200000000000000e+04 4.784400000000000000e+04 4.999700000000000000e+04 4.730100000000000000e+04 2.387078608898445964e+01 7.450000000000000000e+02
1.450000000000000000e+02 8.400000000000000000e+01 -1.290000000000000000e+02 5.069600000000000000e+04 4.809400000000000000e+04 4.950600000000000000e+04 4.721500000000000000e+04 2.388044092501513660e+01 7.420000000000000000e+02
1.990000000000000000e+02 8.500000000000000000e+01 -1.350000000000000000e+02 5.061800000000000000e+04 4.813500000000000000e+04 4.951900000000000000e+04 4.737000000000000000e+04 2.389057333092205226e+01 7.420000000000000000e+02
1.990000000000000000e+02 7.200000000000000000e+01 -1.460000000000000000e+02 5.062800000000000000e+04 4.873900000000000000e+04 4.954400000000000000e+04 4.690400000000000000e+04 2.390031863795593381e+01 7.420000000000000000e+02
1.770000000000000000e+02 4.400000000000000000e+01 -1.490000000000000000e+02 5.016400000000000000e+04 4.891500000000000000e+04 4.991400000000000000e+04 4.680500000000000000e+04 2.391141410195268691e+01 7.420000000000000000e+02
1.850000000000000000e+02 4.000000000000000000e+00 -1.550000000000000000e+02 5.013900000000000000e+04 4.910700000000000000e+04 4.980400000000000000e+04 4.668400000000000000e+04 2.392004262201953679e+01 7.420000000000000000e+02
1.540000000000000000e+02 -9.000000000000000000e+00 -1.590000000000000000e+02 4.955200000000000000e+04 4.870400000000000000e+04 5.017900000000000000e+04 4.702000000000000000e+04 2.393353984295390546e+01 7.410000000000000000e+02
9.700000000000000000e+01 -4.600000000000000000e+01 -1.400000000000000000e+02 4.945100000000000000e+04 4.856100000000000000e+04 5.015100000000000000e+04 4.733200000000000000e+04 2.394102224893867970e+01 7.410000000000000000e+02
5.200000000000000000e+01 4.600000000000000000e+01 -1.370000000000000000e+02 4.980000000000000000e+04 4.757200000000000000e+04 4.980200000000000000e+04 4.830700000000000000e+04 2.395042945991735905e+01 7.410000000000000000e+02
2.900000000000000000e+01 -2.900000000000000000e+01 -1.490000000000000000e+02 4.949500000000000000e+04 4.822500000000000000e+04 5.006000000000000000e+04 4.764600000000000000e+04 2.396119515900500119e+01 7.410000000000000000e+02
-3.200000000000000000e+01 3.400000000000000000e+01 -1.240000000000000000e+02 4.945000000000000000e+04 4.806300000000000000e+04 5.003500000000000000e+04 4.786600000000000000e+04 2.396968285297043622e+01 7.410000000000000000e+02
-3.600000000000000000e+01 1.000000000000000000e+01 -1.200000000000000000e+02 4.957200000000000000e+04 4.838500000000000000e+04 4.992900000000000000e+04 4.877000000000000000e+04 2.398165669792797416e+01 7.450000000000000000e+02
-1.800000000000000000e+01 -1.000000000000000000e+01 -1.040000000000000000e+02 4.887300000000000000e+04 4.803100000000000000e+04 5.021600000000000000e+04 4.724500000000000000e+04 2.399030776694417000e+01 7.450000000000000000e+02
-2.500000000000000000e+01 -2.500000000000000000e+01 -1.070000000000000000e+02 4.896800000000000000e+04 4.792300000000000000e+04 5.033300000000000000e+04 4.736600000000000000e+04 2.400102994299959391e+01 7.450000000000000000e+02
-1.000000000000000000e+01 6.000000000000000000e+00 -8.000000000000000000e+01 4.909500000000000000e+04 4.792600000000000000e+04 5.011100000000000000e+04 4.740000000000000000e+04 2.400961006898432970e+01 7.450000000000000000e+02
-3.600000000000000000e+01 -1.200000000000000000e+01 -9.600000000000000000e+01 4.894300000000000000e+04 4.764700000000000000e+04 5.002700000000000000e+04 4.756200000000000000e+04 2.401998651598114520e+01 7.450000000000000000e+02
-2.200000000000000000e+01 5.600000000000000000e+01 -8.600000000000000000e+01 4.950500000000000000e+04 4.761600000000000000e+04 4.971700000000000000e+04 4.793400000000000000e+04 2.402987179299816489e+01 7.390000000000000000e+02
-1.500000000000000000e+01 2.400000000000000000e+01 -7.500000000000000000e+01 4.926000000000000000e+04 4.787200000000000000e+04 4.982100000000000000e+04 4.745700000000000000e+04 2.404073586896993220e+01 7.390000000000000000e+02
-1.000000000000000000e+01 1.050000000000000000e+02 -6.700000000000000000e+01 4.976800000000000000e+04 4.739700000000000000e+04 4.933900000000000000e+04 4.788000000000000000e+04 2.404962742095813155e+01 7.390000000000000000e+02
1.200000000000000000e+01 7.400000000000000000e+01 -6.900000000000000000e+01 4.939500000000000000e+04 4.773000000000000000e+04 4.977000000000000000e+04 4.751700000000000000e+04 2.405949696793686599e+01 7.390000000000000000e+02
5.400000000000000000e+01 1.290000000000000000e+02 -5.500000000000000000e+01 4.981900000000000000e+04 4.753700000000000000e+04 4.923600000000000000e+04 4.776500000000000000e+04 2.406951210799161345e+01 7.390000000000000000e+02
6.000000000000000000e+01 7.800000000000000000e+01 -6.300000000000000000e+01 4.968600000000000000e+04 4.787300000000000000e+04 4.937800000000000000e+04 4.732700000000000000e+04 2.408009099191986024e+01 7.390000000000000000e+02
8.000000000000000000e+01 5.700000000000000000e+01 -4.300000000000000000e+01 4.950800000000000000e+04 4.833200000000000000e+04 4.997600000000000000e+04 4.712400000000000000e+04 2.409091332997195423e+01 7.370000000000000000e+02
8.800000000000000000e+01 5.500000000000000000e+01 -2.800000000000000000e+01 5.003800000000000000e+04 4.802200000000000000e+04 4.964000000000000000e+04 4.754100000000000000e+04 2.410122602898627520e+01 7.370000000000000000e+02
4.500000000000000000e+01 4.900000000000000000e+01 -2.300000000000000000e+01 4.999700000000000000e+04 4.831000000000000000e+04 4.990600000000000000e+04 4.731900000000000000e+04 2.411038356891367584e+01 7.370000000000000000e+02
7.200000000000000000e+01 4.300000000000000000e+01 -1.600000000000000000e+01 5.029300000000000000e+04 4.852500000000000000e+04 4.963100000000000000e+04 4.710000000000000000e+04 2.412180130090564489e+01 7.370000000000000000e+02
7.400000000000000000e+01 2.300000000000000000e+01 4.000000000000000000e+00 4.986300000000000000e+04 4.843300000000000000e+04 4.998600000000000000e+04 4.688200000000000000e+04 2.413078151294030249e+01 7.390000000000000000e+02
1.000000000000000000e+00 1.000000000000000000e+00 1.600000000000000000e+01 4.972200000000000000e+04 4.782400000000000000e+04 5.020300000000000000e+04 4.742900000000000000e+04 2.413991445198189467e+01 7.390000000000000000e+02
2.000000000000000000e+00 3.100000000000000000e+01 9.000000000000000000e+00 4.989500000000000000e+04 4.771300000000000000e+04 5.006200000000000000e+04 4.747600000000000000e+04 2.414971233194228262e+01 7.390000000000000000e+02
4.000000000000000000e+00 4.100000000000000000e+01 1.900000000000000000e+01 4.989800000000000000e+04 4.792900000000000000e+04 4.993500000000000000e+04 4.703700000000000000e+04 2.416077260801102966e+01 7.390000000000000000e+02
-3.700000000000000000e+01 1.100000000000000000e+01 2.000000000000000000e+01 4.990000000000000000e+04 4.765200000000000000e+04 5.016000000000000000e+04 4.740700000000000000e+04 2.417090025893412530e+01 7.390000000000000000e+02
-2.500000000000000000e+01 2.900000000000000000e+01 3.100000000000000000e+01 4.997800000000000000e+04 4.753000000000000000e+04 5.023500000000000000e+04 4.738000000000000000e+04 2.418199457798618823e+01 7.400000000000000000e+02
1.300000000000000000e+01 7.000000000000000000e+00 5.100000000000000000e+01 4.984100000000000000e+04 4.826100000000000000e+04 5.031200000000000000e+04 4.637200000000000000e+04 2.418991090799681842e+01 7.400000000000000000e+02
-2.000000000000000000e+01 7.000000000000000000e+00 7.500000000000000000e+01 4.994000000000000000e+04 4.795500000000000000e+04 5.054600000000000000e+04 4.656600000000000000e+04 2.420056856493465602e+01 7.400000000000000000e+02
-3.200000000000000000e+01 -2.000000000000000000e+01 7.500000000000000000e+01 4.987400000000000000e+04 4.741500000000000000e+04 5.047900000000000000e+04 4.690900000000000000e+04 2.421220615296624601e+01 7.400000000000000000e+02
-2.600000000000000000e+01 -2.200000000000000000e+01 7.500000000000000000e+01 5.012800000000000000e+04 4.751600000000000000e+04 5.029000000000000000e+04 4.663800000000000000e+04 2.422224589996039867e+01 7.400000000000000000e+02
-1.400000000000000000e+01 -4.700000000000000000e+01 8.100000000000000000e+01 4.974200000000000000e+04 4.717400000000000000e+04 5.043300000000000000e+04 4.658300000000000000e+04 2.423131290590390563e+01 7.410000000000000000e+02
-6.000000000000000000e+01 -1.400000000000000000e+01 8.800000000000000000e+01 4.974800000000000000e+04 4.738800000000000000e+04 5.050000000000000000e+04 4.618800000000000000e+04 2.424088529101572931e+01 7.410000000000000000e+02
-2.400000000000000000e+01 -1.400000000000000000e+01 1.000000000000000000e+02 4.958600000000000000e+04 4.732400000000000000e+04 5.072500000000000000e+04 4.609800000000000000e+04 2.424962995399255306e+01 7.410000000000000000e+02
-3.500000000000000000e+01 -4.300000000000000000e+01 1.020000000000000000e+02 4.995000000000000000e+04 4.750500000000000000e+04 5.045500000000000000e+04 4.578800000000000000e+04 2.426074852899182588e+01 7.410000000000000000e+02
-9.400000000000000000e+01 2.700000000000000000e+01 1.130000000000000000e+02 4.971600000000000000e+04 4.712700000000000000e+04 5.079900000000000000e+04 4.595600000000000000e+04 2.427315419795922935e+01 7.410000000000000000e+02
-8.700000000000000000e+01 -1.600000000000000000e+01 1.330000000000000000e+02 4.972300000000000000e+04 4.642900000000000000e+04 5.087000000000000000e+04 4.647800000000000000e+04 2.428090628492645919e+01 7.410000000000000000e+02
-9.300000000000000000e+01 4.000000000000000000e+01 1.470000000000000000e+02 4.986500000000000000e+04 4.659200000000000000e+04 5.101200000000000000e+04 4.618100000000000000e+04 2.429099647095426917e+01 7.410000000000000000e+02
