-4.400000000000000000e+01 3.300000000000000000e+01 2.700000000000000000e+01 5.322500000000000000e+04 5.145100000000000000e+04 5.469900000000000000e+04 5.199400000000000000e+04 1.611173319607041776e+01 7.860000000000000000e+02
-3.500000000000000000e+01 -2.700000000000000000e+01 1.700000000000000000e+01 5.329900000000000000e+04 5.149000000000000000e+04 5.453600000000000000e+04 5.196300000000000000e+04 1.612207724305335432e+01 7.860000000000000000e+02
-4.500000000000000000e+01 4.100000000000000000e+01 2.200000000000000000e+01 5.362200000000000000e+04 5.122600000000000000e+04 5.428400000000000000e+04 5.214700000000000000e+04 1.613133892009500414e+01 7.860000000000000000e+02
2.900000000000000000e+01 -3.000000000000000000e+00 2.800000000000000000e+01 5.379500000000000000e+04 5.133000000000000000e+04 5.414700000000000000e+04 5.198800000000000000e+04 1.614231373905204237e+01 7.860000000000000000e+02
3.300000000000000000e+01 4.200000000000000000e+01 2.000000000000000000e+01 5.372300000000000000e+04 5.184300000000000000e+04 5.402400000000000000e+04 5.131600000000000000e+04 1.615177501610014588e+01 7.800000000000000000e+02
7.100000000000000000e+01 7.000000000000000000e+00 1.700000000000000000e+01 5.379100000000000000e+04 5.171900000000000000e+04 5.393800000000000000e+04 5.156900000000000000e+04 1.616156284906901419e+01 7.800000000000000000e+02
5.300000000000000000e+01 8.000000000000000000e+00 2.700000000000000000e+01 5.366500000000000000e+04 5.166200000000000000e+04 5.401100000000000000e+04 5.163200000000000000e+04 1.617188936402089894e+01 7.800000000000000000e+02
3.900000000000000000e+01 -2.600000000000000000e+01 3.000000000000000000e+00 5.323900000000000000e+04 5.223600000000000000e+04 5.445900000000000000e+04 5.097500000000000000e+04 1.618166221503634006e+01 7.800000000000000000e+02
-1.800000000000000000e+01 -4.500000000000000000e+01 3.700000000000000000e+01 5.370300000000000000e+04 5.139200000000000000e+04 5.423400000000000000e+04 5.194100000000000000e+04 1.619407122605480254e+01 7.800000000000000000e+02
-3.000000000000000000e+00 -1.300000000000000000e+01 2.000000000000000000e+01 5.331400000000000000e+04 5.139000000000000000e+04 5.467700000000000000e+04 5.189100000000000000e+04 1.620319246407598257e+01 7.800000000000000000e+02
-3.400000000000000000e+01 -9.400000000000000000e+01 2.400000000000000000e+01 5.342700000000000000e+04 5.204500000000000000e+04 5.481400000000000000e+04 5.160900000000000000e+04 1.621160437003709376e+01 7.780000000000000000e+02
-5.000000000000000000e+01 -2.100000000000000000e+01 3.600000000000000000e+01 5.313200000000000000e+04 5.099200000000000000e+04 5.513400000000000000e+04 5.257200000000000000e+04 1.622219151502940804e+01 7.780000000000000000e+02
-2.400000000000000000e+01 -8.200000000000000000e+01 3.100000000000000000e+01 5.358800000000000000e+04 5.204800000000000000e+04 5.492500000000000000e+04 5.168500000000000000e+04 1.623192141705658287e+01 7.780000000000000000e+02
-3.800000000000000000e+01 -1.500000000000000000e+01 3.100000000000000000e+01 5.329900000000000000e+04 5.177400000000000000e+04 5.521200000000000000e+04 5.196700000000000000e+04 1.624264986405614763e+01 7.780000000000000000e+02
8.000000000000000000e+00 -4.700000000000000000e+01 4.300000000000000000e+01 5.331100000000000000e+04 5.200600000000000000e+04 5.520100000000000000e+04 5.174300000000000000e+04 1.625176627805922180e+01 7.780000000000000000e+02
2.600000000000000000e+01 6.000000000000000000e+00 2.400000000000000000e+01 5.365600000000000000e+04 5.179800000000000000e+04 5.488500000000000000e+04 5.180900000000000000e+04 1.626160433399491012e+01 7.780000000000000000e+02
1.900000000000000000e+01 -1.700000000000000000e+01 3.300000000000000000e+01 5.412400000000000000e+04 5.215400000000000000e+04 5.446000000000000000e+04 5.142200000000000000e+04 1.627221277600619942e+01 7.780000000000000000e+02
4.500000000000000000e+01 1.000000000000000000e+01 4.200000000000000000e+01 5.406100000000000000e+04 5.197200000000000000e+04 5.454500000000000000e+04 5.158700000000000000e+04 1.628193371207453310e+01 7.780000000000000000e+02
5.500000000000000000e+01 2.800000000000000000e+01 2.100000000000000000e+01 5.394900000000000000e+04 5.180500000000000000e+04 5.466400000000000000e+04 5.174400000000000000e+04 1.629262324701994658e+01 7.780000000000000000e+02
1.100000000000000000e+01 -6.000000000000000000e+00 2.300000000000000000e+01 5.402600000000000000e+04 5.182600000000000000e+04 5.476400000000000000e+04 5.189400000000000000e+04 1.630238921905402094e+01 7.780000000000000000e+02
2.100000000000000000e+01 2.800000000000000000e+01 3.300000000000000000e+01 5.388700000000000000e+04 5.184200000000000000e+04 5.495400000000000000e+04 5.195500000000000000e+04 1.631209679401945323e+01 7.770000000000000000e+02
-2.400000000000000000e+01 2.000000000000000000e+00 2.200000000000000000e+01 5.366500000000000000e+04 5.188800000000000000e+04 5.530500000000000000e+04 5.206700000000000000e+04 1.632125951605848968e+01 7.770000000000000000e+02
-7.000000000000000000e+00 -1.300000000000000000e+01 3.200000000000000000e+01 5.360800000000000000e+04 5.160900000000000000e+04 5.538200000000000000e+04 5.232300000000000000e+04 1.633176296006422490e+01 7.770000000000000000e+02
-2.500000000000000000e+01 2.800000000000000000e+01 2.800000000000000000e+01 5.360400000000000000e+04 5.165700000000000000e+04 5.541700000000000000e+04 5.227300000000000000e+04 1.634203047805931419e+01 7.770000000000000000e+02
-4.000000000000000000e+01 1.000000000000000000e+00 2.400000000000000000e+01 5.366400000000000000e+04 5.161100000000000000e+04 5.536900000000000000e+04 5.229300000000000000e+04 1.635125902504660189e+01 7.790000000000000000e+02
-2.200000000000000000e+01 2.400000000000000000e+01 3.500000000000000000e+01 5.365800000000000000e+04 5.160000000000000000e+04 5.505600000000000000e+04 5.185100000000000000e+04 1.636176228709518909e+01 7.790000000000000000e+02
1.100000000000000000e+01 1.000000000000000000e+01 1.200000000000000000e+01 5.386800000000000000e+04 5.156300000000000000e+04 5.484700000000000000e+04 5.187900000000000000e+04 1.637139666907023638e+01 7.790000000000000000e+02
-1.700000000000000000e+01 6.000000000000000000e+00 3.800000000000000000e+01 5.353300000000000000e+04 5.129300000000000000e+04 5.496700000000000000e+04 5.195000000000000000e+04 1.638212093606125563e+01 7.790000000000000000e+02
5.400000000000000000e+01 2.300000000000000000e+01 2.700000000000000000e+01 5.406700000000000000e+04 5.172300000000000000e+04 5.467100000000000000e+04 5.156500000000000000e+04 1.639106710103806108e+01 7.790000000000000000e+02
3.100000000000000000e+01 -5.000000000000000000e+00 2.600000000000000000e+01 5.360300000000000000e+04 5.196100000000000000e+04 5.505300000000000000e+04 5.135100000000000000e+04 1.640170427004341036e+01 7.790000000000000000e+02
5.200000000000000000e+01 2.200000000000000000e+01 2.800000000000000000e+01 5.349600000000000000e+04 5.174000000000000000e+04 5.477600000000000000e+04 5.127000000000000000e+04 1.641147034510504454e+01 7.790000000000000000e+02
8.600000000000000000e+01 2.000000000000000000e+01 1.700000000000000000e+01 5.348000000000000000e+04 5.150800000000000000e+04 5.492200000000000000e+04 5.165300000000000000e+04 1.642229979601688683e+01 7.790000000000000000e+02
3.100000000000000000e+01 4.400000000000000000e+01 1.900000000000000000e+01 5.352200000000000000e+04 5.133800000000000000e+04 5.482200000000000000e+04 5.178500000000000000e+04 1.643205585703253746e+01 7.790000000000000000e+02
1.240000000000000000e+02 4.700000000000000000e+01 1.600000000000000000e+01 5.378500000000000000e+04 5.190800000000000000e+04 5.461300000000000000e+04 5.112300000000000000e+04 1.644168147700838745e+01 7.790000000000000000e+02
7.800000000000000000e+01 4.700000000000000000e+01 1.900000000000000000e+01 5.371800000000000000e+04 5.096900000000000000e+04 5.435200000000000000e+04 5.180800000000000000e+04 1.645213957806117833e+01 7.790000000000000000e+02
3.900000000000000000e+01 3.900000000000000000e+01 1.100000000000000000e+01 5.361000000000000000e+04 5.096900000000000000e+04 5.453800000000000000e+04 5.172700000000000000e+04 1.646092050103470683e+01 7.790000000000000000e+02
6.900000000000000000e+01 7.000000000000000000e+01 2.900000000000000000e+01 5.373600000000000000e+04 5.093100000000000000e+04 5.418800000000000000e+04 5.161900000000000000e+04 1.647173032700084150e+01 7.790000000000000000e+02
6.400000000000000000e+01 4.900000000000000000e+01 5.000000000000000000e+00 5.332400000000000000e+04 5.134100000000000000e+04 5.460400000000000000e+04 5.117300000000000000e+04 1.648138437105808407e+01 7.790000000000000000e+02
1.800000000000000000e+01 2.900000000000000000e+01 1.700000000000000000e+01 5.350100000000000000e+04 5.094500000000000000e+04 5.447700000000000000e+04 5.158500000000000000e+04 1.649132418306544423e+01 7.790000000000000000e+02
3.600000000000000000e+01 5.200000000000000000e+01 2.500000000000000000e+01 5.376100000000000000e+04 5.144600000000000000e+04 5.439000000000000000e+04 5.126400000000000000e+04 1.650198813108727336e+01 7.790000000000000000e+02
4.500000000000000000e+01 3.300000000000000000e+01 1.000000000000000000e+01 5.401200000000000000e+04 5.091900000000000000e+04 5.434100000000000000e+04 5.205600000000000000e+04 1.651116442505735904e+01 7.760000000000000000e+02
-2.700000000000000000e+01 7.000000000000000000e+00 1.600000000000000000e+01 5.373900000000000000e+04 5.106900000000000000e+04 5.463900000000000000e+04 5.189300000000000000e+04 1.652210051508154720e+01 7.760000000000000000e+02
2.300000000000000000e+01 -7.000000000000000000e+00 1.200000000000000000e+01 5.349700000000000000e+04 5.156800000000000000e+04 5.508700000000000000e+04 5.151600000000000000e+04 1.653113076603040099e+01 7.760000000000000000e+02
-1.300000000000000000e+01 -7.000000000000000000e+01 1.800000000000000000e+01 5.304100000000000000e+04 5.133300000000000000e+04 5.547800000000000000e+04 5.177600000000000000e+04 1.654161889106035233e+01 7.760000000000000000e+02
-2.200000000000000000e+01 -3.100000000000000000e+01 2.600000000000000000e+01 5.342000000000000000e+04 5.132000000000000000e+04 5.523300000000000000e+04 5.171200000000000000e+04 1.655226695106830448e+01 7.790000000000000000e+02
2.400000000000000000e+01 -6.300000000000000000e+01 2.000000000000000000e+01 5.385600000000000000e+04 5.125400000000000000e+04 5.452300000000000000e+04 5.147300000000000000e+04 1.656126138602849096e+01 7.790000000000000000e+02
-7.000000000000000000e+00 -2.600000000000000000e+01 2.100000000000000000e+01 5.335200000000000000e+04 5.097600000000000000e+04 5.506400000000000000e+04 5.164600000000000000e+04 1.657160861801821738e+01 7.790000000000000000e+02
1.000000000000000000e+01 -7.700000000000000000e+01 2.700000000000000000e+01 5.350900000000000000e+04 5.150600000000000000e+04 5.489000000000000000e+04 5.117600000000000000e+04 1.658207214507274330e+01 7.790000000000000000e+02
3.100000000000000000e+01 -1.300000000000000000e+01 2.500000000000000000e+01 5.359500000000000000e+04 5.153200000000000000e+04 5.486600000000000000e+04 5.106700000000000000e+04 1.659150310908444226e+01 7.790000000000000000e+02
5.000000000000000000e+01 -3.400000000000000000e+01 1.800000000000000000e+01 5.395500000000000000e+04 5.162800000000000000e+04 5.448500000000000000e+04 5.100700000000000000e+04 1.660230575909372419e+01 7.790000000000000000e+02
1.500000000000000000e+01 -3.100000000000000000e+01 3.100000000000000000e+01 5.343800000000000000e+04 5.140500000000000000e+04 5.489600000000000000e+04 5.102500000000000000e+04 1.661232128809206188e+01 7.790000000000000000e+02
5.700000000000000000e+01 0.000000000000000000e+00 2.800000000000000000e+01 5.327400000000000000e+04 5.097300000000000000e+04 5.526400000000000000e+04 5.161300000000000000e+04 1.662265373207628727e+01 7.790000000000000000e+02
1.300000000000000000e+01 -2.800000000000000000e+01 3.300000000000000000e+01 5.385000000000000000e+04 5.115900000000000000e+04 5.476600000000000000e+04 5.143200000000000000e+04 1.663233589299488813e+01 7.790000000000000000e+02
4.000000000000000000e+01 4.000000000000000000e+01 3.500000000000000000e+01 5.359700000000000000e+04 5.066500000000000000e+04 5.499900000000000000e+04 5.186700000000000000e+04 1.664312715700361878e+01 7.790000000000000000e+02
1.700000000000000000e+01 -1.200000000000000000e+01 2.400000000000000000e+01 5.347200000000000000e+04 5.070200000000000000e+04 5.517700000000000000e+04 5.200800000000000000e+04 1.665125717408955097e+01 7.770000000000000000e+02
4.000000000000000000e+00 1.900000000000000000e+01 2.200000000000000000e+01 5.393500000000000000e+04 5.103800000000000000e+04 5.470400000000000000e+04 5.142100000000000000e+04 1.666279444203246385e+01 7.770000000000000000e+02
5.500000000000000000e+01 1.000000000000000000e+01 4.400000000000000000e+01 5.336800000000000000e+04 5.114600000000000000e+04 5.521100000000000000e+04 5.137600000000000000e+04 1.667129518208093941e+01 7.770000000000000000e+02
1.700000000000000000e+01 -2.900000000000000000e+01 2.000000000000000000e+01 5.349600000000000000e+04 5.096800000000000000e+04 5.503500000000000000e+04 5.129500000000000000e+04 1.668163715407717973e+01 7.770000000000000000e+02
5.000000000000000000e+00 -1.000000000000000000e+01 5.600000000000000000e+01 5.365800000000000000e+04 5.078700000000000000e+04 5.510400000000000000e+04 5.157300000000000000e+04 1.669141601503361017e+01 7.770000000000000000e+02
-1.100000000000000000e+01 2.400000000000000000e+01 4.400000000000000000e+01 5.369200000000000000e+04 5.085900000000000000e+04 5.521100000000000000e+04 5.143900000000000000e+04 1.670128277502954006e+01 7.770000000000000000e+02
-2.100000000000000000e+01 -4.100000000000000000e+01 5.000000000000000000e+01 5.353100000000000000e+04 5.067400000000000000e+04 5.506700000000000000e+04 5.123300000000000000e+04 1.671107978909276426e+01 7.810000000000000000e+02
3.000000000000000000e+00 3.800000000000000000e+01 3.700000000000000000e+01 5.378900000000000000e+04 5.024100000000000000e+04 5.502800000000000000e+04 5.182000000000000000e+04 1.672097698203288019e+01 7.810000000000000000e+02
-1.000000000000000000e+00 -2.500000000000000000e+01 3.600000000000000000e+01 5.364700000000000000e+04 5.072700000000000000e+04 5.512200000000000000e+04 5.147400000000000000e+04 1.673136497510131449e+01 7.810000000000000000e+02
1.800000000000000000e+01 -2.800000000000000000e+01 4.300000000000000000e+01 5.387600000000000000e+04 5.105700000000000000e+04 5.492800000000000000e+04 5.114100000000000000e+04 1.674181280203629285e+01 7.810000000000000000e+02
4.900000000000000000e+01 -3.500000000000000000e+01 3.700000000000000000e+01 5.374500000000000000e+04 5.096900000000000000e+04 5.507000000000000000e+04 5.122200000000000000e+04 1.675122052500955760e+01 7.770000000000000000e+02
3.300000000000000000e+01 -9.500000000000000000e+01 2.800000000000000000e+01 5.376900000000000000e+04 5.161900000000000000e+04 5.509200000000000000e+04 5.050100000000000000e+04 1.676190184906590730e+01 7.770000000000000000e+02
5.400000000000000000e+01 -5.600000000000000000e+01 4.200000000000000000e+01 5.353100000000000000e+04 5.141700000000000000e+04 5.534600000000000000e+04 5.077300000000000000e+04 1.677088890806771815e+01 7.770000000000000000e+02
6.300000000000000000e+01 -1.020000000000000000e+02 3.500000000000000000e+01 5.372100000000000000e+04 5.136600000000000000e+04 5.518200000000000000e+04 5.084900000000000000e+04 1.678095781209412962e+01 7.770000000000000000e+02
6.000000000000000000e+00 -3.500000000000000000e+01 1.200000000000000000e+01 5.349300000000000000e+04 5.137300000000000000e+04 5.536800000000000000e+04 5.092400000000000000e+04 1.679246525000780821e+01 7.770000000000000000e+02
4.500000000000000000e+01 -4.500000000000000000e+01 3.300000000000000000e+01 5.370300000000000000e+04 5.142600000000000000e+04 5.517400000000000000e+04 5.089800000000000000e+04 1.680233803205192089e+01 7.770000000000000000e+02
3.700000000000000000e+01 -3.100000000000000000e+01 2.400000000000000000e+01 5.377100000000000000e+04 5.120400000000000000e+04 5.510100000000000000e+04 5.105500000000000000e+04 1.681210931902751327e+01 7.800000000000000000e+02
4.000000000000000000e+00 -2.400000000000000000e+01 2.900000000000000000e+01 5.371900000000000000e+04 5.127100000000000000e+04 5.524400000000000000e+04 5.089800000000000000e+04 1.682214385108090937e+01 7.800000000000000000e+02
2.600000000000000000e+01 -1.100000000000000000e+01 3.600000000000000000e+01 5.402700000000000000e+04 5.110500000000000000e+04 5.503500000000000000e+04 5.102100000000000000e+04 1.683114669902715832e+01 7.800000000000000000e+02
4.700000000000000000e+01 2.400000000000000000e+01 2.400000000000000000e+01 5.407300000000000000e+04 5.115000000000000000e+04 5.502500000000000000e+04 5.101700000000000000e+04 1.684174327703658491e+01 7.800000000000000000e+02
-4.000000000000000000e+00 2.900000000000000000e+01 3.700000000000000000e+01 5.424900000000000000e+04 5.070700000000000000e+04 5.491500000000000000e+04 5.149700000000000000e+04 1.685184910509269685e+01 7.780000000000000000e+02
1.500000000000000000e+01 4.700000000000000000e+01 3.500000000000000000e+01 5.392200000000000000e+04 5.073500000000000000e+04 5.510700000000000000e+04 5.126000000000000000e+04 1.686157085606828332e+01 7.780000000000000000e+02
2.200000000000000000e+01 5.300000000000000000e+01 4.100000000000000000e+01 5.424800000000000000e+04 5.084100000000000000e+04 5.484000000000000000e+04 5.110900000000000000e+04 1.687241784902289510e+01 7.780000000000000000e+02
1.200000000000000000e+01 3.200000000000000000e+01 3.300000000000000000e+01 5.411500000000000000e+04 5.110800000000000000e+04 5.500800000000000000e+04 5.092600000000000000e+04 1.688132574502378702e+01 7.780000000000000000e+02
2.800000000000000000e+01 2.000000000000000000e+01 4.100000000000000000e+01 5.375700000000000000e+04 5.086100000000000000e+04 5.541900000000000000e+04 5.116400000000000000e+04 1.689103190007153898e+01 7.780000000000000000e+02
-1.300000000000000000e+01 3.400000000000000000e+01 3.500000000000000000e+01 5.404700000000000000e+04 5.074300000000000000e+04 5.519600000000000000e+04 5.125200000000000000e+04 1.690083402208983898e+01 7.780000000000000000e+02
-1.300000000000000000e+01 2.500000000000000000e+01 2.700000000000000000e+01 5.393500000000000000e+04 5.092100000000000000e+04 5.532100000000000000e+04 5.102700000000000000e+04 1.691070951009169221e+01 7.800000000000000000e+02
0.000000000000000000e+00 4.100000000000000000e+01 5.200000000000000000e+01 5.451100000000000000e+04 5.052800000000000000e+04 5.541000000000000000e+04 5.061200000000000000e+04 1.692188292299397290e+01 7.800000000000000000e+02
-7.000000000000000000e+00 3.300000000000000000e+01 2.700000000000000000e+01 5.430900000000000000e+04 5.042000000000000000e+04 5.512300000000000000e+04 5.154100000000000000e+04 1.693096819508355111e+01 7.800000000000000000e+02
-3.800000000000000000e+01 1.600000000000000000e+01 3.500000000000000000e+01 5.401700000000000000e+04 5.037300000000000000e+04 5.542900000000000000e+04 5.159900000000000000e+04 1.694148897810373455e+01 7.800000000000000000e+02
1.100000000000000000e+01 2.200000000000000000e+01 4.900000000000000000e+01 5.435400000000000000e+04 5.078800000000000000e+04 5.515300000000000000e+04 5.109000000000000000e+04 1.695221511705312878e+01 7.790000000000000000e+02
2.600000000000000000e+01 2.400000000000000000e+01 3.400000000000000000e+01 5.426000000000000000e+04 5.035100000000000000e+04 5.507300000000000000e+04 5.138000000000000000e+04 1.696123896504286677e+01 7.790000000000000000e+02
-2.600000000000000000e+01 0.000000000000000000e+00 4.000000000000000000e+01 5.435400000000000000e+04 5.047700000000000000e+04 5.506200000000000000e+04 5.119600000000000000e+04 1.697183765203226358e+01 7.790000000000000000e+02
-3.000000000000000000e+01 4.500000000000000000e+01 4.600000000000000000e+01 5.429300000000000000e+04 4.985100000000000000e+04 5.493700000000000000e+04 5.165200000000000000e+04 1.698167758004274219e+01 7.790000000000000000e+02
5.000000000000000000e+00 4.100000000000000000e+01 4.500000000000000000e+01 5.485000000000000000e+04 4.993600000000000000e+04 5.465000000000000000e+04 5.172500000000000000e+04 1.699074217199813575e+01 7.790000000000000000e+02
-7.000000000000000000e+01 8.500000000000000000e+01 1.400000000000000000e+01 5.445000000000000000e+04 4.930600000000000000e+04 5.497600000000000000e+04 5.245200000000000000e+04 1.700143985706381500e+01 7.790000000000000000e+02
-1.400000000000000000e+01 5.500000000000000000e+01 1.500000000000000000e+01 5.460000000000000000e+04 5.058100000000000000e+04 5.493800000000000000e+04 5.164300000000000000e+04 1.701127094705589116e+01 7.760000000000000000e+02
-2.000000000000000000e+00 -2.000000000000000000e+00 3.700000000000000000e+01 5.442700000000000000e+04 5.060700000000000000e+04 5.534200000000000000e+04 5.170100000000000000e+04 1.702108166902326047e+01 7.760000000000000000e+02
8.000000000000000000e+00 -3.800000000000000000e+01 1.800000000000000000e+01 5.439500000000000000e+04 5.106800000000000000e+04 5.547000000000000000e+04 5.124100000000000000e+04 1.703116749704349786e+01 7.760000000000000000e+02
4.000000000000000000e+00 -1.050000000000000000e+02 3.900000000000000000e+01 5.412900000000000000e+04 5.112100000000000000e+04 5.581300000000000000e+04 5.106900000000000000e+04 1.704085714800748974e+01 7.760000000000000000e+02
3.300000000000000000e+01 -8.300000000000000000e+01 2.100000000000000000e+01 5.432300000000000000e+04 5.146600000000000000e+04 5.547900000000000000e+04 5.050900000000000000e+04 1.705121874902397394e+01 7.780000000000000000e+02
3.000000000000000000e+00 -7.500000000000000000e+01 2.800000000000000000e+01 5.442900000000000000e+04 5.128800000000000000e+04 5.518900000000000000e+04 5.053200000000000000e+04 1.706148126407060772e+01 7.780000000000000000e+02
1.000000000000000000e+01 -3.300000000000000000e+01 3.500000000000000000e+01 5.431100000000000000e+04 5.069700000000000000e+04 5.535800000000000000e+04 5.108600000000000000e+04 1.707277518103364855e+01 7.780000000000000000e+02
-6.100000000000000000e+01 5.300000000000000000e+01 3.000000000000000000e+01 5.462000000000000000e+04 4.949000000000000000e+04 5.511500000000000000e+04 5.219900000000000000e+04 1.708114976703654975e+01 7.780000000000000000e+02
-1.140000000000000000e+02 1.100000000000000000e+02 6.000000000000000000e+00 5.432800000000000000e+04 4.916900000000000000e+04 5.523900000000000000e+04 5.264100000000000000e+04 1.709048914199229330e+01 7.780000000000000000e+02
-1.020000000000000000e+02 1.580000000000000000e+02 -8.000000000000000000e+00 5.453800000000000000e+04 4.922700000000000000e+04 5.499600000000000000e+04 5.262900000000000000e+04 1.710092627804260701e+01 7.780000000000000000e+02
-4.100000000000000000e+01 1.790000000000000000e+02 -2.000000000000000000e+00 5.473000000000000000e+04 4.937900000000000000e+04 5.477400000000000000e+04 5.251400000000000000e+04 1.711082644609268755e+01 4.330000000000000000e+02
-1.100000000000000000e+01 1.460000000000000000e+02 -2.000000000000000000e+00 5.511100000000000000e+04 4.985600000000000000e+04 5.442100000000000000e+04 5.203600000000000000e+04 1.712220349500421435e+01 4.330000000000000000e+02
-1.300000000000000000e+01 8.500000000000000000e+01 5.000000000000000000e+00 5.459100000000000000e+04 5.012400000000000000e+04 5.490600000000000000e+04 5.180300000000000000e+04 1.713126184407155961e+01 4.330000000000000000e+02
-1.900000000000000000e+01 1.500000000000000000e+01 -9.000000000000000000e+00 5.394600000000000000e+04 5.022000000000000000e+04 5.544000000000000000e+04 5.179900000000000000e+04 1.714114702108781785e+01 4.330000000000000000e+02
3.900000000000000000e+01 -3.300000000000000000e+01 -5.000000000000000000e+00 5.434200000000000000e+04 5.124800000000000000e+04 5.506100000000000000e+04 5.072700000000000000e+04 1.715122248709667474e+01 0.000000000000000000e+00
5.900000000000000000e+01 -7.600000000000000000e+01 -1.500000000000000000e+01 5.525000000000000000e+04 5.269100000000000000e+04 5.617500000000000000e+04 5.189300000000000000e+04 1.716091766906902194e+01 0.000000000000000000e+00
6.300000000000000000e+01 -6.800000000000000000e+01 4.000000000000000000e+00 5.561900000000000000e+04 5.276000000000000000e+04 5.603300000000000000e+04 5.194000000000000000e+04 1.717146824009250849e+01 0.000000000000000000e+00
4.800000000000000000e+01 -6.300000000000000000e+01 2.600000000000000000e+01 5.597600000000000000e+04 5.199200000000000000e+04 5.620200000000000000e+04 5.284900000000000000e+04 1.718100280303042382e+01 0.000000000000000000e+00
2.200000000000000000e+01 -7.700000000000000000e+01 9.000000000000000000e+00 5.613600000000000000e+04 5.244700000000000000e+04 5.604900000000000000e+04 5.238400000000000000e+04 1.719190327508840710e+01 0.000000000000000000e+00
-4.800000000000000000e+01 -1.030000000000000000e+02 2.700000000000000000e+01 5.563700000000000000e+04 5.258800000000000000e+04 5.673300000000000000e+04 5.237500000000000000e+04 1.720077817200217396e+01 0.000000000000000000e+00
-9.100000000000000000e+01 -8.100000000000000000e+01 1.900000000000000000e+01 5.494600000000000000e+04 5.202000000000000000e+04 5.753200000000000000e+04 5.304100000000000000e+04 1.721068989706691355e+01 1.200000000000000000e+01
-2.190000000000000000e+02 -7.700000000000000000e+01 -1.100000000000000000e+01 5.517500000000000000e+04 5.105300000000000000e+04 5.733100000000000000e+04 5.429400000000000000e+04 1.722270514804404229e+01 1.200000000000000000e+01
-3.080000000000000000e+02 -4.500000000000000000e+01 -1.800000000000000000e+01 5.478400000000000000e+04 5.061000000000000000e+04 5.760700000000000000e+04 5.469800000000000000e+04 1.723072149907238781e+01 1.200000000000000000e+01
-2.520000000000000000e+02 -8.100000000000000000e+01 -9.000000000000000000e+00 5.471200000000000000e+04 5.240100000000000000e+04 5.758000000000000000e+04 5.305300000000000000e+04 1.724183186201844364e+01 1.200000000000000000e+01
-2.120000000000000000e+02 -1.060000000000000000e+02 1.700000000000000000e+01 5.421500000000000000e+04 5.239900000000000000e+04 5.761600000000000000e+04 5.226800000000000000e+04 1.725335297209676355e+01 1.500000000000000000e+01
-1.800000000000000000e+02 -9.200000000000000000e+01 -3.000000000000000000e+00 5.426600000000000000e+04 5.134300000000000000e+04 5.738300000000000000e+04 5.291800000000000000e+04 1.726350252400152385e+01 1.500000000000000000e+01
-1.000000000000000000e+02 4.800000000000000000e+01 2.000000000000000000e+00 5.541900000000000000e+04 5.144700000000000000e+04 5.606200000000000000e+04 5.263500000000000000e+04 1.727337434899527580e+01 1.500000000000000000e+01
-4.500000000000000000e+01 6.900000000000000000e+01 -5.000000000000000000e+00 5.511100000000000000e+04 5.155500000000000000e+04 5.596700000000000000e+04 5.232000000000000000e+04 1.728266006009653211e+01 1.500000000000000000e+01
3.000000000000000000e+00 1.140000000000000000e+02 -3.000000000000000000e+01 5.544100000000000000e+04 5.172700000000000000e+04 5.540500000000000000e+04 5.216100000000000000e+04 1.729124260705430061e+01 1.500000000000000000e+01
3.500000000000000000e+01 1.830000000000000000e+02 -1.800000000000000000e+01 5.584700000000000000e+04 5.141600000000000000e+04 5.493100000000000000e+04 5.221900000000000000e+04 1.730217340704984963e+01 1.500000000000000000e+01
7.000000000000000000e+01 1.570000000000000000e+02 -1.300000000000000000e+01 5.541600000000000000e+04 5.128500000000000000e+04 5.484400000000000000e+04 5.161000000000000000e+04 1.731301846599671990e+01 1.600000000000000000e+01
8.700000000000000000e+01 2.060000000000000000e+02 -2.100000000000000000e+01 5.543500000000000000e+04 5.126100000000000000e+04 5.473000000000000000e+04 5.151400000000000000e+04 1.732208684703800827e+01 1.600000000000000000e+01
6.400000000000000000e+01 9.700000000000000000e+01 -1.300000000000000000e+01 5.625800000000000000e+04 4.877500000000000000e+04 5.321400000000000000e+04 5.373300000000000000e+04 1.733216637501027435e+01 1.600000000000000000e+01
4.000000000000000000e+00 8.100000000000000000e+01 -1.500000000000000000e+01 5.469300000000000000e+04 5.148400000000000000e+04 5.484100000000000000e+04 5.076900000000000000e+04 1.734437187609728426e+01 1.600000000000000000e+01
-2.600000000000000000e+01 3.600000000000000000e+01 -9.000000000000000000e+00 5.347700000000000000e+04 5.080200000000000000e+04 5.558000000000000000e+04 5.161700000000000000e+04 1.735226264107041061e+01 1.900000000000000000e+01
-7.700000000000000000e+01 3.400000000000000000e+01 -3.300000000000000000e+01 5.311000000000000000e+04 4.985800000000000000e+04 5.545600000000000000e+04 5.162000000000000000e+04 1.736164281703531742e+01 1.900000000000000000e+01
-1.100000000000000000e+02 9.100000000000000000e+01 -5.300000000000000000e+01 5.276400000000000000e+04 4.930400000000000000e+04 5.493100000000000000e+04 5.253200000000000000e+04 1.737440479209180921e+01 1.900000000000000000e+01
-8.300000000000000000e+01 8.400000000000000000e+01 -5.200000000000000000e+01 5.289600000000000000e+04 4.893700000000000000e+04 5.480000000000000000e+04 5.194700000000000000e+04 1.738247511303052306e+01 1.900000000000000000e+01
-2.000000000000000000e+01 1.340000000000000000e+02 -5.100000000000000000e+01 5.185900000000000000e+04 5.218400000000000000e+04 5.479400000000000000e+04 4.960500000000000000e+04 1.739285394805483520e+01 1.900000000000000000e+01
2.400000000000000000e+01 1.220000000000000000e+02 -5.900000000000000000e+01 5.175200000000000000e+04 4.873900000000000000e+04 5.464800000000000000e+04 5.295300000000000000e+04 1.740155105001758784e+01 1.900000000000000000e+01
6.500000000000000000e+01 1.070000000000000000e+02 -4.700000000000000000e+01 5.191000000000000000e+04 4.933900000000000000e+04 5.361900000000000000e+04 5.159200000000000000e+04 1.741150506504345685e+01 2.600000000000000000e+01
1.190000000000000000e+02 2.000000000000000000e+01 -6.500000000000000000e+01 5.576000000000000000e+04 5.438800000000000000e+04 4.919600000000000000e+04 4.539600000000000000e+04 1.742274841410107911e+01 2.600000000000000000e+01
1.610000000000000000e+02 1.500000000000000000e+01 -7.800000000000000000e+01 5.291300000000000000e+04 5.161900000000000000e+04 5.215000000000000000e+04 4.915300000000000000e+04 1.743093297106679529e+01 2.600000000000000000e+01
2.070000000000000000e+02 3.100000000000000000e+01 -7.100000000000000000e+01 5.380400000000000000e+04 5.179100000000000000e+04 5.057100000000000000e+04 4.900500000000000000e+04 1.744073741510510445e+01 2.600000000000000000e+01
1.130000000000000000e+02 1.700000000000000000e+01 -7.500000000000000000e+01 5.151100000000000000e+04 5.303900000000000000e+04 5.243700000000000000e+04 4.676200000000000000e+04 1.745139091101009399e+01 3.000000000000000000e+01
6.800000000000000000e+01 5.800000000000000000e+01 -6.400000000000000000e+01 5.127700000000000000e+04 4.863600000000000000e+04 5.250100000000000000e+04 5.108200000000000000e+04 1.746106639504432678e+01 3.000000000000000000e+01
3.800000000000000000e+01 7.200000000000000000e+01 -5.600000000000000000e+01 4.994400000000000000e+04 5.497700000000000000e+04 5.348000000000000000e+04 4.252400000000000000e+04 1.747414403303992003e+01 3.000000000000000000e+01
-2.900000000000000000e+01 5.300000000000000000e+01 -6.800000000000000000e+01 5.048200000000000000e+04 4.939100000000000000e+04 5.286500000000000000e+04 4.975000000000000000e+04 1.748125226004049182e+01 3.000000000000000000e+01
-7.200000000000000000e+01 7.700000000000000000e+01 -5.900000000000000000e+01 5.263500000000000000e+04 5.217900000000000000e+04 5.054200000000000000e+04 4.676200000000000000e+04 1.749198367202188820e+01 3.000000000000000000e+01
-9.300000000000000000e+01 1.150000000000000000e+02 -6.000000000000000000e+01 4.813200000000000000e+04 4.892000000000000000e+04 5.459600000000000000e+04 5.025900000000000000e+04 1.750215297110844404e+01 3.000000000000000000e+01
-1.910000000000000000e+02 1.910000000000000000e+02 -6.000000000000000000e+01 5.040400000000000000e+04 4.818300000000000000e+04 5.258400000000000000e+04 5.051700000000000000e+04 1.751160171208903193e+01 3.500000000000000000e+01
-1.630000000000000000e+02 3.160000000000000000e+02 -6.900000000000000000e+01 4.966800000000000000e+04 3.674600000000000000e+04 5.321700000000000000e+04 5.779600000000000000e+04 1.752092997205909342e+01 3.500000000000000000e+01
-9.800000000000000000e+01 3.520000000000000000e+02 -5.800000000000000000e+01 5.291200000000000000e+04 4.454400000000000000e+04 4.983400000000000000e+04 5.379900000000000000e+04 1.753273131803143770e+01 3.500000000000000000e+01
4.000000000000000000e+00 3.150000000000000000e+02 -5.300000000000000000e+01 5.235100000000000000e+04 4.645900000000000000e+04 5.055000000000000000e+04 5.237900000000000000e+04 1.754110630601644516e+01 3.500000000000000000e+01
9.200000000000000000e+01 2.250000000000000000e+02 -6.600000000000000000e+01 5.291100000000000000e+04 4.835900000000000000e+04 4.958700000000000000e+04 5.051100000000000000e+04 1.755000460601877421e+01 4.000000000000000000e+01
1.540000000000000000e+02 1.050000000000000000e+02 -7.700000000000000000e+01 5.216500000000000000e+04 4.921600000000000000e+04 4.991600000000000000e+04 4.993100000000000000e+04 1.756095949606969953e+01 4.000000000000000000e+01
2.390000000000000000e+02 2.800000000000000000e+01 -9.000000000000000000e+01 5.166100000000000000e+04 4.838000000000000000e+04 5.138400000000000000e+04 4.937600000000000000e+04 1.757139844109769911e+01 4.000000000000000000e+01
3.090000000000000000e+02 -1.180000000000000000e+02 -1.140000000000000000e+02 5.232800000000000000e+04 5.121600000000000000e+04 5.052100000000000000e+04 4.656100000000000000e+04 1.758145150006748736e+01 4.000000000000000000e+01
3.590000000000000000e+02 -1.560000000000000000e+02 -1.040000000000000000e+02 5.097500000000000000e+04 5.270100000000000000e+04 5.190000000000000000e+04 4.486300000000000000e+04 1.759056861407589167e+01 4.000000000000000000e+01
3.040000000000000000e+02 -2.120000000000000000e+02 -8.600000000000000000e+01 5.490700000000000000e+04 5.370900000000000000e+04 4.773300000000000000e+04 4.318000000000000000e+04 1.760152570204809308e+01 4.000000000000000000e+01
1.900000000000000000e+02 -1.850000000000000000e+02 -8.000000000000000000e+01 5.099500000000000000e+04 5.351800000000000000e+04 5.174100000000000000e+04 4.349400000000000000e+04 1.761146896204445511e+01 4.800000000000000000e+01
4.000000000000000000e+00 -1.440000000000000000e+02 -8.700000000000000000e+01 4.897700000000000000e+04 4.501300000000000000e+04 5.359600000000000000e+04 5.278100000000000000e+04 1.762067226902581751e+01 4.800000000000000000e+01
-1.970000000000000000e+02 -5.500000000000000000e+01 -7.700000000000000000e+01 5.022500000000000000e+04 5.032400000000000000e+04 5.271500000000000000e+04 4.800300000000000000e+04 1.763145766209345311e+01 4.800000000000000000e+01
-3.170000000000000000e+02 -4.400000000000000000e+01 -8.700000000000000000e+01 5.197800000000000000e+04 4.897600000000000000e+04 5.124900000000000000e+04 4.947700000000000000e+04 1.764162227301858366e+01 4.800000000000000000e+01
-3.720000000000000000e+02 -5.200000000000000000e+01 -1.000000000000000000e+02 4.728500000000000000e+04 4.954700000000000000e+04 5.504900000000000000e+04 4.922500000000000000e+04 1.765111878700554371e+01 4.700000000000000000e+01
-3.150000000000000000e+02 -3.600000000000000000e+01 -1.040000000000000000e+02 4.814500000000000000e+04 4.655100000000000000e+04 5.432500000000000000e+04 5.240900000000000000e+04 1.766175836708862334e+01 4.700000000000000000e+01
-2.680000000000000000e+02 -3.700000000000000000e+01 -1.100000000000000000e+02 4.919700000000000000e+04 4.685000000000000000e+04 5.369600000000000000e+04 5.230200000000000000e+04 1.767145904805511236e+01 4.700000000000000000e+01
-1.280000000000000000e+02 2.600000000000000000e+01 -9.700000000000000000e+01 5.127900000000000000e+04 4.952700000000000000e+04 5.202400000000000000e+04 5.000800000000000000e+04 1.768034183606505394e+01 4.700000000000000000e+01
1.700000000000000000e+01 8.300000000000000000e+01 -8.300000000000000000e+01 5.067000000000000000e+04 5.127900000000000000e+04 5.292100000000000000e+04 4.842000000000000000e+04 1.769078898802399635e+01 4.700000000000000000e+01
1.370000000000000000e+02 1.770000000000000000e+02 -6.500000000000000000e+01 5.383900000000000000e+04 5.075100000000000000e+04 4.986800000000000000e+04 4.901100000000000000e+04 1.770210994710214436e+01 4.700000000000000000e+01
2.510000000000000000e+02 2.810000000000000000e+02 -5.400000000000000000e+01 5.566800000000000000e+04 4.819900000000000000e+04 4.800200000000000000e+04 5.186100000000000000e+04 1.771292778104543686e+01 4.800000000000000000e+01
3.320000000000000000e+02 3.090000000000000000e+02 -2.800000000000000000e+01 5.436800000000000000e+04 5.180600000000000000e+04 5.006700000000000000e+04 4.821600000000000000e+04 1.772312717500608414e+01 4.800000000000000000e+01
2.910000000000000000e+02 2.710000000000000000e+02 -9.000000000000000000e+00 5.595000000000000000e+04 4.946500000000000000e+04 4.840400000000000000e+04 5.080500000000000000e+04 1.773087778303306550e+01 4.800000000000000000e+01
1.660000000000000000e+02 1.670000000000000000e+02 2.600000000000000000e+01 5.310800000000000000e+04 5.087000000000000000e+04 5.235000000000000000e+04 4.927300000000000000e+04 1.774232545599807054e+01 4.800000000000000000e+01
1.600000000000000000e+01 1.500000000000000000e+01 3.500000000000000000e+01 5.343500000000000000e+04 5.100400000000000000e+04 5.264800000000000000e+04 4.939800000000000000e+04 1.775115221808664501e+01 4.600000000000000000e+01
-1.470000000000000000e+02 -9.500000000000000000e+01 4.300000000000000000e+01 5.234100000000000000e+04 4.941600000000000000e+04 5.398100000000000000e+04 5.104300000000000000e+04 1.776064818107988685e+01 4.600000000000000000e+01
-2.450000000000000000e+02 -1.780000000000000000e+02 3.400000000000000000e+01 5.096500000000000000e+04 5.131200000000000000e+04 5.530000000000000000e+04 4.931000000000000000e+04 1.777151168405544013e+01 4.600000000000000000e+01
-3.260000000000000000e+02 -2.030000000000000000e+02 3.800000000000000000e+01 4.929900000000000000e+04 4.830500000000000000e+04 5.656600000000000000e+04 5.233500000000000000e+04 1.778056983300484717e+01 4.600000000000000000e+01
-3.750000000000000000e+02 -1.950000000000000000e+02 4.700000000000000000e+01 4.902200000000000000e+04 4.803600000000000000e+04 5.705200000000000000e+04 5.265500000000000000e+04 1.779091901099309325e+01 4.600000000000000000e+01
-3.680000000000000000e+02 -2.300000000000000000e+02 4.000000000000000000e+01 4.973500000000000000e+04 5.015800000000000000e+04 5.660100000000000000e+04 5.094800000000000000e+04 1.780020638706628233e+01 4.600000000000000000e+01
-2.860000000000000000e+02 -2.530000000000000000e+02 2.900000000000000000e+01 4.957200000000000000e+04 4.970400000000000000e+04 5.672300000000000000e+04 5.162000000000000000e+04 1.781219133303966373e+01 4.800000000000000000e+01
-1.720000000000000000e+02 -2.750000000000000000e+02 2.700000000000000000e+01 5.062700000000000000e+04 5.180300000000000000e+04 5.626900000000000000e+04 4.966600000000000000e+04 1.782187374401837587e+01 4.800000000000000000e+01
-1.100000000000000000e+01 -1.760000000000000000e+02 1.800000000000000000e+01 4.653400000000000000e+04 4.531700000000000000e+04 5.862100000000000000e+04 5.536300000000000000e+04 1.783117745700292289e+01 4.800000000000000000e+01
1.330000000000000000e+02 -7.700000000000000000e+01 3.300000000000000000e+01 5.284400000000000000e+04 5.023000000000000000e+04 5.457100000000000000e+04 5.143200000000000000e+04 1.784130277310032398e+01 4.800000000000000000e+01
3.580000000000000000e+02 7.400000000000000000e+01 2.900000000000000000e+01 5.606100000000000000e+04 5.370300000000000000e+04 5.155700000000000000e+04 4.818400000000000000e+04 1.785158711706753820e+01 4.100000000000000000e+01
5.470000000000000000e+02 2.220000000000000000e+02 2.600000000000000000e+01 5.498800000000000000e+04 5.037000000000000000e+04 5.280300000000000000e+04 5.172100000000000000e+04 1.786081893509253860e+01 4.100000000000000000e+01
5.410000000000000000e+02 2.760000000000000000e+02 2.400000000000000000e+01 5.623100000000000000e+04 4.784500000000000000e+04 5.127100000000000000e+04 5.398600000000000000e+04 1.787323335499968380e+01 4.100000000000000000e+01
5.090000000000000000e+02 2.770000000000000000e+02 1.500000000000000000e+01 5.607000000000000000e+04 5.135100000000000000e+04 5.147500000000000000e+04 5.095800000000000000e+04 1.790253200603183359e+01 4.100000000000000000e+01
4.120000000000000000e+02 2.360000000000000000e+02 4.200000000000000000e+01 5.665400000000000000e+04 5.190600000000000000e+04 5.100500000000000000e+04 5.038400000000000000e+04 1.790751500800251961e+01 4.100000000000000000e+01
3.230000000000000000e+02 1.260000000000000000e+02 4.600000000000000000e+01 5.463000000000000000e+04 5.071700000000000000e+04 5.370400000000000000e+04 5.143200000000000000e+04 1.791044327407144010e+01 4.100000000000000000e+01
1.790000000000000000e+02 -1.100000000000000000e+01 4.800000000000000000e+01 5.447400000000000000e+04 5.027500000000000000e+04 5.410400000000000000e+04 5.204700000000000000e+04 1.791344090609345585e+01 3.900000000000000000e+01
1.000000000000000000e+02 -6.200000000000000000e+01 6.400000000000000000e+01 5.357600000000000000e+04 5.182700000000000000e+04 5.526500000000000000e+04 5.051200000000000000e+04 1.792145145405083895e+01 3.900000000000000000e+01
-1.900000000000000000e+01 -2.000000000000000000e+02 6.300000000000000000e+01 5.415900000000000000e+04 4.953200000000000000e+04 5.476000000000000000e+04 5.265300000000000000e+04 1.793053592799697071e+01 3.900000000000000000e+01
-1.280000000000000000e+02 -2.960000000000000000e+02 5.800000000000000000e+01 5.002400000000000000e+04 5.242900000000000000e+04 5.790000000000000000e+04 4.977100000000000000e+04 1.794018312706612051e+01 3.900000000000000000e+01
-1.740000000000000000e+02 -3.750000000000000000e+02 6.100000000000000000e+01 5.058800000000000000e+04 5.179100000000000000e+04 5.784200000000000000e+04 5.077100000000000000e+04 1.795044787810184062e+01 3.400000000000000000e+01
-1.380000000000000000e+02 -4.100000000000000000e+02 5.800000000000000000e+01 5.081600000000000000e+04 4.895100000000000000e+04 5.767200000000000000e+04 5.344200000000000000e+04 1.796125533909071237e+01 3.400000000000000000e+01
-1.710000000000000000e+02 -3.920000000000000000e+02 6.800000000000000000e+01 5.137800000000000000e+04 5.510100000000000000e+04 5.732600000000000000e+04 4.659200000000000000e+04 1.797032762400340289e+01 3.400000000000000000e+01
-6.400000000000000000e+01 -2.440000000000000000e+02 5.700000000000000000e+01 5.154000000000000000e+04 5.144600000000000000e+04 5.721100000000000000e+04 5.088700000000000000e+04 1.798042436200194061e+01 3.400000000000000000e+01
3.000000000000000000e+00 -1.660000000000000000e+02 4.600000000000000000e+01 5.483100000000000000e+04 5.205900000000000000e+04 5.426000000000000000e+04 5.010900000000000000e+04 1.799070627510081977e+01 3.400000000000000000e+01
9.200000000000000000e+01 8.500000000000000000e+01 5.300000000000000000e+01 5.388300000000000000e+04 5.106200000000000000e+04 5.510700000000000000e+04 5.102200000000000000e+04 1.800045256409794092e+01 3.400000000000000000e+01
2.010000000000000000e+02 2.010000000000000000e+02 2.600000000000000000e+01 5.323400000000000000e+04 4.948700000000000000e+04 5.567300000000000000e+04 5.264400000000000000e+04 1.801080073206685483e+01 3.200000000000000000e+01
2.020000000000000000e+02 2.880000000000000000e+02 3.800000000000000000e+01 5.654200000000000000e+04 5.187700000000000000e+04 5.198400000000000000e+04 5.017700000000000000e+04 1.802083032904192805e+01 3.200000000000000000e+01
2.840000000000000000e+02 3.410000000000000000e+02 2.900000000000000000e+01 5.618400000000000000e+04 5.063300000000000000e+04 5.251200000000000000e+04 5.133900000000000000e+04 1.803058114601299167e+01 3.200000000000000000e+01
2.660000000000000000e+02 3.180000000000000000e+02 1.000000000000000000e+01 5.575900000000000000e+04 5.091300000000000000e+04 5.280600000000000000e+04 5.104400000000000000e+04 1.804056912299711257e+01 3.200000000000000000e+01
1.590000000000000000e+02 2.690000000000000000e+02 1.900000000000000000e+01 5.519700000000000000e+04 5.067500000000000000e+04 5.333700000000000000e+04 5.118200000000000000e+04 1.805054808105342090e+01 2.900000000000000000e+01
9.000000000000000000e+01 1.570000000000000000e+02 1.500000000000000000e+01 5.422200000000000000e+04 5.039100000000000000e+04 5.449000000000000000e+04 5.173900000000000000e+04 1.806042400910519063e+01 2.900000000000000000e+01
-1.100000000000000000e+01 7.300000000000000000e+01 1.400000000000000000e+01 5.387300000000000000e+04 4.989700000000000000e+04 5.457700000000000000e+04 5.196900000000000000e+04 1.807123775407671928e+01 2.900000000000000000e+01
-1.100000000000000000e+01 -1.400000000000000000e+01 8.000000000000000000e+00 5.401800000000000000e+04 5.118300000000000000e+04 5.430500000000000000e+04 5.067200000000000000e+04 1.808164140209555626e+01 2.900000000000000000e+01
-8.100000000000000000e+01 -1.510000000000000000e+02 1.900000000000000000e+01 5.274300000000000000e+04 5.128700000000000000e+04 5.544100000000000000e+04 5.041100000000000000e+04 1.808982006099540740e+01 2.900000000000000000e+01
-1.520000000000000000e+02 -2.240000000000000000e+02 -2.000000000000000000e+00 5.132800000000000000e+04 5.223000000000000000e+04 5.641500000000000000e+04 4.932200000000000000e+04 1.810009704704862088e+01 2.900000000000000000e+01
-2.230000000000000000e+02 -2.260000000000000000e+02 3.000000000000000000e+00 5.124500000000000000e+04 5.103900000000000000e+04 5.635700000000000000e+04 5.047800000000000000e+04 1.811072066007182002e+01 3.000000000000000000e+01
-2.450000000000000000e+02 -2.460000000000000000e+02 -6.000000000000000000e+00 5.085600000000000000e+04 5.094800000000000000e+04 5.649500000000000000e+04 5.036700000000000000e+04 1.811992009705863893e+01 3.000000000000000000e+01
-2.680000000000000000e+02 -1.580000000000000000e+02 1.700000000000000000e+01 5.165500000000000000e+04 5.050400000000000000e+04 5.591800000000000000e+04 5.060400000000000000e+04 1.813034092308953404e+01 3.000000000000000000e+01
-1.900000000000000000e+02 -4.200000000000000000e+01 -8.000000000000000000e+00 5.226300000000000000e+04 4.993100000000000000e+04 5.523000000000000000e+04 5.115900000000000000e+04 1.814024437509942800e+01 3.000000000000000000e+01
-1.730000000000000000e+02 5.200000000000000000e+01 4.000000000000000000e+00 5.276300000000000000e+04 5.030000000000000000e+04 5.449400000000000000e+04 5.058500000000000000e+04 1.815046138106845319e+01 3.000000000000000000e+01
-1.090000000000000000e+02 1.650000000000000000e+02 -1.000000000000000000e+00 5.325000000000000000e+04 4.937200000000000000e+04 5.394000000000000000e+04 5.131700000000000000e+04 1.815988804609514773e+01 3.000000000000000000e+01
-8.700000000000000000e+01 1.900000000000000000e+02 -1.600000000000000000e+01 5.338200000000000000e+04 4.926300000000000000e+04 5.343200000000000000e+04 5.130600000000000000e+04 1.817071463004685938e+01 3.000000000000000000e+01
-6.000000000000000000e+01 1.750000000000000000e+02 -1.700000000000000000e+01 5.340300000000000000e+04 4.978300000000000000e+04 5.328400000000000000e+04 5.069500000000000000e+04 1.818044598004780710e+01 3.000000000000000000e+01
1.020000000000000000e+02 1.570000000000000000e+02 -4.200000000000000000e+01 5.328400000000000000e+04 5.043400000000000000e+04 5.314600000000000000e+04 5.006600000000000000e+04 1.818992819706909359e+01 3.000000000000000000e+01
1.290000000000000000e+02 7.800000000000000000e+01 -2.300000000000000000e+01 5.350600000000000000e+04 5.118000000000000000e+04 5.284600000000000000e+04 4.917600000000000000e+04 1.820118116808589548e+01 3.000000000000000000e+01
1.600000000000000000e+02 1.110000000000000000e+02 -3.000000000000000000e+01 5.396700000000000000e+04 5.157100000000000000e+04 5.223300000000000000e+04 4.874000000000000000e+04 1.820994297310244292e+01 3.400000000000000000e+01
8.800000000000000000e+01 6.100000000000000000e+01 -4.400000000000000000e+01 5.329200000000000000e+04 5.085900000000000000e+04 5.271700000000000000e+04 4.922500000000000000e+04 1.822137360705528408e+01 3.400000000000000000e+01
5.200000000000000000e+01 1.160000000000000000e+02 -4.100000000000000000e+01 5.338000000000000000e+04 4.989300000000000000e+04 5.224200000000000000e+04 4.999400000000000000e+04 1.823027866706252098e+01 3.400000000000000000e+01
3.400000000000000000e+01 1.520000000000000000e+02 -4.100000000000000000e+01 5.353100000000000000e+04 4.986800000000000000e+04 5.187000000000000000e+04 4.974700000000000000e+04 1.824028321600053459e+01 3.400000000000000000e+01
-6.000000000000000000e+01 2.040000000000000000e+02 -5.300000000000000000e+01 5.334400000000000000e+04 4.883700000000000000e+04 5.184000000000000000e+04 5.086300000000000000e+04 1.825229454203508794e+01 3.500000000000000000e+01
-6.700000000000000000e+01 1.980000000000000000e+02 -4.200000000000000000e+01 5.301800000000000000e+04 4.859400000000000000e+04 5.183600000000000000e+04 5.073000000000000000e+04 1.826010776008479297e+01 3.500000000000000000e+01
-1.310000000000000000e+02 1.510000000000000000e+02 -5.400000000000000000e+01 5.209200000000000000e+04 4.779400000000000000e+04 5.270900000000000000e+04 5.143800000000000000e+04 1.827016320906113833e+01 3.500000000000000000e+01
-1.400000000000000000e+02 3.200000000000000000e+01 -3.700000000000000000e+01 5.167400000000000000e+04 4.895200000000000000e+04 5.304100000000000000e+04 5.049700000000000000e+04 1.828025673003867269e+01 3.500000000000000000e+01
-9.200000000000000000e+01 -3.400000000000000000e+01 -4.100000000000000000e+01 5.112600000000000000e+04 4.950800000000000000e+04 5.353700000000000000e+04 5.000100000000000000e+04 1.829016134305857122e+01 3.500000000000000000e+01
-1.500000000000000000e+02 -1.830000000000000000e+02 -6.600000000000000000e+01 4.995700000000000000e+04 4.937100000000000000e+04 5.446700000000000000e+04 5.029500000000000000e+04 1.830166472902055830e+01 3.500000000000000000e+01
-1.030000000000000000e+02 -2.700000000000000000e+02 -6.500000000000000000e+01 4.950200000000000000e+04 5.073700000000000000e+04 5.486500000000000000e+04 4.921600000000000000e+04 1.831056453008204699e+01 3.700000000000000000e+01
-3.500000000000000000e+01 -3.610000000000000000e+02 -7.700000000000000000e+01 4.959200000000000000e+04 5.126000000000000000e+04 5.469400000000000000e+04 4.855800000000000000e+04 1.831984451902098954e+01 3.700000000000000000e+01
7.500000000000000000e+01 -3.900000000000000000e+02 -8.200000000000000000e+01 4.974000000000000000e+04 5.225800000000000000e+04 5.444200000000000000e+04 4.767500000000000000e+04 1.833040630409959704e+01 3.700000000000000000e+01
9.100000000000000000e+01 -4.170000000000000000e+02 -8.500000000000000000e+01 4.962800000000000000e+04 5.300800000000000000e+04 5.454500000000000000e+04 4.688700000000000000e+04 1.834004126000218093e+01 3.700000000000000000e+01
1.210000000000000000e+02 -3.150000000000000000e+02 -8.300000000000000000e+01 5.030400000000000000e+04 5.292800000000000000e+04 5.393600000000000000e+04 4.712000000000000000e+04 1.835019829205702990e+01 4.000000000000000000e+01
1.200000000000000000e+02 -1.700000000000000000e+02 -1.030000000000000000e+02 5.049000000000000000e+04 5.128600000000000000e+04 5.346200000000000000e+04 4.894900000000000000e+04 1.836036225501447916e+01 4.000000000000000000e+01
1.310000000000000000e+02 2.700000000000000000e+01 -1.090000000000000000e+02 5.167200000000000000e+04 5.035600000000000000e+04 5.208200000000000000e+04 4.996600000000000000e+04 1.837046025309246033e+01 4.000000000000000000e+01
1.680000000000000000e+02 1.570000000000000000e+02 -1.250000000000000000e+02 5.242800000000000000e+04 5.049300000000000000e+04 5.115300000000000000e+04 5.016900000000000000e+04 1.838062768708914518e+01 4.000000000000000000e+01
1.430000000000000000e+02 2.880000000000000000e+02 -1.410000000000000000e+02 5.284300000000000000e+04 5.019000000000000000e+04 5.063700000000000000e+04 5.070600000000000000e+04 1.839024817605968565e+01 4.000000000000000000e+01
8.400000000000000000e+01 4.310000000000000000e+02 -1.470000000000000000e+02 5.291500000000000000e+04 4.911300000000000000e+04 5.051300000000000000e+04 5.192100000000000000e+04 1.840037981607019901e+01 4.000000000000000000e+01
6.500000000000000000e+01 4.620000000000000000e+02 -1.580000000000000000e+02 5.342000000000000000e+04 4.892200000000000000e+04 4.997900000000000000e+04 5.251700000000000000e+04 1.841023554804269224e+01 4.200000000000000000e+01
1.300000000000000000e+01 4.130000000000000000e+02 -1.670000000000000000e+02 5.254000000000000000e+04 4.929700000000000000e+04 5.058400000000000000e+04 5.222900000000000000e+04 1.842032176803331822e+01 4.200000000000000000e+01
-2.500000000000000000e+01 2.580000000000000000e+02 -1.430000000000000000e+02 5.213800000000000000e+04 4.961200000000000000e+04 5.108600000000000000e+04 5.207700000000000000e+04 1.842982968001160771e+01 4.200000000000000000e+01
-4.300000000000000000e+01 7.600000000000000000e+01 -1.850000000000000000e+02 5.103600000000000000e+04 5.050300000000000000e+04 5.207600000000000000e+04 5.154500000000000000e+04 1.843989379005506635e+01 4.200000000000000000e+01
-3.200000000000000000e+01 -1.280000000000000000e+02 -1.750000000000000000e+02 5.011100000000000000e+04 5.174300000000000000e+04 5.276800000000000000e+04 5.074900000000000000e+04 1.844965390907600522e+01 4.500000000000000000e+01
8.200000000000000000e+01 -2.620000000000000000e+02 -1.760000000000000000e+02 4.994900000000000000e+04 5.329000000000000000e+04 5.262700000000000000e+04 4.876600000000000000e+04 1.845987557503394783e+01 4.500000000000000000e+01
1.550000000000000000e+02 -3.750000000000000000e+02 -1.740000000000000000e+02 4.988800000000000000e+04 5.426200000000000000e+04 5.267800000000000000e+04 4.767200000000000000e+04 1.846962500410154462e+01 4.500000000000000000e+01
1.620000000000000000e+02 -4.210000000000000000e+02 -1.840000000000000000e+02 4.918500000000000000e+04 5.456800000000000000e+04 5.320300000000000000e+04 4.744500000000000000e+04 1.848048885609023273e+01 4.500000000000000000e+01
1.540000000000000000e+02 -3.620000000000000000e+02 -1.840000000000000000e+02 4.956300000000000000e+04 5.402700000000000000e+04 5.284400000000000000e+04 4.846000000000000000e+04 1.849029746802989393e+01 4.500000000000000000e+01
7.500000000000000000e+01 -2.360000000000000000e+02 -1.910000000000000000e+02 4.987100000000000000e+04 5.325800000000000000e+04 5.252800000000000000e+04 4.967200000000000000e+04 1.850025390100199729e+01 4.500000000000000000e+01
7.000000000000000000e+00 -1.380000000000000000e+02 -1.790000000000000000e+02 4.981900000000000000e+04 5.275500000000000000e+04 5.255700000000000000e+04 5.046600000000000000e+04 1.851051513699349016e+01 4.500000000000000000e+01
-8.200000000000000000e+01 2.200000000000000000e+01 -1.660000000000000000e+02 5.063300000000000000e+04 5.190900000000000000e+04 5.179900000000000000e+04 5.141500000000000000e+04 1.851995722204446793e+01 4.500000000000000000e+01
-1.180000000000000000e+02 1.480000000000000000e+02 -1.630000000000000000e+02 5.102400000000000000e+04 5.060600000000000000e+04 5.156300000000000000e+04 5.272900000000000000e+04 1.853015081107150763e+01 4.500000000000000000e+01
-1.330000000000000000e+02 3.220000000000000000e+02 -1.400000000000000000e+02 5.209800000000000000e+04 4.980700000000000000e+04 5.058000000000000000e+04 5.350800000000000000e+04 1.854136649402789772e+01 4.500000000000000000e+01
-8.900000000000000000e+01 3.780000000000000000e+02 -1.360000000000000000e+02 5.241000000000000000e+04 5.018600000000000000e+04 5.043100000000000000e+04 5.324800000000000000e+04 1.855019114201422781e+01 4.100000000000000000e+01
-3.900000000000000000e+01 3.510000000000000000e+02 -1.090000000000000000e+02 5.269200000000000000e+04 5.155400000000000000e+04 5.046100000000000000e+04 5.225000000000000000e+04 1.856100380804855376e+01 4.100000000000000000e+01
6.000000000000000000e+00 2.680000000000000000e+02 -1.100000000000000000e+02 5.250100000000000000e+04 5.155800000000000000e+04 5.083800000000000000e+04 5.226300000000000000e+04 1.856981580203864723e+01 4.100000000000000000e+01
8.200000000000000000e+01 1.560000000000000000e+02 -8.400000000000000000e+01 5.290300000000000000e+04 5.260700000000000000e+04 5.056100000000000000e+04 5.120800000000000000e+04 1.858079781907144934e+01 4.100000000000000000e+01
5.200000000000000000e+01 4.800000000000000000e+01 -8.200000000000000000e+01 5.197200000000000000e+04 5.263400000000000000e+04 5.161400000000000000e+04 5.124800000000000000e+04 1.858986534399446100e+01 4.100000000000000000e+01
2.600000000000000000e+01 -5.700000000000000000e+01 -8.800000000000000000e+01 5.150500000000000000e+04 5.303200000000000000e+04 5.224400000000000000e+04 5.116500000000000000e+04 1.859983079205267131e+01 4.100000000000000000e+01
-3.000000000000000000e+01 -5.400000000000000000e+01 -8.100000000000000000e+01 5.162200000000000000e+04 5.318800000000000000e+04 5.233300000000000000e+04 5.122100000000000000e+04 1.861037318699527532e+01 3.800000000000000000e+01
-8.500000000000000000e+01 -1.420000000000000000e+02 -6.300000000000000000e+01 5.118600000000000000e+04 5.301800000000000000e+04 5.313900000000000000e+04 5.154800000000000000e+04 1.861960586102213711e+01 3.800000000000000000e+01
-1.200000000000000000e+02 -1.560000000000000000e+02 -4.700000000000000000e+01 5.032500000000000000e+04 5.272600000000000000e+04 5.399600000000000000e+04 5.191000000000000000e+04 1.862948894000146538e+01 3.800000000000000000e+01
-8.400000000000000000e+01 -2.230000000000000000e+02 -3.100000000000000000e+01 5.057300000000000000e+04 5.344200000000000000e+04 5.409700000000000000e+04 5.133100000000000000e+04 1.864001619000919163e+01 3.800000000000000000e+01
-4.000000000000000000e+01 -1.690000000000000000e+02 -2.000000000000000000e+01 5.137900000000000000e+04 5.369000000000000000e+04 5.340000000000000000e+04 5.080500000000000000e+04 1.864999480708502233e+01 3.400000000000000000e+01
-4.200000000000000000e+01 -1.800000000000000000e+02 -1.400000000000000000e+01 5.101600000000000000e+04 5.329800000000000000e+04 5.410800000000000000e+04 5.158900000000000000e+04 1.865988297201693058e+01 3.400000000000000000e+01
-4.600000000000000000e+01 -9.300000000000000000e+01 -3.000000000000000000e+00 5.120500000000000000e+04 5.314700000000000000e+04 5.405600000000000000e+04 5.159900000000000000e+04 1.866961577010806650e+01 3.400000000000000000e+01
-7.100000000000000000e+01 -7.900000000000000000e+01 0.000000000000000000e+00 5.145700000000000000e+04 5.289000000000000000e+04 5.386400000000000000e+04 5.180700000000000000e+04 1.867946455802302808e+01 3.400000000000000000e+01
-1.280000000000000000e+02 1.300000000000000000e+01 5.000000000000000000e+00 5.160700000000000000e+04 5.223200000000000000e+04 5.370800000000000000e+04 5.249400000000000000e+04 1.869066361908335239e+01 3.400000000000000000e+01
-1.510000000000000000e+02 1.130000000000000000e+02 2.300000000000000000e+01 5.187800000000000000e+04 5.118000000000000000e+04 5.350500000000000000e+04 5.340200000000000000e+04 1.869969182403292507e+01 3.400000000000000000e+01
-5.100000000000000000e+01 1.570000000000000000e+02 2.400000000000000000e+01 5.272700000000000000e+04 5.210200000000000000e+04 5.296000000000000000e+04 5.257700000000000000e+04 1.871003951004240662e+01 3.500000000000000000e+01
1.800000000000000000e+01 1.790000000000000000e+02 2.400000000000000000e+01 5.302800000000000000e+04 5.225400000000000000e+04 5.247300000000000000e+04 5.221700000000000000e+04 1.871998442499898374e+01 3.500000000000000000e+01
6.200000000000000000e+01 1.800000000000000000e+02 1.500000000000000000e+01 5.343900000000000000e+04 5.187500000000000000e+04 5.193900000000000000e+04 5.261100000000000000e+04 1.872966595506295562e+01 3.500000000000000000e+01
9.500000000000000000e+01 1.530000000000000000e+02 2.600000000000000000e+01 5.309500000000000000e+04 5.226000000000000000e+04 5.233400000000000000e+04 5.210900000000000000e+04 1.874018050706945360e+01 3.500000000000000000e+01
9.300000000000000000e+01 6.000000000000000000e+01 3.500000000000000000e+01 5.285100000000000000e+04 5.262400000000000000e+04 5.255700000000000000e+04 5.167800000000000000e+04 1.875040568306576461e+01 3.000000000000000000e+01
1.300000000000000000e+02 -6.000000000000000000e+00 4.100000000000000000e+01 5.299700000000000000e+04 5.322700000000000000e+04 5.259600000000000000e+04 5.090700000000000000e+04 1.876002677704673260e+01 3.000000000000000000e+01
8.400000000000000000e+01 -9.300000000000000000e+01 5.500000000000000000e+01 5.200000000000000000e+04 5.290700000000000000e+04 5.366900000000000000e+04 5.113300000000000000e+04 1.876918405108153820e+01 3.000000000000000000e+01
8.200000000000000000e+01 -1.470000000000000000e+02 6.500000000000000000e+01 5.169800000000000000e+04 5.340500000000000000e+04 5.405600000000000000e+04 5.042600000000000000e+04 1.877956786006689072e+01 3.000000000000000000e+01
5.500000000000000000e+01 -2.020000000000000000e+02 5.100000000000000000e+01 5.184600000000000000e+04 5.385500000000000000e+04 5.409800000000000000e+04 4.972200000000000000e+04 1.878935711306985468e+01 3.000000000000000000e+01
2.000000000000000000e+00 -1.960000000000000000e+02 5.900000000000000000e+01 5.130100000000000000e+04 5.353900000000000000e+04 5.426400000000000000e+04 5.055000000000000000e+04 1.879914309899322689e+01 3.000000000000000000e+01
-7.000000000000000000e+01 -1.110000000000000000e+02 6.100000000000000000e+01 5.169400000000000000e+04 5.181900000000000000e+04 5.422600000000000000e+04 5.209200000000000000e+04 1.880902803700882941e+01 2.500000000000000000e+01
-1.360000000000000000e+02 -1.000000000000000000e+00 6.700000000000000000e+01 5.188600000000000000e+04 5.222500000000000000e+04 5.470500000000000000e+04 5.231400000000000000e+04 1.881943721603602171e+01 2.500000000000000000e+01
-1.550000000000000000e+02 2.500000000000000000e+01 5.500000000000000000e+01 5.199500000000000000e+04 5.190400000000000000e+04 5.466600000000000000e+04 5.268200000000000000e+04 1.882973083900287747e+01 2.500000000000000000e+01
-1.400000000000000000e+02 2.300000000000000000e+01 6.700000000000000000e+01 5.190600000000000000e+04 5.216900000000000000e+04 5.504200000000000000e+04 5.266900000000000000e+04 1.883944593404885381e+01 2.500000000000000000e+01
-1.080000000000000000e+02 9.100000000000000000e+01 7.900000000000000000e+01 5.271300000000000000e+04 5.233100000000000000e+04 5.450100000000000000e+04 5.258200000000000000e+04 1.884963814506772906e+01 9.000000000000000000e+01
-7.100000000000000000e+01 1.800000000000000000e+01 8.600000000000000000e+01 5.242900000000000000e+04 5.257300000000000000e+04 5.484400000000000000e+04 5.214700000000000000e+04 1.885961811803281307e+01 9.000000000000000000e+01
-2.900000000000000000e+01 6.100000000000000000e+01 8.800000000000000000e+01 5.315500000000000000e+04 5.307000000000000000e+04 5.438200000000000000e+04 5.165100000000000000e+04 1.886956162005662918e+01 9.000000000000000000e+01
-1.700000000000000000e+01 -1.500000000000000000e+01 9.000000000000000000e+01 5.315200000000000000e+04 5.299400000000000000e+04 5.459100000000000000e+04 5.179000000000000000e+04 1.887914993800222874e+01 9.000000000000000000e+01
-3.000000000000000000e+01 5.100000000000000000e+01 8.500000000000000000e+01 5.297700000000000000e+04 5.275600000000000000e+04 5.482200000000000000e+04 5.217400000000000000e+04 1.888948421203531325e+01 9.000000000000000000e+01
-5.200000000000000000e+01 -3.400000000000000000e+01 8.300000000000000000e+01 5.301000000000000000e+04 5.284600000000000000e+04 5.507300000000000000e+04 5.235600000000000000e+04 1.889900024409871548e+01 9.000000000000000000e+01
1.100000000000000000e+01 9.000000000000000000e+00 7.100000000000000000e+01 5.339000000000000000e+04 5.332200000000000000e+04 5.484800000000000000e+04 5.205800000000000000e+04 1.890952844510320574e+01 8.030000000000000000e+02
2.100000000000000000e+01 -6.400000000000000000e+01 7.400000000000000000e+01 5.178500000000000000e+04 5.182200000000000000e+04 5.367200000000000000e+04 5.050300000000000000e+04 1.891910083510447294e+01 8.030000000000000000e+02
5.600000000000000000e+01 -8.000000000000000000e+00 6.600000000000000000e+01 5.214800000000000000e+04 5.256500000000000000e+04 5.338500000000000000e+04 4.968400000000000000e+04 1.892968106700573117e+01 8.030000000000000000e+02
3.800000000000000000e+01 -6.300000000000000000e+01 5.900000000000000000e+01 5.254800000000000000e+04 5.294400000000000000e+04 5.301100000000000000e+04 4.937600000000000000e+04 1.893926898809149861e+01 8.030000000000000000e+02
-1.100000000000000000e+01 -7.000000000000000000e+00 5.100000000000000000e+01 5.184600000000000000e+04 5.205500000000000000e+04 5.307800000000000000e+04 4.972700000000000000e+04 1.894960634806193411e+01 7.750000000000000000e+02
-7.000000000000000000e+01 -3.600000000000000000e+01 4.400000000000000000e+01 5.212200000000000000e+04 5.196000000000000000e+04 5.353600000000000000e+04 5.081300000000000000e+04 1.895932369504589587e+01 7.750000000000000000e+02
-1.170000000000000000e+02 -2.600000000000000000e+01 5.300000000000000000e+01 5.182300000000000000e+04 5.210800000000000000e+04 5.377500000000000000e+04 5.062600000000000000e+04 1.896951421804260463e+01 7.750000000000000000e+02
-1.180000000000000000e+02 -3.600000000000000000e+01 4.700000000000000000e+01 5.201700000000000000e+04 5.212400000000000000e+04 5.394300000000000000e+04 5.085600000000000000e+04 1.897988289210479707e+01 7.750000000000000000e+02
-1.180000000000000000e+02 -5.700000000000000000e+01 4.600000000000000000e+01 5.215800000000000000e+04 5.201900000000000000e+04 5.389700000000000000e+04 5.108700000000000000e+04 1.898967701010406017e+01 7.750000000000000000e+02
-1.190000000000000000e+02 -1.030000000000000000e+02 5.200000000000000000e+01 5.164700000000000000e+04 5.236400000000000000e+04 5.465700000000000000e+04 5.092700000000000000e+04 1.899957005609758198e+01 7.750000000000000000e+02
-6.600000000000000000e+01 -1.960000000000000000e+02 5.900000000000000000e+01 5.245500000000000000e+04 5.340600000000000000e+04 5.484000000000000000e+04 5.079200000000000000e+04 1.900966798805166036e+01 7.700000000000000000e+02
3.000000000000000000e+00 -2.100000000000000000e+02 5.200000000000000000e+01 5.281900000000000000e+04 5.389200000000000000e+04 5.490500000000000000e+04 5.040700000000000000e+04 1.901937948702834547e+01 7.700000000000000000e+02
8.800000000000000000e+01 -2.870000000000000000e+02 7.900000000000000000e+01 5.289900000000000000e+04 5.505400000000000000e+04 5.531600000000000000e+04 4.936800000000000000e+04 1.902916094101965427e+01 7.700000000000000000e+02
1.130000000000000000e+02 -2.960000000000000000e+02 7.600000000000000000e+01 5.351600000000000000e+04 5.513000000000000000e+04 5.519000000000000000e+04 4.934000000000000000e+04 1.903928478900343180e+01 7.700000000000000000e+02
1.720000000000000000e+02 -3.040000000000000000e+02 9.700000000000000000e+01 5.376500000000000000e+04 5.522700000000000000e+04 5.512600000000000000e+04 4.920900000000000000e+04 1.904923669400159270e+01 7.660000000000000000e+02
1.360000000000000000e+02 -2.240000000000000000e+02 9.200000000000000000e+01 5.415300000000000000e+04 5.513000000000000000e+04 5.548100000000000000e+04 4.996100000000000000e+04 1.905947635404299945e+01 7.660000000000000000e+02
9.200000000000000000e+01 -2.000000000000000000e+02 1.080000000000000000e+02 5.429600000000000000e+04 5.455300000000000000e+04 5.555100000000000000e+04 5.065000000000000000e+04 1.906903980509378016e+01 7.660000000000000000e+02
-2.000000000000000000e+01 -9.200000000000000000e+01 1.130000000000000000e+02 5.487200000000000000e+04 5.350700000000000000e+04 5.527500000000000000e+04 5.209400000000000000e+04 1.907912752602715045e+01 7.660000000000000000e+02
-6.000000000000000000e+00 -1.040000000000000000e+02 1.080000000000000000e+02 5.492800000000000000e+04 5.387500000000000000e+04 5.542400000000000000e+04 5.163200000000000000e+04 1.909013629402033985e+01 7.660000000000000000e+02
-9.900000000000000000e+01 -9.100000000000000000e+01 1.260000000000000000e+02 5.378100000000000000e+04 5.353500000000000000e+04 5.675200000000000000e+04 5.219100000000000000e+04 1.909988266299478710e+01 7.660000000000000000e+02
-1.510000000000000000e+02 -1.470000000000000000e+02 1.080000000000000000e+02 5.374500000000000000e+04 5.343800000000000000e+04 5.689800000000000000e+04 5.229700000000000000e+04 1.911062873806804419e+01 7.650000000000000000e+02
-1.130000000000000000e+02 -9.900000000000000000e+01 1.270000000000000000e+02 5.404200000000000000e+04 5.382800000000000000e+04 5.689300000000000000e+04 5.207700000000000000e+04 1.911987741303164512e+01 7.650000000000000000e+02
-6.600000000000000000e+01 -1.390000000000000000e+02 9.000000000000000000e+01 5.454300000000000000e+04 5.388300000000000000e+04 5.652000000000000000e+04 5.209300000000000000e+04 1.913018937304150313e+01 7.650000000000000000e+02
-8.000000000000000000e+00 -1.320000000000000000e+02 1.120000000000000000e+02 5.503100000000000000e+04 5.431000000000000000e+04 5.615300000000000000e+04 5.158300000000000000e+04 1.913932454807218164e+01 7.650000000000000000e+02
3.800000000000000000e+01 -1.530000000000000000e+02 1.270000000000000000e+02 5.509100000000000000e+04 5.466200000000000000e+04 5.615900000000000000e+04 5.106700000000000000e+04 1.915033279906492680e+01 7.580000000000000000e+02
1.900000000000000000e+02 -1.620000000000000000e+02 1.070000000000000000e+02 5.532100000000000000e+04 5.483800000000000000e+04 5.624200000000000000e+04 5.099300000000000000e+04 1.915962177200708538e+01 7.580000000000000000e+02
1.640000000000000000e+02 -1.830000000000000000e+02 1.430000000000000000e+02 5.555100000000000000e+04 5.507000000000000000e+04 5.613700000000000000e+04 5.041500000000000000e+04 1.916986439307220280e+01 7.580000000000000000e+02
2.440000000000000000e+02 -1.550000000000000000e+02 1.520000000000000000e+02 5.623100000000000000e+04 5.498100000000000000e+04 5.538900000000000000e+04 5.000900000000000000e+04 1.917912820703350008e+01 7.580000000000000000e+02
2.070000000000000000e+02 -7.500000000000000000e+01 1.790000000000000000e+02 5.621900000000000000e+04 5.458700000000000000e+04 5.554900000000000000e+04 5.013900000000000000e+04 1.918978036206681281e+01 7.580000000000000000e+02
1.920000000000000000e+02 -7.100000000000000000e+01 1.540000000000000000e+02 5.678900000000000000e+04 5.436100000000000000e+04 5.496800000000000000e+04 5.020900000000000000e+04 1.919889277208130807e+01 7.580000000000000000e+02
1.750000000000000000e+02 -2.000000000000000000e+00 1.790000000000000000e+02 5.639500000000000000e+04 5.378500000000000000e+04 5.542100000000000000e+04 5.062700000000000000e+04 1.920940845401491970e+01 7.560000000000000000e+02
1.630000000000000000e+02 1.100000000000000000e+01 1.630000000000000000e+02 5.674700000000000000e+04 5.324400000000000000e+04 5.531300000000000000e+04 5.105000000000000000e+04 1.921915083599742502e+01 7.560000000000000000e+02
5.300000000000000000e+01 5.000000000000000000e+01 2.080000000000000000e+02 5.682900000000000000e+04 5.289400000000000000e+04 5.532000000000000000e+04 5.115500000000000000e+04 1.922971488302573562e+01 7.560000000000000000e+02
-2.400000000000000000e+01 3.200000000000000000e+01 1.890000000000000000e+02 5.637100000000000000e+04 5.218200000000000000e+04 5.595100000000000000e+04 5.162500000000000000e+04 1.923960605310276151e+01 7.560000000000000000e+02
-1.410000000000000000e+02 7.400000000000000000e+01 2.100000000000000000e+02 5.547700000000000000e+04 5.128000000000000000e+04 5.668500000000000000e+04 5.212600000000000000e+04 1.924938840605318546e+01 7.580000000000000000e+02
-2.230000000000000000e+02 -4.800000000000000000e+01 1.840000000000000000e+02 5.465600000000000000e+04 5.148600000000000000e+04 5.702900000000000000e+04 5.130100000000000000e+04 1.925970350205898285e+01 7.580000000000000000e+02
-2.730000000000000000e+02 -7.600000000000000000e+01 1.900000000000000000e+02 5.424100000000000000e+04 5.084800000000000000e+04 5.723600000000000000e+04 5.160300000000000000e+04 1.926911993999965489e+01 7.580000000000000000e+02
-3.350000000000000000e+02 -2.240000000000000000e+02 1.910000000000000000e+02 5.316100000000000000e+04 5.101500000000000000e+04 5.790900000000000000e+04 5.105600000000000000e+04 1.928051965299528092e+01 7.580000000000000000e+02
-3.010000000000000000e+02 -2.340000000000000000e+02 1.890000000000000000e+02 5.309000000000000000e+04 5.149400000000000000e+04 5.789200000000000000e+04 5.041200000000000000e+04 1.928946923406329006e+01 7.580000000000000000e+02
-2.540000000000000000e+02 -2.670000000000000000e+02 1.610000000000000000e+02 5.293500000000000000e+04 5.135100000000000000e+04 5.776700000000000000e+04 5.034100000000000000e+04 1.929942867904901505e+01 7.580000000000000000e+02
-2.400000000000000000e+02 -2.050000000000000000e+02 1.420000000000000000e+02 5.336000000000000000e+04 5.101500000000000000e+04 5.741600000000000000e+04 5.083400000000000000e+04 1.930949590902309865e+01 7.530000000000000000e+02
-2.340000000000000000e+02 -1.260000000000000000e+02 1.430000000000000000e+02 5.411000000000000000e+04 5.050400000000000000e+04 5.682500000000000000e+04 5.118000000000000000e+04 1.931937562802340835e+01 7.530000000000000000e+02
-2.150000000000000000e+02 -6.100000000000000000e+01 1.340000000000000000e+02 5.357100000000000000e+04 5.014900000000000000e+04 5.713700000000000000e+04 5.156100000000000000e+04 1.932930314901750535e+01 7.530000000000000000e+02
-2.780000000000000000e+02 -1.110000000000000000e+02 1.200000000000000000e+02 5.313000000000000000e+04 4.972600000000000000e+04 5.755400000000000000e+04 5.208800000000000000e+04 1.933919672202318907e+01 7.530000000000000000e+02
-2.910000000000000000e+02 -1.220000000000000000e+02 9.600000000000000000e+01 5.273000000000000000e+04 5.010100000000000000e+04 5.758200000000000000e+04 5.167300000000000000e+04 1.935025107709225267e+01 7.570000000000000000e+02
-2.100000000000000000e+02 -1.450000000000000000e+02 7.800000000000000000e+01 5.248300000000000000e+04 5.066600000000000000e+04 5.741900000000000000e+04 5.079100000000000000e+04 1.935942094004712999e+01 7.570000000000000000e+02
-1.890000000000000000e+02 -1.840000000000000000e+02 5.700000000000000000e+01 5.251800000000000000e+04 5.050800000000000000e+04 5.730200000000000000e+04 5.107100000000000000e+04 1.936941166210453957e+01 7.570000000000000000e+02
-1.610000000000000000e+02 -1.510000000000000000e+02 4.900000000000000000e+01 5.262300000000000000e+04 5.088800000000000000e+04 5.702000000000000000e+04 5.055500000000000000e+04 1.937925334705505520e+01 7.570000000000000000e+02
-4.100000000000000000e+01 -1.110000000000000000e+02 2.900000000000000000e+01 5.274700000000000000e+04 5.076400000000000000e+04 5.680100000000000000e+04 5.073200000000000000e+04 1.938968552509322762e+01 7.570000000000000000e+02
1.100000000000000000e+01 -8.700000000000000000e+01 2.000000000000000000e+01 5.361200000000000000e+04 5.123000000000000000e+04 5.601900000000000000e+04 5.028600000000000000e+04 1.940030223107896745e+01 7.570000000000000000e+02
1.040000000000000000e+02 -3.600000000000000000e+01 1.300000000000000000e+01 5.446200000000000000e+04 5.134700000000000000e+04 5.518500000000000000e+04 5.032100000000000000e+04 1.940991487901192158e+01 7.540000000000000000e+02
1.540000000000000000e+02 2.700000000000000000e+01 -1.300000000000000000e+01 5.407600000000000000e+04 5.090100000000000000e+04 5.545600000000000000e+04 5.091700000000000000e+04 1.941916391707491130e+01 7.540000000000000000e+02
1.480000000000000000e+02 -6.000000000000000000e+00 -1.900000000000000000e+01 5.374100000000000000e+04 5.157700000000000000e+04 5.582700000000000000e+04 5.052700000000000000e+04 1.942921141500119120e+01 7.540000000000000000e+02
1.480000000000000000e+02 -2.000000000000000000e+01 -3.500000000000000000e+01 5.381200000000000000e+04 5.169000000000000000e+04 5.563400000000000000e+04 5.063100000000000000e+04 1.943977919407188892e+01 7.540000000000000000e+02
1.490000000000000000e+02 -7.000000000000000000e+00 -6.000000000000000000e+01 5.385300000000000000e+04 5.157400000000000000e+04 5.555000000000000000e+04 5.082400000000000000e+04 1.944952056708279997e+01 7.580000000000000000e+02
1.450000000000000000e+02 -2.200000000000000000e+01 -3.300000000000000000e+01 5.358300000000000000e+04 5.165000000000000000e+04 5.546700000000000000e+04 5.049500000000000000e+04 1.945940516202244908e+01 7.580000000000000000e+02
1.640000000000000000e+02 -1.600000000000000000e+01 -4.600000000000000000e+01 5.363600000000000000e+04 5.176700000000000000e+04 5.545400000000000000e+04 5.037700000000000000e+04 1.947034978400915861e+01 7.580000000000000000e+02
1.690000000000000000e+02 -6.000000000000000000e+00 -6.400000000000000000e+01 5.367900000000000000e+04 5.155100000000000000e+04 5.539400000000000000e+04 5.067400000000000000e+04 1.947887155308853835e+01 7.580000000000000000e+02
2.190000000000000000e+02 3.300000000000000000e+01 -5.000000000000000000e+01 5.374100000000000000e+04 5.193400000000000000e+04 5.510900000000000000e+04 5.025600000000000000e+04 1.948983905906789005e+01 7.580000000000000000e+02
1.750000000000000000e+02 1.000000000000000000e+01 -7.100000000000000000e+01 5.363700000000000000e+04 5.115900000000000000e+04 5.515200000000000000e+04 5.116300000000000000e+04 1.949942142504733056e+01 7.580000000000000000e+02
1.600000000000000000e+02 3.400000000000000000e+01 -7.900000000000000000e+01 5.368000000000000000e+04 5.177100000000000000e+04 5.498100000000000000e+04 5.066000000000000000e+04 1.950975247903261334e+01 7.590000000000000000e+02
1.420000000000000000e+02 -4.000000000000000000e+00 -9.000000000000000000e+01 5.327100000000000000e+04 5.178100000000000000e+04 5.528700000000000000e+04 5.079100000000000000e+04 1.951964045001659542e+01 7.590000000000000000e+02
1.170000000000000000e+02 -2.300000000000000000e+01 -1.090000000000000000e+02 5.320600000000000000e+04 5.190500000000000000e+04 5.521900000000000000e+04 5.096300000000000000e+04 1.952986884408164769e+01 7.590000000000000000e+02
1.070000000000000000e+02 -2.400000000000000000e+01 -9.000000000000000000e+01 5.331500000000000000e+04 5.227100000000000000e+04 5.513600000000000000e+04 5.070400000000000000e+04 1.953930291300639510e+01 7.590000000000000000e+02
1.200000000000000000e+02 -6.600000000000000000e+01 -1.020000000000000000e+02 5.311200000000000000e+04 5.229500000000000000e+04 5.526100000000000000e+04 5.087800000000000000e+04 1.954894785804208368e+01 7.590000000000000000e+02
9.100000000000000000e+01 -3.700000000000000000e+01 -1.080000000000000000e+02 5.273400000000000000e+04 5.185700000000000000e+04 5.551600000000000000e+04 5.131900000000000000e+04 1.955945593304932117e+01 7.590000000000000000e+02
8.000000000000000000e+01 -1.700000000000000000e+01 -1.130000000000000000e+02 5.273500000000000000e+04 5.188600000000000000e+04 5.546500000000000000e+04 5.143400000000000000e+04 1.956961522705387324e+01 7.590000000000000000e+02
5.000000000000000000e+01 -5.600000000000000000e+01 -1.130000000000000000e+02 5.270800000000000000e+04 5.168500000000000000e+04 5.530500000000000000e+04 5.168900000000000000e+04 1.957873329007998109e+01 7.590000000000000000e+02
6.000000000000000000e+01 4.400000000000000000e+01 -1.280000000000000000e+02 5.296700000000000000e+04 5.214000000000000000e+04 5.505900000000000000e+04 5.140200000000000000e+04 1.959014722204301506e+01 7.590000000000000000e+02
1.140000000000000000e+02 5.700000000000000000e+01 -1.350000000000000000e+02 5.365700000000000000e+04 5.196100000000000000e+04 5.435500000000000000e+04 5.177600000000000000e+04 1.959917641803622246e+01 7.590000000000000000e+02
1.300000000000000000e+02 8.800000000000000000e+01 -1.030000000000000000e+02 5.435800000000000000e+04 5.246100000000000000e+04 5.418200000000000000e+04 5.187400000000000000e+04 1.960970246407669038e+01 7.550000000000000000e+02
2.100000000000000000e+02 7.700000000000000000e+01 -1.290000000000000000e+02 5.446400000000000000e+04 5.303900000000000000e+04 5.409900000000000000e+04 5.139400000000000000e+04 1.961955381103325635e+01 7.550000000000000000e+02
1.890000000000000000e+02 1.300000000000000000e+01 -1.020000000000000000e+02 5.400600000000000000e+04 5.356600000000000000e+04 5.473600000000000000e+04 5.111800000000000000e+04 1.963011465210001916e+01 7.550000000000000000e+02
2.430000000000000000e+02 -2.700000000000000000e+01 -1.100000000000000000e+02 5.437700000000000000e+04 5.405000000000000000e+04 5.460800000000000000e+04 5.081200000000000000e+04 1.963922837702557445e+01 7.550000000000000000e+02
2.180000000000000000e+02 -7.100000000000000000e+01 -9.600000000000000000e+01 5.397300000000000000e+04 5.426300000000000000e+04 5.503700000000000000e+04 5.068100000000000000e+04 1.964919805002864450e+01 7.600000000000000000e+02
2.130000000000000000e+02 -8.800000000000000000e+01 -8.300000000000000000e+01 5.373600000000000000e+04 5.377700000000000000e+04 5.512000000000000000e+04 5.084600000000000000e+04 1.965945289307273924e+01 7.600000000000000000e+02
2.090000000000000000e+02 -6.400000000000000000e+01 -6.500000000000000000e+01 5.363800000000000000e+04 5.373900000000000000e+04 5.515300000000000000e+04 5.070500000000000000e+04 1.966918736509978771e+01 7.600000000000000000e+02
1.250000000000000000e+02 -8.300000000000000000e+01 -6.600000000000000000e+01 5.354300000000000000e+04 5.341300000000000000e+04 5.534500000000000000e+04 5.099600000000000000e+04 1.968007560109253973e+01 7.600000000000000000e+02
8.000000000000000000e+01 2.100000000000000000e+01 -3.700000000000000000e+01 5.410100000000000000e+04 5.281500000000000000e+04 5.479200000000000000e+04 5.142700000000000000e+04 1.968986447306815535e+01 7.600000000000000000e+02
6.300000000000000000e+01 3.800000000000000000e+01 -4.800000000000000000e+01 5.415300000000000000e+04 5.237400000000000000e+04 5.497000000000000000e+04 5.210800000000000000e+04 1.969959905801806599e+01 7.600000000000000000e+02
1.500000000000000000e+01 1.460000000000000000e+02 -3.400000000000000000e+01 5.415200000000000000e+04 5.192000000000000000e+04 5.503200000000000000e+04 5.252000000000000000e+04 1.970940635702572763e+01 7.570000000000000000e+02
2.100000000000000000e+01 9.900000000000000000e+01 -1.700000000000000000e+01 5.425600000000000000e+04 5.168300000000000000e+04 5.501000000000000000e+04 5.276300000000000000e+04 1.971909388701897115e+01 7.570000000000000000e+02
9.000000000000000000e+00 2.050000000000000000e+02 -1.100000000000000000e+01 5.455200000000000000e+04 5.193300000000000000e+04 5.504300000000000000e+04 5.257900000000000000e+04 1.972965239908080548e+01 7.570000000000000000e+02
-9.000000000000000000e+00 1.420000000000000000e+02 -1.200000000000000000e+01 5.512500000000000000e+04 5.179500000000000000e+04 5.447900000000000000e+04 5.272500000000000000e+04 1.973914044303819537e+01 7.570000000000000000e+02
4.600000000000000000e+01 1.920000000000000000e+02 -1.300000000000000000e+01 5.517400000000000000e+04 5.196200000000000000e+04 5.428700000000000000e+04 5.239700000000000000e+04 1.974933643604163080e+01 7.530000000000000000e+02
5.400000000000000000e+01 1.100000000000000000e+02 -2.200000000000000000e+01 5.504300000000000000e+04 5.250200000000000000e+04 5.469800000000000000e+04 5.222300000000000000e+04 1.975919367803726345e+01 7.530000000000000000e+02
3.100000000000000000e+01 1.260000000000000000e+02 -2.000000000000000000e+01 5.499500000000000000e+04 5.248700000000000000e+04 5.475900000000000000e+04 5.223600000000000000e+04 1.976954453508369625e+01 7.530000000000000000e+02
1.010000000000000000e+02 5.900000000000000000e+01 -1.100000000000000000e+01 5.501500000000000000e+04 5.289200000000000000e+04 5.472500000000000000e+04 5.184900000000000000e+04 1.978005083405878395e+01 7.530000000000000000e+02
4.400000000000000000e+01 1.700000000000000000e+01 6.000000000000000000e+00 5.458300000000000000e+04 5.297400000000000000e+04 5.523600000000000000e+04 5.172400000000000000e+04 1.978984185401350260e+01 7.530000000000000000e+02
3.900000000000000000e+01 -3.800000000000000000e+01 2.000000000000000000e+00 5.452800000000000000e+04 5.320400000000000000e+04 5.538300000000000000e+04 5.140300000000000000e+04 1.979904270404949784e+01 7.530000000000000000e+02
2.000000000000000000e+01 -5.400000000000000000e+01 2.600000000000000000e+01 5.426100000000000000e+04 5.331600000000000000e+04 5.606300000000000000e+04 5.171400000000000000e+04 1.981041880801785737e+01 7.510000000000000000e+02
-1.800000000000000000e+01 -1.150000000000000000e+02 1.200000000000000000e+01 5.415600000000000000e+04 5.285400000000000000e+04 5.628800000000000000e+04 5.205800000000000000e+04 1.981964435603003949e+01 7.510000000000000000e+02
-9.700000000000000000e+01 -1.230000000000000000e+02 5.500000000000000000e+01 5.405500000000000000e+04 5.299200000000000000e+04 5.651400000000000000e+04 5.178600000000000000e+04 1.982954551710281521e+01 7.510000000000000000e+02
-9.000000000000000000e+01 -1.240000000000000000e+02 4.400000000000000000e+01 5.406900000000000000e+04 5.273800000000000000e+04 5.686300000000000000e+04 5.200500000000000000e+04 1.983992486400529742e+01 7.510000000000000000e+02
-1.020000000000000000e+02 -1.020000000000000000e+02 7.000000000000000000e+01 5.394900000000000000e+04 5.255100000000000000e+04 5.696900000000000000e+04 5.220300000000000000e+04 1.984897335909772664e+01 7.480000000000000000e+02
-1.280000000000000000e+02 -1.090000000000000000e+02 6.000000000000000000e+01 5.442100000000000000e+04 5.268100000000000000e+04 5.688300000000000000e+04 5.233600000000000000e+04 1.985937228507827967e+01 7.480000000000000000e+02
-9.700000000000000000e+01 -1.500000000000000000e+01 8.400000000000000000e+01 5.484300000000000000e+04 5.232400000000000000e+04 5.650900000000000000e+04 5.246700000000000000e+04 1.987203995906747878e+01 7.480000000000000000e+02
-9.500000000000000000e+01 -2.700000000000000000e+01 8.800000000000000000e+01 5.523300000000000000e+04 5.224000000000000000e+04 5.644700000000000000e+04 5.260500000000000000e+04 1.988018869305960834e+01 7.480000000000000000e+02
-9.900000000000000000e+01 1.700000000000000000e+01 9.900000000000000000e+01 5.532200000000000000e+04 5.251600000000000000e+04 5.649800000000000000e+04 5.214400000000000000e+04 1.989029690402094275e+01 7.480000000000000000e+02
-8.900000000000000000e+01 -1.800000000000000000e+01 1.120000000000000000e+02 5.527700000000000000e+04 5.217700000000000000e+04 5.670800000000000000e+04 5.228600000000000000e+04 1.989929300604853779e+01 7.480000000000000000e+02
-1.230000000000000000e+02 -5.000000000000000000e+00 1.190000000000000000e+02 5.501800000000000000e+04 5.158600000000000000e+04 5.707800000000000000e+04 5.240200000000000000e+04 1.990959715202916414e+01 7.490000000000000000e+02
-1.220000000000000000e+02 -2.500000000000000000e+01 1.600000000000000000e+02 5.481200000000000000e+04 5.185400000000000000e+04 5.731800000000000000e+04 5.197300000000000000e+04 1.992010108008980751e+01 7.490000000000000000e+02
-1.780000000000000000e+02 -8.800000000000000000e+01 1.490000000000000000e+02 5.438500000000000000e+04 5.142800000000000000e+04 5.777400000000000000e+04 5.218700000000000000e+04 1.993017535307444632e+01 7.490000000000000000e+02
-1.950000000000000000e+02 -6.100000000000000000e+01 1.580000000000000000e+02 5.449700000000000000e+04 5.127000000000000000e+04 5.781800000000000000e+04 5.210600000000000000e+04 1.994306351104751229e+01 7.490000000000000000e+02
-2.160000000000000000e+02 -9.500000000000000000e+01 1.500000000000000000e+02 5.387200000000000000e+04 5.097400000000000000e+04 5.831700000000000000e+04 5.227800000000000000e+04 1.994904892600607127e+01 7.480000000000000000e+02
-2.500000000000000000e+02 -1.070000000000000000e+02 1.540000000000000000e+02 5.333200000000000000e+04 5.073200000000000000e+04 5.851900000000000000e+04 5.213600000000000000e+04 1.995977458707056940e+01 7.480000000000000000e+02
-2.600000000000000000e+02 -1.120000000000000000e+02 1.460000000000000000e+02 5.354100000000000000e+04 5.019200000000000000e+04 5.825300000000000000e+04 5.228300000000000000e+04 1.996959139301907271e+01 7.480000000000000000e+02
-2.650000000000000000e+02 -8.500000000000000000e+01 1.510000000000000000e+02 5.393200000000000000e+04 5.036000000000000000e+04 5.803300000000000000e+04 5.193400000000000000e+04 1.997927010408602655e+01 7.480000000000000000e+02
-2.640000000000000000e+02 -8.800000000000000000e+01 1.590000000000000000e+02 5.365100000000000000e+04 5.017900000000000000e+04 5.823000000000000000e+04 5.199900000000000000e+04 1.998896482808049768e+01 7.480000000000000000e+02
-2.430000000000000000e+02 -9.200000000000000000e+01 1.290000000000000000e+02 5.376800000000000000e+04 5.021700000000000000e+04 5.812100000000000000e+04 5.193300000000000000e+04 1.999878775107208639e+01 7.480000000000000000e+02
-2.010000000000000000e+02 -6.400000000000000000e+01 1.420000000000000000e+02 5.364000000000000000e+04 5.021600000000000000e+04 5.795500000000000000e+04 5.146900000000000000e+04 2.000912011100444943e+01 7.510000000000000000e+02
-1.250000000000000000e+02 -1.340000000000000000e+02 1.430000000000000000e+02 5.372500000000000000e+04 5.109900000000000000e+04 5.785200000000000000e+04 5.056800000000000000e+04 2.002025211707223207e+01 7.510000000000000000e+02
-4.100000000000000000e+01 -1.040000000000000000e+02 1.190000000000000000e+02 5.428600000000000000e+04 5.138400000000000000e+04 5.736500000000000000e+04 5.026100000000000000e+04 2.002902196010109037e+01 7.510000000000000000e+02
5.500000000000000000e+01 -6.900000000000000000e+01 1.200000000000000000e+02 5.454400000000000000e+04 5.161000000000000000e+04 5.713300000000000000e+04 5.000000000000000000e+04 2.004021676303818822e+01 7.510000000000000000e+02
1.060000000000000000e+02 -5.800000000000000000e+01 8.300000000000000000e+01 5.426500000000000000e+04 5.152300000000000000e+04 5.726000000000000000e+04 5.020600000000000000e+04 2.004834256810136139e+01 7.510000000000000000e+02
6.900000000000000000e+01 -7.900000000000000000e+01 8.700000000000000000e+01 5.416300000000000000e+04 5.114100000000000000e+04 5.699700000000000000e+04 5.012900000000000000e+04 2.005888309399597347e+01 7.510000000000000000e+02
8.800000000000000000e+01 5.000000000000000000e+00 6.700000000000000000e+01 5.412500000000000000e+04 5.090300000000000000e+04 5.692500000000000000e+04 5.045700000000000000e+04 2.006943428108934313e+01 7.510000000000000000e+02
7.500000000000000000e+01 2.300000000000000000e+01 3.200000000000000000e+01 5.373500000000000000e+04 5.050800000000000000e+04 5.710600000000000000e+04 5.100100000000000000e+04 2.007859175803605467e+01 7.510000000000000000e+02
1.400000000000000000e+01 3.800000000000000000e+01 4.500000000000000000e+01 5.354000000000000000e+04 5.031500000000000000e+04 5.711200000000000000e+04 5.102900000000000000e+04 2.008840814500581473e+01 7.510000000000000000e+02
-4.000000000000000000e+00 6.500000000000000000e+01 3.500000000000000000e+01 5.355600000000000000e+04 5.039200000000000000e+04 5.715700000000000000e+04 5.123300000000000000e+04 2.009861575602553785e+01 7.510000000000000000e+02
