1.300000000000000000e+01 -6.000000000000000000e+00 2.400000000000000000e+01 5.107900000000000000e+04 5.045000000000000000e+04 5.365900000000000000e+04 4.935100000000000000e+04 2.160428279696498066e+01 7.750000000000000000e+02
2.400000000000000000e+01 3.000000000000000000e+00 -5.000000000000000000e+00 5.119200000000000000e+04 5.063700000000000000e+04 5.354600000000000000e+04 4.915900000000000000e+04 2.161366691603325307e+01 7.750000000000000000e+02
1.800000000000000000e+01 -3.000000000000000000e+01 7.000000000000000000e+00 5.127100000000000000e+04 5.066000000000000000e+04 5.347100000000000000e+04 4.914300000000000000e+04 2.162425996595993638e+01 7.750000000000000000e+02
2.500000000000000000e+01 -3.200000000000000000e+01 9.000000000000000000e+00 5.088300000000000000e+04 5.060800000000000000e+04 5.379500000000000000e+04 4.917300000000000000e+04 2.163414034806191921e+01 7.770000000000000000e+02
4.200000000000000000e+01 -1.900000000000000000e+01 -1.000000000000000000e+00 5.097400000000000000e+04 5.039000000000000000e+04 5.349700000000000000e+04 4.902700000000000000e+04 2.164486050501000136e+01 7.770000000000000000e+02
4.200000000000000000e+01 -1.100000000000000000e+01 8.000000000000000000e+00 5.148200000000000000e+04 5.020700000000000000e+04 5.314400000000000000e+04 4.939100000000000000e+04 2.165400628396309912e+01 7.770000000000000000e+02
6.200000000000000000e+01 6.000000000000000000e+00 -2.000000000000000000e+00 5.114600000000000000e+04 5.021900000000000000e+04 5.338600000000000000e+04 4.935000000000000000e+04 2.166373778402339667e+01 7.770000000000000000e+02
4.800000000000000000e+01 -3.200000000000000000e+01 -9.000000000000000000e+00 5.122000000000000000e+04 5.033100000000000000e+04 5.324700000000000000e+04 4.930700000000000000e+04 2.167530047905165702e+01 7.750000000000000000e+02
4.700000000000000000e+01 -1.300000000000000000e+01 -1.000000000000000000e+01 5.140400000000000000e+04 5.005500000000000000e+04 5.273200000000000000e+04 4.935300000000000000e+04 2.168359898903872818e+01 7.750000000000000000e+02
3.000000000000000000e+01 -3.800000000000000000e+01 -1.300000000000000000e+01 5.103600000000000000e+04 5.022300000000000000e+04 5.303400000000000000e+04 4.920800000000000000e+04 2.169429218606092036e+01 7.750000000000000000e+02
2.200000000000000000e+01 -4.400000000000000000e+01 -1.400000000000000000e+01 5.110500000000000000e+04 5.035600000000000000e+04 5.294600000000000000e+04 4.906100000000000000e+04 2.170326791703701019e+01 7.750000000000000000e+02
-7.000000000000000000e+00 -8.300000000000000000e+01 -1.500000000000000000e+01 5.043000000000000000e+04 5.053400000000000000e+04 5.347300000000000000e+04 4.886400000000000000e+04 2.171383584698196501e+01 7.750000000000000000e+02
-2.500000000000000000e+01 -7.200000000000000000e+01 -2.500000000000000000e+01 5.071200000000000000e+04 5.020500000000000000e+04 5.321500000000000000e+04 4.920900000000000000e+04 2.172460817801766098e+01 7.750000000000000000e+02
-6.500000000000000000e+01 -1.050000000000000000e+02 -1.100000000000000000e+01 5.047000000000000000e+04 5.032600000000000000e+04 5.355300000000000000e+04 4.921100000000000000e+04 2.173355892102699727e+01 7.740000000000000000e+02
-6.100000000000000000e+01 -6.000000000000000000e+01 -1.900000000000000000e+01 5.063500000000000000e+04 5.039400000000000000e+04 5.346500000000000000e+04 4.927400000000000000e+04 2.174398380098864436e+01 7.740000000000000000e+02
-7.000000000000000000e+01 -8.400000000000000000e+01 -1.800000000000000000e+01 5.020500000000000000e+04 5.020900000000000000e+04 5.376900000000000000e+04 4.950200000000000000e+04 2.175414105202071369e+01 7.740000000000000000e+02
-7.900000000000000000e+01 -3.000000000000000000e+01 -2.200000000000000000e+01 5.028800000000000000e+04 5.030800000000000000e+04 5.366900000000000000e+04 4.942700000000000000e+04 2.176391882298048586e+01 7.740000000000000000e+02
-5.100000000000000000e+01 -2.300000000000000000e+01 -3.500000000000000000e+01 5.060500000000000000e+04 5.012700000000000000e+04 5.352100000000000000e+04 4.981400000000000000e+04 2.177360239601694047e+01 7.720000000000000000e+02
-4.200000000000000000e+01 -2.000000000000000000e+00 -3.400000000000000000e+01 5.055200000000000000e+04 5.030100000000000000e+04 5.354700000000000000e+04 4.976200000000000000e+04 2.178372750501148403e+01 7.720000000000000000e+02
-1.700000000000000000e+01 3.700000000000000000e+01 -4.900000000000000000e+01 5.062600000000000000e+04 5.020700000000000000e+04 5.344900000000000000e+04 4.987100000000000000e+04 2.179408398200757802e+01 7.720000000000000000e+02
-7.000000000000000000e+00 3.700000000000000000e+01 -4.000000000000000000e+01 5.064000000000000000e+04 5.013100000000000000e+04 5.326200000000000000e+04 4.981100000000000000e+04 2.180368063901551068e+01 7.720000000000000000e+02
1.100000000000000000e+01 3.100000000000000000e+01 -2.100000000000000000e+01 5.066500000000000000e+04 5.048500000000000000e+04 5.337300000000000000e+04 4.956000000000000000e+04 2.181391752103809267e+01 7.720000000000000000e+02
3.200000000000000000e+01 3.700000000000000000e+01 -4.200000000000000000e+01 5.084500000000000000e+04 5.032400000000000000e+04 5.319300000000000000e+04 4.973500000000000000e+04 2.182386022503487766e+01 7.720000000000000000e+02
3.200000000000000000e+01 4.400000000000000000e+01 -3.200000000000000000e+01 5.077900000000000000e+04 5.055600000000000000e+04 5.321600000000000000e+04 4.951700000000000000e+04 2.183421340503264219e+01 7.750000000000000000e+02
2.000000000000000000e+01 2.300000000000000000e+01 -4.100000000000000000e+01 5.062200000000000000e+04 5.024500000000000000e+04 5.324900000000000000e+04 4.991700000000000000e+04 2.184382801002357155e+01 7.750000000000000000e+02
1.400000000000000000e+01 3.200000000000000000e+01 -4.300000000000000000e+01 5.067800000000000000e+04 5.026600000000000000e+04 5.320100000000000000e+04 4.985300000000000000e+04 2.185350729699712247e+01 7.750000000000000000e+02
5.000000000000000000e+00 3.400000000000000000e+01 -4.700000000000000000e+01 5.108800000000000000e+04 5.051000000000000000e+04 5.284100000000000000e+04 4.957100000000000000e+04 2.186384101398289204e+01 7.750000000000000000e+02
-7.000000000000000000e+00 1.400000000000000000e+01 -3.500000000000000000e+01 5.096600000000000000e+04 5.043600000000000000e+04 5.273000000000000000e+04 4.954600000000000000e+04 2.187346351600717753e+01 7.730000000000000000e+02
-1.600000000000000000e+01 -8.000000000000000000e+00 -3.900000000000000000e+01 5.011800000000000000e+04 5.041200000000000000e+04 5.346800000000000000e+04 4.968900000000000000e+04 2.188375290599651635e+01 7.730000000000000000e+02
-9.000000000000000000e+00 -4.000000000000000000e+00 -4.900000000000000000e+01 5.019700000000000000e+04 5.045100000000000000e+04 5.341300000000000000e+04 4.960900000000000000e+04 2.189494765806011856e+01 7.730000000000000000e+02
-2.700000000000000000e+01 -2.100000000000000000e+01 -4.800000000000000000e+01 5.011900000000000000e+04 5.049200000000000000e+04 5.325200000000000000e+04 4.944700000000000000e+04 2.190320587903261185e+01 7.730000000000000000e+02
-1.800000000000000000e+01 1.100000000000000000e+01 -5.300000000000000000e+01 4.985200000000000000e+04 5.030700000000000000e+04 5.340300000000000000e+04 4.968000000000000000e+04 2.191390268597751856e+01 7.730000000000000000e+02
-3.100000000000000000e+01 -2.600000000000000000e+01 -5.000000000000000000e+01 5.015400000000000000e+04 5.035700000000000000e+04 5.329200000000000000e+04 4.976200000000000000e+04 2.192354752006940544e+01 7.730000000000000000e+02
-2.500000000000000000e+01 1.600000000000000000e+01 -5.100000000000000000e+01 5.033000000000000000e+04 5.024100000000000000e+04 5.306000000000000000e+04 4.992400000000000000e+04 2.193363790598232299e+01 7.760000000000000000e+02
6.000000000000000000e+00 6.000000000000000000e+00 -5.800000000000000000e+01 5.036200000000000000e+04 5.050000000000000000e+04 5.283000000000000000e+04 4.943200000000000000e+04 2.194312667998019606e+01 7.760000000000000000e+02
1.200000000000000000e+01 1.200000000000000000e+01 -5.000000000000000000e+01 5.098600000000000000e+04 5.060100000000000000e+04 5.234400000000000000e+04 4.952800000000000000e+04 2.195342447096481919e+01 7.760000000000000000e+02
5.000000000000000000e+01 2.600000000000000000e+01 -6.600000000000000000e+01 5.080500000000000000e+04 5.056000000000000000e+04 5.246300000000000000e+04 4.957500000000000000e+04 2.196343677595723420e+01 7.760000000000000000e+02
4.000000000000000000e+01 -3.000000000000000000e+00 -6.000000000000000000e+01 5.051500000000000000e+04 5.055900000000000000e+04 5.246400000000000000e+04 4.947300000000000000e+04 2.197320268000476062e+01 7.740000000000000000e+02
4.400000000000000000e+01 3.000000000000000000e+01 -6.200000000000000000e+01 5.043800000000000000e+04 5.052200000000000000e+04 5.241600000000000000e+04 4.947100000000000000e+04 2.198347250197548419e+01 7.740000000000000000e+02
1.900000000000000000e+01 7.000000000000000000e+00 -6.400000000000000000e+01 5.034800000000000000e+04 5.030400000000000000e+04 5.242200000000000000e+04 4.970900000000000000e+04 2.199301912100054324e+01 7.740000000000000000e+02
3.100000000000000000e+01 1.400000000000000000e+01 -6.500000000000000000e+01 5.017100000000000000e+04 5.060000000000000000e+04 5.253000000000000000e+04 4.942300000000000000e+04 2.200329627306200564e+01 7.740000000000000000e+02
7.000000000000000000e+00 2.600000000000000000e+01 -6.600000000000000000e+01 5.031700000000000000e+04 5.041000000000000000e+04 5.232600000000000000e+04 4.969000000000000000e+04 2.201335636805742979e+01 7.740000000000000000e+02
2.000000000000000000e+00 1.900000000000000000e+01 -6.500000000000000000e+01 5.008400000000000000e+04 5.034300000000000000e+04 5.249700000000000000e+04 4.975300000000000000e+04 2.202366150100715458e+01 7.740000000000000000e+02
1.000000000000000000e+00 5.300000000000000000e+01 -6.100000000000000000e+01 5.000900000000000000e+04 5.008700000000000000e+04 5.250500000000000000e+04 5.001400000000000000e+04 2.203406759805511683e+01 7.770000000000000000e+02
1.000000000000000000e+01 2.200000000000000000e+01 -6.400000000000000000e+01 5.001500000000000000e+04 5.038300000000000000e+04 5.251300000000000000e+04 4.969200000000000000e+04 2.204386909003369510e+01 7.770000000000000000e+02
1.000000000000000000e+00 3.000000000000000000e+01 -6.100000000000000000e+01 4.993500000000000000e+04 5.039400000000000000e+04 5.251000000000000000e+04 4.970200000000000000e+04 2.205357287195511162e+01 7.770000000000000000e+02
4.900000000000000000e+01 2.700000000000000000e+01 -5.800000000000000000e+01 5.017600000000000000e+04 5.061000000000000000e+04 5.226500000000000000e+04 4.945600000000000000e+04 2.206425808696076274e+01 7.770000000000000000e+02
3.000000000000000000e+00 3.000000000000000000e+01 -6.200000000000000000e+01 5.008300000000000000e+04 5.006200000000000000e+04 5.221700000000000000e+04 5.011300000000000000e+04 2.207353966298978776e+01 7.770000000000000000e+02
2.400000000000000000e+01 4.800000000000000000e+01 -7.200000000000000000e+01 4.978300000000000000e+04 5.039400000000000000e+04 5.229300000000000000e+04 4.958100000000000000e+04 2.208367341302800924e+01 7.770000000000000000e+02
9.000000000000000000e+00 2.800000000000000000e+01 -6.200000000000000000e+01 4.994800000000000000e+04 5.038100000000000000e+04 5.210600000000000000e+04 4.960000000000000000e+04 2.209344585600774735e+01 7.770000000000000000e+02
2.900000000000000000e+01 4.800000000000000000e+01 -7.300000000000000000e+01 4.972600000000000000e+04 5.029100000000000000e+04 5.206000000000000000e+04 4.961800000000000000e+04 2.210389226197730750e+01 7.770000000000000000e+02
2.100000000000000000e+01 1.600000000000000000e+01 -6.000000000000000000e+01 4.979100000000000000e+04 5.001600000000000000e+04 5.215000000000000000e+04 4.999400000000000000e+04 2.211361189396120608e+01 7.770000000000000000e+02
1.500000000000000000e+01 2.900000000000000000e+01 -6.300000000000000000e+01 4.975000000000000000e+04 5.003000000000000000e+04 5.214800000000000000e+04 5.000500000000000000e+04 2.212351573596242815e+01 7.770000000000000000e+02
3.000000000000000000e+01 -1.000000000000000000e+00 -5.700000000000000000e+01 4.988200000000000000e+04 5.052200000000000000e+04 5.196900000000000000e+04 4.953700000000000000e+04 2.213438066502567381e+01 7.770000000000000000e+02
2.800000000000000000e+01 2.400000000000000000e+01 -5.600000000000000000e+01 5.003800000000000000e+04 5.061900000000000000e+04 5.190200000000000000e+04 4.952100000000000000e+04 2.214383838698267937e+01 7.770000000000000000e+02
3.000000000000000000e+01 9.000000000000000000e+00 -5.300000000000000000e+01 5.014300000000000000e+04 5.045500000000000000e+04 5.195100000000000000e+04 4.984300000000000000e+04 2.215289047395344824e+01 7.770000000000000000e+02
1.400000000000000000e+01 3.000000000000000000e+00 -5.400000000000000000e+01 4.988600000000000000e+04 5.036200000000000000e+04 5.214200000000000000e+04 4.996500000000000000e+04 2.216369948897045106e+01 7.770000000000000000e+02
2.600000000000000000e+01 -1.700000000000000000e+01 -5.300000000000000000e+01 5.012800000000000000e+04 5.050900000000000000e+04 5.195500000000000000e+04 4.977500000000000000e+04 2.217335148504935205e+01 7.800000000000000000e+02
2.800000000000000000e+01 -3.400000000000000000e+01 -4.400000000000000000e+01 4.990600000000000000e+04 5.042900000000000000e+04 5.200300000000000000e+04 4.967800000000000000e+04 2.218414954899344593e+01 7.800000000000000000e+02
2.000000000000000000e+01 -4.400000000000000000e+01 -4.600000000000000000e+01 4.985900000000000000e+04 5.030000000000000000e+04 5.184300000000000000e+04 4.968000000000000000e+04 2.219320379197597504e+01 7.800000000000000000e+02
9.000000000000000000e+00 -3.700000000000000000e+01 -4.700000000000000000e+01 4.987300000000000000e+04 5.041400000000000000e+04 5.181900000000000000e+04 4.953100000000000000e+04 2.220298985496629030e+01 7.800000000000000000e+02
3.100000000000000000e+01 -5.000000000000000000e+01 -3.700000000000000000e+01 5.005000000000000000e+04 5.038700000000000000e+04 5.159200000000000000e+04 4.961100000000000000e+04 2.221440538496244699e+01 7.800000000000000000e+02
2.100000000000000000e+01 -2.400000000000000000e+01 -3.900000000000000000e+01 4.995300000000000000e+04 5.037800000000000000e+04 5.166700000000000000e+04 4.959300000000000000e+04 2.222360821999609470e+01 7.800000000000000000e+02
1.900000000000000000e+01 -3.600000000000000000e+01 -4.900000000000000000e+01 5.010400000000000000e+04 5.056100000000000000e+04 5.150300000000000000e+04 4.939600000000000000e+04 2.223368461802601814e+01 7.830000000000000000e+02
5.000000000000000000e+00 -2.300000000000000000e+01 -4.300000000000000000e+01 4.963800000000000000e+04 5.016200000000000000e+04 5.160600000000000000e+04 4.955700000000000000e+04 2.224340441299136728e+01 7.830000000000000000e+02
3.000000000000000000e+00 -2.800000000000000000e+01 -4.300000000000000000e+01 4.953000000000000000e+04 5.022300000000000000e+04 5.180000000000000000e+04 4.967500000000000000e+04 2.225325613305903971e+01 7.830000000000000000e+02
-1.300000000000000000e+01 -1.200000000000000000e+01 -4.700000000000000000e+01 4.943900000000000000e+04 4.994700000000000000e+04 5.170400000000000000e+04 4.980300000000000000e+04 2.226388318499084562e+01 7.830000000000000000e+02
9.000000000000000000e+00 -1.800000000000000000e+01 -4.600000000000000000e+01 4.998400000000000000e+04 5.030400000000000000e+04 5.117900000000000000e+04 4.943500000000000000e+04 2.227291756006889045e+01 7.800000000000000000e+02
1.700000000000000000e+01 -1.200000000000000000e+01 -3.700000000000000000e+01 4.952100000000000000e+04 5.019600000000000000e+04 5.165800000000000000e+04 4.957700000000000000e+04 2.228355193801689893e+01 7.800000000000000000e+02
5.000000000000000000e+00 -2.800000000000000000e+01 -4.600000000000000000e+01 4.958900000000000000e+04 5.019200000000000000e+04 5.150000000000000000e+04 4.970000000000000000e+04 2.229326890897937119e+01 7.800000000000000000e+02
2.100000000000000000e+01 -1.000000000000000000e+00 -3.700000000000000000e+01 4.975700000000000000e+04 5.021600000000000000e+04 5.138800000000000000e+04 4.963400000000000000e+04 2.230306714505422860e+01 7.800000000000000000e+02
1.300000000000000000e+01 -3.200000000000000000e+01 -3.500000000000000000e+01 4.976400000000000000e+04 5.024800000000000000e+04 5.136200000000000000e+04 4.961100000000000000e+04 2.231342840602155775e+01 7.800000000000000000e+02
3.100000000000000000e+01 -8.000000000000000000e+00 -3.100000000000000000e+01 4.993500000000000000e+04 5.033400000000000000e+04 5.142000000000000000e+04 4.964600000000000000e+04 2.232334312400780618e+01 7.800000000000000000e+02
3.800000000000000000e+01 -2.800000000000000000e+01 -4.000000000000000000e+01 5.016500000000000000e+04 5.053200000000000000e+04 5.116600000000000000e+04 4.949400000000000000e+04 2.233332431002054363e+01 7.810000000000000000e+02
2.800000000000000000e+01 -3.500000000000000000e+01 -2.600000000000000000e+01 4.975400000000000000e+04 5.042100000000000000e+04 5.165000000000000000e+04 4.974700000000000000e+04 2.234389555605594069e+01 7.810000000000000000e+02
3.800000000000000000e+01 -5.300000000000000000e+01 -2.800000000000000000e+01 4.971200000000000000e+04 5.053700000000000000e+04 5.188500000000000000e+04 4.975200000000000000e+04 2.235387709503993392e+01 7.810000000000000000e+02
2.400000000000000000e+01 -6.400000000000000000e+01 -1.800000000000000000e+01 4.981500000000000000e+04 5.093600000000000000e+04 5.183200000000000000e+04 4.932200000000000000e+04 2.236289327999111265e+01 7.810000000000000000e+02
1.900000000000000000e+01 -9.600000000000000000e+01 -1.700000000000000000e+01 4.971100000000000000e+04 5.084400000000000000e+04 5.193400000000000000e+04 4.942000000000000000e+04 2.237360169296152890e+01 7.800000000000000000e+02
1.600000000000000000e+01 -1.030000000000000000e+02 -9.000000000000000000e+00 4.992800000000000000e+04 5.119900000000000000e+04 5.194700000000000000e+04 4.922300000000000000e+04 2.238301121897529811e+01 7.800000000000000000e+02
1.100000000000000000e+01 -7.900000000000000000e+01 -6.000000000000000000e+00 4.987300000000000000e+04 5.092600000000000000e+04 5.204700000000000000e+04 4.951000000000000000e+04 2.239364674396347255e+01 7.800000000000000000e+02
-1.500000000000000000e+01 -8.500000000000000000e+01 -4.000000000000000000e+00 4.998300000000000000e+04 5.087600000000000000e+04 5.195200000000000000e+04 4.958500000000000000e+04 2.240345033898483962e+01 7.800000000000000000e+02
-1.600000000000000000e+01 -5.100000000000000000e+01 -2.000000000000000000e+00 4.977800000000000000e+04 5.070200000000000000e+04 5.214700000000000000e+04 4.977400000000000000e+04 2.241336347104515880e+01 7.800000000000000000e+02
-3.200000000000000000e+01 -3.500000000000000000e+01 -1.000000000000000000e+00 5.010600000000000000e+04 5.056500000000000000e+04 5.190200000000000000e+04 4.990000000000000000e+04 2.242308775696437806e+01 7.800000000000000000e+02
-2.800000000000000000e+01 2.200000000000000000e+01 6.000000000000000000e+00 5.023900000000000000e+04 5.055600000000000000e+04 5.178600000000000000e+04 4.978600000000000000e+04 2.243343793402891606e+01 7.820000000000000000e+02
-2.100000000000000000e+01 2.400000000000000000e+01 1.400000000000000000e+01 5.053100000000000000e+04 5.048800000000000000e+04 5.170400000000000000e+04 4.998900000000000000e+04 2.244337415904738009e+01 7.820000000000000000e+02
-1.100000000000000000e+01 7.100000000000000000e+01 1.300000000000000000e+01 5.037000000000000000e+04 5.027600000000000000e+04 5.188400000000000000e+04 5.019400000000000000e+04 2.245344735099934042e+01 7.820000000000000000e+02
-1.300000000000000000e+01 6.300000000000000000e+01 2.100000000000000000e+01 5.050300000000000000e+04 5.033600000000000000e+04 5.177400000000000000e+04 5.011400000000000000e+04 2.246360111003741622e+01 7.820000000000000000e+02
-1.700000000000000000e+01 8.400000000000000000e+01 2.200000000000000000e+01 5.050500000000000000e+04 5.032300000000000000e+04 5.184300000000000000e+04 5.008100000000000000e+04 2.247290118096861988e+01 7.810000000000000000e+02
-2.400000000000000000e+01 6.700000000000000000e+01 1.700000000000000000e+01 5.062100000000000000e+04 5.006300000000000000e+04 5.176300000000000000e+04 5.044700000000000000e+04 2.248357283102814108e+01 7.810000000000000000e+02
-2.000000000000000000e+00 3.300000000000000000e+01 2.200000000000000000e+01 5.038900000000000000e+04 5.046700000000000000e+04 5.184900000000000000e+04 4.986200000000000000e+04 2.249297734606079757e+01 7.810000000000000000e+02
7.000000000000000000e+00 1.400000000000000000e+01 1.900000000000000000e+01 5.023200000000000000e+04 5.059700000000000000e+04 5.205300000000000000e+04 4.968900000000000000e+04 2.250380208704154938e+01 7.810000000000000000e+02
-2.000000000000000000e+00 4.000000000000000000e+00 2.800000000000000000e+01 5.064400000000000000e+04 5.016700000000000000e+04 5.173300000000000000e+04 5.010100000000000000e+04 2.251268732803873718e+01 7.810000000000000000e+02
2.000000000000000000e+00 -1.000000000000000000e+00 2.600000000000000000e+01 5.065500000000000000e+04 5.014500000000000000e+04 5.166900000000000000e+04 5.014600000000000000e+04 2.252319760806858540e+01 7.810000000000000000e+02
-6.000000000000000000e+00 4.000000000000000000e+00 3.300000000000000000e+01 5.076600000000000000e+04 5.029000000000000000e+04 5.166500000000000000e+04 4.987100000000000000e+04 2.253351966897025704e+01 7.830000000000000000e+02
-2.700000000000000000e+01 1.500000000000000000e+01 3.800000000000000000e+01 5.090900000000000000e+04 4.975400000000000000e+04 5.152700000000000000e+04 5.043300000000000000e+04 2.254297131695784628e+01 7.830000000000000000e+02
-4.600000000000000000e+01 3.100000000000000000e+01 3.000000000000000000e+01 5.076800000000000000e+04 4.958400000000000000e+04 5.166400000000000000e+04 5.059000000000000000e+04 2.255363038100767881e+01 7.830000000000000000e+02
-6.000000000000000000e+01 4.500000000000000000e+01 2.300000000000000000e+01 5.103100000000000000e+04 4.943400000000000000e+04 5.139900000000000000e+04 5.072900000000000000e+04 2.256285782100167125e+01 7.830000000000000000e+02
-4.800000000000000000e+01 4.800000000000000000e+01 2.300000000000000000e+01 5.112800000000000000e+04 4.976200000000000000e+04 5.130200000000000000e+04 5.042700000000000000e+04 2.257282251096330583e+01 7.870000000000000000e+02
-8.500000000000000000e+01 9.300000000000000000e+01 2.300000000000000000e+01 5.069800000000000000e+04 4.920800000000000000e+04 5.111500000000000000e+04 5.033600000000000000e+04 2.258292999106924981e+01 7.870000000000000000e+02
-6.400000000000000000e+01 7.100000000000000000e+01 3.300000000000000000e+01 5.063300000000000000e+04 4.892800000000000000e+04 5.122100000000000000e+04 5.052200000000000000e+04 2.259303234005346894e+01 7.870000000000000000e+02
-6.600000000000000000e+01 3.000000000000000000e+01 3.400000000000000000e+01 5.056400000000000000e+04 4.940200000000000000e+04 5.131700000000000000e+04 5.004200000000000000e+04 2.260285277001094073e+01 7.870000000000000000e+02
-4.300000000000000000e+01 -1.000000000000000000e+01 3.800000000000000000e+01 5.051500000000000000e+04 4.945500000000000000e+04 5.125600000000000000e+04 4.977200000000000000e+04 2.261298672598786652e+01 7.870000000000000000e+02
-1.100000000000000000e+01 -5.900000000000000000e+01 4.300000000000000000e+01 5.005100000000000000e+04 5.007000000000000000e+04 5.173100000000000000e+04 4.910100000000000000e+04 2.262346996599808335e+01 7.870000000000000000e+02
1.600000000000000000e+01 -1.290000000000000000e+02 4.000000000000000000e+01 5.039100000000000000e+04 5.077700000000000000e+04 5.203800000000000000e+04 4.888500000000000000e+04 2.263435477297753096e+01 7.780000000000000000e+02
1.200000000000000000e+01 -1.120000000000000000e+02 4.100000000000000000e+01 5.024900000000000000e+04 5.062700000000000000e+04 5.228800000000000000e+04 4.927000000000000000e+04 2.264326211903244257e+01 7.780000000000000000e+02
1.300000000000000000e+01 -1.270000000000000000e+02 4.800000000000000000e+01 5.049400000000000000e+04 5.063700000000000000e+04 5.222700000000000000e+04 4.937900000000000000e+04 2.265320028702262789e+01 7.780000000000000000e+02
1.300000000000000000e+01 -7.900000000000000000e+01 3.800000000000000000e+01 5.029300000000000000e+04 5.063700000000000000e+04 5.242600000000000000e+04 4.933100000000000000e+04 2.266319195705000311e+01 7.780000000000000000e+02
1.900000000000000000e+01 -6.900000000000000000e+01 3.600000000000000000e+01 5.055700000000000000e+04 5.033900000000000000e+04 5.219900000000000000e+04 4.966100000000000000e+04 2.267298312298953533e+01 2.100000000000000000e+01
7.000000000000000000e+00 2.000000000000000000e+01 3.100000000000000000e+01 5.113300000000000000e+04 5.073700000000000000e+04 5.244700000000000000e+04 5.031800000000000000e+04 2.268257598904892802e+01 2.100000000000000000e+01
-9.000000000000000000e+00 3.700000000000000000e+01 2.800000000000000000e+01 5.124200000000000000e+04 5.046600000000000000e+04 5.224500000000000000e+04 5.043600000000000000e+04 2.269292828696779907e+01 2.100000000000000000e+01
-1.100000000000000000e+01 6.700000000000000000e+01 3.500000000000000000e+01 5.155800000000000000e+04 5.058300000000000000e+04 5.216900000000000000e+04 5.047200000000000000e+04 2.270286067202687263e+01 2.100000000000000000e+01
-1.600000000000000000e+01 8.600000000000000000e+01 2.800000000000000000e+01 5.178200000000000000e+04 5.044500000000000000e+04 5.207500000000000000e+04 5.081800000000000000e+04 2.271343264402821660e+01 2.100000000000000000e+01
-4.200000000000000000e+01 9.200000000000000000e+01 2.100000000000000000e+01 5.176900000000000000e+04 5.012700000000000000e+04 5.200600000000000000e+04 5.121900000000000000e+04 2.272291989705991000e+01 2.100000000000000000e+01
-5.500000000000000000e+01 5.800000000000000000e+01 1.000000000000000000e+01 5.246600000000000000e+04 5.058700000000000000e+04 5.270300000000000000e+04 5.215300000000000000e+04 2.273464956600219011e+01 9.000000000000000000e+00
-6.700000000000000000e+01 5.300000000000000000e+01 2.000000000000000000e+01 5.215700000000000000e+04 5.079600000000000000e+04 5.320400000000000000e+04 5.211100000000000000e+04 2.274301085900515318e+01 9.000000000000000000e+00
-3.600000000000000000e+01 -3.700000000000000000e+01 2.000000000000000000e+01 5.211900000000000000e+04 5.180700000000000000e+04 5.359800000000000000e+04 5.144900000000000000e+04 2.275281202502083033e+01 9.000000000000000000e+00
-4.000000000000000000e+01 -8.600000000000000000e+01 2.300000000000000000e+01 5.194300000000000000e+04 5.186500000000000000e+04 5.379900000000000000e+04 5.136100000000000000e+04 2.276298740599304438e+01 9.000000000000000000e+00
-4.000000000000000000e+00 -1.060000000000000000e+02 2.000000000000000000e+00 5.194800000000000000e+04 5.213800000000000000e+04 5.373100000000000000e+04 5.117900000000000000e+04 2.277284504205454141e+01 2.400000000000000000e+01
-7.000000000000000000e+00 -1.340000000000000000e+02 2.600000000000000000e+01 5.167600000000000000e+04 5.210400000000000000e+04 5.331700000000000000e+04 5.045300000000000000e+04 2.278297961398493499e+01 2.400000000000000000e+01
2.700000000000000000e+01 -1.040000000000000000e+02 7.000000000000000000e+00 5.155300000000000000e+04 5.193800000000000000e+04 5.340700000000000000e+04 5.056700000000000000e+04 2.279376089002471417e+01 2.400000000000000000e+01
-2.000000000000000000e+00 -1.030000000000000000e+02 2.800000000000000000e+01 5.154100000000000000e+04 5.122800000000000000e+04 5.325500000000000000e+04 5.103800000000000000e+04 2.280308469804003835e+01 2.400000000000000000e+01
1.900000000000000000e+01 -8.200000000000000000e+01 1.100000000000000000e+01 5.152100000000000000e+04 5.166800000000000000e+04 5.303700000000000000e+04 5.036600000000000000e+04 2.281300062499940395e+01 2.400000000000000000e+01
-1.000000000000000000e+01 -7.200000000000000000e+01 1.400000000000000000e+01 5.137000000000000000e+04 5.141600000000000000e+04 5.311100000000000000e+04 5.052800000000000000e+04 2.282353693200275302e+01 2.400000000000000000e+01
-1.700000000000000000e+01 -1.300000000000000000e+01 3.100000000000000000e+01 5.122500000000000000e+04 5.066300000000000000e+04 5.228700000000000000e+04 5.027300000000000000e+04 2.283288366300985217e+01 2.800000000000000000e+01
-6.200000000000000000e+01 7.000000000000000000e+01 -9.000000000000000000e+00 5.093700000000000000e+04 4.995500000000000000e+04 5.244100000000000000e+04 5.089300000000000000e+04 2.284327951399609447e+01 2.800000000000000000e+01
-9.000000000000000000e+01 6.000000000000000000e+01 -5.000000000000000000e+00 5.066100000000000000e+04 5.022500000000000000e+04 5.249700000000000000e+04 5.062300000000000000e+04 2.285267978697083890e+01 2.800000000000000000e+01
-7.400000000000000000e+01 7.400000000000000000e+01 2.000000000000000000e+00 5.089800000000000000e+04 5.053900000000000000e+04 5.199200000000000000e+04 5.013600000000000000e+04 2.286345915996935219e+01 2.800000000000000000e+01
-7.600000000000000000e+01 1.200000000000000000e+01 -1.800000000000000000e+01 5.094700000000000000e+04 5.025700000000000000e+04 5.172800000000000000e+04 5.021800000000000000e+04 2.287283341097645462e+01 2.900000000000000000e+01
-1.030000000000000000e+02 4.300000000000000000e+01 -2.500000000000000000e+01 5.010200000000000000e+04 5.023400000000000000e+04 5.163900000000000000e+04 4.942800000000000000e+04 2.288380095805041492e+01 2.900000000000000000e+01
-1.040000000000000000e+02 -1.500000000000000000e+01 -2.600000000000000000e+01 4.954600000000000000e+04 5.023200000000000000e+04 5.179800000000000000e+04 4.927900000000000000e+04 2.289279785705730319e+01 2.900000000000000000e+01
-1.380000000000000000e+02 1.600000000000000000e+01 -3.000000000000000000e+01 4.980200000000000000e+04 5.000800000000000000e+04 5.140200000000000000e+04 4.949600000000000000e+04 2.290585502400062978e+01 2.900000000000000000e+01
-1.070000000000000000e+02 -2.100000000000000000e+01 -2.400000000000000000e+01 4.956300000000000000e+04 4.980000000000000000e+04 5.148800000000000000e+04 4.937100000000000000e+04 2.291311002301517874e+01 2.900000000000000000e+01
-1.300000000000000000e+02 3.200000000000000000e+01 -2.100000000000000000e+01 4.939400000000000000e+04 4.867400000000000000e+04 5.171700000000000000e+04 5.025500000000000000e+04 2.292311955499462783e+01 2.900000000000000000e+01
-1.410000000000000000e+02 5.200000000000000000e+01 -1.000000000000000000e+01 4.915200000000000000e+04 4.816300000000000000e+04 5.164300000000000000e+04 5.060700000000000000e+04 2.293267533497419208e+01 3.000000000000000000e+01
-1.100000000000000000e+02 5.700000000000000000e+01 -1.500000000000000000e+01 4.892700000000000000e+04 4.896500000000000000e+04 5.176500000000000000e+04 4.980900000000000000e+04 2.294225892296526581e+01 3.000000000000000000e+01
-4.900000000000000000e+01 -1.700000000000000000e+01 0.000000000000000000e+00 4.926100000000000000e+04 5.007300000000000000e+04 5.141900000000000000e+04 4.861500000000000000e+04 2.295247102202847600e+01 3.000000000000000000e+01
3.000000000000000000e+00 -3.000000000000000000e+00 -1.500000000000000000e+01 4.951200000000000000e+04 5.002900000000000000e+04 5.116400000000000000e+04 4.860100000000000000e+04 2.296298601699527353e+01 3.000000000000000000e+01
4.300000000000000000e+01 4.000000000000000000e+00 2.000000000000000000e+00 4.992300000000000000e+04 4.976700000000000000e+04 5.081400000000000000e+04 4.877900000000000000e+04 2.297244421998038888e+01 3.300000000000000000e+01
9.400000000000000000e+01 4.200000000000000000e+01 -9.000000000000000000e+00 4.978700000000000000e+04 4.989000000000000000e+04 5.055400000000000000e+04 4.820100000000000000e+04 2.298222284996882081e+01 3.300000000000000000e+01
1.000000000000000000e+02 4.600000000000000000e+01 -2.000000000000000000e+00 5.002600000000000000e+04 4.970300000000000000e+04 5.031000000000000000e+04 4.838100000000000000e+04 2.299274971999693662e+01 3.300000000000000000e+01
1.200000000000000000e+02 1.030000000000000000e+02 -1.800000000000000000e+01 4.986100000000000000e+04 4.975500000000000000e+04 5.021700000000000000e+04 4.825100000000000000e+04 2.300300602405332029e+01 3.300000000000000000e+01
8.300000000000000000e+01 1.140000000000000000e+02 -1.300000000000000000e+01 4.995700000000000000e+04 4.866300000000000000e+04 5.013300000000000000e+04 4.935200000000000000e+04 2.301273555296938866e+01 3.300000000000000000e+01
7.600000000000000000e+01 1.810000000000000000e+02 -2.200000000000000000e+01 5.021900000000000000e+04 4.862900000000000000e+04 4.971600000000000000e+04 4.952100000000000000e+04 2.302293107099831104e+01 3.300000000000000000e+01
6.600000000000000000e+01 1.500000000000000000e+02 3.000000000000000000e+00 4.985100000000000000e+04 4.850800000000000000e+04 4.964000000000000000e+04 4.890200000000000000e+04 2.303274557902477682e+01 4.000000000000000000e+01
3.700000000000000000e+01 1.350000000000000000e+02 2.000000000000000000e+00 4.942900000000000000e+04 4.866300000000000000e+04 5.033700000000000000e+04 4.869600000000000000e+04 2.304239651502575725e+01 4.000000000000000000e+01
1.400000000000000000e+01 7.300000000000000000e+01 -5.000000000000000000e+00 4.933400000000000000e+04 4.869500000000000000e+04 5.034000000000000000e+04 4.867400000000000000e+04 2.305373906495515257e+01 4.000000000000000000e+01
-1.900000000000000000e+01 8.300000000000000000e+01 -1.000000000000000000e+01 4.931500000000000000e+04 4.845400000000000000e+04 5.026700000000000000e+04 4.898000000000000000e+04 2.306269306305330247e+01 4.000000000000000000e+01
-2.000000000000000000e+00 5.800000000000000000e+01 -2.600000000000000000e+01 4.901400000000000000e+04 4.830400000000000000e+04 5.017300000000000000e+04 4.914200000000000000e+04 2.307251365005504340e+01 4.000000000000000000e+01
4.300000000000000000e+01 3.600000000000000000e+01 -3.000000000000000000e+01 4.880400000000000000e+04 4.933900000000000000e+04 5.016000000000000000e+04 4.808800000000000000e+04 2.308314586197957397e+01 4.000000000000000000e+01
9.600000000000000000e+01 -4.800000000000000000e+01 -2.000000000000000000e+01 4.922200000000000000e+04 5.013800000000000000e+04 4.976800000000000000e+04 4.712100000000000000e+04 2.309302740497514606e+01 4.000000000000000000e+01
1.060000000000000000e+02 -8.700000000000000000e+01 -2.100000000000000000e+01 4.894900000000000000e+04 5.011400000000000000e+04 4.998000000000000000e+04 4.690300000000000000e+04 2.310247132997028530e+01 4.000000000000000000e+01
1.510000000000000000e+02 -9.600000000000000000e+01 -4.000000000000000000e+00 4.873700000000000000e+04 5.037000000000000000e+04 5.028400000000000000e+04 4.657400000000000000e+04 2.311276366398669779e+01 4.000000000000000000e+01
1.100000000000000000e+02 -1.270000000000000000e+02 9.000000000000000000e+00 4.806200000000000000e+04 4.976500000000000000e+04 5.111200000000000000e+04 4.706800000000000000e+04 2.312236523698084056e+01 4.000000000000000000e+01
1.000000000000000000e+01 -6.200000000000000000e+01 1.100000000000000000e+01 4.784500000000000000e+04 4.808400000000000000e+04 5.141200000000000000e+04 4.910700000000000000e+04 2.313268842105753720e+01 4.200000000000000000e+01
-1.700000000000000000e+01 -1.000000000000000000e+00 2.500000000000000000e+01 4.882800000000000000e+04 4.787600000000000000e+04 5.062400000000000000e+04 4.932500000000000000e+04 2.314263638900592923e+01 4.200000000000000000e+01
3.200000000000000000e+01 8.700000000000000000e+01 1.000000000000000000e+00 4.971900000000000000e+04 4.830500000000000000e+04 4.977400000000000000e+04 4.904000000000000000e+04 2.315252743905875832e+01 4.200000000000000000e+01
3.400000000000000000e+01 1.900000000000000000e+01 2.500000000000000000e+01 4.904600000000000000e+04 4.889400000000000000e+04 5.071900000000000000e+04 4.850700000000000000e+04 2.316222928697243333e+01 4.200000000000000000e+01
8.300000000000000000e+01 -9.000000000000000000e+00 2.400000000000000000e+01 4.892200000000000000e+04 4.900000000000000000e+04 5.078800000000000000e+04 4.818900000000000000e+04 2.317300203396007419e+01 4.600000000000000000e+01
1.180000000000000000e+02 -1.100000000000000000e+01 2.600000000000000000e+01 4.961700000000000000e+04 4.985000000000000000e+04 4.993000000000000000e+04 4.715300000000000000e+04 2.318287389597389847e+01 4.600000000000000000e+01
1.090000000000000000e+02 5.000000000000000000e+00 2.300000000000000000e+01 5.016300000000000000e+04 4.943900000000000000e+04 4.947700000000000000e+04 4.757400000000000000e+04 2.319249935704283416e+01 4.600000000000000000e+01
6.600000000000000000e+01 -2.700000000000000000e+01 2.100000000000000000e+01 4.907500000000000000e+04 4.931300000000000000e+04 5.065300000000000000e+04 4.769200000000000000e+04 2.320377235906198621e+01 4.600000000000000000e+01
4.600000000000000000e+01 -2.300000000000000000e+01 5.000000000000000000e+01 4.947100000000000000e+04 4.955400000000000000e+04 5.038200000000000000e+04 4.740100000000000000e+04 2.321231118903961033e+01 4.600000000000000000e+01
4.800000000000000000e+01 1.000000000000000000e+00 3.200000000000000000e+01 4.985900000000000000e+04 4.956300000000000000e+04 5.009800000000000000e+04 4.734000000000000000e+04 2.322265898704063147e+01 4.600000000000000000e+01
-6.200000000000000000e+01 -1.000000000000000000e+01 3.300000000000000000e+01 4.965100000000000000e+04 4.920200000000000000e+04 5.116000000000000000e+04 4.743200000000000000e+04 2.323231263004709035e+01 4.300000000000000000e+01
-1.220000000000000000e+02 4.400000000000000000e+01 3.400000000000000000e+01 4.947100000000000000e+04 4.882100000000000000e+04 5.085600000000000000e+04 4.877300000000000000e+04 2.324283011304214597e+01 4.300000000000000000e+01
-2.280000000000000000e+02 2.800000000000000000e+01 5.600000000000000000e+01 4.862400000000000000e+04 4.783000000000000000e+04 5.235300000000000000e+04 4.927900000000000000e+04 2.325261872296687216e+01 4.300000000000000000e+01
-2.970000000000000000e+02 1.000000000000000000e+00 4.500000000000000000e+01 4.765600000000000000e+04 4.667000000000000000e+04 5.341700000000000000e+04 4.995700000000000000e+04 2.326236017397604883e+01 4.300000000000000000e+01
-3.320000000000000000e+02 -3.800000000000000000e+01 2.400000000000000000e+01 4.735200000000000000e+04 4.739900000000000000e+04 5.351500000000000000e+04 4.952300000000000000e+04 2.327204555098433048e+01 4.600000000000000000e+01
-3.910000000000000000e+02 -8.600000000000000000e+01 3.000000000000000000e+01 4.656000000000000000e+04 4.718000000000000000e+04 5.358200000000000000e+04 4.996800000000000000e+04 2.328674227197188884e+01 4.600000000000000000e+01
-3.550000000000000000e+02 -1.300000000000000000e+01 3.000000000000000000e+00 4.706400000000000000e+04 4.714100000000000000e+04 5.308200000000000000e+04 5.027700000000000000e+04 2.329348991403821856e+01 4.600000000000000000e+01
-2.450000000000000000e+02 -1.000000000000000000e+00 -9.000000000000000000e+00 4.685800000000000000e+04 4.742700000000000000e+04 5.292300000000000000e+04 5.023700000000000000e+04 2.330245697696227580e+01 4.600000000000000000e+01
-9.400000000000000000e+01 6.200000000000000000e+01 -3.700000000000000000e+01 4.803300000000000000e+04 4.868600000000000000e+04 5.182700000000000000e+04 4.974700000000000000e+04 2.331289724097587168e+01 4.600000000000000000e+01
7.900000000000000000e+01 1.190000000000000000e+02 -6.100000000000000000e+01 4.902400000000000000e+04 4.946400000000000000e+04 5.041700000000000000e+04 4.960500000000000000e+04 2.332615328498650342e+01 4.600000000000000000e+01
2.440000000000000000e+02 1.710000000000000000e+02 -7.200000000000000000e+01 5.040800000000000000e+04 5.058100000000000000e+04 4.846100000000000000e+04 4.893300000000000000e+04 2.333282859495375305e+01 4.600000000000000000e+01
4.020000000000000000e+02 1.590000000000000000e+02 -8.200000000000000000e+01 5.142500000000000000e+04 5.097100000000000000e+04 4.818600000000000000e+04 4.769600000000000000e+04 2.334375997004099190e+01 4.600000000000000000e+01
4.970000000000000000e+02 1.080000000000000000e+02 -8.300000000000000000e+01 5.138900000000000000e+04 5.242600000000000000e+04 4.689900000000000000e+04 4.751500000000000000e+04 2.335281509603373706e+01 4.600000000000000000e+01
5.440000000000000000e+02 6.200000000000000000e+01 -1.000000000000000000e+02 5.119000000000000000e+04 5.255000000000000000e+04 4.686200000000000000e+04 4.763700000000000000e+04 2.336336766905151308e+01 4.600000000000000000e+01
5.190000000000000000e+02 0.000000000000000000e+00 -8.400000000000000000e+01 5.009300000000000000e+04 5.285300000000000000e+04 4.787400000000000000e+04 4.753700000000000000e+04 2.337250610999763012e+01 4.300000000000000000e+01
4.640000000000000000e+02 -6.200000000000000000e+01 -8.800000000000000000e+01 5.065400000000000000e+04 5.355000000000000000e+04 4.760800000000000000e+04 4.675200000000000000e+04 2.338342030998319387e+01 4.300000000000000000e+01
3.710000000000000000e+02 -7.400000000000000000e+01 -6.800000000000000000e+01 5.053000000000000000e+04 5.328800000000000000e+04 4.783900000000000000e+04 4.671700000000000000e+04 2.339300512801855803e+01 4.300000000000000000e+01
1.990000000000000000e+02 9.000000000000000000e+00 -7.900000000000000000e+01 4.986100000000000000e+04 5.182600000000000000e+04 4.869100000000000000e+04 4.857900000000000000e+04 2.340237173205241561e+01 4.300000000000000000e+01
-2.200000000000000000e+01 6.800000000000000000e+01 -9.100000000000000000e+01 4.888300000000000000e+04 5.075800000000000000e+04 4.940400000000000000e+04 5.017600000000000000e+04 2.341460681997705251e+01 4.300000000000000000e+01
-2.350000000000000000e+02 8.500000000000000000e+01 -8.600000000000000000e+01 4.786700000000000000e+04 4.943700000000000000e+04 5.025100000000000000e+04 5.165400000000000000e+04 2.342427974601741880e+01 4.300000000000000000e+01
-4.090000000000000000e+02 6.500000000000000000e+01 -9.200000000000000000e+01 4.716000000000000000e+04 4.975600000000000000e+04 5.087300000000000000e+04 5.155700000000000000e+04 2.343231194501277059e+01 4.500000000000000000e+01
-5.630000000000000000e+02 -1.500000000000000000e+01 -8.600000000000000000e+01 4.531200000000000000e+04 4.923300000000000000e+04 5.217700000000000000e+04 5.226700000000000000e+04 2.344335414003580809e+01 4.500000000000000000e+01
-6.400000000000000000e+02 -7.100000000000000000e+01 -7.900000000000000000e+01 4.454700000000000000e+04 4.870700000000000000e+04 5.280700000000000000e+04 5.267900000000000000e+04 2.345308297500014305e+01 4.500000000000000000e+01
-5.840000000000000000e+02 -1.210000000000000000e+02 -7.300000000000000000e+01 4.375600000000000000e+04 4.888700000000000000e+04 5.355600000000000000e+04 5.263600000000000000e+04 2.346271172503475100e+01 4.500000000000000000e+01
-4.940000000000000000e+02 -1.190000000000000000e+02 -9.200000000000000000e+01 4.379800000000000000e+04 4.895400000000000000e+04 5.345000000000000000e+04 5.248700000000000000e+04 2.347289252106565982e+01 4.000000000000000000e+01
-3.200000000000000000e+02 -1.460000000000000000e+02 -7.500000000000000000e+01 4.491000000000000000e+04 4.998200000000000000e+04 5.300500000000000000e+04 5.198600000000000000e+04 2.348216555698309094e+01 4.000000000000000000e+01
-1.260000000000000000e+02 -1.210000000000000000e+02 -6.700000000000000000e+01 4.575700000000000000e+04 5.123800000000000000e+04 5.260700000000000000e+04 5.068100000000000000e+04 2.349401212204247713e+01 4.000000000000000000e+01
9.300000000000000000e+01 -8.100000000000000000e+01 -4.500000000000000000e+01 4.821200000000000000e+04 5.176900000000000000e+04 5.102300000000000000e+04 4.979800000000000000e+04 2.350211832101922482e+01 4.000000000000000000e+01
2.990000000000000000e+02 -6.000000000000000000e+00 -5.200000000000000000e+01 5.034500000000000000e+04 5.257400000000000000e+04 4.915300000000000000e+04 4.867300000000000000e+04 2.351262674899771810e+01 4.000000000000000000e+01
3.600000000000000000e+02 2.400000000000000000e+01 -4.500000000000000000e+01 5.050600000000000000e+04 5.288100000000000000e+04 4.896200000000000000e+04 4.828800000000000000e+04 2.352240643603727221e+01 4.000000000000000000e+01
4.050000000000000000e+02 2.900000000000000000e+01 -6.400000000000000000e+01 5.061900000000000000e+04 5.355500000000000000e+04 4.913400000000000000e+04 4.762700000000000000e+04 2.353289086103904992e+01 3.900000000000000000e+01
3.450000000000000000e+02 -6.500000000000000000e+01 -7.200000000000000000e+01 4.985100000000000000e+04 5.340200000000000000e+04 4.960100000000000000e+04 4.820900000000000000e+04 2.354205969499889761e+01 3.900000000000000000e+01
2.820000000000000000e+02 -3.200000000000000000e+01 -8.700000000000000000e+01 4.906800000000000000e+04 5.345400000000000000e+04 5.014300000000000000e+04 4.869000000000000000e+04 2.355309552396647632e+01 3.900000000000000000e+01
1.710000000000000000e+02 -3.900000000000000000e+01 -8.400000000000000000e+01 4.904700000000000000e+04 5.311000000000000000e+04 4.974200000000000000e+04 4.955500000000000000e+04 2.356247574696317315e+01 3.900000000000000000e+01
9.500000000000000000e+01 4.600000000000000000e+01 -9.700000000000000000e+01 4.882800000000000000e+04 5.228100000000000000e+04 4.971800000000000000e+04 5.087500000000000000e+04 2.357351323799230158e+01 3.600000000000000000e+01
3.800000000000000000e+01 5.100000000000000000e+01 -7.700000000000000000e+01 4.872300000000000000e+04 5.210600000000000000e+04 4.979000000000000000e+04 5.115800000000000000e+04 2.358233273506630212e+01 3.600000000000000000e+01
2.800000000000000000e+01 1.130000000000000000e+02 -4.700000000000000000e+01 4.999000000000000000e+04 5.177700000000000000e+04 4.911600000000000000e+04 5.104600000000000000e+04 2.359265110897831619e+01 3.600000000000000000e+01
-1.800000000000000000e+01 1.500000000000000000e+02 -3.000000000000000000e+01 5.074500000000000000e+04 5.143800000000000000e+04 4.886800000000000000e+04 5.090800000000000000e+04 2.360288269398733974e+01 3.600000000000000000e+01
-9.400000000000000000e+01 1.980000000000000000e+02 -3.000000000000000000e+01 4.964800000000000000e+04 4.988800000000000000e+04 5.023300000000000000e+04 5.212600000000000000e+04 2.361231735197361559e+01 3.600000000000000000e+01
-2.890000000000000000e+02 2.140000000000000000e+02 -1.800000000000000000e+01 4.770000000000000000e+04 4.780200000000000000e+04 5.212900000000000000e+04 5.353400000000000000e+04 2.362577549100387841e+01 3.600000000000000000e+01
-3.500000000000000000e+02 1.110000000000000000e+02 1.000000000000000000e+00 4.753600000000000000e+04 4.901200000000000000e+04 5.265000000000000000e+04 5.223900000000000000e+04 2.363171302701812238e+01 3.500000000000000000e+01
-2.480000000000000000e+02 7.000000000000000000e+00 6.000000000000000000e+00 4.811900000000000000e+04 5.049900000000000000e+04 5.247400000000000000e+04 5.060600000000000000e+04 2.364441251603420824e+01 3.500000000000000000e+01
-2.130000000000000000e+02 -1.550000000000000000e+02 8.000000000000000000e+00 4.649800000000000000e+04 5.118000000000000000e+04 5.373000000000000000e+04 5.002000000000000000e+04 2.365384785400237888e+01 3.500000000000000000e+01
-2.030000000000000000e+02 -1.320000000000000000e+02 -1.400000000000000000e+01 4.643500000000000000e+04 5.075800000000000000e+04 5.359400000000000000e+04 5.025200000000000000e+04 2.366260523395612836e+01 3.500000000000000000e+01
-1.470000000000000000e+02 -1.200000000000000000e+02 -1.800000000000000000e+01 4.667700000000000000e+04 5.118500000000000000e+04 5.306700000000000000e+04 5.019300000000000000e+04 2.367220976902171969e+01 3.200000000000000000e+01
-9.100000000000000000e+01 3.000000000000000000e+00 -3.600000000000000000e+01 4.794100000000000000e+04 5.068800000000000000e+04 5.186700000000000000e+04 5.116500000000000000e+04 2.368299708003178239e+01 3.200000000000000000e+01
1.700000000000000000e+01 5.700000000000000000e+01 -5.800000000000000000e+01 4.852900000000000000e+04 5.070600000000000000e+04 5.066900000000000000e+04 5.141700000000000000e+04 2.369193354796152562e+01 3.200000000000000000e+01
1.360000000000000000e+02 1.030000000000000000e+02 -5.500000000000000000e+01 4.901000000000000000e+04 5.197500000000000000e+04 4.985400000000000000e+04 5.028900000000000000e+04 2.370234519499354064e+01 3.200000000000000000e+01
2.790000000000000000e+02 1.180000000000000000e+02 -5.800000000000000000e+01 5.006000000000000000e+04 5.245100000000000000e+04 4.860900000000000000e+04 4.973600000000000000e+04 2.371227851405274123e+01 3.200000000000000000e+01
3.190000000000000000e+02 1.990000000000000000e+02 -6.300000000000000000e+01 5.077700000000000000e+04 5.234200000000000000e+04 4.786800000000000000e+04 4.997000000000000000e+04 2.372497411596123129e+01 3.200000000000000000e+01
3.080000000000000000e+02 2.020000000000000000e+02 -6.900000000000000000e+01 5.095800000000000000e+04 5.233600000000000000e+04 4.770000000000000000e+04 5.007400000000000000e+04 2.373451658501289785e+01 3.000000000000000000e+01
2.450000000000000000e+02 2.360000000000000000e+02 -9.300000000000000000e+01 5.080400000000000000e+04 5.205800000000000000e+04 4.740700000000000000e+04 5.064600000000000000e+04 2.374392494198400527e+01 3.000000000000000000e+01
1.950000000000000000e+02 1.970000000000000000e+02 -1.000000000000000000e+02 5.028800000000000000e+04 5.155300000000000000e+04 4.752000000000000000e+04 5.171300000000000000e+04 2.375232917000539601e+01 3.000000000000000000e+01
8.300000000000000000e+01 1.360000000000000000e+02 -6.700000000000000000e+01 4.842300000000000000e+04 5.182600000000000000e+04 4.914400000000000000e+04 5.125700000000000000e+04 2.376748425001278520e+01 3.000000000000000000e+01
2.200000000000000000e+01 4.800000000000000000e+01 -8.800000000000000000e+01 4.815100000000000000e+04 5.209500000000000000e+04 4.939700000000000000e+04 5.067800000000000000e+04 2.377325305901467800e+01 3.100000000000000000e+01
-2.100000000000000000e+01 3.700000000000000000e+01 -8.100000000000000000e+01 4.767400000000000000e+04 5.215800000000000000e+04 4.954900000000000000e+04 5.040400000000000000e+04 2.378363323805388063e+01 3.100000000000000000e+01
-2.700000000000000000e+01 -2.900000000000000000e+01 -7.600000000000000000e+01 4.649600000000000000e+04 5.195400000000000000e+04 5.040900000000000000e+04 5.028300000000000000e+04 2.379260800906922668e+01 3.100000000000000000e+01
3.400000000000000000e+01 -2.900000000000000000e+01 -6.500000000000000000e+01 4.645800000000000000e+04 5.234800000000000000e+04 5.045500000000000000e+04 4.964200000000000000e+04 2.380247888399753720e+01 3.100000000000000000e+01
1.000000000000000000e+02 -7.000000000000000000e+01 -4.100000000000000000e+01 4.744100000000000000e+04 5.277000000000000000e+04 4.976900000000000000e+04 4.880900000000000000e+04 2.381365996703971177e+01 3.100000000000000000e+01
7.700000000000000000e+01 -3.000000000000000000e+01 -2.300000000000000000e+01 4.734300000000000000e+04 5.183700000000000000e+04 5.021200000000000000e+04 4.942100000000000000e+04 2.382231875404249877e+01 3.100000000000000000e+01
4.800000000000000000e+01 4.100000000000000000e+01 -2.000000000000000000e+00 4.764300000000000000e+04 5.071600000000000000e+04 5.001100000000000000e+04 5.021800000000000000e+04 2.383206054498441517e+01 3.200000000000000000e+01
-3.700000000000000000e+01 1.770000000000000000e+02 1.600000000000000000e+01 4.811300000000000000e+04 4.851200000000000000e+04 5.033200000000000000e+04 5.177900000000000000e+04 2.384306288801599294e+01 3.200000000000000000e+01
-1.430000000000000000e+02 1.960000000000000000e+02 3.900000000000000000e+01 4.764800000000000000e+04 4.752500000000000000e+04 5.132500000000000000e+04 5.201800000000000000e+04 2.385183326399419457e+01 3.200000000000000000e+01
-1.120000000000000000e+02 1.520000000000000000e+02 4.100000000000000000e+01 4.822800000000000000e+04 4.786600000000000000e+04 5.106300000000000000e+04 5.153400000000000000e+04 2.386296403699088842e+01 3.200000000000000000e+01
-3.500000000000000000e+01 1.490000000000000000e+02 5.400000000000000000e+01 4.872700000000000000e+04 4.838400000000000000e+04 5.095200000000000000e+04 5.078600000000000000e+04 2.387239984702318907e+01 3.200000000000000000e+01
8.600000000000000000e+01 7.500000000000000000e+01 8.100000000000000000e+01 4.958700000000000000e+04 4.853100000000000000e+04 5.044100000000000000e+04 4.998300000000000000e+04 2.388181198004167527e+01 3.200000000000000000e+01
2.030000000000000000e+02 6.800000000000000000e+01 8.600000000000000000e+01 5.042900000000000000e+04 4.905800000000000000e+04 4.982800000000000000e+04 4.922800000000000000e+04 2.389289079199079424e+01 3.200000000000000000e+01
3.230000000000000000e+02 -2.600000000000000000e+01 9.200000000000000000e+01 5.061700000000000000e+04 4.993800000000000000e+04 4.963200000000000000e+04 4.792700000000000000e+04 2.390197718795388937e+01 3.200000000000000000e+01
4.010000000000000000e+02 -9.100000000000000000e+01 9.500000000000000000e+01 5.098500000000000000e+04 5.146000000000000000e+04 4.967800000000000000e+04 4.592400000000000000e+04 2.391164556599687785e+01 3.200000000000000000e+01
4.370000000000000000e+02 -1.820000000000000000e+02 9.400000000000000000e+01 5.019400000000000000e+04 5.157400000000000000e+04 5.032200000000000000e+04 4.595800000000000000e+04 2.392485462105832994e+01 3.200000000000000000e+01
3.710000000000000000e+02 -1.560000000000000000e+02 1.210000000000000000e+02 4.992700000000000000e+04 5.077900000000000000e+04 5.070800000000000000e+04 4.619500000000000000e+04 2.393203044799156487e+01 3.500000000000000000e+01
4.030000000000000000e+02 -1.830000000000000000e+02 1.310000000000000000e+02 5.066300000000000000e+04 5.136000000000000000e+04 5.049100000000000000e+04 4.463300000000000000e+04 2.394295358506496996e+01 3.500000000000000000e+01
3.530000000000000000e+02 -1.190000000000000000e+02 1.270000000000000000e+02 5.078600000000000000e+04 5.050400000000000000e+04 5.046900000000000000e+04 4.553100000000000000e+04 2.395428304804954678e+01 3.500000000000000000e+01
2.670000000000000000e+02 -1.020000000000000000e+02 1.240000000000000000e+02 5.044000000000000000e+04 5.003600000000000000e+04 5.094600000000000000e+04 4.591100000000000000e+04 2.396170461003202945e+01 3.500000000000000000e+01
1.360000000000000000e+02 -3.900000000000000000e+01 1.260000000000000000e+02 4.900800000000000000e+04 4.956500000000000000e+04 5.032600000000000000e+04 4.842300000000000000e+04 2.397483486006967723e+01 3.600000000000000000e+01
1.500000000000000000e+01 -3.900000000000000000e+01 1.230000000000000000e+02 5.312200000000000000e+04 5.026300000000000000e+04 4.523500000000000000e+04 4.750900000000000000e+04 2.398219955200329423e+01 3.600000000000000000e+01
-1.060000000000000000e+02 -4.500000000000000000e+01 1.230000000000000000e+02 5.202800000000000000e+04 4.996800000000000000e+04 4.697300000000000000e+04 4.773400000000000000e+04 2.399183532001916319e+01 3.600000000000000000e+01
-1.640000000000000000e+02 -1.010000000000000000e+02 1.180000000000000000e+02 4.724100000000000000e+04 5.079800000000000000e+04 5.172700000000000000e+04 4.690600000000000000e+04 2.400206859398167580e+01 3.600000000000000000e+01
-2.680000000000000000e+02 -1.100000000000000000e+02 1.060000000000000000e+02 4.399400000000000000e+04 4.950400000000000000e+04 5.402100000000000000e+04 4.822500000000000000e+04 2.401711551297921687e+01 3.600000000000000000e+01
-3.080000000000000000e+02 -7.000000000000000000e+01 1.060000000000000000e+02 4.728300000000000000e+04 4.701600000000000000e+04 5.173600000000000000e+04 5.075600000000000000e+04 2.402329807006753981e+01 3.600000000000000000e+01
-3.020000000000000000e+02 -8.100000000000000000e+01 1.170000000000000000e+02 4.917600000000000000e+04 4.920900000000000000e+04 5.017900000000000000e+04 4.808800000000000000e+04 2.403402233996894211e+01 3.900000000000000000e+01
-2.360000000000000000e+02 -1.160000000000000000e+02 1.170000000000000000e+02 4.788600000000000000e+04 4.909400000000000000e+04 5.122200000000000000e+04 4.830200000000000000e+04 2.404315251903608441e+01 3.900000000000000000e+01
-1.320000000000000000e+02 -1.640000000000000000e+02 1.130000000000000000e+02 4.797800000000000000e+04 5.049400000000000000e+04 5.129300000000000000e+04 4.691800000000000000e+04 2.405200648901518434e+01 3.900000000000000000e+01
-4.700000000000000000e+01 -1.720000000000000000e+02 1.270000000000000000e+02 4.991800000000000000e+04 4.862500000000000000e+04 4.953100000000000000e+04 4.856000000000000000e+04 2.406214408902451396e+01 3.900000000000000000e+01
3.100000000000000000e+01 -1.300000000000000000e+02 1.410000000000000000e+02 4.194800000000000000e+04 5.180600000000000000e+04 5.506100000000000000e+04 4.437200000000000000e+04 2.407331176905427128e+01 4.000000000000000000e+01
8.600000000000000000e+01 -7.400000000000000000e+01 1.480000000000000000e+02 4.673400000000000000e+04 5.004100000000000000e+04 5.237400000000000000e+04 4.645000000000000000e+04 2.408139899501111358e+01 4.000000000000000000e+01
1.070000000000000000e+02 2.100000000000000000e+01 1.590000000000000000e+02 5.074100000000000000e+04 4.850000000000000000e+04 4.879500000000000000e+04 4.775800000000000000e+04 2.409177846100647002e+01 4.000000000000000000e+01
1.420000000000000000e+02 9.000000000000000000e+01 1.660000000000000000e+02 4.924200000000000000e+04 5.097400000000000000e+04 5.058000000000000000e+04 4.450300000000000000e+04 2.410174899001140147e+01 4.000000000000000000e+01
1.570000000000000000e+02 1.880000000000000000e+02 1.810000000000000000e+02 5.174700000000000000e+04 5.062000000000000000e+04 4.814700000000000000e+04 4.477400000000000000e+04 2.411256880906876177e+01 4.000000000000000000e+01
1.010000000000000000e+02 2.830000000000000000e+02 1.900000000000000000e+02 5.283500000000000000e+04 4.661700000000000000e+04 4.692700000000000000e+04 4.926800000000000000e+04 2.412166411406360567e+01 4.000000000000000000e+01
6.400000000000000000e+01 3.220000000000000000e+02 1.840000000000000000e+02 5.051700000000000000e+04 4.752500000000000000e+04 4.979300000000000000e+04 4.821100000000000000e+04 2.413221908803097904e+01 4.100000000000000000e+01
4.300000000000000000e+01 3.520000000000000000e+02 1.580000000000000000e+02 5.084600000000000000e+04 4.836800000000000000e+04 4.970200000000000000e+04 4.756300000000000000e+04 2.414167786506004632e+01 4.100000000000000000e+01
2.600000000000000000e+01 3.510000000000000000e+02 1.590000000000000000e+02 5.271400000000000000e+04 4.589400000000000000e+04 4.746500000000000000e+04 4.998900000000000000e+04 2.415224258101079613e+01 4.100000000000000000e+01
1.800000000000000000e+01 2.770000000000000000e+02 1.590000000000000000e+02 5.111000000000000000e+04 4.640900000000000000e+04 4.952600000000000000e+04 4.960000000000000000e+04 2.416189965198282152e+01 4.100000000000000000e+01
-5.400000000000000000e+01 1.560000000000000000e+02 1.350000000000000000e+02 5.118600000000000000e+04 4.817700000000000000e+04 5.203600000000000000e+04 4.503300000000000000e+04 2.417178622004576027e+01 4.000000000000000000e+01
-9.400000000000000000e+01 4.600000000000000000e+01 1.120000000000000000e+02 5.067000000000000000e+04 4.771800000000000000e+04 4.983100000000000000e+04 4.881200000000000000e+04 2.418162492697592825e+01 4.000000000000000000e+01
-2.180000000000000000e+02 -8.700000000000000000e+01 8.600000000000000000e+01 4.881800000000000000e+04 4.692400000000000000e+04 5.156800000000000000e+04 4.968100000000000000e+04 2.419153324002400041e+01 4.000000000000000000e+01
-3.370000000000000000e+02 -2.450000000000000000e+02 8.300000000000000000e+01 4.666800000000000000e+04 5.101700000000000000e+04 5.349800000000000000e+04 4.497900000000000000e+04 2.420142760896123946e+01 4.000000000000000000e+01
-3.300000000000000000e+02 -3.570000000000000000e+02 7.000000000000000000e+01 4.566100000000000000e+04 4.942000000000000000e+04 5.409200000000000000e+04 4.765300000000000000e+04 2.421143066498916596e+01 4.000000000000000000e+01
-3.000000000000000000e+02 -3.610000000000000000e+02 8.400000000000000000e+01 4.668700000000000000e+04 5.008100000000000000e+04 5.365400000000000000e+04 4.687700000000000000e+04 2.422163430403452367e+01 4.000000000000000000e+01
-2.200000000000000000e+02 -2.880000000000000000e+02 8.100000000000000000e+01 4.689100000000000000e+04 4.980600000000000000e+04 5.360400000000000000e+04 4.721000000000000000e+04 2.423144251306075603e+01 4.000000000000000000e+01
-1.330000000000000000e+02 -1.620000000000000000e+02 9.500000000000000000e+01 4.888500000000000000e+04 4.622100000000000000e+04 5.218900000000000000e+04 5.093600000000000000e+04 2.424172516795806587e+01 4.000000000000000000e+01
-7.600000000000000000e+01 -4.600000000000000000e+01 9.900000000000000000e+01 4.982800000000000000e+04 4.834400000000000000e+04 5.177100000000000000e+04 4.877200000000000000e+04 2.425283861602656543e+01 4.000000000000000000e+01
-1.300000000000000000e+01 8.000000000000000000e+00 1.080000000000000000e+02 5.014100000000000000e+04 4.902400000000000000e+04 5.158800000000000000e+04 4.811200000000000000e+04 2.426198469102382660e+01 4.000000000000000000e+01
6.800000000000000000e+01 9.500000000000000000e+01 1.010000000000000000e+02 5.051500000000000000e+04 5.253600000000000000e+04 5.171000000000000000e+04 4.384200000000000000e+04 2.427188686304725707e+01 3.600000000000000000e+01
1.360000000000000000e+02 1.360000000000000000e+02 1.120000000000000000e+02 5.207500000000000000e+04 4.906600000000000000e+04 5.006300000000000000e+04 4.837700000000000000e+04 2.428347992699127644e+01 3.600000000000000000e+01
1.840000000000000000e+02 2.770000000000000000e+02 1.030000000000000000e+02 5.389300000000000000e+04 4.784400000000000000e+04 4.783300000000000000e+04 4.952400000000000000e+04 2.429196708602830768e+01 3.600000000000000000e+01
2.030000000000000000e+02 3.020000000000000000e+02 9.200000000000000000e+01 5.355100000000000000e+04 4.891800000000000000e+04 4.840500000000000000e+04 4.843500000000000000e+04 2.430199325596913695e+01 3.600000000000000000e+01
1.600000000000000000e+02 2.750000000000000000e+02 1.040000000000000000e+02 5.301400000000000000e+04 5.198400000000000000e+04 4.958100000000000000e+04 4.423700000000000000e+04 2.431177406897768378e+01 3.600000000000000000e+01
7.600000000000000000e+01 2.090000000000000000e+02 1.090000000000000000e+02 4.984500000000000000e+04 4.791900000000000000e+04 5.252900000000000000e+04 4.947400000000000000e+04 2.432204951404128224e+01 3.600000000000000000e+01
-4.900000000000000000e+01 1.110000000000000000e+02 1.260000000000000000e+02 5.228000000000000000e+04 5.063000000000000000e+04 5.084400000000000000e+04 4.597000000000000000e+04 2.433195232704747468e+01 3.700000000000000000e+01
-1.840000000000000000e+02 -2.300000000000000000e+01 1.360000000000000000e+02 4.959200000000000000e+04 4.943000000000000000e+04 5.327500000000000000e+04 4.748000000000000000e+04 2.434188543306663632e+01 3.700000000000000000e+01
-2.950000000000000000e+02 -1.470000000000000000e+02 1.350000000000000000e+02 4.920600000000000000e+04 4.766100000000000000e+04 5.353200000000000000e+04 4.927500000000000000e+04 2.435297057998832315e+01 3.700000000000000000e+01
-3.870000000000000000e+02 -2.640000000000000000e+02 1.400000000000000000e+02 4.815500000000000000e+04 4.691800000000000000e+04 5.429300000000000000e+04 4.992500000000000000e+04 2.436154068005271256e+01 3.700000000000000000e+01
-4.440000000000000000e+02 -2.600000000000000000e+02 1.350000000000000000e+02 4.491200000000000000e+04 4.957300000000000000e+04 5.637400000000000000e+04 4.687700000000000000e+04 2.437161669100169092e+01 3.300000000000000000e+01
-4.180000000000000000e+02 -2.230000000000000000e+02 1.290000000000000000e+02 4.884700000000000000e+04 4.606800000000000000e+04 5.386500000000000000e+04 5.038900000000000000e+04 2.438224233197979629e+01 3.300000000000000000e+01
-3.620000000000000000e+02 -1.530000000000000000e+02 1.530000000000000000e+02 4.679300000000000000e+04 4.903100000000000000e+04 5.540400000000000000e+04 4.719100000000000000e+04 2.439204110996797681e+01 3.300000000000000000e+01
-1.740000000000000000e+02 -5.400000000000000000e+01 1.420000000000000000e+02 4.980800000000000000e+04 4.834300000000000000e+04 5.344700000000000000e+04 4.792600000000000000e+04 2.440149906103033572e+01 3.300000000000000000e+01
-6.500000000000000000e+01 2.600000000000000000e+01 1.450000000000000000e+02 4.972500000000000000e+04 4.849900000000000000e+04 5.339000000000000000e+04 4.796800000000000000e+04 2.441150656901299953e+01 3.300000000000000000e+01
1.660000000000000000e+02 6.700000000000000000e+01 1.350000000000000000e+02 5.035300000000000000e+04 4.823500000000000000e+04 5.300100000000000000e+04 4.807500000000000000e+04 2.442144005000591278e+01 3.300000000000000000e+01
2.820000000000000000e+02 5.700000000000000000e+01 1.500000000000000000e+02 5.122800000000000000e+04 4.946300000000000000e+04 5.272100000000000000e+04 4.703300000000000000e+04 2.443178793403785676e+01 2.900000000000000000e+01
3.970000000000000000e+02 7.500000000000000000e+01 1.100000000000000000e+02 5.220300000000000000e+04 4.880000000000000000e+04 5.159400000000000000e+04 4.791500000000000000e+04 2.444130812701769173e+01 2.900000000000000000e+01
4.300000000000000000e+02 8.000000000000000000e+01 1.020000000000000000e+02 5.378700000000000000e+04 5.256700000000000000e+04 5.025700000000000000e+04 4.285500000000000000e+04 2.445158380502834916e+01 2.900000000000000000e+01
4.510000000000000000e+02 8.100000000000000000e+01 1.040000000000000000e+02 5.307400000000000000e+04 5.178600000000000000e+04 5.099600000000000000e+04 4.423100000000000000e+04 2.446178997703827918e+01 2.900000000000000000e+01
3.220000000000000000e+02 9.900000000000000000e+01 7.400000000000000000e+01 5.297400000000000000e+04 4.878700000000000000e+04 5.127500000000000000e+04 4.865300000000000000e+04 2.447140620206482708e+01 2.400000000000000000e+01
1.490000000000000000e+02 1.640000000000000000e+02 7.700000000000000000e+01 5.614200000000000000e+04 5.282500000000000000e+04 4.720700000000000000e+04 4.277900000000000000e+04 2.448131792806088924e+01 2.400000000000000000e+01
-2.900000000000000000e+01 1.430000000000000000e+02 5.200000000000000000e+01 5.167700000000000000e+04 4.767200000000000000e+04 5.239000000000000000e+04 4.964100000000000000e+04 2.449150532402563840e+01 2.400000000000000000e+01
-2.420000000000000000e+02 1.140000000000000000e+02 4.600000000000000000e+01 5.089000000000000000e+04 4.925700000000000000e+04 5.325100000000000000e+04 4.791600000000000000e+04 2.450216762500349432e+01 2.400000000000000000e+01
-3.780000000000000000e+02 1.240000000000000000e+02 3.200000000000000000e+01 5.148600000000000000e+04 4.531200000000000000e+04 5.248000000000000000e+04 5.172200000000000000e+04 2.451158737298101187e+01 2.400000000000000000e+01
-4.500000000000000000e+02 9.700000000000000000e+01 2.900000000000000000e+01 4.998200000000000000e+04 5.159300000000000000e+04 5.411000000000000000e+04 4.496800000000000000e+04 2.452179404301568866e+01 2.400000000000000000e+01
-4.510000000000000000e+02 7.200000000000000000e+01 3.100000000000000000e+01 5.061600000000000000e+04 4.702100000000000000e+04 5.355200000000000000e+04 5.063800000000000000e+04 2.453149345004931092e+01 2.300000000000000000e+01
-4.460000000000000000e+02 4.900000000000000000e+01 3.100000000000000000e+01 4.964300000000000000e+04 4.606000000000000000e+04 5.423700000000000000e+04 5.147000000000000000e+04 2.454223428503610194e+01 2.300000000000000000e+01
-3.840000000000000000e+02 1.500000000000000000e+01 3.800000000000000000e+01 5.198000000000000000e+04 4.976200000000000000e+04 5.260600000000000000e+04 4.764500000000000000e+04 2.455168302799575031e+01 2.300000000000000000e+01
-3.100000000000000000e+02 -6.800000000000000000e+01 2.000000000000000000e+01 4.591700000000000000e+04 4.831300000000000000e+04 5.641700000000000000e+04 4.946700000000000000e+04 2.456252925796434283e+01 2.300000000000000000e+01
-2.360000000000000000e+02 -1.700000000000000000e+02 3.500000000000000000e+01 5.169500000000000000e+04 4.991100000000000000e+04 5.273100000000000000e+04 4.753700000000000000e+04 2.457113350299187005e+01 2.200000000000000000e+01
-9.100000000000000000e+01 -2.600000000000000000e+02 1.700000000000000000e+01 4.222300000000000000e+04 4.451900000000000000e+04 5.746400000000000000e+04 5.295400000000000000e+04 2.458200975495856255e+01 2.200000000000000000e+01
6.700000000000000000e+01 -2.530000000000000000e+02 2.000000000000000000e+01 4.905200000000000000e+04 5.143400000000000000e+04 5.482800000000000000e+04 4.464800000000000000e+04 2.459202481899410486e+01 2.200000000000000000e+01
2.290000000000000000e+02 -1.920000000000000000e+02 2.800000000000000000e+01 5.044200000000000000e+04 4.998100000000000000e+04 5.347500000000000000e+04 4.689100000000000000e+04 2.460120919800829142e+01 2.200000000000000000e+01
3.710000000000000000e+02 -1.130000000000000000e+02 -1.000000000000000000e+00 5.181900000000000000e+04 5.196700000000000000e+04 5.226100000000000000e+04 4.413500000000000000e+04 2.461120024404954165e+01 2.200000000000000000e+01
4.300000000000000000e+02 -1.800000000000000000e+01 -1.000000000000000000e+01 5.249100000000000000e+04 5.254000000000000000e+04 5.135100000000000000e+04 4.359400000000000000e+04 2.462187309900764376e+01 2.200000000000000000e+01
4.260000000000000000e+02 3.400000000000000000e+01 -8.000000000000000000e+00 5.041900000000000000e+04 4.950400000000000000e+04 5.290400000000000000e+04 4.788700000000000000e+04 2.463208420504815876e+01 2.200000000000000000e+01
3.770000000000000000e+02 1.150000000000000000e+02 -2.100000000000000000e+01 5.385000000000000000e+04 5.067000000000000000e+04 4.903000000000000000e+04 4.643800000000000000e+04 2.464282648998778313e+01 2.200000000000000000e+01
2.570000000000000000e+02 2.000000000000000000e+02 -2.400000000000000000e+01 5.188100000000000000e+04 4.989100000000000000e+04 5.110800000000000000e+04 4.754800000000000000e+04 2.465178882505279034e+01 2.200000000000000000e+01
8.400000000000000000e+01 2.230000000000000000e+02 -4.500000000000000000e+01 5.097300000000000000e+04 4.830900000000000000e+04 5.164000000000000000e+04 4.949300000000000000e+04 2.466183299606200308e+01 2.200000000000000000e+01
-6.000000000000000000e+01 2.060000000000000000e+02 -4.000000000000000000e+01 5.136500000000000000e+04 4.848400000000000000e+04 5.111300000000000000e+04 4.919500000000000000e+04 2.467146595905069262e+01 2.000000000000000000e+01
-1.380000000000000000e+02 2.170000000000000000e+02 -5.300000000000000000e+01 5.045700000000000000e+04 4.374600000000000000e+04 5.137400000000000000e+04 5.317100000000000000e+04 2.468115869106259197e+01 2.000000000000000000e+01
-1.630000000000000000e+02 1.770000000000000000e+02 -5.400000000000000000e+01 4.710500000000000000e+04 4.749100000000000000e+04 5.392700000000000000e+04 5.045300000000000000e+04 2.469142144103534520e+01 2.000000000000000000e+01
-1.610000000000000000e+02 1.510000000000000000e+02 -4.100000000000000000e+01 4.970000000000000000e+04 4.718100000000000000e+04 5.276500000000000000e+04 4.980300000000000000e+04 2.470104062103200704e+01 2.000000000000000000e+01
-8.900000000000000000e+01 1.060000000000000000e+02 -3.900000000000000000e+01 5.026500000000000000e+04 4.818600000000000000e+04 5.229700000000000000e+04 4.877800000000000000e+04 2.471460832597222179e+01 2.000000000000000000e+01
-4.200000000000000000e+01 2.000000000000000000e+01 -2.300000000000000000e+01 4.986600000000000000e+04 4.815300000000000000e+04 5.265600000000000000e+04 4.865100000000000000e+04 2.472207416198216379e+01 2.000000000000000000e+01
1.400000000000000000e+01 -6.100000000000000000e+01 -3.600000000000000000e+01 5.023600000000000000e+04 5.037500000000000000e+04 5.232600000000000000e+04 4.606100000000000000e+04 2.473161376803182065e+01 2.100000000000000000e+01
-1.000000000000000000e+01 -1.180000000000000000e+02 -1.500000000000000000e+01 4.993400000000000000e+04 5.015900000000000000e+04 5.252100000000000000e+04 4.635100000000000000e+04 2.474150265601929277e+01 2.100000000000000000e+01
-2.200000000000000000e+01 -1.000000000000000000e+02 -1.200000000000000000e+01 4.971700000000000000e+04 5.006600000000000000e+04 5.255200000000000000e+04 4.620000000000000000e+04 2.475156056997366250e+01 2.100000000000000000e+01
-4.100000000000000000e+01 -9.200000000000000000e+01 1.300000000000000000e+01 4.978500000000000000e+04 4.845900000000000000e+04 5.265300000000000000e+04 4.762800000000000000e+04 2.476164334104396403e+01 2.100000000000000000e+01
-4.800000000000000000e+01 -3.200000000000000000e+01 1.900000000000000000e+01 4.987800000000000000e+04 4.809700000000000000e+04 5.249600000000000000e+04 4.794000000000000000e+04 2.477152933599427342e+01 2.200000000000000000e+01
-4.900000000000000000e+01 -6.000000000000000000e+00 2.700000000000000000e+01 5.073300000000000000e+04 4.894900000000000000e+04 5.157500000000000000e+04 4.649300000000000000e+04 2.478105906501878053e+01 2.200000000000000000e+01
-7.700000000000000000e+01 7.900000000000000000e+01 2.200000000000000000e+01 5.065100000000000000e+04 4.771300000000000000e+04 5.173800000000000000e+04 4.760700000000000000e+04 2.479121837101411074e+01 2.200000000000000000e+01
-6.300000000000000000e+01 1.340000000000000000e+02 3.300000000000000000e+01 5.106600000000000000e+04 4.753800000000000000e+04 5.129000000000000000e+04 4.782300000000000000e+04 2.480228231905493885e+01 2.200000000000000000e+01
-1.170000000000000000e+02 1.610000000000000000e+02 2.100000000000000000e+01 5.079800000000000000e+04 4.721100000000000000e+04 5.149300000000000000e+04 4.819200000000000000e+04 2.481097293796483427e+01 2.200000000000000000e+01
-1.810000000000000000e+02 1.880000000000000000e+02 2.500000000000000000e+01 5.049300000000000000e+04 4.644500000000000000e+04 5.165300000000000000e+04 4.899300000000000000e+04 2.482135743100661784e+01 2.200000000000000000e+01
-2.070000000000000000e+02 1.670000000000000000e+02 2.300000000000000000e+01 5.047900000000000000e+04 4.667400000000000000e+04 5.186400000000000000e+04 4.852900000000000000e+04 2.483185398497153074e+01 2.100000000000000000e+01
-1.720000000000000000e+02 1.070000000000000000e+02 3.800000000000000000e+01 5.028300000000000000e+04 4.742900000000000000e+04 5.224700000000000000e+04 4.808100000000000000e+04 2.484137550904415548e+01 2.100000000000000000e+01
-1.230000000000000000e+02 -5.900000000000000000e+01 5.800000000000000000e+01 5.007100000000000000e+04 4.822400000000000000e+04 5.267600000000000000e+04 4.696700000000000000e+04 2.485098450502846390e+01 2.100000000000000000e+01
-6.800000000000000000e+01 -1.760000000000000000e+02 4.300000000000000000e+01 4.967000000000000000e+04 4.891600000000000000e+04 5.304100000000000000e+04 4.618300000000000000e+04 2.486252846103161573e+01 2.100000000000000000e+01
-2.900000000000000000e+01 -2.930000000000000000e+02 5.900000000000000000e+01 4.907500000000000000e+04 4.911400000000000000e+04 5.370500000000000000e+04 4.574700000000000000e+04 2.487183479603845626e+01 2.700000000000000000e+01
2.600000000000000000e+01 -3.140000000000000000e+02 5.400000000000000000e+01 4.892600000000000000e+04 4.967800000000000000e+04 5.333700000000000000e+04 4.485500000000000000e+04 2.488132488599512726e+01 2.700000000000000000e+01
5.100000000000000000e+01 -2.710000000000000000e+02 5.900000000000000000e+01 4.966100000000000000e+04 4.926500000000000000e+04 5.288600000000000000e+04 4.509200000000000000e+04 2.489171355497092009e+01 2.700000000000000000e+01
3.700000000000000000e+01 -1.930000000000000000e+02 5.700000000000000000e+01 4.992100000000000000e+04 4.884700000000000000e+04 5.273000000000000000e+04 4.589500000000000000e+04 2.490102280699647963e+01 2.700000000000000000e+01
2.700000000000000000e+01 -1.010000000000000000e+02 3.300000000000000000e+01 4.861700000000000000e+04 4.826100000000000000e+04 5.315800000000000000e+04 4.776000000000000000e+04 2.491127465304452926e+01 2.700000000000000000e+01
1.700000000000000000e+01 -4.800000000000000000e+01 4.600000000000000000e+01 4.914200000000000000e+04 4.769500000000000000e+04 5.367800000000000000e+04 4.781100000000000000e+04 2.492159774806350470e+01 2.700000000000000000e+01
2.000000000000000000e+00 1.600000000000000000e+01 2.100000000000000000e+01 4.943100000000000000e+04 4.705500000000000000e+04 5.358200000000000000e+04 4.873800000000000000e+04 2.493122523196507245e+01 3.800000000000000000e+01
3.200000000000000000e+01 1.800000000000000000e+01 2.000000000000000000e+01 4.922700000000000000e+04 4.642600000000000000e+04 5.289500000000000000e+04 4.804400000000000000e+04 2.494225604704115540e+01 3.800000000000000000e+01
5.000000000000000000e+01 -4.300000000000000000e+01 1.400000000000000000e+01 4.899300000000000000e+04 4.700000000000000000e+04 5.310600000000000000e+04 4.784900000000000000e+04 2.495147471805103123e+01 3.800000000000000000e+01
1.070000000000000000e+02 -5.900000000000000000e+01 -2.000000000000000000e+00 4.852800000000000000e+04 4.788600000000000000e+04 5.362300000000000000e+04 4.709900000000000000e+04 2.496202242001891136e+01 1.085000000000000000e+03
1.410000000000000000e+02 -1.670000000000000000e+02 0.000000000000000000e+00 4.797700000000000000e+04 4.797500000000000000e+04 5.348500000000000000e+04 4.643000000000000000e+04 2.497167825500946492e+01 1.085000000000000000e+03
1.800000000000000000e+02 -2.150000000000000000e+02 6.000000000000000000e+00 4.791600000000000000e+04 4.886100000000000000e+04 5.367800000000000000e+04 4.561500000000000000e+04 2.498171054106205702e+01 1.085000000000000000e+03
2.390000000000000000e+02 -2.720000000000000000e+02 2.000000000000000000e+00 4.853400000000000000e+04 4.922700000000000000e+04 5.322800000000000000e+04 4.526400000000000000e+04 2.499244126095436513e+01 1.085000000000000000e+03
1.760000000000000000e+02 -3.540000000000000000e+02 1.000000000000000000e+01 4.739400000000000000e+04 4.889500000000000000e+04 5.417000000000000000e+04 4.588500000000000000e+04 2.500103664898779243e+01 1.085000000000000000e+03
1.980000000000000000e+02 -3.640000000000000000e+02 -1.100000000000000000e+01 4.804600000000000000e+04 4.946500000000000000e+04 5.377600000000000000e+04 4.566100000000000000e+04 2.501279026002157480e+01 1.085000000000000000e+03
1.560000000000000000e+02 -3.690000000000000000e+02 -1.700000000000000000e+01 4.770100000000000000e+04 4.964100000000000000e+04 5.431800000000000000e+04 4.579600000000000000e+04 2.502119858900550753e+01 7.820000000000000000e+02
1.440000000000000000e+02 -3.180000000000000000e+02 -1.300000000000000000e+01 4.846100000000000000e+04 4.904300000000000000e+04 5.402100000000000000e+04 4.684000000000000000e+04 2.503193586901761591e+01 7.820000000000000000e+02
1.160000000000000000e+02 -2.180000000000000000e+02 -3.700000000000000000e+01 4.863500000000000000e+04 4.872000000000000000e+04 5.410800000000000000e+04 4.775500000000000000e+04 2.504431632999330759e+01 7.820000000000000000e+02
1.020000000000000000e+02 -1.560000000000000000e+02 -3.000000000000000000e+01 4.922000000000000000e+04 4.842100000000000000e+04 5.387700000000000000e+04 4.862800000000000000e+04 2.505107570404652506e+01 7.820000000000000000e+02
1.090000000000000000e+02 -4.000000000000000000e+01 -3.800000000000000000e+01 4.967800000000000000e+04 4.837500000000000000e+04 5.372300000000000000e+04 4.889300000000000000e+04 2.506182433001231402e+01 7.710000000000000000e+02
1.630000000000000000e+02 6.300000000000000000e+01 -6.600000000000000000e+01 5.112100000000000000e+04 4.888800000000000000e+04 5.344800000000000000e+04 4.950600000000000000e+04 2.507379776006564498e+01 7.710000000000000000e+02
2.160000000000000000e+02 8.800000000000000000e+01 -5.100000000000000000e+01 5.188900000000000000e+04 4.922800000000000000e+04 5.300400000000000000e+04 4.968000000000000000e+04 2.508163788798265159e+01 7.710000000000000000e+02
2.790000000000000000e+02 4.800000000000000000e+01 -5.400000000000000000e+01 5.197300000000000000e+04 5.011600000000000000e+04 5.313900000000000000e+04 4.925100000000000000e+04 2.509103266405873001e+01 7.710000000000000000e+02
2.830000000000000000e+02 1.000000000000000000e+01 -7.600000000000000000e+01 5.163300000000000000e+04 5.051600000000000000e+04 5.376000000000000000e+04 4.917900000000000000e+04 2.510129363404121250e+01 7.710000000000000000e+02
2.860000000000000000e+02 -8.000000000000000000e+01 -7.700000000000000000e+01 5.147100000000000000e+04 5.124300000000000000e+04 5.387900000000000000e+04 4.875000000000000000e+04 2.511068271705880761e+01 7.710000000000000000e+02
2.870000000000000000e+02 -7.300000000000000000e+01 -9.600000000000000000e+01 5.172900000000000000e+04 5.129100000000000000e+04 5.365800000000000000e+04 4.901300000000000000e+04 2.512096307496540248e+01 7.680000000000000000e+02
2.780000000000000000e+02 -1.320000000000000000e+02 -9.600000000000000000e+01 5.176500000000000000e+04 5.196300000000000000e+04 5.412800000000000000e+04 4.894600000000000000e+04 2.513156891905236989e+01 7.680000000000000000e+02
2.740000000000000000e+02 -1.960000000000000000e+02 -7.900000000000000000e+01 5.188400000000000000e+04 5.264000000000000000e+04 5.421500000000000000e+04 4.853600000000000000e+04 2.514171737805008888e+01 7.680000000000000000e+02
2.740000000000000000e+02 -2.310000000000000000e+02 -7.400000000000000000e+01 5.181300000000000000e+04 5.298000000000000000e+04 5.456900000000000000e+04 4.835700000000000000e+04 2.515147638600319624e+01 7.680000000000000000e+02
2.770000000000000000e+02 -3.210000000000000000e+02 -8.900000000000000000e+01 5.162500000000000000e+04 5.364600000000000000e+04 5.474200000000000000e+04 4.768200000000000000e+04 2.516131691401824355e+01 7.620000000000000000e+02
1.980000000000000000e+02 -3.260000000000000000e+02 -8.400000000000000000e+01 5.143300000000000000e+04 5.323700000000000000e+04 5.505900000000000000e+04 4.868700000000000000e+04 2.517179954203311354e+01 7.620000000000000000e+02
1.230000000000000000e+02 -3.230000000000000000e+02 -1.050000000000000000e+02 5.116000000000000000e+04 5.309200000000000000e+04 5.522800000000000000e+04 4.909300000000000000e+04 2.518171892606187612e+01 7.620000000000000000e+02
4.800000000000000000e+01 -3.180000000000000000e+02 -7.600000000000000000e+01 5.118900000000000000e+04 5.286800000000000000e+04 5.529700000000000000e+04 4.938100000000000000e+04 2.519188750395551324e+01 7.620000000000000000e+02
-9.000000000000000000e+00 -2.430000000000000000e+02 -8.000000000000000000e+01 5.120800000000000000e+04 5.270700000000000000e+04 5.530200000000000000e+04 4.969300000000000000e+04 2.520112150197383016e+01 7.620000000000000000e+02
-4.500000000000000000e+01 -1.450000000000000000e+02 -8.000000000000000000e+01 5.146300000000000000e+04 5.195800000000000000e+04 5.508600000000000000e+04 5.070000000000000000e+04 2.521162193699274212e+01 7.620000000000000000e+02
-5.300000000000000000e+01 -8.900000000000000000e+01 -6.600000000000000000e+01 5.188600000000000000e+04 5.196300000000000000e+04 5.485400000000000000e+04 5.065400000000000000e+04 2.522074691404122859e+01 7.530000000000000000e+02
-4.200000000000000000e+01 -2.500000000000000000e+01 -5.600000000000000000e+01 5.249400000000000000e+04 5.212600000000000000e+04 5.489700000000000000e+04 5.096700000000000000e+04 2.523129310796502978e+01 7.530000000000000000e+02
-3.600000000000000000e+01 -5.000000000000000000e+00 -5.200000000000000000e+01 5.276500000000000000e+04 5.185400000000000000e+04 5.474700000000000000e+04 5.118000000000000000e+04 2.524115552997682244e+01 7.530000000000000000e+02
-3.900000000000000000e+01 1.500000000000000000e+01 -5.000000000000000000e+01 5.243200000000000000e+04 5.196400000000000000e+04 5.509800000000000000e+04 5.134400000000000000e+04 2.525099862506613135e+01 7.530000000000000000e+02
-3.000000000000000000e+00 2.500000000000000000e+01 -5.800000000000000000e+01 5.303300000000000000e+04 5.216600000000000000e+04 5.460300000000000000e+04 5.111000000000000000e+04 2.526138760405592620e+01 7.490000000000000000e+02
-3.700000000000000000e+01 -2.700000000000000000e+01 -2.300000000000000000e+01 5.232300000000000000e+04 5.238000000000000000e+04 5.518400000000000000e+04 5.074000000000000000e+04 2.527098879497498274e+01 7.490000000000000000e+02
1.100000000000000000e+01 -3.000000000000000000e+01 -2.500000000000000000e+01 5.275000000000000000e+04 5.277700000000000000e+04 5.478900000000000000e+04 5.031700000000000000e+04 2.528102489898446947e+01 7.490000000000000000e+02
2.500000000000000000e+01 -5.600000000000000000e+01 -2.600000000000000000e+01 5.249000000000000000e+04 5.268200000000000000e+04 5.494200000000000000e+04 5.045500000000000000e+04 2.529104615002870560e+01 7.490000000000000000e+02
3.200000000000000000e+01 -6.800000000000000000e+01 -2.300000000000000000e+01 5.250300000000000000e+04 5.291500000000000000e+04 5.496100000000000000e+04 5.007100000000000000e+04 2.530091074295341969e+01 7.490000000000000000e+02
1.300000000000000000e+01 -6.700000000000000000e+01 -3.800000000000000000e+01 5.269700000000000000e+04 5.260300000000000000e+04 5.476900000000000000e+04 5.039200000000000000e+04 2.531221603602170944e+01 7.490000000000000000e+02
-5.000000000000000000e+00 -6.900000000000000000e+01 -4.600000000000000000e+01 5.223100000000000000e+04 5.273400000000000000e+04 5.510400000000000000e+04 5.023100000000000000e+04 2.532050501299090683e+01 7.490000000000000000e+02
-1.800000000000000000e+01 -9.600000000000000000e+01 -4.300000000000000000e+01 5.236300000000000000e+04 5.283500000000000000e+04 5.492000000000000000e+04 5.015300000000000000e+04 2.533216260699555278e+01 7.450000000000000000e+02
-1.100000000000000000e+01 -6.600000000000000000e+01 -2.300000000000000000e+01 5.250000000000000000e+04 5.242700000000000000e+04 5.456700000000000000e+04 5.035100000000000000e+04 2.534287339402362704e+01 7.450000000000000000e+02
-1.500000000000000000e+01 -2.500000000000000000e+01 -3.000000000000000000e+01 5.245600000000000000e+04 5.246100000000000000e+04 5.459300000000000000e+04 5.015400000000000000e+04 2.535118624102324247e+01 7.450000000000000000e+02
-1.100000000000000000e+01 -2.800000000000000000e+01 -2.900000000000000000e+01 5.232700000000000000e+04 5.260000000000000000e+04 5.452400000000000000e+04 5.003100000000000000e+04 2.536096448102034628e+01 7.450000000000000000e+02
-4.400000000000000000e+01 2.900000000000000000e+01 -3.800000000000000000e+01 5.252900000000000000e+04 5.177500000000000000e+04 5.429100000000000000e+04 5.083300000000000000e+04 2.537134118203539401e+01 7.370000000000000000e+02
-5.900000000000000000e+01 4.700000000000000000e+01 -4.600000000000000000e+01 5.245900000000000000e+04 5.206400000000000000e+04 5.434900000000000000e+04 5.065600000000000000e+04 2.538081143400631845e+01 7.370000000000000000e+02
-4.400000000000000000e+01 3.600000000000000000e+01 -3.000000000000000000e+01 5.256600000000000000e+04 5.198000000000000000e+04 5.425600000000000000e+04 5.056500000000000000e+04 2.539055528200697154e+01 7.370000000000000000e+02
-6.700000000000000000e+01 9.200000000000000000e+01 -1.400000000000000000e+01 5.278900000000000000e+04 5.179000000000000000e+04 5.393600000000000000e+04 5.071600000000000000e+04 2.540117195597849786e+01 7.370000000000000000e+02
-1.900000000000000000e+01 5.400000000000000000e+01 -3.400000000000000000e+01 5.268200000000000000e+04 5.201100000000000000e+04 5.400100000000000000e+04 5.032900000000000000e+04 2.541105368302669376e+01 7.370000000000000000e+02
2.300000000000000000e+01 4.200000000000000000e+01 -3.100000000000000000e+01 5.317200000000000000e+04 5.243800000000000000e+04 5.335800000000000000e+04 4.986800000000000000e+04 2.542082249303348362e+01 7.370000000000000000e+02
8.000000000000000000e+00 -2.000000000000000000e+00 -3.500000000000000000e+01 5.251200000000000000e+04 5.212300000000000000e+04 5.389800000000000000e+04 5.010700000000000000e+04 2.543208006606437266e+01 7.390000000000000000e+02
1.600000000000000000e+01 6.000000000000000000e+00 -4.800000000000000000e+01 5.248600000000000000e+04 5.253400000000000000e+04 5.356500000000000000e+04 4.917700000000000000e+04 2.544095312000717968e+01 7.390000000000000000e+02
-7.200000000000000000e+01 -6.200000000000000000e+01 -5.500000000000000000e+01 5.166500000000000000e+04 5.223400000000000000e+04 5.407800000000000000e+04 4.957900000000000000e+04 2.545095898804720491e+01 7.390000000000000000e+02
-1.220000000000000000e+02 -5.700000000000000000e+01 -7.200000000000000000e+01 5.123700000000000000e+04 5.196300000000000000e+04 5.404200000000000000e+04 4.980500000000000000e+04 2.546096986602060497e+01 7.390000000000000000e+02
-2.290000000000000000e+02 -8.000000000000000000e+01 -8.200000000000000000e+01 5.066500000000000000e+04 5.157600000000000000e+04 5.431400000000000000e+04 5.026600000000000000e+04 2.547049798397347331e+01 7.340000000000000000e+02
-3.290000000000000000e+02 -1.180000000000000000e+02 -8.900000000000000000e+01 5.010900000000000000e+04 5.127700000000000000e+04 5.467400000000000000e+04 5.089300000000000000e+04 2.548068778705783188e+01 7.340000000000000000e+02
-3.790000000000000000e+02 -8.900000000000000000e+01 -1.000000000000000000e+02 4.983800000000000000e+04 5.091100000000000000e+04 5.470000000000000000e+04 5.101200000000000000e+04 2.549089174601249397e+01 7.340000000000000000e+02
-4.120000000000000000e+02 -3.300000000000000000e+01 -7.800000000000000000e+01 4.994500000000000000e+04 5.042100000000000000e+04 5.456400000000000000e+04 5.144000000000000000e+04 2.550078781205229461e+01 7.340000000000000000e+02
-4.340000000000000000e+02 -4.300000000000000000e+01 -6.100000000000000000e+01 4.948700000000000000e+04 5.041000000000000000e+04 5.483400000000000000e+04 5.139300000000000000e+04 2.551134590303990990e+01 7.340000000000000000e+02
-4.270000000000000000e+02 2.100000000000000000e+01 -7.900000000000000000e+01 4.980800000000000000e+04 5.018400000000000000e+04 5.455900000000000000e+04 5.152000000000000000e+04 2.552141957299318165e+01 7.340000000000000000e+02
-3.440000000000000000e+02 5.000000000000000000e+00 -5.900000000000000000e+01 5.004400000000000000e+04 5.024700000000000000e+04 5.461200000000000000e+04 5.137700000000000000e+04 2.553051372000481933e+01 7.350000000000000000e+02
-2.720000000000000000e+02 3.300000000000000000e+01 -7.300000000000000000e+01 5.037300000000000000e+04 5.056000000000000000e+04 5.396100000000000000e+04 5.138100000000000000e+04 2.554203062795568258e+01 7.350000000000000000e+02
-1.790000000000000000e+02 2.000000000000000000e+01 -6.300000000000000000e+01 5.092900000000000000e+04 5.094600000000000000e+04 5.358900000000000000e+04 5.078300000000000000e+04 2.555086546705570072e+01 7.350000000000000000e+02
-9.000000000000000000e+01 5.100000000000000000e+01 -8.100000000000000000e+01 5.083900000000000000e+04 5.109900000000000000e+04 5.357200000000000000e+04 5.062100000000000000e+04 2.556085468898527324e+01 7.350000000000000000e+02
0.000000000000000000e+00 1.900000000000000000e+01 -8.500000000000000000e+01 5.113400000000000000e+04 5.159700000000000000e+04 5.323000000000000000e+04 5.009800000000000000e+04 2.557093604002147913e+01 7.340000000000000000e+02
9.700000000000000000e+01 -5.000000000000000000e+00 -7.400000000000000000e+01 5.143000000000000000e+04 5.200300000000000000e+04 5.279600000000000000e+04 4.952900000000000000e+04 2.558058467495720834e+01 7.340000000000000000e+02
1.690000000000000000e+02 1.900000000000000000e+01 -7.200000000000000000e+01 5.175400000000000000e+04 5.230900000000000000e+04 5.217300000000000000e+04 4.940700000000000000e+04 2.559041105897631496e+01 7.340000000000000000e+02
