2.100000000000000000e+01 -3.700000000000000000e+01 -2.400000000000000000e+01 5.478700000000000000e+04 5.496400000000000000e+04 5.759300000000000000e+04 5.466400000000000000e+04 1.870700648101046681e+01 7.700000000000000000e+02
-1.400000000000000000e+01 -1.800000000000000000e+01 -1.400000000000000000e+01 5.506100000000000000e+04 5.499800000000000000e+04 5.716200000000000000e+04 5.441600000000000000e+04 1.871648626006208360e+01 7.700000000000000000e+02
5.600000000000000000e+01 3.000000000000000000e+00 -1.900000000000000000e+01 5.533700000000000000e+04 5.566800000000000000e+04 5.691300000000000000e+04 5.370600000000000000e+04 1.872630169603507966e+01 7.700000000000000000e+02
6.000000000000000000e+01 -4.000000000000000000e+01 -8.000000000000000000e+00 5.519900000000000000e+04 5.591100000000000000e+04 5.700700000000000000e+04 5.347900000000000000e+04 1.873681283206678927e+01 7.700000000000000000e+02
9.000000000000000000e+00 -8.000000000000000000e+00 -9.000000000000000000e+00 5.516500000000000000e+04 5.607800000000000000e+04 5.709700000000000000e+04 5.318300000000000000e+04 1.874666259298101068e+01 7.690000000000000000e+02
2.700000000000000000e+01 -4.200000000000000000e+01 -1.500000000000000000e+01 5.519900000000000000e+04 5.554700000000000000e+04 5.728500000000000000e+04 5.403400000000000000e+04 1.875641664897557348e+01 7.690000000000000000e+02
-2.100000000000000000e+01 -3.300000000000000000e+01 2.000000000000000000e+00 5.528900000000000000e+04 5.573700000000000000e+04 5.741800000000000000e+04 5.406000000000000000e+04 1.876720970601309091e+01 7.690000000000000000e+02
-2.400000000000000000e+01 -4.100000000000000000e+01 1.000000000000000000e+00 5.495000000000000000e+04 5.622400000000000000e+04 5.772500000000000000e+04 5.356700000000000000e+04 1.877683220198377967e+01 7.690000000000000000e+02
-1.500000000000000000e+01 5.000000000000000000e+00 -1.500000000000000000e+01 5.534700000000000000e+04 5.648600000000000000e+04 5.752300000000000000e+04 5.353600000000000000e+04 1.878703209303785115e+01 7.690000000000000000e+02
-6.300000000000000000e+01 5.700000000000000000e+01 -1.400000000000000000e+01 5.502500000000000000e+04 5.435800000000000000e+04 5.789800000000000000e+04 5.566500000000000000e+04 1.879733096295967698e+01 7.690000000000000000e+02
-2.700000000000000000e+01 2.300000000000000000e+01 -9.000000000000000000e+00 5.507600000000000000e+04 5.536700000000000000e+04 5.773200000000000000e+04 5.460400000000000000e+04 1.880984213401097804e+01 7.690000000000000000e+02
-2.900000000000000000e+01 5.700000000000000000e+01 -2.000000000000000000e+01 5.540800000000000000e+04 5.497500000000000000e+04 5.723500000000000000e+04 5.485600000000000000e+04 1.881736381002701819e+01 7.690000000000000000e+02
1.800000000000000000e+01 4.600000000000000000e+01 1.000000000000000000e+00 5.537500000000000000e+04 5.560600000000000000e+04 5.727200000000000000e+04 5.414100000000000000e+04 1.882665858103428036e+01 7.690000000000000000e+02
-1.500000000000000000e+01 3.600000000000000000e+01 -1.000000000000000000e+01 5.517300000000000000e+04 5.499800000000000000e+04 5.753300000000000000e+04 5.468700000000000000e+04 1.883715518296230584e+01 7.690000000000000000e+02
-6.000000000000000000e+00 3.000000000000000000e+01 1.000000000000000000e+01 5.542500000000000000e+04 5.632100000000000000e+04 5.752300000000000000e+04 5.348000000000000000e+04 1.884749629499856383e+01 7.690000000000000000e+02
2.200000000000000000e+01 2.800000000000000000e+01 2.000000000000000000e+00 5.545200000000000000e+04 5.477700000000000000e+04 5.755000000000000000e+04 5.501200000000000000e+04 1.885644881799817085e+01 7.700000000000000000e+02
3.000000000000000000e+01 -9.000000000000000000e+00 1.000000000000000000e+00 5.568400000000000000e+04 5.572100000000000000e+04 5.729200000000000000e+04 5.412700000000000000e+04 1.886630232306197286e+01 7.700000000000000000e+02
3.200000000000000000e+01 1.800000000000000000e+01 3.000000000000000000e+00 5.595000000000000000e+04 5.548000000000000000e+04 5.726100000000000000e+04 5.456200000000000000e+04 1.887609733606223017e+01 7.700000000000000000e+02
6.000000000000000000e+00 -1.100000000000000000e+01 4.000000000000000000e+00 5.502100000000000000e+04 5.568800000000000000e+04 5.791800000000000000e+04 5.414500000000000000e+04 1.888723264797590673e+01 7.700000000000000000e+02
1.900000000000000000e+01 -4.000000000000000000e+00 1.900000000000000000e+01 5.566100000000000000e+04 5.560500000000000000e+04 5.735200000000000000e+04 5.427900000000000000e+04 1.889918584399856627e+01 7.720000000000000000e+02
4.700000000000000000e+01 -1.000000000000000000e+01 2.000000000000000000e+00 5.532800000000000000e+04 5.606500000000000000e+04 5.723800000000000000e+04 5.337800000000000000e+04 1.890610219002701342e+01 7.720000000000000000e+02
3.700000000000000000e+01 -3.700000000000000000e+01 -2.000000000000000000e+00 5.490700000000000000e+04 5.571300000000000000e+04 5.759100000000000000e+04 5.379800000000000000e+04 1.891716770105995238e+01 7.720000000000000000e+02
2.500000000000000000e+01 -5.800000000000000000e+01 1.500000000000000000e+01 5.525500000000000000e+04 5.528600000000000000e+04 5.723700000000000000e+04 5.385200000000000000e+04 1.892809830396436155e+01 7.720000000000000000e+02
-2.500000000000000000e+01 -2.900000000000000000e+01 2.000000000000000000e+01 5.518600000000000000e+04 5.480100000000000000e+04 5.735100000000000000e+04 5.429200000000000000e+04 1.893907264596782625e+01 7.720000000000000000e+02
-6.200000000000000000e+01 3.200000000000000000e+01 8.000000000000000000e+00 5.511000000000000000e+04 5.450900000000000000e+04 5.751000000000000000e+04 5.456800000000000000e+04 1.894712224998511374e+01 7.720000000000000000e+02
-4.900000000000000000e+01 -3.400000000000000000e+01 2.900000000000000000e+01 5.457500000000000000e+04 5.570800000000000000e+04 5.796400000000000000e+04 5.334500000000000000e+04 1.895639550802297890e+01 7.730000000000000000e+02
3.000000000000000000e+00 -1.000000000000000000e+00 8.000000000000000000e+00 5.532800000000000000e+04 5.544700000000000000e+04 5.739800000000000000e+04 5.390000000000000000e+04 1.896682393201626837e+01 7.730000000000000000e+02
-2.500000000000000000e+01 3.600000000000000000e+01 1.100000000000000000e+01 5.509700000000000000e+04 5.443500000000000000e+04 5.764000000000000000e+04 5.492800000000000000e+04 1.897666509600821882e+01 7.730000000000000000e+02
2.500000000000000000e+01 -4.000000000000000000e+00 2.000000000000000000e+01 5.524900000000000000e+04 5.593100000000000000e+04 5.755900000000000000e+04 5.330800000000000000e+04 1.898784314596559852e+01 7.730000000000000000e+02
1.200000000000000000e+01 6.900000000000000000e+01 1.900000000000000000e+01 5.551900000000000000e+04 5.514200000000000000e+04 5.730800000000000000e+04 5.416600000000000000e+04 1.899669470300432295e+01 7.750000000000000000e+02
4.600000000000000000e+01 4.100000000000000000e+01 1.000000000000000000e+01 5.551000000000000000e+04 5.527800000000000000e+04 5.694000000000000000e+04 5.346200000000000000e+04 1.900659278698731214e+01 7.750000000000000000e+02
2.600000000000000000e+01 8.600000000000000000e+01 2.700000000000000000e+01 5.519900000000000000e+04 5.457300000000000000e+04 5.715900000000000000e+04 5.425500000000000000e+04 1.901714364206418395e+01 7.750000000000000000e+02
3.000000000000000000e+01 6.800000000000000000e+01 2.000000000000000000e+01 5.539500000000000000e+04 5.514600000000000000e+04 5.694000000000000000e+04 5.336900000000000000e+04 1.902670861198566854e+01 7.750000000000000000e+02
8.000000000000000000e+00 5.200000000000000000e+01 2.300000000000000000e+01 5.496100000000000000e+04 5.505000000000000000e+04 5.735100000000000000e+04 5.347900000000000000e+04 1.903663027496077120e+01 7.750000000000000000e+02
-8.000000000000000000e+00 8.900000000000000000e+01 1.700000000000000000e+01 5.562000000000000000e+04 5.477400000000000000e+04 5.699900000000000000e+04 5.390600000000000000e+04 1.904704814706929028e+01 7.720000000000000000e+02
2.300000000000000000e+01 4.700000000000000000e+01 2.300000000000000000e+01 5.582200000000000000e+04 5.587300000000000000e+04 5.705600000000000000e+04 5.300300000000000000e+04 1.905615485401358455e+01 7.720000000000000000e+02
-2.800000000000000000e+01 2.400000000000000000e+01 2.400000000000000000e+01 5.538300000000000000e+04 5.441300000000000000e+04 5.767500000000000000e+04 5.478200000000000000e+04 1.906586554704699665e+01 7.720000000000000000e+02
-2.400000000000000000e+01 -1.300000000000000000e+01 2.600000000000000000e+01 5.548000000000000000e+04 5.535100000000000000e+04 5.787500000000000000e+04 5.401500000000000000e+04 1.907633128901943564e+01 7.720000000000000000e+02
-2.300000000000000000e+01 -4.500000000000000000e+01 1.900000000000000000e+01 5.512100000000000000e+04 5.537100000000000000e+04 5.825500000000000000e+04 5.400100000000000000e+04 1.908841686404775828e+01 7.720000000000000000e+02
-2.000000000000000000e+00 -5.000000000000000000e+01 3.300000000000000000e+01 5.535500000000000000e+04 5.536800000000000000e+04 5.802600000000000000e+04 5.394900000000000000e+04 1.909608048503287137e+01 7.740000000000000000e+02
-7.000000000000000000e+01 -5.200000000000000000e+01 3.300000000000000000e+01 5.490600000000000000e+04 5.468200000000000000e+04 5.846000000000000000e+04 5.471200000000000000e+04 1.910781955101992935e+01 7.740000000000000000e+02
-2.600000000000000000e+01 -9.000000000000000000e+01 3.300000000000000000e+01 5.504500000000000000e+04 5.638200000000000000e+04 5.843200000000000000e+04 5.287200000000000000e+04 1.911639104702044278e+01 7.740000000000000000e+02
-1.200000000000000000e+01 -6.900000000000000000e+01 2.400000000000000000e+01 5.538100000000000000e+04 5.556700000000000000e+04 5.810100000000000000e+04 5.391100000000000000e+04 1.912976322101894766e+01 7.740000000000000000e+02
-1.700000000000000000e+01 -3.700000000000000000e+01 8.000000000000000000e+00 5.501700000000000000e+04 5.623600000000000000e+04 5.848500000000000000e+04 5.311100000000000000e+04 1.913656274799723178e+01 7.740000000000000000e+02
2.000000000000000000e+00 -2.400000000000000000e+01 2.500000000000000000e+01 5.511400000000000000e+04 5.641500000000000000e+04 5.842300000000000000e+04 5.288800000000000000e+04 1.914699247805401683e+01 7.710000000000000000e+02
-7.000000000000000000e+00 -1.700000000000000000e+01 2.100000000000000000e+01 5.572300000000000000e+04 5.570700000000000000e+04 5.814100000000000000e+04 5.406600000000000000e+04 1.915822902903892100e+01 7.710000000000000000e+02
-2.000000000000000000e+00 5.700000000000000000e+01 2.800000000000000000e+01 5.593900000000000000e+04 5.494800000000000000e+04 5.821200000000000000e+04 5.500700000000000000e+04 1.916823799698613584e+01 7.710000000000000000e+02
2.500000000000000000e+01 2.600000000000000000e+01 2.700000000000000000e+01 5.616900000000000000e+04 5.487200000000000000e+04 5.820800000000000000e+04 5.531800000000000000e+04 1.917600592400413007e+01 7.710000000000000000e+02
1.000000000000000000e+01 7.400000000000000000e+01 1.700000000000000000e+01 5.685900000000000000e+04 5.481400000000000000e+04 5.779500000000000000e+04 5.558700000000000000e+04 1.918796122004278004e+01 7.710000000000000000e+02
-1.100000000000000000e+01 6.300000000000000000e+01 3.000000000000000000e+01 5.620800000000000000e+04 5.574300000000000000e+04 5.842800000000000000e+04 5.465900000000000000e+04 1.919808625802397728e+01 7.720000000000000000e+02
-1.000000000000000000e+00 4.100000000000000000e+01 9.000000000000000000e+00 5.629700000000000000e+04 5.553600000000000000e+04 5.814100000000000000e+04 5.477000000000000000e+04 1.920634575001895428e+01 7.720000000000000000e+02
0.000000000000000000e+00 5.200000000000000000e+01 2.300000000000000000e+01 5.580500000000000000e+04 5.618700000000000000e+04 5.863500000000000000e+04 5.406900000000000000e+04 1.921600875002332032e+01 7.720000000000000000e+02
-1.000000000000000000e+00 -3.200000000000000000e+01 2.100000000000000000e+01 5.580100000000000000e+04 5.586800000000000000e+04 5.844100000000000000e+04 5.422500000000000000e+04 1.922592622402589768e+01 7.720000000000000000e+02
-3.900000000000000000e+01 -1.100000000000000000e+01 1.500000000000000000e+01 5.553400000000000000e+04 5.558500000000000000e+04 5.901000000000000000e+04 5.456800000000000000e+04 1.923647517699282616e+01 7.720000000000000000e+02
-6.400000000000000000e+01 -1.400000000000000000e+01 2.500000000000000000e+01 5.533300000000000000e+04 5.574700000000000000e+04 5.916800000000000000e+04 5.441800000000000000e+04 1.924649040598887950e+01 7.740000000000000000e+02
-5.900000000000000000e+01 -4.000000000000000000e+00 1.400000000000000000e+01 5.568800000000000000e+04 5.536900000000000000e+04 5.855600000000000000e+04 5.446000000000000000e+04 1.925642623298335820e+01 7.740000000000000000e+02
-3.300000000000000000e+01 2.000000000000000000e+00 3.000000000000000000e+01 5.562300000000000000e+04 5.599700000000000000e+04 5.880000000000000000e+04 5.398700000000000000e+04 1.926621317805256695e+01 7.740000000000000000e+02
-3.300000000000000000e+01 0.000000000000000000e+00 1.600000000000000000e+01 5.561500000000000000e+04 5.557000000000000000e+04 5.878600000000000000e+04 5.441500000000000000e+04 1.927744161803275347e+01 7.740000000000000000e+02
-8.000000000000000000e+00 7.800000000000000000e+01 1.100000000000000000e+01 5.630200000000000000e+04 5.541400000000000000e+04 5.807700000000000000e+04 5.426200000000000000e+04 1.928585669503081590e+01 7.740000000000000000e+02
-1.300000000000000000e+01 8.400000000000000000e+01 1.300000000000000000e+01 5.627900000000000000e+04 5.468800000000000000e+04 5.777400000000000000e+04 5.490400000000000000e+04 1.929955645406153053e+01 7.740000000000000000e+02
1.000000000000000000e+00 8.100000000000000000e+01 5.000000000000000000e+00 5.557600000000000000e+04 5.536400000000000000e+04 5.820400000000000000e+04 5.402100000000000000e+04 1.930695455905515701e+01 7.740000000000000000e+02
-1.800000000000000000e+01 7.600000000000000000e+01 2.900000000000000000e+01 5.555100000000000000e+04 5.461000000000000000e+04 5.810000000000000000e+04 5.452400000000000000e+04 1.931754770106635988e+01 7.740000000000000000e+02
2.000000000000000000e+00 2.200000000000000000e+01 2.600000000000000000e+01 5.574100000000000000e+04 5.516400000000000000e+04 5.791100000000000000e+04 5.392200000000000000e+04 1.932634933595545590e+01 7.740000000000000000e+02
-1.200000000000000000e+01 4.900000000000000000e+01 8.000000000000000000e+00 5.573200000000000000e+04 5.439000000000000000e+04 5.790100000000000000e+04 5.463900000000000000e+04 1.933606714103370905e+01 7.740000000000000000e+02
4.000000000000000000e+00 0.000000000000000000e+00 1.000000000000000000e+01 5.537600000000000000e+04 5.477900000000000000e+04 5.817500000000000000e+04 5.429500000000000000e+04 1.934561617602594197e+01 7.700000000000000000e+02
4.000000000000000000e+01 -6.300000000000000000e+01 -7.000000000000000000e+00 5.511100000000000000e+04 5.606400000000000000e+04 5.857800000000000000e+04 5.339100000000000000e+04 1.935609775001648813e+01 7.700000000000000000e+02
2.800000000000000000e+01 -3.000000000000000000e+01 -5.000000000000000000e+00 5.605400000000000000e+04 5.562400000000000000e+04 5.798800000000000000e+04 5.400900000000000000e+04 1.936593371105846018e+01 7.700000000000000000e+02
3.000000000000000000e+01 -8.600000000000000000e+01 7.000000000000000000e+00 5.548300000000000000e+04 5.636800000000000000e+04 5.841400000000000000e+04 5.325600000000000000e+04 1.937571269006002694e+01 7.700000000000000000e+02
3.100000000000000000e+01 -9.700000000000000000e+01 -3.000000000000000000e+00 5.516100000000000000e+04 5.630500000000000000e+04 5.879200000000000000e+04 5.325300000000000000e+04 1.938684555399231613e+01 7.700000000000000000e+02
6.000000000000000000e+00 -6.300000000000000000e+01 3.000000000000000000e+00 5.551200000000000000e+04 5.536800000000000000e+04 5.832600000000000000e+04 5.432100000000000000e+04 1.939653981698211282e+01 7.720000000000000000e+02
-1.100000000000000000e+01 -3.100000000000000000e+01 -5.000000000000000000e+00 5.546400000000000000e+04 5.507300000000000000e+04 5.834200000000000000e+04 5.465300000000000000e+04 1.940624933200888336e+01 7.720000000000000000e+02
2.200000000000000000e+01 -4.000000000000000000e+00 -6.000000000000000000e+00 5.598900000000000000e+04 5.581100000000000000e+04 5.802100000000000000e+04 5.372300000000000000e+04 1.941606188903097063e+01 7.720000000000000000e+02
1.100000000000000000e+01 4.000000000000000000e+00 -5.000000000000000000e+00 5.520400000000000000e+04 5.558000000000000000e+04 5.839700000000000000e+04 5.391400000000000000e+04 1.942569426202680916e+01 7.720000000000000000e+02
-3.500000000000000000e+01 3.800000000000000000e+01 -9.000000000000000000e+00 5.555800000000000000e+04 5.451300000000000000e+04 5.808100000000000000e+04 5.499700000000000000e+04 1.943624692200683057e+01 7.720000000000000000e+02
-4.000000000000000000e+00 5.000000000000000000e+01 -8.000000000000000000e+00 5.579300000000000000e+04 5.539700000000000000e+04 5.789100000000000000e+04 5.406300000000000000e+04 1.944630052102729678e+01 7.710000000000000000e+02
2.400000000000000000e+01 1.600000000000000000e+01 -1.000000000000000000e+01 5.620500000000000000e+04 5.571800000000000000e+04 5.775100000000000000e+04 5.393100000000000000e+04 1.945652450399938971e+01 7.710000000000000000e+02
-2.200000000000000000e+01 9.400000000000000000e+01 -1.600000000000000000e+01 5.618000000000000000e+04 5.439300000000000000e+04 5.770500000000000000e+04 5.537300000000000000e+04 1.946640535397455096e+01 7.710000000000000000e+02
-1.000000000000000000e+01 4.000000000000000000e+01 1.000000000000000000e+00 5.550400000000000000e+04 5.513200000000000000e+04 5.859500000000000000e+04 5.471700000000000000e+04 1.947768394800368696e+01 7.710000000000000000e+02
6.000000000000000000e+00 0.000000000000000000e+00 -1.400000000000000000e+01 5.555300000000000000e+04 5.571700000000000000e+04 5.848000000000000000e+04 5.420500000000000000e+04 1.948673119198065251e+01 7.710000000000000000e+02
1.800000000000000000e+01 -3.600000000000000000e+01 4.000000000000000000e+00 5.487800000000000000e+04 5.639400000000000000e+04 5.924000000000000000e+04 5.345000000000000000e+04 1.949775941902771592e+01 7.700000000000000000e+02
4.400000000000000000e+01 -3.600000000000000000e+01 8.000000000000000000e+00 5.574800000000000000e+04 5.618400000000000000e+04 5.834800000000000000e+04 5.346900000000000000e+04 1.951055888505652547e+01 7.700000000000000000e+02
7.000000000000000000e+00 2.200000000000000000e+01 -1.400000000000000000e+01 5.567800000000000000e+04 5.534700000000000000e+04 5.834600000000000000e+04 5.445000000000000000e+04 1.951920243096537888e+01 7.700000000000000000e+02
4.000000000000000000e+01 7.000000000000000000e+00 -1.000000000000000000e+00 5.587800000000000000e+04 5.581600000000000000e+04 5.824000000000000000e+04 5.384400000000000000e+04 1.952828195306938142e+01 7.700000000000000000e+02
1.000000000000000000e+00 5.900000000000000000e+01 -6.000000000000000000e+00 5.602000000000000000e+04 5.511300000000000000e+04 5.793300000000000000e+04 5.478100000000000000e+04 1.953919385606423020e+01 7.700000000000000000e+02
6.000000000000000000e+00 1.600000000000000000e+01 1.000000000000000000e+00 5.529700000000000000e+04 5.576600000000000000e+04 5.846400000000000000e+04 5.421800000000000000e+04 1.954681360197719187e+01 7.700000000000000000e+02
1.000000000000000000e+01 7.000000000000000000e+00 2.300000000000000000e+01 5.569900000000000000e+04 5.576700000000000000e+04 5.855300000000000000e+04 5.411900000000000000e+04 1.955729915795382112e+01 7.700000000000000000e+02
-1.300000000000000000e+01 -1.000000000000000000e+00 6.000000000000000000e+00 5.584700000000000000e+04 5.523800000000000000e+04 5.866100000000000000e+04 5.442800000000000000e+04 1.956751258100848645e+01 7.700000000000000000e+02
-8.000000000000000000e+00 2.100000000000000000e+01 9.000000000000000000e+00 5.590300000000000000e+04 5.575600000000000000e+04 5.872600000000000000e+04 5.418500000000000000e+04 1.957595211395528167e+01 7.700000000000000000e+02
-5.000000000000000000e+00 -4.600000000000000000e+01 6.000000000000000000e+00 5.500400000000000000e+04 5.627700000000000000e+04 5.934400000000000000e+04 5.379400000000000000e+04 1.958625207399018109e+01 7.700000000000000000e+02
-3.000000000000000000e+00 2.700000000000000000e+01 -2.400000000000000000e+01 5.537400000000000000e+04 5.573300000000000000e+04 5.868900000000000000e+04 5.432100000000000000e+04 1.959604618302546442e+01 7.720000000000000000e+02
1.000000000000000000e+00 5.600000000000000000e+01 -1.600000000000000000e+01 5.541100000000000000e+04 5.553000000000000000e+04 5.825000000000000000e+04 5.462400000000000000e+04 1.960667359200306237e+01 7.720000000000000000e+02
1.800000000000000000e+01 3.800000000000000000e+01 -2.000000000000000000e+01 5.527200000000000000e+04 5.583100000000000000e+04 5.826200000000000000e+04 5.442200000000000000e+04 1.961562688602134585e+01 7.720000000000000000e+02
4.600000000000000000e+01 2.100000000000000000e+01 -1.700000000000000000e+01 5.515500000000000000e+04 5.601200000000000000e+04 5.824100000000000000e+04 5.392200000000000000e+04 1.962614700000267476e+01 7.720000000000000000e+02
3.800000000000000000e+01 4.000000000000000000e+01 -1.400000000000000000e+01 5.624700000000000000e+04 5.578400000000000000e+04 5.721500000000000000e+04 5.415300000000000000e+04 1.963562994205858558e+01 7.720000000000000000e+02
6.100000000000000000e+01 -1.300000000000000000e+01 -6.000000000000000000e+00 5.560300000000000000e+04 5.626000000000000000e+04 5.805400000000000000e+04 5.378800000000000000e+04 1.964613567502237856e+01 7.700000000000000000e+02
6.100000000000000000e+01 -2.300000000000000000e+01 -2.400000000000000000e+01 5.588800000000000000e+04 5.586700000000000000e+04 5.795200000000000000e+04 5.421800000000000000e+04 1.965669341897591949e+01 7.700000000000000000e+02
4.200000000000000000e+01 -9.000000000000000000e+00 -3.300000000000000000e+01 5.552300000000000000e+04 5.638800000000000000e+04 5.796600000000000000e+04 5.401500000000000000e+04 1.966570513602346182e+01 7.700000000000000000e+02
6.400000000000000000e+01 -7.000000000000000000e+00 -2.300000000000000000e+01 5.545700000000000000e+04 5.688400000000000000e+04 5.813700000000000000e+04 5.376200000000000000e+04 1.967557772202417254e+01 7.700000000000000000e+02
4.400000000000000000e+01 -5.500000000000000000e+01 -2.300000000000000000e+01 5.488100000000000000e+04 5.682600000000000000e+04 5.843300000000000000e+04 5.364600000000000000e+04 1.969503789301961660e+01 7.700000000000000000e+02
2.300000000000000000e+01 1.400000000000000000e+01 -2.000000000000000000e+01 5.513800000000000000e+04 5.595000000000000000e+04 5.777400000000000000e+04 5.430700000000000000e+04 1.969757225399371237e+01 7.740000000000000000e+02
5.900000000000000000e+01 -1.300000000000000000e+01 -1.900000000000000000e+01 5.614300000000000000e+04 5.601400000000000000e+04 5.685900000000000000e+04 5.422400000000000000e+04 1.970620422996580601e+01 7.740000000000000000e+02
1.900000000000000000e+01 2.000000000000000000e+00 -2.600000000000000000e+01 5.499200000000000000e+04 5.563100000000000000e+04 5.771800000000000000e+04 5.434900000000000000e+04 1.971635039604734629e+01 7.740000000000000000e+02
1.600000000000000000e+01 6.600000000000000000e+01 -2.400000000000000000e+01 5.542200000000000000e+04 5.573000000000000000e+04 5.719000000000000000e+04 5.429400000000000000e+04 1.972759388200938702e+01 7.740000000000000000e+02
-3.700000000000000000e+01 1.100000000000000000e+02 -1.500000000000000000e+01 5.537500000000000000e+04 5.550400000000000000e+04 5.706300000000000000e+04 5.417100000000000000e+04 1.973560092796105891e+01 7.740000000000000000e+02
-4.800000000000000000e+01 1.250000000000000000e+02 -2.200000000000000000e+01 5.516600000000000000e+04 5.481500000000000000e+04 5.741600000000000000e+04 5.457800000000000000e+04 1.974626078596338630e+01 7.740000000000000000e+02
-8.300000000000000000e+01 1.680000000000000000e+02 -1.100000000000000000e+01 5.517200000000000000e+04 5.435100000000000000e+04 5.722500000000000000e+04 5.468700000000000000e+04 1.975561538501642644e+01 3.220000000000000000e+02
-9.800000000000000000e+01 1.770000000000000000e+02 3.000000000000000000e+00 5.540600000000000000e+04 5.360400000000000000e+04 5.699800000000000000e+04 5.518000000000000000e+04 1.976650235103443265e+01 3.220000000000000000e+02
-8.900000000000000000e+01 2.200000000000000000e+02 -4.000000000000000000e+00 5.601700000000000000e+04 5.290000000000000000e+04 5.644600000000000000e+04 5.556600000000000000e+04 1.977805047098081559e+01 3.220000000000000000e+02
-5.600000000000000000e+01 2.590000000000000000e+02 -1.600000000000000000e+01 5.667100000000000000e+04 5.277800000000000000e+04 5.561700000000000000e+04 5.595200000000000000e+04 1.978921960399020463e+01 3.220000000000000000e+02
3.400000000000000000e+01 2.850000000000000000e+02 -2.000000000000000000e+00 5.845800000000000000e+04 5.400300000000000000e+04 5.568600000000000000e+04 5.699700000000000000e+04 1.979652094200719148e+01 0.000000000000000000e+00
8.400000000000000000e+01 2.730000000000000000e+02 -2.300000000000000000e+01 5.872300000000000000e+04 5.440100000000000000e+04 5.534600000000000000e+04 5.644000000000000000e+04 1.980614561703987420e+01 0.000000000000000000e+00
6.500000000000000000e+01 3.130000000000000000e+02 -4.600000000000000000e+01 5.830000000000000000e+04 5.424600000000000000e+04 5.513600000000000000e+04 5.695600000000000000e+04 1.981570361100602895e+01 0.000000000000000000e+00
6.100000000000000000e+01 2.820000000000000000e+02 -2.900000000000000000e+01 5.855700000000000000e+04 5.426500000000000000e+04 5.486100000000000000e+04 5.741900000000000000e+04 1.982628759299404919e+01 0.000000000000000000e+00
8.400000000000000000e+01 1.680000000000000000e+02 -2.700000000000000000e+01 5.790100000000000000e+04 5.495500000000000000e+04 5.570700000000000000e+04 5.646200000000000000e+04 1.983546891598962247e+01 0.000000000000000000e+00
6.300000000000000000e+01 5.200000000000000000e+01 -9.000000000000000000e+00 5.759700000000000000e+04 5.611500000000000000e+04 5.626000000000000000e+04 5.514700000000000000e+04 1.984680702502373606e+01 1.200000000000000000e+01
3.600000000000000000e+01 -1.200000000000000000e+01 -8.000000000000000000e+00 5.717900000000000000e+04 5.584400000000000000e+04 5.695200000000000000e+04 5.512800000000000000e+04 1.985599040903616697e+01 1.200000000000000000e+01
-2.500000000000000000e+01 -1.320000000000000000e+02 5.000000000000000000e+00 5.609300000000000000e+04 5.589500000000000000e+04 5.815900000000000000e+04 5.486300000000000000e+04 1.986543485498987138e+01 1.200000000000000000e+01
-1.510000000000000000e+02 -1.530000000000000000e+02 9.000000000000000000e+00 5.503900000000000000e+04 5.421700000000000000e+04 5.905700000000000000e+04 5.614400000000000000e+04 1.987667922605760396e+01 1.200000000000000000e+01
-2.370000000000000000e+02 -1.730000000000000000e+02 4.400000000000000000e+01 5.446900000000000000e+04 5.421200000000000000e+04 5.998900000000000000e+04 5.560400000000000000e+04 1.988927420601248741e+01 1.200000000000000000e+01
-2.340000000000000000e+02 -2.070000000000000000e+02 5.000000000000000000e+01 5.416700000000000000e+04 5.363300000000000000e+04 6.002700000000000000e+04 5.478600000000000000e+04 1.989595778298098594e+01 1.700000000000000000e+01
-2.310000000000000000e+02 -1.960000000000000000e+02 5.900000000000000000e+01 5.382300000000000000e+04 5.330000000000000000e+04 6.036300000000000000e+04 5.421600000000000000e+04 1.992205559904687107e+01 1.700000000000000000e+01
-2.010000000000000000e+02 -1.520000000000000000e+02 4.800000000000000000e+01 5.477200000000000000e+04 5.502800000000000000e+04 5.936100000000000000e+04 5.150600000000000000e+04 1.992383543704636395e+01 1.700000000000000000e+01
-1.140000000000000000e+02 9.000000000000000000e+00 4.000000000000000000e+01 5.619700000000000000e+04 5.398300000000000000e+04 5.742100000000000000e+04 5.264200000000000000e+04 1.992717901302967221e+01 1.700000000000000000e+01
-9.300000000000000000e+01 1.300000000000000000e+02 4.200000000000000000e+01 5.746900000000000000e+04 5.218800000000000000e+04 5.575800000000000000e+04 5.432800000000000000e+04 1.993849454901646823e+01 1.700000000000000000e+01
-6.700000000000000000e+01 2.230000000000000000e+02 1.700000000000000000e+01 5.688300000000000000e+04 5.252300000000000000e+04 5.580200000000000000e+04 5.386300000000000000e+04 1.994567466503940523e+01 2.100000000000000000e+01
-7.700000000000000000e+01 2.100000000000000000e+02 3.900000000000000000e+01 5.686200000000000000e+04 5.208200000000000000e+04 5.513900000000000000e+04 5.372700000000000000e+04 1.995525011303834617e+01 2.100000000000000000e+01
-1.800000000000000000e+02 1.420000000000000000e+02 4.000000000000000000e+01 5.553700000000000000e+04 5.216500000000000000e+04 5.630600000000000000e+04 5.305200000000000000e+04 1.996876941004302353e+01 2.100000000000000000e+01
-2.450000000000000000e+02 6.200000000000000000e+01 4.300000000000000000e+01 5.399700000000000000e+04 5.040300000000000000e+04 5.763800000000000000e+04 5.436200000000000000e+04 1.997692333196755499e+01 2.100000000000000000e+01
-2.690000000000000000e+02 1.000000000000000000e+02 4.800000000000000000e+01 5.428000000000000000e+04 5.041300000000000000e+04 5.738700000000000000e+04 5.373900000000000000e+04 1.998655781196430326e+01 2.100000000000000000e+01
-1.980000000000000000e+02 5.900000000000000000e+01 4.000000000000000000e+01 5.432600000000000000e+04 4.945900000000000000e+04 5.650900000000000000e+04 5.367300000000000000e+04 1.999558449303731322e+01 2.900000000000000000e+01
-1.650000000000000000e+02 5.500000000000000000e+01 2.000000000000000000e+01 5.414200000000000000e+04 5.034700000000000000e+04 5.603400000000000000e+04 5.304000000000000000e+04 2.000511940906289965e+01 2.900000000000000000e+01
-1.040000000000000000e+02 3.500000000000000000e+01 2.000000000000000000e+00 5.398500000000000000e+04 5.087200000000000000e+04 5.525400000000000000e+04 5.261500000000000000e+04 2.001936315803322941e+01 2.900000000000000000e+01
-5.700000000000000000e+01 1.000000000000000000e+00 -2.400000000000000000e+01 5.368300000000000000e+04 5.090000000000000000e+04 5.474000000000000000e+04 5.290400000000000000e+04 2.002528550103306770e+01 2.900000000000000000e+01
4.400000000000000000e+01 -2.000000000000000000e+01 -2.800000000000000000e+01 5.401200000000000000e+04 5.258800000000000000e+04 5.376200000000000000e+04 5.185800000000000000e+04 2.003676769498270005e+01 2.900000000000000000e+01
1.560000000000000000e+02 -1.120000000000000000e+02 -4.000000000000000000e+01 5.350200000000000000e+04 5.455100000000000000e+04 5.375200000000000000e+04 4.983000000000000000e+04 2.004533800203353167e+01 3.300000000000000000e+01
1.890000000000000000e+02 -1.970000000000000000e+02 -3.000000000000000000e+01 5.276800000000000000e+04 5.444900000000000000e+04 5.406800000000000000e+04 4.946400000000000000e+04 2.005583381396718323e+01 3.300000000000000000e+01
1.730000000000000000e+02 -2.470000000000000000e+02 -3.900000000000000000e+01 5.252200000000000000e+04 5.499200000000000000e+04 5.454500000000000000e+04 4.891300000000000000e+04 2.006580158998258412e+01 3.300000000000000000e+01
8.400000000000000000e+01 -2.640000000000000000e+02 -5.300000000000000000e+01 5.169600000000000000e+04 5.436800000000000000e+04 5.496300000000000000e+04 5.015700000000000000e+04 2.007515308703295887e+01 3.300000000000000000e+01
-3.000000000000000000e+01 -2.860000000000000000e+02 -4.700000000000000000e+01 4.971400000000000000e+04 5.388300000000000000e+04 5.641200000000000000e+04 5.112100000000000000e+04 2.008580757898744196e+01 3.300000000000000000e+01
-1.210000000000000000e+02 -2.680000000000000000e+02 -3.900000000000000000e+01 4.887500000000000000e+04 5.301100000000000000e+04 5.674800000000000000e+04 5.124100000000000000e+04 2.009527398599311709e+01 4.000000000000000000e+01
-2.180000000000000000e+02 -1.850000000000000000e+02 -3.900000000000000000e+01 4.886900000000000000e+04 5.119200000000000000e+04 5.683900000000000000e+04 5.274500000000000000e+04 2.010574508504942060e+01 4.000000000000000000e+01
-1.990000000000000000e+02 -1.140000000000000000e+02 -2.800000000000000000e+01 4.946300000000000000e+04 5.087700000000000000e+04 5.658500000000000000e+04 5.301700000000000000e+04 2.011694266495760530e+01 4.000000000000000000e+01
-1.960000000000000000e+02 1.100000000000000000e+01 -1.600000000000000000e+01 5.086300000000000000e+04 4.954800000000000000e+04 5.562000000000000000e+04 5.387600000000000000e+04 2.012567885499447584e+01 4.000000000000000000e+01
-1.040000000000000000e+02 3.900000000000000000e+01 -1.600000000000000000e+01 5.209900000000000000e+04 5.038200000000000000e+04 5.500200000000000000e+04 5.323400000000000000e+04 2.013571006304118782e+01 4.000000000000000000e+01
8.000000000000000000e+00 9.700000000000000000e+01 -1.200000000000000000e+01 5.316100000000000000e+04 5.108100000000000000e+04 5.422700000000000000e+04 5.264100000000000000e+04 2.014743672299664468e+01 4.400000000000000000e+01
1.690000000000000000e+02 1.500000000000000000e+02 -7.000000000000000000e+00 5.483600000000000000e+04 5.175800000000000000e+04 5.248100000000000000e+04 5.183200000000000000e+04 2.015684671897906810e+01 4.400000000000000000e+01
3.040000000000000000e+02 1.600000000000000000e+02 1.000000000000000000e+01 5.628200000000000000e+04 5.260700000000000000e+04 5.111100000000000000e+04 5.085800000000000000e+04 2.016580869804602116e+01 4.400000000000000000e+01
4.000000000000000000e+02 1.090000000000000000e+02 2.800000000000000000e+01 5.677300000000000000e+04 5.350100000000000000e+04 5.108900000000000000e+04 4.959900000000000000e+04 2.017561206198297441e+01 4.400000000000000000e+01
4.420000000000000000e+02 2.800000000000000000e+01 3.400000000000000000e+01 5.680600000000000000e+04 5.512900000000000000e+04 5.188000000000000000e+04 4.750500000000000000e+04 2.018654206895735115e+01 4.400000000000000000e+01
4.220000000000000000e+02 -3.200000000000000000e+01 3.200000000000000000e+01 5.681100000000000000e+04 5.483500000000000000e+04 5.241300000000000000e+04 4.721000000000000000e+04 2.019722780399024487e+01 4.400000000000000000e+01
3.120000000000000000e+02 -1.300000000000000000e+01 3.400000000000000000e+01 5.631100000000000000e+04 5.398300000000000000e+04 5.310600000000000000e+04 4.850000000000000000e+04 2.020532474096398801e+01 4.400000000000000000e+01
1.780000000000000000e+02 -6.500000000000000000e+01 1.600000000000000000e+01 5.508700000000000000e+04 5.304700000000000000e+04 5.434000000000000000e+04 5.006800000000000000e+04 2.021503164398018271e+01 4.400000000000000000e+01
-2.700000000000000000e+01 -1.210000000000000000e+02 2.400000000000000000e+01 5.289900000000000000e+04 5.295100000000000000e+04 5.667700000000000000e+04 5.067800000000000000e+04 2.022579833900090307e+01 4.400000000000000000e+01
-2.040000000000000000e+02 -1.810000000000000000e+02 3.000000000000000000e+01 5.138600000000000000e+04 4.996400000000000000e+04 5.835600000000000000e+04 5.385900000000000000e+04 2.023557610099669546e+01 4.400000000000000000e+01
-4.090000000000000000e+02 -2.240000000000000000e+02 3.300000000000000000e+01 4.940400000000000000e+04 4.852800000000000000e+04 5.992600000000000000e+04 5.524700000000000000e+04 2.024607693904545158e+01 4.400000000000000000e+01
-4.570000000000000000e+02 -2.430000000000000000e+02 4.000000000000000000e+00 5.002200000000000000e+04 4.983700000000000000e+04 5.947100000000000000e+04 5.540800000000000000e+04 2.025558028498198837e+01 4.400000000000000000e+01
-3.510000000000000000e+02 -3.360000000000000000e+02 1.000000000000000000e+01 4.973900000000000000e+04 5.179800000000000000e+04 5.996700000000000000e+04 5.411900000000000000e+04 2.026596736104693264e+01 4.400000000000000000e+01
-1.620000000000000000e+02 -3.490000000000000000e+02 7.000000000000000000e+00 5.151100000000000000e+04 5.397900000000000000e+04 5.904200000000000000e+04 5.242900000000000000e+04 2.027510019403416663e+01 4.400000000000000000e+01
1.010000000000000000e+02 -3.630000000000000000e+02 3.000000000000000000e+00 5.303900000000000000e+04 5.558400000000000000e+04 5.790400000000000000e+04 5.061000000000000000e+04 2.028755547397304326e+01 4.400000000000000000e+01
2.540000000000000000e+02 -3.470000000000000000e+02 -5.000000000000000000e+00 5.384000000000000000e+04 5.588000000000000000e+04 5.769200000000000000e+04 5.072900000000000000e+04 2.029620791703928262e+01 4.200000000000000000e+01
4.440000000000000000e+02 -2.560000000000000000e+02 -4.000000000000000000e+00 5.528100000000000000e+04 5.722100000000000000e+04 5.653700000000000000e+04 4.924200000000000000e+04 2.030606885196175426e+01 4.200000000000000000e+01
5.420000000000000000e+02 -1.230000000000000000e+02 1.000000000000000000e+01 5.689100000000000000e+04 5.669800000000000000e+04 5.528800000000000000e+04 5.024500000000000000e+04 2.032094038405921310e+01 4.200000000000000000e+01
4.950000000000000000e+02 6.800000000000000000e+01 -1.000000000000000000e+00 5.755700000000000000e+04 5.586400000000000000e+04 5.492700000000000000e+04 5.154100000000000000e+04 2.032676478603389114e+01 4.200000000000000000e+01
4.550000000000000000e+02 2.070000000000000000e+02 6.000000000000000000e+00 5.825800000000000000e+04 5.536100000000000000e+04 5.433000000000000000e+04 5.254400000000000000e+04 2.033586092200130224e+01 4.200000000000000000e+01
3.370000000000000000e+02 3.100000000000000000e+02 1.000000000000000000e+00 5.784600000000000000e+04 5.397800000000000000e+04 5.515000000000000000e+04 5.426100000000000000e+04 2.034566834405995905e+01 4.200000000000000000e+01
1.530000000000000000e+02 3.990000000000000000e+02 3.000000000000000000e+00 5.814300000000000000e+04 5.244000000000000000e+04 5.487300000000000000e+04 5.585800000000000000e+04 2.035555797698907554e+01 4.100000000000000000e+01
2.600000000000000000e+01 4.150000000000000000e+02 -5.000000000000000000e+00 5.753100000000000000e+04 5.185400000000000000e+04 5.577800000000000000e+04 5.665600000000000000e+04 2.036588971002493054e+01 4.100000000000000000e+01
-1.230000000000000000e+02 2.970000000000000000e+02 -1.700000000000000000e+01 5.618800000000000000e+04 5.201600000000000000e+04 5.710500000000000000e+04 5.666100000000000000e+04 2.037519087304826826e+01 4.100000000000000000e+01
-2.380000000000000000e+02 1.570000000000000000e+02 1.200000000000000000e+01 5.516500000000000000e+04 5.266500000000000000e+04 5.845600000000000000e+04 5.617000000000000000e+04 2.038571897905785590e+01 4.100000000000000000e+01
-2.530000000000000000e+02 -1.800000000000000000e+01 1.300000000000000000e+01 5.359400000000000000e+04 5.380900000000000000e+04 6.015100000000000000e+04 5.562600000000000000e+04 2.039552515605464578e+01 3.500000000000000000e+01
-2.400000000000000000e+02 -1.270000000000000000e+02 2.100000000000000000e+01 5.427200000000000000e+04 5.412000000000000000e+04 5.980400000000000000e+04 5.524500000000000000e+04 2.040510540804825723e+01 3.500000000000000000e+01
-1.300000000000000000e+02 -1.630000000000000000e+02 1.800000000000000000e+01 5.528600000000000000e+04 5.518500000000000000e+04 5.902400000000000000e+04 5.421300000000000000e+04 2.041541399201378226e+01 3.500000000000000000e+01
1.100000000000000000e+01 -1.660000000000000000e+02 1.600000000000000000e+01 5.516500000000000000e+04 5.631000000000000000e+04 5.928200000000000000e+04 5.281600000000000000e+04 2.042573414905928075e+01 3.500000000000000000e+01
1.340000000000000000e+02 -1.830000000000000000e+02 3.700000000000000000e+01 5.642300000000000000e+04 5.635400000000000000e+04 5.822600000000000000e+04 5.276100000000000000e+04 2.043646391399670392e+01 3.500000000000000000e+01
2.730000000000000000e+02 -1.610000000000000000e+02 1.300000000000000000e+01 5.697400000000000000e+04 5.684300000000000000e+04 5.763500000000000000e+04 5.223900000000000000e+04 2.044737358298152685e+01 3.300000000000000000e+01
2.810000000000000000e+02 -8.900000000000000000e+01 5.000000000000000000e+00 5.771100000000000000e+04 5.665600000000000000e+04 5.701500000000000000e+04 5.290800000000000000e+04 2.045556054904591292e+01 3.300000000000000000e+01
2.210000000000000000e+02 2.000000000000000000e+00 -2.000000000000000000e+00 5.722300000000000000e+04 5.588800000000000000e+04 5.722900000000000000e+04 5.393500000000000000e+04 2.046620691299904138e+01 3.300000000000000000e+01
1.090000000000000000e+02 6.000000000000000000e+01 -6.000000000000000000e+00 5.668200000000000000e+04 5.520800000000000000e+04 5.772800000000000000e+04 5.457100000000000000e+04 2.047714103001635522e+01 3.300000000000000000e+01
-2.700000000000000000e+01 9.900000000000000000e+01 -3.000000000000000000e+00 5.628600000000000000e+04 5.489500000000000000e+04 5.817700000000000000e+04 5.475500000000000000e+04 2.048605777299962938e+01 3.300000000000000000e+01
-1.750000000000000000e+02 2.060000000000000000e+02 3.000000000000000000e+00 5.584500000000000000e+04 5.188300000000000000e+04 5.858300000000000000e+04 5.751400000000000000e+04 2.049522934795822948e+01 2.900000000000000000e+01
-2.460000000000000000e+02 1.830000000000000000e+02 1.600000000000000000e+01 5.597000000000000000e+04 5.314000000000000000e+04 5.866800000000000000e+04 5.619000000000000000e+04 2.050565968395676464e+01 2.900000000000000000e+01
-4.050000000000000000e+02 2.440000000000000000e+02 1.400000000000000000e+01 5.505500000000000000e+04 5.166700000000000000e+04 5.934600000000000000e+04 5.747100000000000000e+04 2.051684200996533036e+01 2.900000000000000000e+01
-3.660000000000000000e+02 2.490000000000000000e+02 3.000000000000000000e+00 5.560500000000000000e+04 5.130500000000000000e+04 5.884700000000000000e+04 5.780100000000000000e+04 2.052995463798288256e+01 2.900000000000000000e+01
-3.220000000000000000e+02 2.380000000000000000e+02 7.000000000000000000e+00 5.601000000000000000e+04 5.174300000000000000e+04 5.843200000000000000e+04 5.759600000000000000e+04 2.053635571198537946e+01 2.900000000000000000e+01
-1.630000000000000000e+02 2.020000000000000000e+02 -2.200000000000000000e+01 5.623600000000000000e+04 5.254000000000000000e+04 5.823000000000000000e+04 5.698500000000000000e+04 2.054611732100602239e+01 2.500000000000000000e+01
1.260000000000000000e+02 -1.900000000000000000e+01 -4.000000000000000000e+01 5.706900000000000000e+04 5.644700000000000000e+04 5.765200000000000000e+04 5.399200000000000000e+04 2.055648217897396535e+01 2.500000000000000000e+01
4.190000000000000000e+02 -3.020000000000000000e+02 2.000000000000000000e+00 5.699200000000000000e+04 6.010000000000000000e+04 5.783800000000000000e+04 4.904700000000000000e+04 2.056699852598831058e+01 2.500000000000000000e+01
7.450000000000000000e+02 -4.850000000000000000e+02 2.200000000000000000e+01 5.865600000000000000e+04 6.237800000000000000e+04 5.647600000000000000e+04 4.439000000000000000e+04 2.057564526295755059e+01 2.500000000000000000e+01
8.770000000000000000e+02 -6.380000000000000000e+02 6.400000000000000000e+01 5.820800000000000000e+04 6.296800000000000000e+04 5.742200000000000000e+04 4.304700000000000000e+04 2.058601182501297444e+01 2.500000000000000000e+01
8.910000000000000000e+02 -5.540000000000000000e+02 8.200000000000000000e+01 5.896100000000000000e+04 6.249100000000000000e+04 5.643000000000000000e+04 4.306800000000000000e+04 2.059650005202274770e+01 2.900000000000000000e+01
9.110000000000000000e+02 -4.100000000000000000e+02 1.120000000000000000e+02 6.033900000000000000e+04 6.258600000000000000e+04 5.561900000000000000e+04 4.255700000000000000e+04 2.060521725402213633e+01 2.900000000000000000e+01
7.020000000000000000e+02 -2.430000000000000000e+02 1.100000000000000000e+02 5.970400000000000000e+04 6.065300000000000000e+04 5.653400000000000000e+04 4.645000000000000000e+04 2.061503974103834480e+01 2.900000000000000000e+01
3.270000000000000000e+02 -2.850000000000000000e+02 1.190000000000000000e+02 5.759800000000000000e+04 6.055000000000000000e+04 5.907700000000000000e+04 4.653600000000000000e+04 2.062492731201928109e+01 2.900000000000000000e+01
-2.920000000000000000e+02 -2.900000000000000000e+02 1.180000000000000000e+02 5.311000000000000000e+04 5.675500000000000000e+04 6.213700000000000000e+04 5.111300000000000000e+04 2.063456662697717547e+01 1.162000000000000000e+03
-9.930000000000000000e+02 -2.570000000000000000e+02 6.400000000000000000e+01 4.706600000000000000e+04 5.259400000000000000e+04 6.489400000000000000e+04 5.596000000000000000e+04 2.064525201695505530e+01 1.162000000000000000e+03
-1.479000000000000000e+03 -2.900000000000000000e+02 2.600000000000000000e+01 4.290900000000000000e+04 4.990600000000000000e+04 6.553500000000000000e+04 5.783400000000000000e+04 2.065504250302910805e+01 1.162000000000000000e+03
-1.653000000000000000e+03 -2.020000000000000000e+02 1.100000000000000000e+01 4.211800000000000000e+04 4.823800000000000000e+04 6.553500000000000000e+04 5.911800000000000000e+04 2.066549400601070374e+01 1.162000000000000000e+03
-1.584000000000000000e+03 -1.180000000000000000e+02 -8.000000000000000000e+00 4.353700000000000000e+04 4.909300000000000000e+04 6.553500000000000000e+04 5.925200000000000000e+04 2.067586826998740435e+01 7.700000000000000000e+02
-1.382000000000000000e+03 -7.200000000000000000e+01 -3.700000000000000000e+01 4.509900000000000000e+04 5.090300000000000000e+04 6.496800000000000000e+04 5.858500000000000000e+04 2.068474644504021853e+01 7.700000000000000000e+02
-9.040000000000000000e+02 1.150000000000000000e+02 -5.300000000000000000e+01 4.951800000000000000e+04 5.241300000000000000e+04 6.319600000000000000e+04 5.747500000000000000e+04 2.069724720797967166e+01 7.700000000000000000e+02
-1.710000000000000000e+02 2.560000000000000000e+02 -5.700000000000000000e+01 5.540400000000000000e+04 5.662100000000000000e+04 5.953000000000000000e+04 5.385200000000000000e+04 2.070529936905950308e+01 7.700000000000000000e+02
4.970000000000000000e+02 3.490000000000000000e+02 -4.300000000000000000e+01 5.901000000000000000e+04 5.832800000000000000e+04 5.609200000000000000e+04 5.169200000000000000e+04 2.071856718300841749e+01 7.700000000000000000e+02
7.940000000000000000e+02 4.610000000000000000e+02 -2.300000000000000000e+01 6.012000000000000000e+04 5.807200000000000000e+04 5.483600000000000000e+04 5.234900000000000000e+04 2.072654225002042949e+01 7.700000000000000000e+02
8.610000000000000000e+02 5.840000000000000000e+02 -4.700000000000000000e+01 6.062600000000000000e+04 5.704500000000000000e+04 5.469200000000000000e+04 5.410400000000000000e+04 2.073982614104170352e+01 7.690000000000000000e+02
7.100000000000000000e+02 7.340000000000000000e+02 -6.700000000000000000e+01 6.006400000000000000e+04 5.521700000000000000e+04 5.532000000000000000e+04 5.613400000000000000e+04 2.074576706800144166e+01 7.690000000000000000e+02
5.060000000000000000e+02 7.320000000000000000e+02 -6.600000000000000000e+01 5.955500000000000000e+04 5.410600000000000000e+04 5.631900000000000000e+04 5.777900000000000000e+04 2.075583611999172717e+01 7.690000000000000000e+02
1.520000000000000000e+02 6.000000000000000000e+02 -7.200000000000000000e+01 5.735000000000000000e+04 5.327500000000000000e+04 5.861000000000000000e+04 5.877000000000000000e+04 2.076544534298591316e+01 7.690000000000000000e+02
-2.100000000000000000e+01 4.400000000000000000e+02 -7.700000000000000000e+01 5.574800000000000000e+04 5.432200000000000000e+04 6.001700000000000000e+04 5.825700000000000000e+04 2.077734063297975808e+01 7.690000000000000000e+02
-9.200000000000000000e+01 1.060000000000000000e+02 -7.800000000000000000e+01 5.383500000000000000e+04 5.585600000000000000e+04 6.145900000000000000e+04 5.679900000000000000e+04 2.079229690902866423e+01 7.690000000000000000e+02
-7.100000000000000000e+01 -1.630000000000000000e+02 -9.100000000000000000e+01 5.244800000000000000e+04 5.846200000000000000e+04 6.239400000000000000e+04 5.419900000000000000e+04 2.079659489798359573e+01 7.690000000000000000e+02
1.260000000000000000e+02 -4.130000000000000000e+02 -9.900000000000000000e+01 5.268800000000000000e+04 6.053200000000000000e+04 6.214800000000000000e+04 5.186900000000000000e+04 2.080663512798491865e+01 7.690000000000000000e+02
2.930000000000000000e+02 -5.390000000000000000e+02 -1.200000000000000000e+02 5.414300000000000000e+04 6.225400000000000000e+04 6.108200000000000000e+04 4.945400000000000000e+04 2.081470333097968251e+01 7.690000000000000000e+02
4.770000000000000000e+02 -4.730000000000000000e+02 -1.240000000000000000e+02 5.529600000000000000e+04 6.266300000000000000e+04 5.998400000000000000e+04 4.861200000000000000e+04 2.082736788399051875e+01 7.690000000000000000e+02
5.860000000000000000e+02 -3.820000000000000000e+02 -1.120000000000000000e+02 5.591000000000000000e+04 6.237100000000000000e+04 5.921200000000000000e+04 4.879400000000000000e+04 2.083857021597214043e+01 7.670000000000000000e+02
5.400000000000000000e+02 -1.520000000000000000e+02 -8.700000000000000000e+01 5.769300000000000000e+04 6.060500000000000000e+04 5.788100000000000000e+04 5.185100000000000000e+04 2.084601563005708158e+01 7.670000000000000000e+02
4.130000000000000000e+02 1.480000000000000000e+02 -7.700000000000000000e+01 5.846900000000000000e+04 5.860400000000000000e+04 5.720000000000000000e+04 5.446300000000000000e+04 2.085510625003371388e+01 7.670000000000000000e+02
2.080000000000000000e+02 3.310000000000000000e+02 -4.300000000000000000e+01 5.849600000000000000e+04 5.689400000000000000e+04 5.763900000000000000e+04 5.634300000000000000e+04 2.086501629406120628e+01 7.670000000000000000e+02
3.600000000000000000e+01 3.940000000000000000e+02 -1.800000000000000000e+01 5.785000000000000000e+04 5.587400000000000000e+04 5.834600000000000000e+04 5.686000000000000000e+04 2.087532081396784633e+01 7.630000000000000000e+02
-1.730000000000000000e+02 4.130000000000000000e+02 5.000000000000000000e+00 5.621800000000000000e+04 5.576400000000000000e+04 6.023500000000000000e+04 5.698100000000000000e+04 2.088742783595807850e+01 7.630000000000000000e+02
-3.220000000000000000e+02 3.730000000000000000e+02 2.000000000000000000e+01 5.608800000000000000e+04 5.447600000000000000e+04 6.041800000000000000e+04 5.803800000000000000e+04 2.089759595796931535e+01 7.630000000000000000e+02
-3.880000000000000000e+02 3.010000000000000000e+02 2.700000000000000000e+01 5.504000000000000000e+04 5.501800000000000000e+04 6.132400000000000000e+04 5.736600000000000000e+04 2.090594272199086845e+01 7.630000000000000000e+02
-3.890000000000000000e+02 2.230000000000000000e+02 1.400000000000000000e+01 5.501300000000000000e+04 5.568500000000000000e+04 6.112800000000000000e+04 5.647400000000000000e+04 2.091604955506045371e+01 7.630000000000000000e+02
-3.410000000000000000e+02 1.300000000000000000e+02 2.700000000000000000e+01 5.446800000000000000e+04 5.611000000000000000e+04 6.143700000000000000e+04 5.598700000000000000e+04 2.092658425006084144e+01 7.630000000000000000e+02
-2.810000000000000000e+02 3.700000000000000000e+01 2.700000000000000000e+01 5.488700000000000000e+04 5.645000000000000000e+04 6.099900000000000000e+04 5.527500000000000000e+04 2.093677685398142785e+01 7.600000000000000000e+02
-1.360000000000000000e+02 6.000000000000000000e+00 3.000000000000000000e+00 5.460600000000000000e+04 5.708300000000000000e+04 6.108000000000000000e+04 5.451700000000000000e+04 2.094577211397700012e+01 7.600000000000000000e+02
-1.300000000000000000e+01 -5.000000000000000000e+01 2.100000000000000000e+01 5.728700000000000000e+04 5.508900000000000000e+04 5.868400000000000000e+04 5.650700000000000000e+04 2.095443862804677337e+01 7.600000000000000000e+02
8.000000000000000000e+01 -9.800000000000000000e+01 1.500000000000000000e+01 5.631800000000000000e+04 5.756600000000000000e+04 5.966900000000000000e+04 5.387300000000000000e+04 2.096486429695505649e+01 7.600000000000000000e+02
2.090000000000000000e+02 -1.000000000000000000e+02 2.000000000000000000e+01 5.732900000000000000e+04 5.881100000000000000e+04 5.868600000000000000e+04 5.214700000000000000e+04 2.097528141399379820e+01 7.610000000000000000e+02
2.820000000000000000e+02 -4.400000000000000000e+01 1.900000000000000000e+01 5.744100000000000000e+04 5.815100000000000000e+04 5.830100000000000000e+04 5.247900000000000000e+04 2.098525939695537090e+01 7.610000000000000000e+02
2.320000000000000000e+02 -3.400000000000000000e+01 3.100000000000000000e+01 5.666900000000000000e+04 5.898100000000000000e+04 5.873600000000000000e+04 5.092600000000000000e+04 2.099959566199686378e+01 7.610000000000000000e+02
1.760000000000000000e+02 4.300000000000000000e+01 2.400000000000000000e+01 5.718500000000000000e+04 5.733600000000000000e+04 5.789400000000000000e+04 5.264700000000000000e+04 2.100661085406318307e+01 7.610000000000000000e+02
3.400000000000000000e+01 7.700000000000000000e+01 2.300000000000000000e+01 5.613900000000000000e+04 5.611400000000000000e+04 5.874000000000000000e+04 5.385900000000000000e+04 2.101582484296523035e+01 7.610000000000000000e+02
-9.600000000000000000e+01 1.110000000000000000e+02 1.700000000000000000e+01 5.536900000000000000e+04 5.468300000000000000e+04 5.916500000000000000e+04 5.496400000000000000e+04 2.102476267504971474e+01 7.610000000000000000e+02
-2.220000000000000000e+02 1.210000000000000000e+02 1.300000000000000000e+01 5.521200000000000000e+04 5.349200000000000000e+04 5.928500000000000000e+04 5.633900000000000000e+04 2.103532676200848073e+01 7.560000000000000000e+02
-2.650000000000000000e+02 1.280000000000000000e+02 1.200000000000000000e+01 5.349400000000000000e+04 5.434600000000000000e+04 6.045500000000000000e+04 5.545300000000000000e+04 2.104514593502972275e+01 7.560000000000000000e+02
-2.420000000000000000e+02 3.800000000000000000e+01 -6.000000000000000000e+00 5.453200000000000000e+04 5.382100000000000000e+04 5.962400000000000000e+04 5.573100000000000000e+04 2.105441237601917237e+01 7.560000000000000000e+02
-1.830000000000000000e+02 -4.000000000000000000e+00 -6.000000000000000000e+00 5.364600000000000000e+04 5.513200000000000000e+04 6.010600000000000000e+04 5.442800000000000000e+04 2.106553145695943385e+01 7.560000000000000000e+02
-1.270000000000000000e+02 -1.010000000000000000e+02 7.000000000000000000e+00 5.391700000000000000e+04 5.501400000000000000e+04 5.983800000000000000e+04 5.441100000000000000e+04 2.107556869997642934e+01 7.580000000000000000e+02
-3.900000000000000000e+01 -1.020000000000000000e+02 4.000000000000000000e+00 5.396200000000000000e+04 5.616600000000000000e+04 5.980100000000000000e+04 5.305600000000000000e+04 2.108440033695660532e+01 7.580000000000000000e+02
6.200000000000000000e+01 -1.130000000000000000e+02 0.000000000000000000e+00 5.501100000000000000e+04 5.580500000000000000e+04 5.877600000000000000e+04 5.348700000000000000e+04 2.109436772903427482e+01 7.580000000000000000e+02
1.420000000000000000e+02 -1.260000000000000000e+02 -5.000000000000000000e+00 5.519300000000000000e+04 5.686100000000000000e+04 5.830500000000000000e+04 5.207400000000000000e+04 2.110495614702813327e+01 7.580000000000000000e+02
2.190000000000000000e+02 -7.500000000000000000e+01 -1.900000000000000000e+01 5.598500000000000000e+04 5.769100000000000000e+04 5.730700000000000000e+04 5.073400000000000000e+04 2.111443697696086019e+01 7.580000000000000000e+02
2.470000000000000000e+02 -8.700000000000000000e+01 -2.100000000000000000e+01 5.479100000000000000e+04 5.742700000000000000e+04 5.817200000000000000e+04 5.116000000000000000e+04 2.112450689997058362e+01 7.580000000000000000e+02
1.880000000000000000e+02 -4.100000000000000000e+01 -2.700000000000000000e+01 5.542600000000000000e+04 5.722500000000000000e+04 5.744900000000000000e+04 5.146300000000000000e+04 2.113439430599100888e+01 7.580000000000000000e+02
1.610000000000000000e+02 0.000000000000000000e+00 -4.900000000000000000e+01 5.465500000000000000e+04 5.689900000000000000e+04 5.831000000000000000e+04 5.221700000000000000e+04 2.114667502103839070e+01 7.570000000000000000e+02
8.000000000000000000e+01 7.000000000000000000e+00 -1.600000000000000000e+01 5.511400000000000000e+04 5.741900000000000000e+04 5.791200000000000000e+04 5.156000000000000000e+04 2.115702348900958896e+01 7.570000000000000000e+02
-1.400000000000000000e+01 4.600000000000000000e+01 -3.800000000000000000e+01 5.509600000000000000e+04 5.442800000000000000e+04 5.807200000000000000e+04 5.509100000000000000e+04 2.116520713001955301e+01 7.570000000000000000e+02
-6.800000000000000000e+01 3.600000000000000000e+01 -2.500000000000000000e+01 5.266700000000000000e+04 5.758800000000000000e+04 6.025600000000000000e+04 5.162500000000000000e+04 2.117434419097844511e+01 7.570000000000000000e+02
-1.130000000000000000e+02 4.500000000000000000e+01 -2.300000000000000000e+01 5.624600000000000000e+04 5.323000000000000000e+04 5.674800000000000000e+04 5.584600000000000000e+04 2.118520933703985065e+01 7.620000000000000000e+02
-1.300000000000000000e+02 9.300000000000000000e+01 -2.300000000000000000e+01 5.494500000000000000e+04 5.449500000000000000e+04 5.792800000000000000e+04 5.465100000000000000e+04 2.119670062605291605e+01 7.620000000000000000e+02
-7.800000000000000000e+01 4.300000000000000000e+01 -2.400000000000000000e+01 5.436400000000000000e+04 5.510900000000000000e+04 5.842200000000000000e+04 5.400400000000000000e+04 2.120522189198527485e+01 7.620000000000000000e+02
-6.900000000000000000e+01 4.000000000000000000e+00 -1.300000000000000000e+01 5.397300000000000000e+04 5.725200000000000000e+04 5.858700000000000000e+04 5.133400000000000000e+04 2.121776878798846155e+01 7.620000000000000000e+02
-1.000000000000000000e+00 0.000000000000000000e+00 -1.800000000000000000e+01 5.536100000000000000e+04 5.613600000000000000e+04 5.745100000000000000e+04 5.259300000000000000e+04 2.122504129505250603e+01 7.620000000000000000e+02
2.100000000000000000e+01 -4.000000000000000000e+00 -1.800000000000000000e+01 5.421700000000000000e+04 5.647900000000000000e+04 5.835400000000000000e+04 5.221000000000000000e+04 2.123469007096718997e+01 7.620000000000000000e+02
1.900000000000000000e+01 -9.000000000000000000e+00 -4.000000000000000000e+00 5.443300000000000000e+04 5.803800000000000000e+04 5.827600000000000000e+04 5.009800000000000000e+04 2.124803697096649557e+01 7.600000000000000000e+02
3.400000000000000000e+01 -3.100000000000000000e+01 -2.300000000000000000e+01 5.535800000000000000e+04 5.365600000000000000e+04 5.762600000000000000e+04 5.536400000000000000e+04 2.125525066605769098e+01 7.600000000000000000e+02
-1.200000000000000000e+01 -4.400000000000000000e+01 -1.000000000000000000e+01 5.467700000000000000e+04 5.669300000000000000e+04 5.837200000000000000e+04 5.243200000000000000e+04 2.126678344502579421e+01 7.600000000000000000e+02
-2.100000000000000000e+01 -9.500000000000000000e+01 -2.200000000000000000e+01 5.410700000000000000e+04 5.672000000000000000e+04 5.874400000000000000e+04 5.256300000000000000e+04 2.127486052201129496e+01 7.600000000000000000e+02
-8.100000000000000000e+01 -5.300000000000000000e+01 -2.400000000000000000e+01 5.484200000000000000e+04 5.616100000000000000e+04 5.821900000000000000e+04 5.314400000000000000e+04 2.128513571200892329e+01 7.600000000000000000e+02
-1.090000000000000000e+02 -6.400000000000000000e+01 -2.000000000000000000e+01 5.587400000000000000e+04 5.264100000000000000e+04 5.728100000000000000e+04 5.676900000000000000e+04 2.129495338106062263e+01 7.610000000000000000e+02
-9.500000000000000000e+01 -3.800000000000000000e+01 -2.700000000000000000e+01 5.510700000000000000e+04 5.450600000000000000e+04 5.798000000000000000e+04 5.508000000000000000e+04 2.130623611097689718e+01 7.610000000000000000e+02
-1.110000000000000000e+02 -8.700000000000000000e+01 -2.000000000000000000e+01 5.441800000000000000e+04 5.496800000000000000e+04 5.855600000000000000e+04 5.467800000000000000e+04 2.131468182301614434e+01 7.610000000000000000e+02
-7.400000000000000000e+01 -1.280000000000000000e+02 -3.300000000000000000e+01 5.516800000000000000e+04 5.537300000000000000e+04 5.790300000000000000e+04 5.432000000000000000e+04 2.132483265106566250e+01 7.610000000000000000e+02
4.000000000000000000e+00 -1.600000000000000000e+02 -3.100000000000000000e+01 5.439100000000000000e+04 5.405600000000000000e+04 5.846900000000000000e+04 5.576900000000000000e+04 2.133486034406814724e+01 7.610000000000000000e+02
7.200000000000000000e+01 -2.240000000000000000e+02 -2.600000000000000000e+01 5.601900000000000000e+04 5.799600000000000000e+04 5.710000000000000000e+04 5.135400000000000000e+04 2.134430771204642951e+01 7.610000000000000000e+02
1.250000000000000000e+02 -2.570000000000000000e+02 -3.100000000000000000e+01 5.647200000000000000e+04 5.516300000000000000e+04 5.691300000000000000e+04 5.478300000000000000e+04 2.135514094599056989e+01 7.620000000000000000e+02
1.190000000000000000e+02 -3.020000000000000000e+02 -9.000000000000000000e+00 5.528500000000000000e+04 5.696600000000000000e+04 5.800500000000000000e+04 5.282200000000000000e+04 2.136465047101955861e+01 7.620000000000000000e+02
9.400000000000000000e+01 -3.090000000000000000e+02 -3.000000000000000000e+01 5.448900000000000000e+04 5.758400000000000000e+04 5.869300000000000000e+04 5.204700000000000000e+04 2.137428853206802160e+01 7.620000000000000000e+02
5.200000000000000000e+01 -3.100000000000000000e+02 -1.200000000000000000e+01 5.069200000000000000e+04 5.890300000000000000e+04 6.133100000000000000e+04 5.037100000000000000e+04 2.138556291302666068e+01 7.620000000000000000e+02
-2.700000000000000000e+01 -2.910000000000000000e+02 -1.200000000000000000e+01 5.364900000000000000e+04 5.803100000000000000e+04 5.931800000000000000e+04 5.154800000000000000e+04 2.139462993503548205e+01 7.620000000000000000e+02
-8.900000000000000000e+01 -1.720000000000000000e+02 -2.100000000000000000e+01 5.352600000000000000e+04 5.632700000000000000e+04 5.927300000000000000e+04 5.330200000000000000e+04 2.140486197103746235e+01 7.620000000000000000e+02
-1.090000000000000000e+02 -1.580000000000000000e+02 -8.000000000000000000e+00 5.325600000000000000e+04 5.656100000000000000e+04 5.948600000000000000e+04 5.302700000000000000e+04 2.141550006100442261e+01 7.620000000000000000e+02
-1.430000000000000000e+02 -8.800000000000000000e+01 -2.600000000000000000e+01 5.337400000000000000e+04 5.582400000000000000e+04 5.929200000000000000e+04 5.393900000000000000e+04 2.142766261205542833e+01 7.620000000000000000e+02
-1.490000000000000000e+02 -1.000000000000000000e+01 -2.300000000000000000e+01 5.395500000000000000e+04 5.490500000000000000e+04 5.880300000000000000e+04 5.486600000000000000e+04 2.143646072805859149e+01 7.620000000000000000e+02
-1.420000000000000000e+02 2.500000000000000000e+01 -3.100000000000000000e+01 5.412300000000000000e+04 5.526900000000000000e+04 5.855100000000000000e+04 5.458200000000000000e+04 2.144684007705654949e+01 7.620000000000000000e+02
-9.100000000000000000e+01 5.500000000000000000e+01 -2.800000000000000000e+01 5.405400000000000000e+04 5.543300000000000000e+04 5.890600000000000000e+04 5.469500000000000000e+04 2.145512675598729402e+01 7.610000000000000000e+02
-5.000000000000000000e+01 5.500000000000000000e+01 -1.300000000000000000e+01 5.312900000000000000e+04 5.680300000000000000e+04 5.957800000000000000e+04 5.311000000000000000e+04 2.146483595599420369e+01 7.610000000000000000e+02
6.000000000000000000e+00 1.100000000000000000e+01 -1.700000000000000000e+01 5.331400000000000000e+04 5.582900000000000000e+04 5.937600000000000000e+04 5.418700000000000000e+04 2.147457781306002289e+01 7.610000000000000000e+02
8.400000000000000000e+01 -2.400000000000000000e+01 -4.000000000000000000e+00 5.427800000000000000e+04 5.763100000000000000e+04 5.867100000000000000e+04 5.193300000000000000e+04 2.148512991401366889e+01 7.610000000000000000e+02
1.370000000000000000e+02 -1.600000000000000000e+01 -8.000000000000000000e+00 5.446200000000000000e+04 5.715500000000000000e+04 5.863300000000000000e+04 5.259800000000000000e+04 2.149418450496159494e+01 7.610000000000000000e+02
1.400000000000000000e+02 -2.800000000000000000e+01 -7.000000000000000000e+00 5.497800000000000000e+04 5.755400000000000000e+04 5.836700000000000000e+04 5.224500000000000000e+04 2.150472697906661779e+01 7.610000000000000000e+02
1.590000000000000000e+02 -5.700000000000000000e+01 1.400000000000000000e+01 5.475300000000000000e+04 5.741900000000000000e+04 5.842400000000000000e+04 5.199900000000000000e+04 2.151419814000837505e+01 7.610000000000000000e+02
1.010000000000000000e+02 -8.200000000000000000e+01 2.700000000000000000e+01 5.331000000000000000e+04 5.852800000000000000e+04 5.963100000000000000e+04 5.033000000000000000e+04 2.152415727998595685e+01 7.610000000000000000e+02
7.900000000000000000e+01 -3.200000000000000000e+01 1.100000000000000000e+01 5.486600000000000000e+04 5.742200000000000000e+04 5.844400000000000000e+04 5.163600000000000000e+04 2.153517577296588570e+01 7.610000000000000000e+02
9.000000000000000000e+00 2.400000000000000000e+01 3.900000000000000000e+01 5.351000000000000000e+04 5.611600000000000000e+04 5.953200000000000000e+04 5.308600000000000000e+04 2.155531682504806668e+01 7.610000000000000000e+02
-4.400000000000000000e+01 1.360000000000000000e+02 2.000000000000000000e+01 5.612400000000000000e+04 5.355300000000000000e+04 5.737900000000000000e+04 5.581000000000000000e+04 2.155928131600376219e+01 7.610000000000000000e+02
-6.300000000000000000e+01 1.720000000000000000e+02 3.900000000000000000e+01 5.523500000000000000e+04 5.709100000000000000e+04 5.826400000000000000e+04 5.188200000000000000e+04 2.156570944504346699e+01 7.610000000000000000e+02
-7.700000000000000000e+01 1.500000000000000000e+02 4.500000000000000000e+01 5.468500000000000000e+04 5.521000000000000000e+04 5.893100000000000000e+04 5.412500000000000000e+04 2.157476012199185789e+01 7.610000000000000000e+02
-7.800000000000000000e+01 1.370000000000000000e+02 3.600000000000000000e+01 5.408700000000000000e+04 5.647300000000000000e+04 5.925400000000000000e+04 5.245400000000000000e+04 2.158394365001004189e+01 7.610000000000000000e+02
-5.600000000000000000e+01 1.060000000000000000e+02 3.500000000000000000e+01 5.443300000000000000e+04 5.570300000000000000e+04 5.893700000000000000e+04 5.337700000000000000e+04 2.159494939795695245e+01 7.660000000000000000e+02
-5.200000000000000000e+01 3.200000000000000000e+01 4.600000000000000000e+01 5.550900000000000000e+04 5.465800000000000000e+04 5.734400000000000000e+04 5.381400000000000000e+04 2.160507147200405598e+01 7.660000000000000000e+02
-9.000000000000000000e+00 2.900000000000000000e+01 3.900000000000000000e+01 5.472600000000000000e+04 5.503200000000000000e+04 5.824500000000000000e+04 5.316900000000000000e+04 2.161441498599015176e+01 7.660000000000000000e+02
2.000000000000000000e+00 -3.800000000000000000e+01 4.300000000000000000e+01 5.332400000000000000e+04 5.692200000000000000e+04 5.910200000000000000e+04 5.065200000000000000e+04 2.162465706397779286e+01 7.660000000000000000e+02
-2.000000000000000000e+01 -3.700000000000000000e+01 4.100000000000000000e+01 5.443500000000000000e+04 5.630300000000000000e+04 5.824200000000000000e+04 5.133900000000000000e+04 2.163463341502938420e+01 7.660000000000000000e+02
-1.700000000000000000e+01 -1.900000000000000000e+01 4.200000000000000000e+01 5.390300000000000000e+04 5.509000000000000000e+04 5.862300000000000000e+04 5.267900000000000000e+04 2.164537656295578927e+01 7.660000000000000000e+02
-5.400000000000000000e+01 5.000000000000000000e+00 3.900000000000000000e+01 5.138600000000000000e+04 5.571400000000000000e+04 6.034200000000000000e+04 5.184100000000000000e+04 2.165479277004487813e+01 7.660000000000000000e+02
-6.300000000000000000e+01 3.600000000000000000e+01 3.400000000000000000e+01 5.458100000000000000e+04 5.421900000000000000e+04 5.793100000000000000e+04 5.345600000000000000e+04 2.166582978505175561e+01 7.660000000000000000e+02
-4.300000000000000000e+01 6.800000000000000000e+01 2.400000000000000000e+01 5.373900000000000000e+04 5.518300000000000000e+04 5.860400000000000000e+04 5.246100000000000000e+04 2.167458844196517020e+01 7.660000000000000000e+02
-3.900000000000000000e+01 6.200000000000000000e+01 2.400000000000000000e+01 5.302600000000000000e+04 5.603100000000000000e+04 5.910500000000000000e+04 5.161000000000000000e+04 2.168425972596742213e+01 7.660000000000000000e+02
5.000000000000000000e+00 1.040000000000000000e+02 1.500000000000000000e+01 5.410100000000000000e+04 5.538200000000000000e+04 5.821100000000000000e+04 5.240900000000000000e+04 2.170283143804408610e+01 7.690000000000000000e+02
5.300000000000000000e+01 1.390000000000000000e+02 2.000000000000000000e+01 5.423500000000000000e+04 5.535300000000000000e+04 5.788400000000000000e+04 5.216900000000000000e+04 2.170587203197646886e+01 7.690000000000000000e+02
7.200000000000000000e+01 1.310000000000000000e+02 1.000000000000000000e+01 5.447700000000000000e+04 5.513400000000000000e+04 5.751300000000000000e+04 5.222300000000000000e+04 2.171736050501931459e+01 7.690000000000000000e+02
1.260000000000000000e+02 1.430000000000000000e+02 1.000000000000000000e+00 5.462800000000000000e+04 5.618100000000000000e+04 5.733600000000000000e+04 5.108400000000000000e+04 2.172546432598028332e+01 7.690000000000000000e+02
1.690000000000000000e+02 9.300000000000000000e+01 9.000000000000000000e+00 5.472700000000000000e+04 5.578600000000000000e+04 5.727600000000000000e+04 5.158800000000000000e+04 2.173587820201646537e+01 7.690000000000000000e+02
1.270000000000000000e+02 1.000000000000000000e+02 7.000000000000000000e+00 5.492800000000000000e+04 5.533100000000000000e+04 5.717400000000000000e+04 5.212100000000000000e+04 2.174618280702270567e+01 7.710000000000000000e+02
9.900000000000000000e+01 5.700000000000000000e+01 1.200000000000000000e+01 5.448000000000000000e+04 5.534700000000000000e+04 5.775700000000000000e+04 5.237900000000000000e+04 2.175542342604603618e+01 7.710000000000000000e+02
7.200000000000000000e+01 1.000000000000000000e+00 -5.000000000000000000e+00 5.378400000000000000e+04 5.626200000000000000e+04 5.821500000000000000e+04 5.137400000000000000e+04 2.176606677006930113e+01 7.710000000000000000e+02
2.100000000000000000e+01 -3.800000000000000000e+01 -6.000000000000000000e+00 5.338600000000000000e+04 5.598200000000000000e+04 5.843700000000000000e+04 5.148000000000000000e+04 2.177633026405237615e+01 7.710000000000000000e+02
-5.000000000000000000e+01 -2.400000000000000000e+01 4.000000000000000000e+00 5.319600000000000000e+04 5.513500000000000000e+04 5.867500000000000000e+04 5.248000000000000000e+04 2.178586353699211031e+01 7.710000000000000000e+02
-7.700000000000000000e+01 -1.600000000000000000e+01 2.000000000000000000e+00 5.291900000000000000e+04 5.506500000000000000e+04 5.894000000000000000e+04 5.270600000000000000e+04 2.180595494003500789e+01 7.750000000000000000e+02
-1.160000000000000000e+02 9.000000000000000000e+00 5.000000000000000000e+00 5.271200000000000000e+04 5.473800000000000000e+04 5.860700000000000000e+04 5.235900000000000000e+04 2.181803758104797453e+01 7.750000000000000000e+02
-1.030000000000000000e+02 9.400000000000000000e+01 -1.100000000000000000e+01 5.338000000000000000e+04 5.458100000000000000e+04 5.802100000000000000e+04 5.266300000000000000e+04 2.182278893399052322e+01 7.750000000000000000e+02
-5.200000000000000000e+01 9.200000000000000000e+01 -1.900000000000000000e+01 5.334800000000000000e+04 5.563700000000000000e+04 5.778200000000000000e+04 5.149800000000000000e+04 2.182762838597409427e+01 7.750000000000000000e+02
-1.600000000000000000e+01 4.800000000000000000e+01 -2.200000000000000000e+01 5.364200000000000000e+04 5.519800000000000000e+04 5.783400000000000000e+04 5.217100000000000000e+04 2.183745022001676261e+01 7.750000000000000000e+02
1.400000000000000000e+01 1.160000000000000000e+02 -1.400000000000000000e+01 5.386400000000000000e+04 5.489500000000000000e+04 5.756500000000000000e+04 5.233900000000000000e+04 2.184727045102044940e+01 7.750000000000000000e+02
5.300000000000000000e+01 6.200000000000000000e+01 -1.900000000000000000e+01 5.394100000000000000e+04 5.590600000000000000e+04 5.751100000000000000e+04 5.136800000000000000e+04 2.185740977001842111e+01 7.710000000000000000e+02
8.600000000000000000e+01 7.800000000000000000e+01 -6.000000000000000000e+00 5.480900000000000000e+04 5.583600000000000000e+04 5.746200000000000000e+04 5.220700000000000000e+04 2.186393792205490172e+01 7.710000000000000000e+02
1.090000000000000000e+02 5.200000000000000000e+01 -2.000000000000000000e+01 5.412900000000000000e+04 5.618300000000000000e+04 5.806400000000000000e+04 5.193500000000000000e+04 2.187573723203968257e+01 7.710000000000000000e+02
8.300000000000000000e+01 3.500000000000000000e+01 -1.000000000000000000e+01 5.483100000000000000e+04 5.637600000000000000e+04 5.765200000000000000e+04 5.213200000000000000e+04 2.188723906397353858e+01 7.710000000000000000e+02
6.600000000000000000e+01 3.000000000000000000e+00 -3.200000000000000000e+01 5.365000000000000000e+04 5.659300000000000000e+04 5.873700000000000000e+04 5.193800000000000000e+04 2.189452142699155957e+01 7.740000000000000000e+02
0.000000000000000000e+00 0.000000000000000000e+00 -1.200000000000000000e+01 5.359400000000000000e+04 5.601700000000000000e+04 5.869700000000000000e+04 5.257900000000000000e+04 2.190418737800791860e+01 7.740000000000000000e+02
-3.600000000000000000e+01 -1.800000000000000000e+01 -1.500000000000000000e+01 5.366600000000000000e+04 5.565400000000000000e+04 5.880000000000000000e+04 5.300200000000000000e+04 2.191421541105955839e+01 7.740000000000000000e+02
-7.500000000000000000e+01 2.600000000000000000e+01 3.000000000000000000e+00 5.347500000000000000e+04 5.611800000000000000e+04 5.908800000000000000e+04 5.247300000000000000e+04 2.192480148596223444e+01 7.740000000000000000e+02
-8.700000000000000000e+01 4.300000000000000000e+01 4.000000000000000000e+00 5.405300000000000000e+04 5.548300000000000000e+04 5.869300000000000000e+04 5.328800000000000000e+04 2.193559662404004484e+01 7.740000000000000000e+02
-8.300000000000000000e+01 5.500000000000000000e+01 0.000000000000000000e+00 5.374800000000000000e+04 5.588100000000000000e+04 5.925600000000000000e+04 5.303900000000000000e+04 2.194489190401509404e+01 7.730000000000000000e+02
-3.300000000000000000e+01 5.400000000000000000e+01 5.000000000000000000e+00 5.505700000000000000e+04 5.602100000000000000e+04 5.838300000000000000e+04 5.325600000000000000e+04 2.195675057801418006e+01 7.730000000000000000e+02
-3.400000000000000000e+01 6.700000000000000000e+01 1.000000000000000000e+01 5.499500000000000000e+04 5.589500000000000000e+04 5.862400000000000000e+04 5.324400000000000000e+04 2.196744432102423161e+01 7.730000000000000000e+02
3.800000000000000000e+01 3.200000000000000000e+01 4.000000000000000000e+00 5.502200000000000000e+04 5.697000000000000000e+04 5.853100000000000000e+04 5.220400000000000000e+04 2.197369083901867270e+01 7.730000000000000000e+02
3.100000000000000000e+01 3.900000000000000000e+01 1.000000000000000000e+01 5.506100000000000000e+04 5.666300000000000000e+04 5.858600000000000000e+04 5.256100000000000000e+04 2.198580536898225546e+01 7.730000000000000000e+02
6.000000000000000000e+01 3.000000000000000000e+01 1.000000000000000000e+01 5.490300000000000000e+04 5.682500000000000000e+04 5.879700000000000000e+04 5.236500000000000000e+04 2.199400413699913770e+01 7.710000000000000000e+02
4.900000000000000000e+01 2.100000000000000000e+01 1.800000000000000000e+01 5.512200000000000000e+04 5.631500000000000000e+04 5.874900000000000000e+04 5.323200000000000000e+04 2.200625912495888770e+01 7.710000000000000000e+02
1.000000000000000000e+00 4.200000000000000000e+01 -1.000000000000000000e+00 5.501700000000000000e+04 5.617800000000000000e+04 5.913500000000000000e+04 5.358600000000000000e+04 2.201458205503877252e+01 7.710000000000000000e+02
2.000000000000000000e+01 1.000000000000000000e+01 7.000000000000000000e+00 5.558100000000000000e+04 5.678100000000000000e+04 5.866300000000000000e+04 5.300800000000000000e+04 2.202418542106170207e+01 7.710000000000000000e+02
-4.000000000000000000e+00 -2.000000000000000000e+00 -2.000000000000000000e+00 5.537900000000000000e+04 5.641900000000000000e+04 5.880800000000000000e+04 5.357200000000000000e+04 2.203694130701478571e+01 7.710000000000000000e+02
-3.200000000000000000e+01 -2.600000000000000000e+01 -9.000000000000000000e+00 5.464300000000000000e+04 5.712400000000000000e+04 5.951100000000000000e+04 5.276400000000000000e+04 2.205225060705561191e+01 7.720000000000000000e+02
4.000000000000000000e+00 -2.400000000000000000e+01 3.000000000000000000e+00 5.476800000000000000e+04 5.708300000000000000e+04 5.940800000000000000e+04 5.284900000000000000e+04 2.205799405800644308e+01 7.720000000000000000e+02
-4.500000000000000000e+01 -6.700000000000000000e+01 -1.000000000000000000e+00 5.477600000000000000e+04 5.731200000000000000e+04 5.941600000000000000e+04 5.266900000000000000e+04 2.207165584200993180e+01 7.720000000000000000e+02
-1.900000000000000000e+01 -3.200000000000000000e+01 -1.000000000000000000e+00 5.471100000000000000e+04 5.740300000000000000e+04 5.954500000000000000e+04 5.252700000000000000e+04 2.207554303202778101e+01 7.720000000000000000e+02
-2.800000000000000000e+01 -2.800000000000000000e+01 0.000000000000000000e+00 5.417600000000000000e+04 5.729700000000000000e+04 5.992800000000000000e+04 5.278800000000000000e+04 2.210981170297600329e+01 7.720000000000000000e+02
-4.000000000000000000e+01 2.900000000000000000e+01 7.000000000000000000e+00 5.508900000000000000e+04 5.704400000000000000e+04 5.939600000000000000e+04 5.294900000000000000e+04 2.211548495898023248e+01 7.670000000000000000e+02
-1.700000000000000000e+01 4.200000000000000000e+01 1.100000000000000000e+01 5.541700000000000000e+04 5.683400000000000000e+04 5.938300000000000000e+04 5.365800000000000000e+04 2.211820358003024012e+01 7.670000000000000000e+02
-3.700000000000000000e+01 7.700000000000000000e+01 1.100000000000000000e+01 5.559900000000000000e+04 5.632200000000000000e+04 5.896700000000000000e+04 5.412200000000000000e+04 2.212660452304407954e+01 7.670000000000000000e+02
1.000000000000000000e+00 1.260000000000000000e+02 1.000000000000000000e+01 5.607000000000000000e+04 5.632500000000000000e+04 5.887300000000000000e+04 5.419900000000000000e+04 2.213331606204155833e+01 7.670000000000000000e+02
-2.000000000000000000e+00 6.500000000000000000e+01 7.000000000000000000e+00 5.566300000000000000e+04 5.632600000000000000e+04 5.923100000000000000e+04 5.413900000000000000e+04 2.213621496502310038e+01 7.670000000000000000e+02
2.000000000000000000e+00 7.000000000000000000e+01 1.200000000000000000e+01 5.546300000000000000e+04 5.663300000000000000e+04 5.957700000000000000e+04 5.392500000000000000e+04 2.214537251403089613e+01 7.710000000000000000e+02
3.500000000000000000e+01 -4.000000000000000000e+00 4.000000000000000000e+00 5.529300000000000000e+04 5.679100000000000000e+04 5.927900000000000000e+04 5.327600000000000000e+04 2.215421119600068778e+01 7.710000000000000000e+02
4.100000000000000000e+01 -4.000000000000000000e+00 1.000000000000000000e+01 5.532700000000000000e+04 5.724400000000000000e+04 5.940900000000000000e+04 5.298200000000000000e+04 2.216476737998891622e+01 7.710000000000000000e+02
6.600000000000000000e+01 -1.300000000000000000e+01 -6.000000000000000000e+00 5.558300000000000000e+04 5.729800000000000000e+04 5.895200000000000000e+04 5.270300000000000000e+04 2.217649421503301710e+01 7.710000000000000000e+02
6.700000000000000000e+01 -1.000000000000000000e+01 1.400000000000000000e+01 5.484800000000000000e+04 5.686200000000000000e+04 5.954800000000000000e+04 5.316300000000000000e+04 2.218529480602592230e+01 7.710000000000000000e+02
3.900000000000000000e+01 -2.600000000000000000e+01 8.000000000000000000e+00 5.495500000000000000e+04 5.664200000000000000e+04 5.929700000000000000e+04 5.312300000000000000e+04 2.219402218295726925e+01 7.660000000000000000e+02
4.200000000000000000e+01 -1.000000000000000000e+00 3.000000000000000000e+00 5.525400000000000000e+04 5.692800000000000000e+04 5.926000000000000000e+04 5.295500000000000000e+04 2.220542153902351856e+01 7.660000000000000000e+02
4.500000000000000000e+01 8.000000000000000000e+00 2.200000000000000000e+01 5.554200000000000000e+04 5.680000000000000000e+04 5.907000000000000000e+04 5.303400000000000000e+04 2.221409418899565935e+01 7.660000000000000000e+02
7.000000000000000000e+00 2.100000000000000000e+01 8.000000000000000000e+00 5.563500000000000000e+04 5.633200000000000000e+04 5.891700000000000000e+04 5.358800000000000000e+04 2.222464308200869709e+01 7.660000000000000000e+02
-1.000000000000000000e+01 1.700000000000000000e+01 4.000000000000000000e+00 5.527900000000000000e+04 5.677200000000000000e+04 5.918300000000000000e+04 5.308500000000000000e+04 2.223397171101532876e+01 7.660000000000000000e+02
-5.300000000000000000e+01 1.100000000000000000e+01 1.900000000000000000e+01 5.516000000000000000e+04 5.595800000000000000e+04 5.924500000000000000e+04 5.405500000000000000e+04 2.224399303901009262e+01 7.660000000000000000e+02
-6.600000000000000000e+01 -2.000000000000000000e+01 1.900000000000000000e+01 5.469400000000000000e+04 5.692600000000000000e+04 5.985100000000000000e+04 5.315300000000000000e+04 2.225364689005073160e+01 7.660000000000000000e+02
-3.100000000000000000e+01 -6.000000000000000000e+00 3.000000000000000000e+00 5.498100000000000000e+04 5.706700000000000000e+04 5.968600000000000000e+04 5.290800000000000000e+04 2.226903447799850255e+01 7.660000000000000000e+02
-5.700000000000000000e+01 -3.300000000000000000e+01 1.700000000000000000e+01 5.504100000000000000e+04 5.687800000000000000e+04 5.965100000000000000e+04 5.315400000000000000e+04 2.227761631296016276e+01 7.660000000000000000e+02
-1.800000000000000000e+01 -2.900000000000000000e+01 2.200000000000000000e+01 5.475600000000000000e+04 5.715700000000000000e+04 5.991400000000000000e+04 5.275000000000000000e+04 2.229581148095894605e+01 7.660000000000000000e+02
-3.000000000000000000e+00 -1.200000000000000000e+01 5.000000000000000000e+00 5.488200000000000000e+04 5.730700000000000000e+04 5.971400000000000000e+04 5.261900000000000000e+04 2.230304062901996076e+01 7.650000000000000000e+02
3.100000000000000000e+01 -1.700000000000000000e+01 1.200000000000000000e+01 5.526600000000000000e+04 5.749200000000000000e+04 5.923900000000000000e+04 5.229300000000000000e+04 2.230903677304740995e+01 7.650000000000000000e+02
3.200000000000000000e+01 2.900000000000000000e+01 -2.000000000000000000e+00 5.552200000000000000e+04 5.681300000000000000e+04 5.902700000000000000e+04 5.313300000000000000e+04 2.231441615102812648e+01 7.650000000000000000e+02
6.500000000000000000e+01 6.200000000000000000e+01 2.000000000000000000e+00 5.576500000000000000e+04 5.677100000000000000e+04 5.879500000000000000e+04 5.316400000000000000e+04 2.232498788496013731e+01 7.650000000000000000e+02
6.500000000000000000e+01 3.400000000000000000e+01 -1.000000000000000000e+00 5.576500000000000000e+04 5.690600000000000000e+04 5.881400000000000000e+04 5.294900000000000000e+04 2.233383873500861228e+01 7.650000000000000000e+02
5.300000000000000000e+01 5.500000000000000000e+01 1.000000000000000000e+00 5.548400000000000000e+04 5.716000000000000000e+04 5.907800000000000000e+04 5.257800000000000000e+04 2.234421429701615125e+01 7.640000000000000000e+02
5.600000000000000000e+01 2.300000000000000000e+01 7.000000000000000000e+00 5.537000000000000000e+04 5.710100000000000000e+04 5.930300000000000000e+04 5.294200000000000000e+04 2.235470036405604333e+01 7.640000000000000000e+02
-2.000000000000000000e+00 3.500000000000000000e+01 1.000000000000000000e+00 5.557900000000000000e+04 5.667700000000000000e+04 5.919100000000000000e+04 5.332900000000000000e+04 2.236414529697503895e+01 7.640000000000000000e+02
-1.200000000000000000e+01 1.300000000000000000e+01 0.000000000000000000e+00 5.529200000000000000e+04 5.660700000000000000e+04 5.962300000000000000e+04 5.361600000000000000e+04 2.237416037195362151e+01 7.640000000000000000e+02
-4.300000000000000000e+01 3.600000000000000000e+01 1.700000000000000000e+01 5.520000000000000000e+04 5.641400000000000000e+04 5.957100000000000000e+04 5.351500000000000000e+04 2.238359574403148144e+01 7.640000000000000000e+02
-6.000000000000000000e+01 0.000000000000000000e+00 1.800000000000000000e+01 5.508600000000000000e+04 5.647400000000000000e+04 5.965800000000000000e+04 5.340100000000000000e+04 2.239365740597713739e+01 7.630000000000000000e+02
-5.000000000000000000e+01 -2.200000000000000000e+01 9.000000000000000000e+00 5.485200000000000000e+04 5.673000000000000000e+04 5.991900000000000000e+04 5.316800000000000000e+04 2.240355510602239519e+01 7.630000000000000000e+02
-4.500000000000000000e+01 -9.000000000000000000e+00 1.900000000000000000e+01 5.492700000000000000e+04 5.651200000000000000e+04 5.969500000000000000e+04 5.315900000000000000e+04 2.241469308198429644e+01 7.630000000000000000e+02
-5.800000000000000000e+01 -6.800000000000000000e+01 2.100000000000000000e+01 5.472400000000000000e+04 5.647700000000000000e+04 5.998100000000000000e+04 5.343900000000000000e+04 2.242496895696967840e+01 7.630000000000000000e+02
-3.500000000000000000e+01 -1.700000000000000000e+01 1.300000000000000000e+01 5.497700000000000000e+04 5.700900000000000000e+04 5.975600000000000000e+04 5.281200000000000000e+04 2.243510792299639434e+01 7.630000000000000000e+02
2.000000000000000000e+00 -6.400000000000000000e+01 1.800000000000000000e+01 5.485200000000000000e+04 5.699000000000000000e+04 5.984800000000000000e+04 5.276400000000000000e+04 2.244366106903180480e+01 7.670000000000000000e+02
-1.200000000000000000e+01 -5.400000000000000000e+01 2.000000000000000000e+00 5.466800000000000000e+04 5.677200000000000000e+04 5.951900000000000000e+04 5.249600000000000000e+04 2.245370579103473574e+01 7.670000000000000000e+02
6.100000000000000000e+01 -2.800000000000000000e+01 -7.000000000000000000e+00 5.447100000000000000e+04 5.714400000000000000e+04 5.960700000000000000e+04 5.203400000000000000e+04 2.246750626701395959e+01 7.670000000000000000e+02
3.300000000000000000e+01 -3.900000000000000000e+01 -2.000000000000000000e+00 5.438900000000000000e+04 5.683100000000000000e+04 5.941200000000000000e+04 5.226000000000000000e+04 2.247591119096614420e+01 7.670000000000000000e+02
7.400000000000000000e+01 -1.600000000000000000e+01 -1.600000000000000000e+01 5.467300000000000000e+04 5.671200000000000000e+04 5.916400000000000000e+04 5.245100000000000000e+04 2.248415390506852418e+01 7.670000000000000000e+02
7.900000000000000000e+01 -1.900000000000000000e+01 -4.000000000000000000e+00 5.498600000000000000e+04 5.694600000000000000e+04 5.888400000000000000e+04 5.214800000000000000e+04 2.249462236196268350e+01 7.670000000000000000e+02
5.300000000000000000e+01 3.800000000000000000e+01 -2.200000000000000000e+01 5.497300000000000000e+04 5.652300000000000000e+04 5.838900000000000000e+04 5.225300000000000000e+04 2.250326000503264368e+01 7.670000000000000000e+02
6.100000000000000000e+01 4.900000000000000000e+01 -2.100000000000000000e+01 5.492300000000000000e+04 5.613000000000000000e+04 5.843400000000000000e+04 5.270900000000000000e+04 2.251450548495631665e+01 7.670000000000000000e+02
2.700000000000000000e+01 3.200000000000000000e+01 -1.000000000000000000e+01 5.493300000000000000e+04 5.622900000000000000e+04 5.823200000000000000e+04 5.235600000000000000e+04 2.252356043900363147e+01 7.670000000000000000e+02
-1.400000000000000000e+01 5.400000000000000000e+01 -2.100000000000000000e+01 5.489800000000000000e+04 5.597800000000000000e+04 5.837600000000000000e+04 5.285700000000000000e+04 2.253483181900810450e+01 7.670000000000000000e+02
-2.900000000000000000e+01 4.600000000000000000e+01 -1.200000000000000000e+01 5.454800000000000000e+04 5.579500000000000000e+04 5.851300000000000000e+04 5.285300000000000000e+04 2.254566856299061328e+01 7.650000000000000000e+02
-7.100000000000000000e+01 3.000000000000000000e+00 -4.000000000000000000e+00 5.423400000000000000e+04 5.648400000000000000e+04 5.910100000000000000e+04 5.244800000000000000e+04 2.255402797204442322e+01 7.650000000000000000e+02
-6.800000000000000000e+01 -1.500000000000000000e+01 -2.000000000000000000e+00 5.392000000000000000e+04 5.618300000000000000e+04 5.948500000000000000e+04 5.263600000000000000e+04 2.256509828497655690e+01 7.650000000000000000e+02
-7.500000000000000000e+01 -6.400000000000000000e+01 -1.300000000000000000e+01 5.342900000000000000e+04 5.645400000000000000e+04 5.967500000000000000e+04 5.258800000000000000e+04 2.257789021998178214e+01 7.650000000000000000e+02
-4.800000000000000000e+01 -2.800000000000000000e+01 -2.900000000000000000e+01 5.441300000000000000e+04 5.664100000000000000e+04 5.889000000000000000e+04 5.244900000000000000e+04 2.258427051699254662e+01 7.650000000000000000e+02
-9.000000000000000000e+00 -3.600000000000000000e+01 -3.200000000000000000e+01 5.414500000000000000e+04 5.749200000000000000e+04 5.911900000000000000e+04 5.144200000000000000e+04 2.259442676196340472e+01 7.660000000000000000e+02
-1.100000000000000000e+01 -4.800000000000000000e+01 -1.300000000000000000e+01 5.438600000000000000e+04 5.668000000000000000e+04 5.895100000000000000e+04 5.243300000000000000e+04 2.261436616198625416e+01 7.660000000000000000e+02
1.000000000000000000e+01 -1.400000000000000000e+01 -2.000000000000000000e+01 5.459200000000000000e+04 5.649800000000000000e+04 5.884000000000000000e+04 5.259700000000000000e+04 2.261861147906165570e+01 7.660000000000000000e+02
3.200000000000000000e+01 -5.100000000000000000e+01 -5.000000000000000000e+00 5.422600000000000000e+04 5.707000000000000000e+04 5.909100000000000000e+04 5.204100000000000000e+04 2.262690338003449142e+01 7.660000000000000000e+02
6.000000000000000000e+00 5.000000000000000000e+00 -1.700000000000000000e+01 5.462700000000000000e+04 5.621200000000000000e+04 5.892400000000000000e+04 5.295100000000000000e+04 2.263361218001227826e+01 7.660000000000000000e+02
4.400000000000000000e+01 3.000000000000000000e+01 -1.700000000000000000e+01 5.459300000000000000e+04 5.687000000000000000e+04 5.918700000000000000e+04 5.245500000000000000e+04 2.264356159302406013e+01 7.660000000000000000e+02
6.700000000000000000e+01 1.400000000000000000e+01 -5.000000000000000000e+00 5.465600000000000000e+04 5.737500000000000000e+04 5.914000000000000000e+04 5.185000000000000000e+04 2.265363449498545378e+01 7.660000000000000000e+02
4.900000000000000000e+01 8.000000000000000000e+00 -1.000000000000000000e+00 5.507000000000000000e+04 5.664500000000000000e+04 5.891300000000000000e+04 5.305600000000000000e+04 2.266366437496617436e+01 7.660000000000000000e+02
3.700000000000000000e+01 4.200000000000000000e+01 -1.000000000000000000e+01 5.511200000000000000e+04 5.658200000000000000e+04 5.898200000000000000e+04 5.304000000000000000e+04 2.267445029597729445e+01 7.660000000000000000e+02
1.900000000000000000e+01 2.900000000000000000e+01 -6.000000000000000000e+00 5.500700000000000000e+04 5.661100000000000000e+04 5.907100000000000000e+04 5.305500000000000000e+04 2.268513813195750117e+01 7.660000000000000000e+02
1.600000000000000000e+01 -8.000000000000000000e+00 -6.000000000000000000e+00 5.464400000000000000e+04 5.726200000000000000e+04 5.941300000000000000e+04 5.230600000000000000e+04 2.269416330801323056e+01 7.630000000000000000e+02
