-3.400000000000000000e+01 -6.600000000000000000e+01 1.110000000000000000e+02 5.411900000000000000e+04 4.562600000000000000e+04 5.637500000000000000e+04 4.631600000000000000e+04 2.066601017001084983e+01 7.670000000000000000e+02
-1.700000000000000000e+01 -7.400000000000000000e+01 9.200000000000000000e+01 5.411200000000000000e+04 4.605000000000000000e+04 5.624400000000000000e+04 4.581000000000000000e+04 2.066831353795714676e+01 7.670000000000000000e+02
2.100000000000000000e+01 -7.500000000000000000e+01 9.700000000000000000e+01 5.412600000000000000e+04 4.611600000000000000e+04 5.625200000000000000e+04 4.624100000000000000e+04 2.067084412195254117e+01 7.670000000000000000e+02
4.700000000000000000e+01 -7.800000000000000000e+01 9.500000000000000000e+01 5.438700000000000000e+04 4.619900000000000000e+04 5.623500000000000000e+04 4.586000000000000000e+04 2.067410956998355687e+01 7.670000000000000000e+02
3.200000000000000000e+01 -6.500000000000000000e+01 8.600000000000000000e+01 5.456200000000000000e+04 4.616900000000000000e+04 5.586900000000000000e+04 4.587300000000000000e+04 2.067670527601148933e+01 7.680000000000000000e+02
4.400000000000000000e+01 -2.500000000000000000e+01 6.800000000000000000e+01 5.461900000000000000e+04 4.620500000000000000e+04 5.570900000000000000e+04 4.615800000000000000e+04 2.067869969399180263e+01 7.680000000000000000e+02
5.300000000000000000e+01 -1.300000000000000000e+01 5.600000000000000000e+01 5.456400000000000000e+04 4.607200000000000000e+04 5.586400000000000000e+04 4.664200000000000000e+04 2.068101707997266203e+01 7.680000000000000000e+02
5.800000000000000000e+01 -3.200000000000000000e+01 6.200000000000000000e+01 5.441500000000000000e+04 4.600100000000000000e+04 5.570900000000000000e+04 4.728100000000000000e+04 2.068299793300684541e+01 7.680000000000000000e+02
4.200000000000000000e+01 -1.700000000000000000e+01 5.200000000000000000e+01 5.460400000000000000e+04 4.611700000000000000e+04 5.573800000000000000e+04 4.744500000000000000e+04 2.068573966401163489e+01 7.640000000000000000e+02
3.000000000000000000e+01 -1.200000000000000000e+01 3.900000000000000000e+01 5.449000000000000000e+04 4.675300000000000000e+04 5.574900000000000000e+04 4.675700000000000000e+04 2.068849964102264494e+01 7.640000000000000000e+02
3.900000000000000000e+01 -4.700000000000000000e+01 2.900000000000000000e+01 5.432300000000000000e+04 4.709400000000000000e+04 5.591100000000000000e+04 4.657400000000000000e+04 2.069365736900363117e+01 7.640000000000000000e+02
5.200000000000000000e+01 -4.300000000000000000e+01 3.400000000000000000e+01 5.397500000000000000e+04 4.761200000000000000e+04 5.588700000000000000e+04 4.674900000000000000e+04 2.069530818995554000e+01 7.640000000000000000e+02
1.200000000000000000e+01 -6.400000000000000000e+01 2.500000000000000000e+01 5.389400000000000000e+04 4.713900000000000000e+04 5.621100000000000000e+04 4.741000000000000000e+04 2.069711925298906863e+01 7.640000000000000000e+02
0.000000000000000000e+00 -6.100000000000000000e+01 2.300000000000000000e+01 5.396700000000000000e+04 4.721300000000000000e+04 5.622000000000000000e+04 4.737700000000000000e+04 2.069917698798235506e+01 7.640000000000000000e+02
-1.400000000000000000e+01 -5.100000000000000000e+01 3.000000000000000000e+00 5.390200000000000000e+04 4.684700000000000000e+04 5.619400000000000000e+04 4.812800000000000000e+04 2.070114700205158442e+01 7.650000000000000000e+02
-1.000000000000000000e+01 -1.000000000000000000e+01 2.000000000000000000e+00 5.375800000000000000e+04 4.694700000000000000e+04 5.612700000000000000e+04 4.850700000000000000e+04 2.070306870702188462e+01 7.650000000000000000e+02
-9.000000000000000000e+00 1.100000000000000000e+01 2.000000000000000000e+00 5.389400000000000000e+04 4.657300000000000000e+04 5.611800000000000000e+04 4.882900000000000000e+04 2.070503499195910990e+01 7.650000000000000000e+02
1.000000000000000000e+00 -9.000000000000000000e+00 0.000000000000000000e+00 5.423200000000000000e+04 4.751700000000000000e+04 5.612500000000000000e+04 4.803300000000000000e+04 2.071079198399093002e+01 7.650000000000000000e+02
2.000000000000000000e+01 -9.000000000000000000e+00 -6.000000000000000000e+00 5.394900000000000000e+04 4.768600000000000000e+04 5.610700000000000000e+04 4.818800000000000000e+04 2.071277670003473759e+01 7.640000000000000000e+02
1.100000000000000000e+01 3.000000000000000000e+00 -1.200000000000000000e+01 5.362400000000000000e+04 4.787600000000000000e+04 5.603600000000000000e+04 4.826200000000000000e+04 2.071476960496511310e+01 7.640000000000000000e+02
4.000000000000000000e+00 5.100000000000000000e+01 -2.900000000000000000e+01 5.390100000000000000e+04 4.758500000000000000e+04 5.595800000000000000e+04 4.838600000000000000e+04 2.071664701797999442e+01 7.640000000000000000e+02
-1.000000000000000000e+00 5.800000000000000000e+01 -2.700000000000000000e+01 5.390100000000000000e+04 4.754600000000000000e+04 5.578300000000000000e+04 4.835900000000000000e+04 2.071888553898315877e+01 7.640000000000000000e+02
-1.400000000000000000e+01 5.700000000000000000e+01 -1.400000000000000000e+01 5.370700000000000000e+04 4.728200000000000000e+04 5.578300000000000000e+04 4.897700000000000000e+04 2.072800846595782787e+01 7.640000000000000000e+02
-3.300000000000000000e+01 1.020000000000000000e+02 -2.700000000000000000e+01 5.393600000000000000e+04 4.728500000000000000e+04 5.574300000000000000e+04 4.918400000000000000e+04 2.073698586900718510e+01 7.640000000000000000e+02
-3.900000000000000000e+01 9.700000000000000000e+01 -4.600000000000000000e+01 5.360500000000000000e+04 4.726700000000000000e+04 5.585000000000000000e+04 4.986000000000000000e+04 2.074451941601000726e+01 7.600000000000000000e+02
-5.100000000000000000e+01 9.900000000000000000e+01 -5.700000000000000000e+01 5.392100000000000000e+04 4.694100000000000000e+04 5.580200000000000000e+04 4.989200000000000000e+04 2.075636607699561864e+01 7.600000000000000000e+02
2.300000000000000000e+01 1.080000000000000000e+02 -5.600000000000000000e+01 5.447600000000000000e+04 4.792100000000000000e+04 5.518100000000000000e+04 4.964200000000000000e+04 2.076440283295232803e+01 7.600000000000000000e+02
2.900000000000000000e+01 8.200000000000000000e+01 -4.100000000000000000e+01 5.356400000000000000e+04 4.828200000000000000e+04 5.568700000000000000e+04 4.981800000000000000e+04 2.077708713198080659e+01 7.600000000000000000e+02
4.000000000000000000e+01 1.600000000000000000e+01 -3.400000000000000000e+01 5.387700000000000000e+04 4.857700000000000000e+04 5.596000000000000000e+04 4.880300000000000000e+04 2.078414829296525568e+01 7.590000000000000000e+02
5.700000000000000000e+01 1.100000000000000000e+01 -5.400000000000000000e+01 5.397600000000000000e+04 4.884600000000000000e+04 5.569100000000000000e+04 4.893600000000000000e+04 2.079437456303276122e+01 7.590000000000000000e+02
7.700000000000000000e+01 -9.000000000000000000e+00 -4.200000000000000000e+01 5.374000000000000000e+04 4.913100000000000000e+04 5.570800000000000000e+04 4.860200000000000000e+04 2.080402945296373218e+01 7.590000000000000000e+02
6.700000000000000000e+01 -3.800000000000000000e+01 -4.900000000000000000e+01 5.364200000000000000e+04 4.929800000000000000e+04 5.601100000000000000e+04 4.854000000000000000e+04 2.081484820705372840e+01 7.590000000000000000e+02
5.000000000000000000e+01 -4.300000000000000000e+01 -4.500000000000000000e+01 5.365800000000000000e+04 4.925200000000000000e+04 5.579400000000000000e+04 4.852900000000000000e+04 2.082397909695282578e+01 7.590000000000000000e+02
3.400000000000000000e+01 -2.900000000000000000e+01 -4.600000000000000000e+01 5.392000000000000000e+04 4.902100000000000000e+04 5.573200000000000000e+04 4.894500000000000000e+04 2.083421768900007010e+01 7.590000000000000000e+02
3.700000000000000000e+01 6.000000000000000000e+00 -5.100000000000000000e+01 5.376200000000000000e+04 4.840700000000000000e+04 5.574800000000000000e+04 4.928300000000000000e+04 2.084415672696195543e+01 7.590000000000000000e+02
4.400000000000000000e+01 3.100000000000000000e+01 -3.600000000000000000e+01 5.363600000000000000e+04 4.862100000000000000e+04 5.604600000000000000e+04 4.917100000000000000e+04 2.085463567695114762e+01 7.590000000000000000e+02
3.300000000000000000e+01 2.400000000000000000e+01 -3.200000000000000000e+01 5.404100000000000000e+04 4.815700000000000000e+04 5.583800000000000000e+04 4.935800000000000000e+04 2.086452721501700580e+01 7.590000000000000000e+02
3.600000000000000000e+01 2.400000000000000000e+01 -3.400000000000000000e+01 5.420800000000000000e+04 4.835400000000000000e+04 5.563800000000000000e+04 4.920800000000000000e+04 2.087449231103528291e+01 7.590000000000000000e+02
2.300000000000000000e+01 4.200000000000000000e+01 -3.900000000000000000e+01 5.419100000000000000e+04 4.850700000000000000e+04 5.555500000000000000e+04 4.924800000000000000e+04 2.088453554396983236e+01 7.560000000000000000e+02
3.200000000000000000e+01 5.800000000000000000e+01 -4.200000000000000000e+01 5.419000000000000000e+04 4.820600000000000000e+04 5.536600000000000000e+04 4.935300000000000000e+04 2.089446131803561002e+01 7.560000000000000000e+02
5.500000000000000000e+01 7.400000000000000000e+01 -3.600000000000000000e+01 5.442100000000000000e+04 4.815200000000000000e+04 5.515000000000000000e+04 4.930500000000000000e+04 2.090499122196342796e+01 7.560000000000000000e+02
5.300000000000000000e+01 4.800000000000000000e+01 -3.300000000000000000e+01 5.409300000000000000e+04 4.819300000000000000e+04 5.542000000000000000e+04 4.921200000000000000e+04 2.091475070104934275e+01 7.560000000000000000e+02
5.300000000000000000e+01 2.600000000000000000e+01 -3.100000000000000000e+01 5.444000000000000000e+04 4.842100000000000000e+04 5.513700000000000000e+04 4.880000000000000000e+04 2.092478156101424247e+01 7.560000000000000000e+02
2.500000000000000000e+01 1.200000000000000000e+01 -1.600000000000000000e+01 5.390500000000000000e+04 4.819500000000000000e+04 5.555900000000000000e+04 4.902600000000000000e+04 2.093434969405643642e+01 7.560000000000000000e+02
2.900000000000000000e+01 2.600000000000000000e+01 -3.200000000000000000e+01 5.395000000000000000e+04 4.792400000000000000e+04 5.562700000000000000e+04 4.929600000000000000e+04 2.094518749904818833e+01 7.540000000000000000e+02
7.200000000000000000e+01 2.600000000000000000e+01 -4.000000000000000000e+01 5.418900000000000000e+04 4.850200000000000000e+04 5.558200000000000000e+04 4.884600000000000000e+04 2.095469865901395679e+01 7.540000000000000000e+02
5.200000000000000000e+01 1.400000000000000000e+01 -3.400000000000000000e+01 5.409100000000000000e+04 4.857300000000000000e+04 5.561500000000000000e+04 4.880800000000000000e+04 2.096479651797562838e+01 7.540000000000000000e+02
2.900000000000000000e+01 -3.600000000000000000e+01 -4.000000000000000000e+01 5.376500000000000000e+04 4.871400000000000000e+04 5.574500000000000000e+04 4.887000000000000000e+04 2.097440904704853892e+01 7.540000000000000000e+02
1.000000000000000000e+00 -1.500000000000000000e+01 -4.000000000000000000e+01 5.412000000000000000e+04 4.856100000000000000e+04 5.549900000000000000e+04 4.926100000000000000e+04 2.098425442399457097e+01 7.520000000000000000e+02
1.800000000000000000e+01 9.000000000000000000e+00 -5.100000000000000000e+01 5.411400000000000000e+04 4.820100000000000000e+04 5.570800000000000000e+04 4.876800000000000000e+04 2.099489451001863927e+01 7.520000000000000000e+02
2.300000000000000000e+01 4.800000000000000000e+01 -5.700000000000000000e+01 5.375900000000000000e+04 4.847100000000000000e+04 5.544900000000000000e+04 4.937600000000000000e+04 2.100437016203068197e+01 7.520000000000000000e+02
1.500000000000000000e+01 5.900000000000000000e+01 -6.200000000000000000e+01 5.344000000000000000e+04 4.805100000000000000e+04 5.535700000000000000e+04 4.985500000000000000e+04 2.101455871004145592e+01 7.520000000000000000e+02
-2.300000000000000000e+01 6.700000000000000000e+01 -4.700000000000000000e+01 5.360900000000000000e+04 4.729700000000000000e+04 5.509600000000000000e+04 5.058300000000000000e+04 2.102544497197959572e+01 7.520000000000000000e+02
1.800000000000000000e+01 9.300000000000000000e+01 -6.100000000000000000e+01 5.444800000000000000e+04 4.823000000000000000e+04 5.445300000000000000e+04 4.981200000000000000e+04 2.103436616295948625e+01 7.520000000000000000e+02
4.000000000000000000e+01 1.230000000000000000e+02 -6.000000000000000000e+01 5.381100000000000000e+04 4.789300000000000000e+04 5.509700000000000000e+04 5.047000000000000000e+04 2.104447398299816996e+01 7.500000000000000000e+02
5.700000000000000000e+01 1.180000000000000000e+02 -6.700000000000000000e+01 5.449100000000000000e+04 4.783500000000000000e+04 5.461600000000000000e+04 5.060400000000000000e+04 2.105512982199434191e+01 7.500000000000000000e+02
6.300000000000000000e+01 8.200000000000000000e+01 -5.400000000000000000e+01 5.465700000000000000e+04 4.872100000000000000e+04 5.440300000000000000e+04 4.973000000000000000e+04 2.106585420796182007e+01 7.500000000000000000e+02
6.300000000000000000e+01 8.400000000000000000e+01 -6.100000000000000000e+01 5.441200000000000000e+04 4.825200000000000000e+04 5.456200000000000000e+04 5.014700000000000000e+04 2.108292464294936508e+01 7.500000000000000000e+02
6.600000000000000000e+01 1.320000000000000000e+02 -7.300000000000000000e+01 5.429200000000000000e+04 4.830800000000000000e+04 5.424300000000000000e+04 4.996800000000000000e+04 2.108759587304666638e+01 7.540000000000000000e+02
7.000000000000000000e+01 1.420000000000000000e+02 -8.500000000000000000e+01 5.407500000000000000e+04 4.712300000000000000e+04 5.504800000000000000e+04 4.977200000000000000e+04 2.113138636399526149e+01 7.540000000000000000e+02
3.400000000000000000e+01 1.010000000000000000e+02 -8.300000000000000000e+01 5.358400000000000000e+04 4.613100000000000000e+04 5.531000000000000000e+04 5.068000000000000000e+04 2.114590555999893695e+01 7.540000000000000000e+02
-1.900000000000000000e+01 5.400000000000000000e+01 -8.700000000000000000e+01 5.392700000000000000e+04 4.744700000000000000e+04 5.484800000000000000e+04 4.916500000000000000e+04 2.114957047300413251e+01 7.540000000000000000e+02
-1.800000000000000000e+01 2.600000000000000000e+01 -9.700000000000000000e+01 5.400700000000000000e+04 4.777900000000000000e+04 5.454600000000000000e+04 4.897200000000000000e+04 2.115142439794726670e+01 7.540000000000000000e+02
1.000000000000000000e+00 5.000000000000000000e+00 -9.600000000000000000e+01 5.341200000000000000e+04 4.692500000000000000e+04 5.499200000000000000e+04 4.977500000000000000e+04 2.115428882697597146e+01 7.540000000000000000e+02
-1.400000000000000000e+01 -3.400000000000000000e+01 -9.400000000000000000e+01 5.312200000000000000e+04 4.792000000000000000e+04 5.513700000000000000e+04 4.888300000000000000e+04 2.115727968397550285e+01 7.530000000000000000e+02
-3.500000000000000000e+01 -5.000000000000000000e+01 -9.100000000000000000e+01 5.372000000000000000e+04 4.839900000000000000e+04 5.456300000000000000e+04 4.833100000000000000e+04 2.115889799501746893e+01 7.530000000000000000e+02
-1.500000000000000000e+01 -4.600000000000000000e+01 -1.130000000000000000e+02 5.367300000000000000e+04 4.754700000000000000e+04 5.441500000000000000e+04 4.928300000000000000e+04 2.116427161800675094e+01 7.530000000000000000e+02
-2.800000000000000000e+01 -4.100000000000000000e+01 -9.500000000000000000e+01 5.309400000000000000e+04 4.743200000000000000e+04 5.493500000000000000e+04 4.958200000000000000e+04 2.117582359502557665e+01 7.530000000000000000e+02
8.000000000000000000e+00 -3.900000000000000000e+01 -1.220000000000000000e+02 5.325200000000000000e+04 4.731900000000000000e+04 5.455100000000000000e+04 4.928100000000000000e+04 2.118357700796332210e+01 7.550000000000000000e+02
1.200000000000000000e+01 -3.600000000000000000e+01 -1.230000000000000000e+02 5.319100000000000000e+04 4.728600000000000000e+04 5.426000000000000000e+04 4.926300000000000000e+04 2.119400045694783330e+01 7.550000000000000000e+02
3.000000000000000000e+00 -5.200000000000000000e+01 -1.090000000000000000e+02 5.399900000000000000e+04 4.637800000000000000e+04 5.332300000000000000e+04 5.012400000000000000e+04 2.120398226601537317e+01 7.550000000000000000e+02
1.700000000000000000e+01 -4.500000000000000000e+01 -1.170000000000000000e+02 5.348500000000000000e+04 4.647000000000000000e+04 5.350500000000000000e+04 4.998000000000000000e+04 2.121449692395981401e+01 7.550000000000000000e+02
4.800000000000000000e+01 -3.400000000000000000e+01 -1.330000000000000000e+02 5.248600000000000000e+04 4.794400000000000000e+04 5.431200000000000000e+04 4.873300000000000000e+04 2.122379260498564690e+01 7.550000000000000000e+02
3.000000000000000000e+01 -6.000000000000000000e+01 -1.200000000000000000e+02 5.283100000000000000e+04 4.741200000000000000e+04 5.411400000000000000e+04 4.936200000000000000e+04 2.123483140405733138e+01 7.550000000000000000e+02
3.800000000000000000e+01 -6.100000000000000000e+01 -1.220000000000000000e+02 5.335700000000000000e+04 4.738000000000000000e+04 5.370300000000000000e+04 4.965900000000000000e+04 2.124492235097568482e+01 7.540000000000000000e+02
5.400000000000000000e+01 -6.900000000000000000e+01 -1.280000000000000000e+02 5.298400000000000000e+04 4.821400000000000000e+04 5.409300000000000000e+04 4.911100000000000000e+04 2.125507045199628919e+01 7.540000000000000000e+02
4.500000000000000000e+01 -8.100000000000000000e+01 -1.360000000000000000e+02 5.244900000000000000e+04 4.812500000000000000e+04 5.449000000000000000e+04 4.926400000000000000e+04 2.126411701401229948e+01 7.540000000000000000e+02
2.100000000000000000e+01 -1.020000000000000000e+02 -1.320000000000000000e+02 5.301500000000000000e+04 4.843400000000000000e+04 5.393900000000000000e+04 4.893200000000000000e+04 2.127526443696115166e+01 7.540000000000000000e+02
5.000000000000000000e+01 -1.160000000000000000e+02 -1.320000000000000000e+02 5.094100000000000000e+04 5.026000000000000000e+04 5.555200000000000000e+04 4.736700000000000000e+04 2.128365894302260131e+01 7.550000000000000000e+02
6.600000000000000000e+01 -1.150000000000000000e+02 -1.230000000000000000e+02 5.517700000000000000e+04 4.904300000000000000e+04 5.160800000000000000e+04 4.808300000000000000e+04 2.129406791797373444e+01 7.550000000000000000e+02
3.500000000000000000e+01 -1.140000000000000000e+02 -1.390000000000000000e+02 5.177800000000000000e+04 4.980700000000000000e+04 5.470400000000000000e+04 4.781000000000000000e+04 2.130378806299995631e+01 7.550000000000000000e+02
5.000000000000000000e+00 -6.700000000000000000e+01 -1.300000000000000000e+02 5.160500000000000000e+04 5.031900000000000000e+04 5.480900000000000000e+04 4.726600000000000000e+04 2.131339712697081268e+01 7.550000000000000000e+02
1.000000000000000000e+00 -2.000000000000000000e+01 -1.350000000000000000e+02 5.045300000000000000e+04 4.698000000000000000e+04 5.540100000000000000e+04 5.088500000000000000e+04 2.132393392501398921e+01 7.550000000000000000e+02
-5.800000000000000000e+01 -6.000000000000000000e+00 -1.400000000000000000e+02 5.536800000000000000e+04 4.821300000000000000e+04 5.089200000000000000e+04 4.927600000000000000e+04 2.133437797205988318e+01 7.550000000000000000e+02
-6.900000000000000000e+01 2.900000000000000000e+01 -1.470000000000000000e+02 5.039900000000000000e+04 4.541500000000000000e+04 5.508700000000000000e+04 5.232400000000000000e+04 2.134397981304209679e+01 7.580000000000000000e+02
-4.500000000000000000e+01 5.500000000000000000e+01 -1.520000000000000000e+02 5.076900000000000000e+04 4.979000000000000000e+04 5.507400000000000000e+04 4.836200000000000000e+04 2.135450522496830672e+01 7.580000000000000000e+02
-2.800000000000000000e+01 4.400000000000000000e+01 -1.420000000000000000e+02 5.370100000000000000e+04 4.985600000000000000e+04 5.284400000000000000e+04 4.812100000000000000e+04 2.136390138999558985e+01 7.580000000000000000e+02
-2.000000000000000000e+00 5.400000000000000000e+01 -1.470000000000000000e+02 5.451000000000000000e+04 4.705400000000000000e+04 5.143800000000000000e+04 5.094000000000000000e+04 2.137377744796685874e+01 7.580000000000000000e+02
3.600000000000000000e+01 5.200000000000000000e+01 -1.260000000000000000e+02 5.227400000000000000e+04 4.774400000000000000e+04 5.373300000000000000e+04 5.052800000000000000e+04 2.138411348103545606e+01 7.580000000000000000e+02
4.600000000000000000e+01 5.000000000000000000e+00 -1.300000000000000000e+02 5.319600000000000000e+04 4.930400000000000000e+04 5.289500000000000000e+04 4.894300000000000000e+04 2.139446028799284250e+01 7.580000000000000000e+02
5.100000000000000000e+01 -6.000000000000000000e+00 -1.340000000000000000e+02 5.213500000000000000e+04 4.979400000000000000e+04 5.364200000000000000e+04 4.836500000000000000e+04 2.140375100495293736e+01 7.580000000000000000e+02
6.300000000000000000e+01 -2.000000000000000000e+01 -1.140000000000000000e+02 5.302700000000000000e+04 4.848300000000000000e+04 5.274900000000000000e+04 4.970900000000000000e+04 2.141484730201773345e+01 7.580000000000000000e+02
3.400000000000000000e+01 -8.000000000000000000e+01 -1.120000000000000000e+02 5.221200000000000000e+04 4.892900000000000000e+04 5.348400000000000000e+04 4.930500000000000000e+04 2.142405226896516979e+01 7.580000000000000000e+02
2.200000000000000000e+01 -7.200000000000000000e+01 -1.210000000000000000e+02 5.237200000000000000e+04 4.940900000000000000e+04 5.332800000000000000e+04 4.877900000000000000e+04 2.143433477298822254e+01 7.580000000000000000e+02
2.500000000000000000e+01 -7.200000000000000000e+01 -1.050000000000000000e+02 5.126700000000000000e+04 4.797400000000000000e+04 5.411100000000000000e+04 5.039800000000000000e+04 2.144397682102862746e+01 7.600000000000000000e+02
2.200000000000000000e+01 -6.300000000000000000e+01 -1.080000000000000000e+02 5.233700000000000000e+04 4.965400000000000000e+04 5.329000000000000000e+04 4.858600000000000000e+04 2.145356336003169417e+01 7.600000000000000000e+02
-1.900000000000000000e+01 -2.500000000000000000e+01 -1.040000000000000000e+02 5.169600000000000000e+04 4.849300000000000000e+04 5.389000000000000000e+04 4.999300000000000000e+04 2.146394650102593005e+01 7.600000000000000000e+02
4.000000000000000000e+00 -1.600000000000000000e+01 -1.050000000000000000e+02 5.177200000000000000e+04 4.842100000000000000e+04 5.378000000000000000e+04 5.012500000000000000e+04 2.147365737298969179e+01 7.600000000000000000e+02
-1.000000000000000000e+00 6.000000000000000000e+00 -1.020000000000000000e+02 5.246200000000000000e+04 4.899400000000000000e+04 5.284200000000000000e+04 4.912300000000000000e+04 2.148535021697171032e+01 7.650000000000000000e+02
4.100000000000000000e+01 4.500000000000000000e+01 -9.700000000000000000e+01 5.253300000000000000e+04 4.843000000000000000e+04 5.257200000000000000e+04 4.951200000000000000e+04 2.149356408696621656e+01 7.650000000000000000e+02
4.700000000000000000e+01 2.000000000000000000e+01 -9.000000000000000000e+01 5.238100000000000000e+04 4.868300000000000000e+04 5.261200000000000000e+04 4.927900000000000000e+04 2.150414122804068029e+01 7.650000000000000000e+02
8.200000000000000000e+01 5.700000000000000000e+01 -9.200000000000000000e+01 5.176300000000000000e+04 4.803600000000000000e+04 5.307600000000000000e+04 4.963300000000000000e+04 2.151396272401325405e+01 7.650000000000000000e+02
1.140000000000000000e+02 5.900000000000000000e+01 -9.200000000000000000e+01 5.295600000000000000e+04 4.914400000000000000e+04 5.175500000000000000e+04 4.869600000000000000e+04 2.152434519201051444e+01 7.650000000000000000e+02
1.210000000000000000e+02 8.200000000000000000e+01 -8.200000000000000000e+01 5.263700000000000000e+04 4.845900000000000000e+04 5.208100000000000000e+04 4.933700000000000000e+04 2.153401081904303282e+01 7.650000000000000000e+02
7.500000000000000000e+01 1.300000000000000000e+01 -8.000000000000000000e+01 5.248000000000000000e+04 4.885000000000000000e+04 5.253800000000000000e+04 4.935000000000000000e+04 2.154825227300170809e+01 7.610000000000000000e+02
4.600000000000000000e+01 1.000000000000000000e+00 -7.500000000000000000e+01 5.091400000000000000e+04 5.157900000000000000e+04 5.409400000000000000e+04 4.644400000000000000e+04 2.155491022497881204e+01 7.610000000000000000e+02
2.200000000000000000e+01 -4.900000000000000000e+01 -6.900000000000000000e+01 5.209900000000000000e+04 4.789900000000000000e+04 5.307800000000000000e+04 5.033700000000000000e+04 2.156435597001109272e+01 7.610000000000000000e+02
-4.000000000000000000e+01 -5.800000000000000000e+01 -7.200000000000000000e+01 5.235200000000000000e+04 5.081500000000000000e+04 5.271700000000000000e+04 4.747300000000000000e+04 2.157460511196404696e+01 7.610000000000000000e+02
-5.900000000000000000e+01 1.500000000000000000e+01 -6.200000000000000000e+01 5.630500000000000000e+04 4.611200000000000000e+04 4.939200000000000000e+04 5.309400000000000000e+04 2.158339273603633046e+01 0.000000000000000000e+00
-1.460000000000000000e+02 -3.700000000000000000e+01 -5.400000000000000000e+01 5.271600000000000000e+04 4.844600000000000000e+04 5.356300000000000000e+04 5.099600000000000000e+04 2.159465959796216339e+01 0.000000000000000000e+00
-1.540000000000000000e+02 -1.300000000000000000e+01 -6.800000000000000000e+01 5.217700000000000000e+04 4.814600000000000000e+04 5.403100000000000000e+04 5.147800000000000000e+04 2.160344608500599861e+01 0.000000000000000000e+00
-9.100000000000000000e+01 1.600000000000000000e+01 -5.900000000000000000e+01 5.228100000000000000e+04 4.842000000000000000e+04 5.387200000000000000e+04 5.116900000000000000e+04 2.161471301305573434e+01 0.000000000000000000e+00
-3.800000000000000000e+01 2.800000000000000000e+01 -4.400000000000000000e+01 5.229200000000000000e+04 5.064800000000000000e+04 5.368700000000000000e+04 4.890700000000000000e+04 2.162761441001202911e+01 0.000000000000000000e+00
-1.200000000000000000e+01 1.020000000000000000e+02 -5.800000000000000000e+01 5.293300000000000000e+04 5.288300000000000000e+04 5.320200000000000000e+04 4.604300000000000000e+04 2.163465889100916684e+01 0.000000000000000000e+00
7.000000000000000000e+00 1.400000000000000000e+02 -5.100000000000000000e+01 5.417000000000000000e+04 5.149700000000000000e+04 5.248500000000000000e+04 4.865600000000000000e+04 2.164507912297267467e+01 0.000000000000000000e+00
-2.000000000000000000e+01 1.850000000000000000e+02 -3.600000000000000000e+01 5.262900000000000000e+04 4.775900000000000000e+04 5.382900000000000000e+04 5.225500000000000000e+04 2.165902650298085064e+01 0.000000000000000000e+00
-3.000000000000000000e+01 2.030000000000000000e+02 -5.100000000000000000e+01 5.310000000000000000e+04 4.853800000000000000e+04 5.343700000000000000e+04 5.159500000000000000e+04 2.166707411501556635e+01 0.000000000000000000e+00
-4.000000000000000000e+01 2.330000000000000000e+02 -4.600000000000000000e+01 5.370000000000000000e+04 5.741100000000000000e+04 5.270300000000000000e+04 3.855200000000000000e+04 2.167527552705723792e+01 0.000000000000000000e+00
2.800000000000000000e+01 2.370000000000000000e+02 -5.500000000000000000e+01 5.406700000000000000e+04 4.719300000000000000e+04 5.238800000000000000e+04 5.286000000000000000e+04 2.168518245301675051e+01 0.000000000000000000e+00
2.800000000000000000e+01 2.200000000000000000e+02 -6.400000000000000000e+01 5.441700000000000000e+04 5.195500000000000000e+04 5.173800000000000000e+04 4.807100000000000000e+04 2.169444683997426182e+01 0.000000000000000000e+00
-5.000000000000000000e+01 1.920000000000000000e+02 -7.700000000000000000e+01 5.402200000000000000e+04 5.070700000000000000e+04 5.167700000000000000e+04 4.918300000000000000e+04 2.170396277704276145e+01 0.000000000000000000e+00
-1.380000000000000000e+02 1.480000000000000000e+02 -7.700000000000000000e+01 5.149500000000000000e+04 5.190400000000000000e+04 5.387100000000000000e+04 4.771000000000000000e+04 2.171555247798096389e+01 0.000000000000000000e+00
-2.400000000000000000e+02 1.710000000000000000e+02 -6.200000000000000000e+01 5.139600000000000000e+04 4.081000000000000000e+04 5.358100000000000000e+04 5.598600000000000000e+04 2.172543306695297360e+01 0.000000000000000000e+00
-2.590000000000000000e+02 2.080000000000000000e+02 -5.900000000000000000e+01 5.067600000000000000e+04 4.598200000000000000e+04 5.401700000000000000e+04 5.269100000000000000e+04 2.173458059097174555e+01 0.000000000000000000e+00
-2.140000000000000000e+02 2.030000000000000000e+02 -3.200000000000000000e+01 5.266500000000000000e+04 4.793600000000000000e+04 5.235700000000000000e+04 5.083600000000000000e+04 2.174409513804130256e+01 3.000000000000000000e+00
-1.810000000000000000e+02 2.500000000000000000e+02 -3.800000000000000000e+01 5.290800000000000000e+04 4.626300000000000000e+04 5.187500000000000000e+04 5.202500000000000000e+04 2.175413102796301246e+01 3.000000000000000000e+00
-8.300000000000000000e+01 2.850000000000000000e+02 -3.900000000000000000e+01 5.288400000000000000e+04 4.548400000000000000e+04 5.173000000000000000e+04 5.233900000000000000e+04 2.176577942003495991e+01 3.000000000000000000e+00
3.900000000000000000e+01 1.400000000000000000e+02 -2.000000000000000000e+01 4.543200000000000000e+04 5.120800000000000000e+04 5.703500000000000000e+04 4.679300000000000000e+04 2.177491879498120397e+01 3.000000000000000000e+00
1.010000000000000000e+02 1.120000000000000000e+02 -2.100000000000000000e+01 5.115400000000000000e+04 4.640000000000000000e+04 5.234200000000000000e+04 5.064000000000000000e+04 2.178373931499663740e+01 1.300000000000000000e+01
1.630000000000000000e+02 1.060000000000000000e+02 -8.000000000000000000e+00 5.371600000000000000e+04 4.961900000000000000e+04 4.920900000000000000e+04 4.706300000000000000e+04 2.179385496303439140e+01 1.300000000000000000e+01
1.380000000000000000e+02 1.500000000000000000e+02 -2.900000000000000000e+01 5.211700000000000000e+04 4.772700000000000000e+04 5.111700000000000000e+04 4.929600000000000000e+04 2.180395549500826746e+01 1.300000000000000000e+01
9.300000000000000000e+01 2.410000000000000000e+02 -8.000000000000000000e+00 5.219300000000000000e+04 4.610200000000000000e+04 5.042900000000000000e+04 4.995300000000000000e+04 2.181392411596607417e+01 1.300000000000000000e+01
9.200000000000000000e+01 3.040000000000000000e+02 7.000000000000000000e+00 5.262000000000000000e+04 4.691200000000000000e+04 5.047900000000000000e+04 4.789000000000000000e+04 2.182403379597235471e+01 1.300000000000000000e+01
1.300000000000000000e+02 3.730000000000000000e+02 1.000000000000000000e+00 5.267200000000000000e+04 4.727300000000000000e+04 4.939700000000000000e+04 4.839900000000000000e+04 2.183336580998729914e+01 1.300000000000000000e+01
1.120000000000000000e+02 4.020000000000000000e+02 5.000000000000000000e+00 5.297100000000000000e+04 4.682600000000000000e+04 4.923700000000000000e+04 4.831700000000000000e+04 2.184326458303257823e+01 2.200000000000000000e+01
1.290000000000000000e+02 4.150000000000000000e+02 7.000000000000000000e+00 5.307300000000000000e+04 4.622100000000000000e+04 4.813000000000000000e+04 4.791200000000000000e+04 2.185475244896952063e+01 2.200000000000000000e+01
4.700000000000000000e+01 3.420000000000000000e+02 1.000000000000000000e+01 5.256600000000000000e+04 4.584400000000000000e+04 4.856600000000000000e+04 4.825900000000000000e+04 2.186363775294739753e+01 2.200000000000000000e+01
-5.300000000000000000e+01 2.210000000000000000e+02 2.000000000000000000e+00 5.155400000000000000e+04 4.573500000000000000e+04 4.928000000000000000e+04 4.809700000000000000e+04 2.187386113102547824e+01 2.200000000000000000e+01
-1.590000000000000000e+02 8.100000000000000000e+01 2.900000000000000000e+01 5.047100000000000000e+04 4.509400000000000000e+04 5.007900000000000000e+04 4.887700000000000000e+04 2.188361478305887431e+01 3.400000000000000000e+01
-1.840000000000000000e+02 -1.170000000000000000e+02 4.400000000000000000e+01 4.817200000000000000e+04 4.553600000000000000e+04 5.134300000000000000e+04 4.636500000000000000e+04 2.189389765099622309e+01 3.400000000000000000e+01
-1.930000000000000000e+02 -2.410000000000000000e+02 5.100000000000000000e+01 4.760300000000000000e+04 4.597700000000000000e+04 5.180600000000000000e+04 4.562200000000000000e+04 2.190326418599579483e+01 3.400000000000000000e+01
-2.000000000000000000e+02 -3.920000000000000000e+02 7.300000000000000000e+01 4.796400000000000000e+04 4.639500000000000000e+04 5.226000000000000000e+04 4.379500000000000000e+04 2.191315146500710398e+01 3.400000000000000000e+01
-2.010000000000000000e+02 -5.140000000000000000e+02 5.800000000000000000e+01 4.698000000000000000e+04 4.759900000000000000e+04 5.243900000000000000e+04 4.327300000000000000e+04 2.192307484999764711e+01 3.400000000000000000e+01
-2.640000000000000000e+02 -5.750000000000000000e+02 8.500000000000000000e+01 4.616000000000000000e+04 4.698600000000000000e+04 5.297200000000000000e+04 4.410500000000000000e+04 2.193332066806033254e+01 3.400000000000000000e+01
-2.810000000000000000e+02 -5.210000000000000000e+02 7.400000000000000000e+01 4.645700000000000000e+04 4.667900000000000000e+04 5.313100000000000000e+04 4.439700000000000000e+04 2.194342945597600192e+01 4.200000000000000000e+01
-2.740000000000000000e+02 -3.850000000000000000e+02 7.000000000000000000e+01 4.717000000000000000e+04 4.560400000000000000e+04 5.187500000000000000e+04 4.523700000000000000e+04 2.195304331101942807e+01 4.200000000000000000e+01
-2.060000000000000000e+02 -1.990000000000000000e+02 6.000000000000000000e+01 4.810200000000000000e+04 4.451200000000000000e+04 5.141100000000000000e+04 4.575400000000000000e+04 2.196342850103974342e+01 4.200000000000000000e+01
-1.620000000000000000e+02 -4.800000000000000000e+01 4.700000000000000000e+01 4.899500000000000000e+04 4.389600000000000000e+04 5.051800000000000000e+04 4.668200000000000000e+04 2.197335720097180456e+01 4.200000000000000000e+01
-7.900000000000000000e+01 1.050000000000000000e+02 3.900000000000000000e+01 4.906300000000000000e+04 4.394600000000000000e+04 4.984400000000000000e+04 4.762600000000000000e+04 2.198358137696050107e+01 5.200000000000000000e+01
3.900000000000000000e+01 1.680000000000000000e+02 4.100000000000000000e+01 5.011800000000000000e+04 4.322700000000000000e+04 4.815100000000000000e+04 4.685900000000000000e+04 2.199347981100436300e+01 5.200000000000000000e+01
1.540000000000000000e+02 2.600000000000000000e+02 3.000000000000000000e+01 5.112400000000000000e+04 4.309900000000000000e+04 4.812400000000000000e+04 4.604500000000000000e+04 2.200484642095398158e+01 5.200000000000000000e+01
2.490000000000000000e+02 2.340000000000000000e+02 3.000000000000000000e+01 5.121500000000000000e+04 4.443500000000000000e+04 4.726700000000000000e+04 4.563700000000000000e+04 2.201397574797738343e+01 5.200000000000000000e+01
2.790000000000000000e+02 1.800000000000000000e+02 4.200000000000000000e+01 5.095000000000000000e+04 4.491200000000000000e+04 4.804200000000000000e+04 4.501800000000000000e+04 2.202382775302976370e+01 5.200000000000000000e+01
2.680000000000000000e+02 5.200000000000000000e+01 2.000000000000000000e+01 4.994000000000000000e+04 4.571100000000000000e+04 4.903700000000000000e+04 4.498500000000000000e+04 2.203450553305447102e+01 5.200000000000000000e+01
2.230000000000000000e+02 -6.800000000000000000e+01 2.200000000000000000e+01 4.971700000000000000e+04 4.642300000000000000e+04 4.978700000000000000e+04 4.406800000000000000e+04 2.204343889595475048e+01 5.600000000000000000e+01
1.500000000000000000e+02 -1.910000000000000000e+02 2.400000000000000000e+01 4.916700000000000000e+04 4.640500000000000000e+04 5.021300000000000000e+04 4.414400000000000000e+04 2.205358829104807228e+01 5.600000000000000000e+01
9.100000000000000000e+01 -1.760000000000000000e+02 -1.000000000000000000e+00 4.909200000000000000e+04 4.659600000000000000e+04 5.041400000000000000e+04 4.472900000000000000e+04 2.206573795899748802e+01 5.600000000000000000e+01
-4.000000000000000000e+00 -2.290000000000000000e+02 0.000000000000000000e+00 4.844800000000000000e+04 4.623500000000000000e+04 5.141300000000000000e+04 4.519400000000000000e+04 2.207495275698602200e+01 5.600000000000000000e+01
-7.900000000000000000e+01 -2.630000000000000000e+02 -1.400000000000000000e+01 4.771300000000000000e+04 4.672200000000000000e+04 5.188900000000000000e+04 4.548000000000000000e+04 2.208863961801398546e+01 5.700000000000000000e+01
-1.690000000000000000e+02 -2.770000000000000000e+02 -5.000000000000000000e+00 4.728000000000000000e+04 4.573200000000000000e+04 5.238000000000000000e+04 4.664900000000000000e+04 2.209361389104742557e+01 5.700000000000000000e+01
-1.670000000000000000e+02 -2.090000000000000000e+02 -2.100000000000000000e+01 4.787400000000000000e+04 4.610300000000000000e+04 5.200200000000000000e+04 4.676300000000000000e+04 2.210359597997739911e+01 5.700000000000000000e+01
-1.650000000000000000e+02 -1.170000000000000000e+02 -2.900000000000000000e+01 4.876600000000000000e+04 4.526700000000000000e+04 5.181400000000000000e+04 4.752000000000000000e+04 2.211285273998510092e+01 5.700000000000000000e+01
-1.070000000000000000e+02 -6.400000000000000000e+01 -5.200000000000000000e+01 4.871300000000000000e+04 4.637400000000000000e+04 5.150800000000000000e+04 4.790400000000000000e+04 2.212485593801829964e+01 5.700000000000000000e+01
5.000000000000000000e+00 2.800000000000000000e+01 -5.500000000000000000e+01 5.051900000000000000e+04 4.624600000000000000e+04 5.084700000000000000e+04 4.787300000000000000e+04 2.213345400802791119e+01 5.700000000000000000e+01
9.900000000000000000e+01 1.700000000000000000e+02 -5.900000000000000000e+01 5.199800000000000000e+04 4.619500000000000000e+04 4.935100000000000000e+04 4.876700000000000000e+04 2.214474210701882839e+01 5.600000000000000000e+01
1.760000000000000000e+02 1.800000000000000000e+02 -5.500000000000000000e+01 5.223000000000000000e+04 4.720300000000000000e+04 4.985000000000000000e+04 4.848700000000000000e+04 2.215329227305483073e+01 5.600000000000000000e+01
2.490000000000000000e+02 1.790000000000000000e+02 -6.900000000000000000e+01 5.243400000000000000e+04 4.785300000000000000e+04 4.978000000000000000e+04 4.818700000000000000e+04 2.216379034495912492e+01 5.600000000000000000e+01
2.870000000000000000e+02 6.400000000000000000e+01 -5.800000000000000000e+01 5.227700000000000000e+04 4.888200000000000000e+04 5.028800000000000000e+04 4.755700000000000000e+04 2.217348046996630728e+01 5.600000000000000000e+01
3.080000000000000000e+02 1.900000000000000000e+01 -6.300000000000000000e+01 5.235400000000000000e+04 4.940500000000000000e+04 5.021400000000000000e+04 4.751000000000000000e+04 2.218392953102011234e+01 5.200000000000000000e+01
2.980000000000000000e+02 -5.600000000000000000e+01 -3.400000000000000000e+01 5.251300000000000000e+04 4.992700000000000000e+04 5.084000000000000000e+04 4.733500000000000000e+04 2.219339558598585427e+01 5.200000000000000000e+01
2.430000000000000000e+02 -1.370000000000000000e+02 -3.600000000000000000e+01 5.167100000000000000e+04 5.057600000000000000e+04 5.172900000000000000e+04 4.710500000000000000e+04 2.220341325202025473e+01 5.200000000000000000e+01
1.750000000000000000e+02 -2.220000000000000000e+02 -1.700000000000000000e+01 5.142400000000000000e+04 5.062900000000000000e+04 5.258200000000000000e+04 4.707700000000000000e+04 2.221329375996720046e+01 5.200000000000000000e+01
1.100000000000000000e+02 -2.000000000000000000e+02 -2.300000000000000000e+01 5.163600000000000000e+04 5.060100000000000000e+04 5.258200000000000000e+04 4.723500000000000000e+04 2.222377142705954611e+01 5.200000000000000000e+01
-2.000000000000000000e+01 -1.860000000000000000e+02 -2.000000000000000000e+01 5.099900000000000000e+04 4.962300000000000000e+04 5.347600000000000000e+04 4.861300000000000000e+04 2.223289946396835148e+01 5.200000000000000000e+01
-1.420000000000000000e+02 -5.400000000000000000e+01 -1.000000000000000000e+01 5.100800000000000000e+04 4.838700000000000000e+04 5.361800000000000000e+04 4.993100000000000000e+04 2.224311552499420941e+01 4.500000000000000000e+01
-3.070000000000000000e+02 2.100000000000000000e+01 -1.300000000000000000e+01 5.129000000000000000e+04 4.717600000000000000e+04 5.408000000000000000e+04 5.168800000000000000e+04 2.225389380904380232e+01 4.500000000000000000e+01
-3.990000000000000000e+02 3.600000000000000000e+01 1.000000000000000000e+00 5.074200000000000000e+04 4.696300000000000000e+04 5.476800000000000000e+04 5.206900000000000000e+04 2.226283995795529336e+01 4.500000000000000000e+01
-3.900000000000000000e+02 1.500000000000000000e+01 4.000000000000000000e+00 5.094500000000000000e+04 4.804000000000000000e+04 5.483700000000000000e+04 5.139900000000000000e+04 2.227353581995703280e+01 4.500000000000000000e+01
-2.400000000000000000e+02 2.300000000000000000e+01 1.400000000000000000e+01 5.137800000000000000e+04 4.914800000000000000e+04 5.424100000000000000e+04 5.093300000000000000e+04 2.228422390401829034e+01 3.700000000000000000e+01
-1.030000000000000000e+02 5.400000000000000000e+01 2.900000000000000000e+01 5.277000000000000000e+04 4.882400000000000000e+04 5.393500000000000000e+04 5.116400000000000000e+04 2.229494411300402135e+01 3.700000000000000000e+01
4.900000000000000000e+01 1.550000000000000000e+02 3.600000000000000000e+01 5.398700000000000000e+04 4.893300000000000000e+04 5.286600000000000000e+04 5.094800000000000000e+04 2.230469774501398206e+01 3.700000000000000000e+01
1.930000000000000000e+02 2.550000000000000000e+02 4.700000000000000000e+01 5.483800000000000000e+04 4.772700000000000000e+04 5.213700000000000000e+04 5.203600000000000000e+04 2.231457470601890236e+01 3.700000000000000000e+01
2.350000000000000000e+02 2.640000000000000000e+02 4.700000000000000000e+01 5.457900000000000000e+04 4.819700000000000000e+04 5.236100000000000000e+04 5.165300000000000000e+04 2.232425012695603073e+01 3.700000000000000000e+01
2.890000000000000000e+02 2.970000000000000000e+02 4.700000000000000000e+01 5.514900000000000000e+04 4.816700000000000000e+04 5.163200000000000000e+04 5.162600000000000000e+04 2.233276660798583180e+01 3.700000000000000000e+01
3.620000000000000000e+02 2.120000000000000000e+02 7.700000000000000000e+01 5.532700000000000000e+04 4.928300000000000000e+04 5.157700000000000000e+04 5.028800000000000000e+04 2.234468541201204062e+01 2.900000000000000000e+01
3.900000000000000000e+02 1.160000000000000000e+02 8.400000000000000000e+01 5.530500000000000000e+04 5.077800000000000000e+04 5.227200000000000000e+04 4.913700000000000000e+04 2.235307672200724483e+01 2.900000000000000000e+01
3.510000000000000000e+02 2.400000000000000000e+01 8.500000000000000000e+01 5.527600000000000000e+04 5.037800000000000000e+04 5.254100000000000000e+04 4.957100000000000000e+04 2.236506574600934982e+01 2.900000000000000000e+01
2.170000000000000000e+02 -1.400000000000000000e+01 1.040000000000000000e+02 5.489800000000000000e+04 4.971000000000000000e+04 5.319300000000000000e+04 5.018800000000000000e+04 2.237440912204328924e+01 2.900000000000000000e+01
6.700000000000000000e+01 -8.100000000000000000e+01 9.300000000000000000e+01 5.348500000000000000e+04 4.837800000000000000e+04 5.442200000000000000e+04 5.115500000000000000e+04 2.238501576299313456e+01 2.200000000000000000e+01
-4.200000000000000000e+01 -1.570000000000000000e+02 7.600000000000000000e+01 5.334700000000000000e+04 4.900100000000000000e+04 5.476500000000000000e+04 5.105500000000000000e+04 2.239327496802434325e+01 2.200000000000000000e+01
-1.200000000000000000e+02 -1.450000000000000000e+02 6.000000000000000000e+01 5.308700000000000000e+04 4.884900000000000000e+04 5.493700000000000000e+04 5.110100000000000000e+04 2.240380868199281394e+01 2.200000000000000000e+01
-2.130000000000000000e+02 -1.390000000000000000e+02 6.200000000000000000e+01 5.286300000000000000e+04 4.816300000000000000e+04 5.498200000000000000e+04 5.172000000000000000e+04 2.248596434795763344e+01 2.200000000000000000e+01
-2.690000000000000000e+02 -1.600000000000000000e+02 7.100000000000000000e+01 5.225300000000000000e+04 4.784000000000000000e+04 5.550000000000000000e+04 5.177300000000000000e+04 2.249273681105114520e+01 2.200000000000000000e+01
-2.770000000000000000e+02 -1.230000000000000000e+02 4.900000000000000000e+01 5.203900000000000000e+04 4.734100000000000000e+04 5.550600000000000000e+04 5.221900000000000000e+04 2.249499520997051150e+01 2.200000000000000000e+01
-2.910000000000000000e+02 -1.430000000000000000e+02 5.300000000000000000e+01 5.114200000000000000e+04 4.791400000000000000e+04 5.604300000000000000e+04 5.163800000000000000e+04 2.249653084401506931e+01 1.200000000000000000e+01
-3.190000000000000000e+02 -1.000000000000000000e+02 5.600000000000000000e+01 5.194000000000000000e+04 4.758400000000000000e+04 5.610400000000000000e+04 5.247900000000000000e+04 2.249938117596320808e+01 1.200000000000000000e+01
-2.660000000000000000e+02 3.300000000000000000e+01 4.100000000000000000e+01 5.266100000000000000e+04 4.710000000000000000e+04 5.535600000000000000e+04 5.287900000000000000e+04 2.250154826196376234e+01 1.200000000000000000e+01
-1.630000000000000000e+02 8.400000000000000000e+01 2.400000000000000000e+01 5.275300000000000000e+04 4.937200000000000000e+04 5.528500000000000000e+04 5.100600000000000000e+04 2.250313447602093220e+01 1.200000000000000000e+01
-4.800000000000000000e+01 1.150000000000000000e+02 3.800000000000000000e+01 5.345100000000000000e+04 4.951600000000000000e+04 5.452800000000000000e+04 5.070000000000000000e+04 2.250466501503251493e+01 9.000000000000000000e+00
1.580000000000000000e+02 1.010000000000000000e+02 2.000000000000000000e+01 5.429100000000000000e+04 5.084100000000000000e+04 5.366700000000000000e+04 4.950400000000000000e+04 2.250763745000585914e+01 9.000000000000000000e+00
3.680000000000000000e+02 1.210000000000000000e+02 1.700000000000000000e+01 5.490000000000000000e+04 5.174000000000000000e+04 5.274600000000000000e+04 4.825500000000000000e+04 2.251453970500733703e+01 9.000000000000000000e+00
4.580000000000000000e+02 2.160000000000000000e+02 1.800000000000000000e+01 5.539000000000000000e+04 5.123200000000000000e+04 5.188600000000000000e+04 4.852800000000000000e+04 2.251817202498205006e+01 9.000000000000000000e+00
4.130000000000000000e+02 2.490000000000000000e+02 2.600000000000000000e+01 5.606500000000000000e+04 5.027600000000000000e+04 5.123100000000000000e+04 4.873000000000000000e+04 2.252329311298672110e+01 9.000000000000000000e+00
4.030000000000000000e+02 2.060000000000000000e+02 4.100000000000000000e+01 5.492100000000000000e+04 5.082300000000000000e+04 5.194900000000000000e+04 4.860200000000000000e+04 2.253459564095828682e+01 9.000000000000000000e+00
3.230000000000000000e+02 8.400000000000000000e+01 5.600000000000000000e+01 5.331800000000000000e+04 5.022300000000000000e+04 5.290200000000000000e+04 4.953200000000000000e+04 2.254350235301535577e+01 7.000000000000000000e+00
9.500000000000000000e+01 -3.400000000000000000e+01 1.040000000000000000e+02 5.247700000000000000e+04 4.889100000000000000e+04 5.487000000000000000e+04 4.959500000000000000e+04 2.255406447802670300e+01 7.000000000000000000e+00
-1.600000000000000000e+01 -1.390000000000000000e+02 1.010000000000000000e+02 5.144300000000000000e+04 4.940800000000000000e+04 5.630300000000000000e+04 4.772300000000000000e+04 2.256491762702353299e+01 7.000000000000000000e+00
-1.360000000000000000e+02 -1.680000000000000000e+02 1.100000000000000000e+02 5.042700000000000000e+04 4.939400000000000000e+04 5.653100000000000000e+04 4.821000000000000000e+04 2.257876155397389084e+01 7.000000000000000000e+00
-1.550000000000000000e+02 -2.020000000000000000e+02 9.300000000000000000e+01 4.938000000000000000e+04 4.931000000000000000e+04 5.636200000000000000e+04 4.937300000000000000e+04 2.258486986404750496e+01 1.000000000000000000e+01
4.800000000000000000e+01 -2.060000000000000000e+02 4.400000000000000000e+01 5.036400000000000000e+04 5.080300000000000000e+04 5.574900000000000000e+04 4.672000000000000000e+04 2.259351262799464166e+01 1.000000000000000000e+01
3.270000000000000000e+02 -1.750000000000000000e+02 3.500000000000000000e+01 5.281300000000000000e+04 5.297200000000000000e+04 5.432300000000000000e+04 4.231100000000000000e+04 2.260342296399176121e+01 1.000000000000000000e+01
4.780000000000000000e+02 3.900000000000000000e+01 3.000000000000000000e+00 5.336600000000000000e+04 5.294700000000000000e+04 5.240800000000000000e+04 4.366500000000000000e+04 2.261304965894669294e+01 1.000000000000000000e+01
4.340000000000000000e+02 3.100000000000000000e+02 -3.600000000000000000e+01 5.402800000000000000e+04 5.074600000000000000e+04 5.142200000000000000e+04 4.688000000000000000e+04 2.262475036201067269e+01 1.000000000000000000e+01
4.560000000000000000e+02 5.580000000000000000e+02 -3.300000000000000000e+01 5.521300000000000000e+04 4.986200000000000000e+04 4.930700000000000000e+04 4.781500000000000000e+04 2.263356309395749122e+01 1.000000000000000000e+01
2.340000000000000000e+02 5.680000000000000000e+02 1.600000000000000000e+01 5.427500000000000000e+04 4.858200000000000000e+04 5.050100000000000000e+04 4.917500000000000000e+04 2.264704597403760999e+01 2.100000000000000000e+01
-1.050000000000000000e+02 3.120000000000000000e+02 1.200000000000000000e+01 4.934600000000000000e+04 4.735100000000000000e+04 5.474800000000000000e+04 4.839000000000000000e+04 2.265374783705919981e+01 2.100000000000000000e+01
-4.260000000000000000e+02 -6.900000000000000000e+01 5.300000000000000000e+01 4.630500000000000000e+04 4.838200000000000000e+04 5.668700000000000000e+04 4.741600000000000000e+04 2.266272525698877871e+01 2.100000000000000000e+01
-6.230000000000000000e+02 -3.970000000000000000e+02 7.800000000000000000e+01 4.423400000000000000e+04 4.828100000000000000e+04 5.767700000000000000e+04 4.683400000000000000e+04 2.267472921800799668e+01 1.134000000000000000e+03
-6.610000000000000000e+02 -4.290000000000000000e+02 7.500000000000000000e+01 4.406400000000000000e+04 4.787600000000000000e+04 5.746500000000000000e+04 4.647300000000000000e+04 2.268666100804693997e+01 1.134000000000000000e+03
-5.970000000000000000e+02 -3.540000000000000000e+02 8.900000000000000000e+01 4.542800000000000000e+04 4.733200000000000000e+04 5.692000000000000000e+04 4.658500000000000000e+04 2.269288505997974426e+01 1.134000000000000000e+03
-4.240000000000000000e+02 -1.490000000000000000e+02 6.800000000000000000e+01 4.787400000000000000e+04 4.746500000000000000e+04 5.556100000000000000e+04 4.666700000000000000e+04 2.270250211004167795e+01 1.134000000000000000e+03
-1.540000000000000000e+02 1.810000000000000000e+02 5.500000000000000000e+01 5.148500000000000000e+04 4.704900000000000000e+04 5.253600000000000000e+04 4.727700000000000000e+04 2.271430147497449070e+01 1.134000000000000000e+03
9.800000000000000000e+01 4.330000000000000000e+02 4.500000000000000000e+01 5.365100000000000000e+04 4.707000000000000000e+04 5.061100000000000000e+04 4.692500000000000000e+04 2.272522986703552306e+01 1.134000000000000000e+03
2.750000000000000000e+02 5.360000000000000000e+02 3.500000000000000000e+01 5.485000000000000000e+04 4.798300000000000000e+04 4.917300000000000000e+04 4.642100000000000000e+04 2.273707124695647508e+01 1.134000000000000000e+03
2.970000000000000000e+02 5.490000000000000000e+02 3.400000000000000000e+01 5.447400000000000000e+04 4.836000000000000000e+04 4.958900000000000000e+04 4.673500000000000000e+04 2.274459847505204380e+01 7.350000000000000000e+02
1.910000000000000000e+02 5.070000000000000000e+02 0.000000000000000000e+00 5.530300000000000000e+04 4.943700000000000000e+04 5.219600000000000000e+04 4.980800000000000000e+04 2.275429018097929657e+01 7.350000000000000000e+02
1.100000000000000000e+01 3.640000000000000000e+02 1.000000000000000000e+01 5.390100000000000000e+04 4.902200000000000000e+04 5.386100000000000000e+04 5.034600000000000000e+04 2.276407503103837371e+01 7.350000000000000000e+02
-1.670000000000000000e+02 1.840000000000000000e+02 2.000000000000000000e+00 5.305100000000000000e+04 4.994000000000000000e+04 5.561500000000000000e+04 5.051300000000000000e+04 2.277781507303006947e+01 7.350000000000000000e+02
-3.390000000000000000e+02 -1.800000000000000000e+01 4.000000000000000000e+00 5.169900000000000000e+04 4.980900000000000000e+04 5.683100000000000000e+04 5.073000000000000000e+04 2.278661544295027852e+01 7.550000000000000000e+02
-4.540000000000000000e+02 -2.300000000000000000e+02 -3.000000000000000000e+00 5.061200000000000000e+04 5.012500000000000000e+04 5.744300000000000000e+04 5.089700000000000000e+04 2.279839419503696263e+01 7.550000000000000000e+02
-4.670000000000000000e+02 -3.400000000000000000e+02 -7.000000000000000000e+00 5.037500000000000000e+04 5.044000000000000000e+04 5.765500000000000000e+04 5.071600000000000000e+04 2.280478013004176319e+01 7.550000000000000000e+02
-4.390000000000000000e+02 -4.340000000000000000e+02 3.000000000000000000e+00 5.059800000000000000e+04 5.068100000000000000e+04 5.757700000000000000e+04 5.047900000000000000e+04 2.281376655097119510e+01 7.550000000000000000e+02
-4.580000000000000000e+02 -4.750000000000000000e+02 -8.000000000000000000e+00 5.041100000000000000e+04 5.025300000000000000e+04 5.766200000000000000e+04 5.091000000000000000e+04 2.282682910503353924e+01 7.550000000000000000e+02
-4.790000000000000000e+02 -4.510000000000000000e+02 -2.500000000000000000e+01 4.986100000000000000e+04 4.979700000000000000e+04 5.792600000000000000e+04 5.127600000000000000e+04 2.283783966896589845e+01 7.550000000000000000e+02
-4.190000000000000000e+02 -3.540000000000000000e+02 -6.200000000000000000e+01 5.057500000000000000e+04 4.972500000000000000e+04 5.742800000000000000e+04 5.142300000000000000e+04 2.284732633398380131e+01 7.650000000000000000e+02
-3.960000000000000000e+02 -2.590000000000000000e+02 -7.200000000000000000e+01 5.038900000000000000e+04 4.783500000000000000e+04 5.619100000000000000e+04 5.196100000000000000e+04 2.285416403599083424e+01 7.650000000000000000e+02
-3.850000000000000000e+02 -2.490000000000000000e+02 -1.020000000000000000e+02 4.936200000000000000e+04 4.823000000000000000e+04 5.653900000000000000e+04 5.153600000000000000e+04 2.288604987994767725e+01 7.650000000000000000e+02
-2.690000000000000000e+02 -3.180000000000000000e+02 -1.390000000000000000e+02 4.960800000000000000e+04 4.923500000000000000e+04 5.570700000000000000e+04 5.066400000000000000e+04 2.289382986095733941e+01 7.650000000000000000e+02
3.000000000000000000e+00 -3.160000000000000000e+02 -1.960000000000000000e+02 5.074300000000000000e+04 5.091300000000000000e+04 5.429500000000000000e+04 4.961800000000000000e+04 2.290254976600408554e+01 7.780000000000000000e+02
3.180000000000000000e+02 -2.700000000000000000e+02 -2.020000000000000000e+02 5.145900000000000000e+04 5.075100000000000000e+04 5.127200000000000000e+04 4.695500000000000000e+04 2.290462088701315224e+01 7.780000000000000000e+02
5.660000000000000000e+02 -2.300000000000000000e+02 -1.970000000000000000e+02 5.268700000000000000e+04 5.155600000000000000e+04 4.966000000000000000e+04 4.548400000000000000e+04 2.291151024296414107e+01 7.780000000000000000e+02
6.800000000000000000e+02 -2.840000000000000000e+02 -1.670000000000000000e+02 5.249700000000000000e+04 5.196400000000000000e+04 4.900400000000000000e+04 4.386800000000000000e+04 2.292830769298598170e+01 7.780000000000000000e+02
7.110000000000000000e+02 -3.020000000000000000e+02 -1.630000000000000000e+02 5.234100000000000000e+04 5.217500000000000000e+04 4.888100000000000000e+04 4.343200000000000000e+04 2.293780602200422436e+01 7.780000000000000000e+02
5.980000000000000000e+02 -2.880000000000000000e+02 -1.590000000000000000e+02 5.164300000000000000e+04 5.094500000000000000e+04 4.936800000000000000e+04 4.474000000000000000e+04 2.295083291898481548e+01 7.780000000000000000e+02
3.540000000000000000e+02 -3.060000000000000000e+02 -1.280000000000000000e+02 5.060100000000000000e+04 4.951200000000000000e+04 5.029100000000000000e+04 4.634100000000000000e+04 2.295973605301696807e+01 7.840000000000000000e+02
7.000000000000000000e+01 -2.550000000000000000e+02 -1.080000000000000000e+02 4.861900000000000000e+04 4.691500000000000000e+04 5.063800000000000000e+04 4.678800000000000000e+04 2.296122494095470756e+01 7.840000000000000000e+02
-1.760000000000000000e+02 -3.030000000000000000e+02 -7.500000000000000000e+01 4.697400000000000000e+04 4.557800000000000000e+04 5.212600000000000000e+04 4.773200000000000000e+04 2.296270797005854547e+01 7.840000000000000000e+02
-4.260000000000000000e+02 -2.990000000000000000e+02 -4.700000000000000000e+01 4.497000000000000000e+04 4.393700000000000000e+04 5.319700000000000000e+04 4.857900000000000000e+04 2.297292719397228211e+01 7.840000000000000000e+02
-5.120000000000000000e+02 -2.950000000000000000e+02 -5.500000000000000000e+01 4.537400000000000000e+04 4.310400000000000000e+04 5.286400000000000000e+04 4.897400000000000000e+04 2.298385430604685098e+01 7.840000000000000000e+02
-4.770000000000000000e+02 -3.080000000000000000e+02 -3.100000000000000000e+01 4.521000000000000000e+04 4.327600000000000000e+04 5.246800000000000000e+04 4.834000000000000000e+04 2.299499761499464512e+01 7.840000000000000000e+02
-3.290000000000000000e+02 -3.000000000000000000e+02 -1.100000000000000000e+01 4.483100000000000000e+04 4.428100000000000000e+04 5.245400000000000000e+04 4.792000000000000000e+04 2.300384060898795724e+01 7.840000000000000000e+02
-1.860000000000000000e+02 -2.990000000000000000e+02 7.000000000000000000e+00 4.726600000000000000e+04 4.499200000000000000e+04 5.126900000000000000e+04 4.633300000000000000e+04 2.301364104996901006e+01 7.840000000000000000e+02
-3.000000000000000000e+00 -2.890000000000000000e+02 1.500000000000000000e+01 4.842400000000000000e+04 4.560300000000000000e+04 5.042400000000000000e+04 4.573000000000000000e+04 2.302297941700089723e+01 7.840000000000000000e+02
1.700000000000000000e+02 -2.800000000000000000e+02 2.900000000000000000e+01 4.963200000000000000e+04 4.632300000000000000e+04 4.968000000000000000e+04 4.511400000000000000e+04 2.303268518205732107e+01 7.840000000000000000e+02
3.310000000000000000e+02 -2.840000000000000000e+02 0.000000000000000000e+00 5.049600000000000000e+04 4.792100000000000000e+04 4.873200000000000000e+04 4.366900000000000000e+04 2.304385310097131878e+01 7.870000000000000000e+02
4.030000000000000000e+02 -3.390000000000000000e+02 -2.300000000000000000e+01 5.036900000000000000e+04 4.861800000000000000e+04 4.902800000000000000e+04 4.356500000000000000e+04 2.305376175395213068e+01 7.870000000000000000e+02
4.590000000000000000e+02 -4.170000000000000000e+02 -4.700000000000000000e+01 4.983600000000000000e+04 4.966200000000000000e+04 4.950000000000000000e+04 4.262500000000000000e+04 2.306300171802286059e+01 7.870000000000000000e+02
3.580000000000000000e+02 -4.820000000000000000e+02 -3.100000000000000000e+01 4.886800000000000000e+04 4.952700000000000000e+04 5.071400000000000000e+04 4.314600000000000000e+04 2.307482546998653561e+01 7.870000000000000000e+02
1.760000000000000000e+02 -5.360000000000000000e+02 -4.500000000000000000e+01 4.678800000000000000e+04 4.844200000000000000e+04 5.243700000000000000e+04 4.455900000000000000e+04 2.308390259603038430e+01 7.880000000000000000e+02
-3.500000000000000000e+01 -5.450000000000000000e+02 -5.600000000000000000e+01 4.622800000000000000e+04 4.770300000000000000e+04 5.301800000000000000e+04 4.607000000000000000e+04 2.309281914704479277e+01 7.880000000000000000e+02
-1.590000000000000000e+02 -4.870000000000000000e+02 -5.600000000000000000e+01 4.557500000000000000e+04 4.717100000000000000e+04 5.361400000000000000e+04 4.693700000000000000e+04 2.310297602601349354e+01 7.880000000000000000e+02
-2.320000000000000000e+02 -4.320000000000000000e+02 -6.100000000000000000e+01 4.652400000000000000e+04 4.685400000000000000e+04 5.321500000000000000e+04 4.779400000000000000e+04 2.311224035196937621e+01 7.880000000000000000e+02
-2.020000000000000000e+02 -4.010000000000000000e+02 -4.500000000000000000e+01 4.611700000000000000e+04 4.759900000000000000e+04 5.378500000000000000e+04 4.714000000000000000e+04 2.312245248502586037e+01 7.880000000000000000e+02
-1.400000000000000000e+02 -3.590000000000000000e+02 -1.000000000000000000e+01 4.670500000000000000e+04 4.832800000000000000e+04 5.328100000000000000e+04 4.743300000000000000e+04 2.313266147195827216e+01 7.880000000000000000e+02
-7.300000000000000000e+01 -2.960000000000000000e+02 1.400000000000000000e+01 4.873800000000000000e+04 4.769400000000000000e+04 5.291100000000000000e+04 4.734600000000000000e+04 2.314507346099708229e+01 7.820000000000000000e+02
-1.600000000000000000e+01 -2.330000000000000000e+02 2.900000000000000000e+01 4.923300000000000000e+04 4.836400000000000000e+04 5.375600000000000000e+04 4.770800000000000000e+04 2.315295891696587205e+01 7.820000000000000000e+02
1.400000000000000000e+01 -1.850000000000000000e+02 3.300000000000000000e+01 5.012400000000000000e+04 4.868400000000000000e+04 5.326300000000000000e+04 4.789700000000000000e+04 2.316407679102849215e+01 7.820000000000000000e+02
1.150000000000000000e+02 -1.760000000000000000e+02 2.100000000000000000e+01 5.063800000000000000e+04 4.950200000000000000e+04 5.371700000000000000e+04 4.699400000000000000e+04 2.317427699198015034e+01 7.820000000000000000e+02
1.730000000000000000e+02 -1.630000000000000000e+02 3.800000000000000000e+01 5.148600000000000000e+04 4.976100000000000000e+04 5.325200000000000000e+04 4.692400000000000000e+04 2.319314138498157263e+01 7.820000000000000000e+02
2.100000000000000000e+02 -1.360000000000000000e+02 3.100000000000000000e+01 5.178000000000000000e+04 5.048000000000000000e+04 5.347500000000000000e+04 4.679200000000000000e+04 2.319708005001302809e+01 7.820000000000000000e+02
2.770000000000000000e+02 -1.400000000000000000e+02 3.700000000000000000e+01 5.237100000000000000e+04 5.100200000000000000e+04 5.308800000000000000e+04 4.638300000000000000e+04 2.320427243597805500e+01 7.820000000000000000e+02
2.460000000000000000e+02 -1.700000000000000000e+02 2.300000000000000000e+01 5.222800000000000000e+04 5.112500000000000000e+04 5.364600000000000000e+04 4.650000000000000000e+04 2.321339712105691433e+01 7.820000000000000000e+02
2.260000000000000000e+02 -1.700000000000000000e+02 3.900000000000000000e+01 5.166000000000000000e+04 5.129200000000000000e+04 5.441900000000000000e+04 4.675300000000000000e+04 2.322407317301258445e+01 7.820000000000000000e+02
1.690000000000000000e+02 -1.990000000000000000e+02 3.900000000000000000e+01 5.173800000000000000e+04 5.098600000000000000e+04 5.461900000000000000e+04 4.717800000000000000e+04 2.323490165895782411e+01 7.820000000000000000e+02
9.000000000000000000e+01 -1.580000000000000000e+02 3.200000000000000000e+01 5.150800000000000000e+04 5.062700000000000000e+04 5.486900000000000000e+04 4.783400000000000000e+04 2.324483341001905501e+01 7.750000000000000000e+02
5.900000000000000000e+01 -1.250000000000000000e+02 3.200000000000000000e+01 5.172200000000000000e+04 5.086100000000000000e+04 5.502100000000000000e+04 4.903900000000000000e+04 2.329156246804632246e+01 7.750000000000000000e+02
5.000000000000000000e+00 -8.700000000000000000e+01 5.500000000000000000e+01 5.202400000000000000e+04 5.061600000000000000e+04 5.504300000000000000e+04 4.954500000000000000e+04 2.329792977799661458e+01 7.750000000000000000e+02
-9.000000000000000000e+00 -4.400000000000000000e+01 3.300000000000000000e+01 5.252200000000000000e+04 4.974800000000000000e+04 5.482600000000000000e+04 5.040100000000000000e+04 2.330316512298304588e+01 7.750000000000000000e+02
-9.000000000000000000e+00 4.000000000000000000e+00 2.800000000000000000e+01 5.220500000000000000e+04 5.000200000000000000e+04 5.502100000000000000e+04 5.040800000000000000e+04 2.330575764901004732e+01 7.660000000000000000e+02
2.300000000000000000e+01 9.000000000000000000e+00 3.300000000000000000e+01 5.294300000000000000e+04 5.042900000000000000e+04 5.532500000000000000e+04 5.053500000000000000e+04 2.331075678800698370e+01 7.660000000000000000e+02
3.800000000000000000e+01 -2.300000000000000000e+01 3.800000000000000000e+01 5.336200000000000000e+04 5.068300000000000000e+04 5.485000000000000000e+04 5.057500000000000000e+04 2.331238614604808390e+01 7.660000000000000000e+02
1.170000000000000000e+02 2.000000000000000000e+00 2.800000000000000000e+01 5.330300000000000000e+04 5.083400000000000000e+04 5.519400000000000000e+04 5.049400000000000000e+04 2.331475761299952865e+01 7.660000000000000000e+02
1.690000000000000000e+02 -7.000000000000000000e+01 2.700000000000000000e+01 5.327400000000000000e+04 5.185400000000000000e+04 5.496700000000000000e+04 4.978100000000000000e+04 2.332572036003693938e+01 7.660000000000000000e+02
2.090000000000000000e+02 -9.800000000000000000e+01 4.000000000000000000e+01 5.342200000000000000e+04 5.209900000000000000e+04 5.511500000000000000e+04 4.958000000000000000e+04 2.333329289394896477e+01 7.660000000000000000e+02
2.500000000000000000e+02 -1.190000000000000000e+02 2.900000000000000000e+01 5.313900000000000000e+04 5.221300000000000000e+04 5.538800000000000000e+04 4.918700000000000000e+04 2.334374807204585522e+01 7.650000000000000000e+02
1.940000000000000000e+02 -1.520000000000000000e+02 3.900000000000000000e+01 5.321600000000000000e+04 5.217600000000000000e+04 5.547200000000000000e+04 4.938500000000000000e+04 2.335257965803612024e+01 7.650000000000000000e+02
1.750000000000000000e+02 -1.550000000000000000e+02 3.600000000000000000e+01 5.324800000000000000e+04 5.245900000000000000e+04 5.534200000000000000e+04 4.920700000000000000e+04 2.336274220596533269e+01 7.650000000000000000e+02
1.430000000000000000e+02 -9.800000000000000000e+01 3.300000000000000000e+01 5.281500000000000000e+04 5.210400000000000000e+04 5.579500000000000000e+04 4.936500000000000000e+04 2.337496193405240774e+01 7.650000000000000000e+02
7.200000000000000000e+01 -7.700000000000000000e+01 3.000000000000000000e+01 5.272100000000000000e+04 5.134900000000000000e+04 5.563800000000000000e+04 4.997800000000000000e+04 2.338403190404642373e+01 7.570000000000000000e+02
2.000000000000000000e+01 -2.500000000000000000e+01 3.000000000000000000e+01 5.281800000000000000e+04 5.095400000000000000e+04 5.599100000000000000e+04 5.040900000000000000e+04 2.339439629495609552e+01 7.570000000000000000e+02
-3.100000000000000000e+01 4.000000000000000000e+00 1.800000000000000000e+01 5.254000000000000000e+04 5.051800000000000000e+04 5.585000000000000000e+04 5.087300000000000000e+04 2.340402754605747759e+01 7.570000000000000000e+02
-7.200000000000000000e+01 6.200000000000000000e+01 4.000000000000000000e+01 5.243600000000000000e+04 5.073100000000000000e+04 5.573500000000000000e+04 5.077900000000000000e+04 2.341467770899180323e+01 7.570000000000000000e+02
-4.600000000000000000e+01 5.600000000000000000e+01 2.900000000000000000e+01 5.319600000000000000e+04 5.063200000000000000e+04 5.529700000000000000e+04 5.053400000000000000e+04 2.342307060898747295e+01 7.570000000000000000e+02
-1.500000000000000000e+01 9.300000000000000000e+01 8.000000000000000000e+00 5.312800000000000000e+04 5.090400000000000000e+04 5.509600000000000000e+04 5.049500000000000000e+04 2.343291575601324439e+01 7.570000000000000000e+02
3.300000000000000000e+01 1.180000000000000000e+02 -2.300000000000000000e+01 5.313600000000000000e+04 5.089700000000000000e+04 5.489700000000000000e+04 5.015600000000000000e+04 2.344246172602288425e+01 7.560000000000000000e+02
9.500000000000000000e+01 1.680000000000000000e+02 -7.000000000000000000e+00 5.339800000000000000e+04 5.107700000000000000e+04 5.469900000000000000e+04 5.006500000000000000e+04 2.345270738995168358e+01 7.560000000000000000e+02
1.140000000000000000e+02 1.470000000000000000e+02 -3.300000000000000000e+01 5.375000000000000000e+04 5.122900000000000000e+04 5.401200000000000000e+04 5.016800000000000000e+04 2.346247536898590624e+01 7.560000000000000000e+02
1.520000000000000000e+02 1.430000000000000000e+02 -4.100000000000000000e+01 5.336600000000000000e+04 5.165700000000000000e+04 5.388100000000000000e+04 4.967300000000000000e+04 2.347311261401046067e+01 7.560000000000000000e+02
1.830000000000000000e+02 1.210000000000000000e+02 -5.300000000000000000e+01 5.333000000000000000e+04 5.190300000000000000e+04 5.382400000000000000e+04 4.926300000000000000e+04 2.348210056906100363e+01 7.490000000000000000e+02
2.500000000000000000e+02 9.100000000000000000e+01 -6.300000000000000000e+01 5.355300000000000000e+04 5.250400000000000000e+04 5.359400000000000000e+04 4.871600000000000000e+04 2.349282298597972840e+01 7.490000000000000000e+02
2.300000000000000000e+02 8.600000000000000000e+01 -8.400000000000000000e+01 5.339400000000000000e+04 5.292700000000000000e+04 5.317600000000000000e+04 4.870200000000000000e+04 2.350370965700130910e+01 7.490000000000000000e+02
2.960000000000000000e+02 1.200000000000000000e+02 -8.400000000000000000e+01 5.356400000000000000e+04 5.447300000000000000e+04 5.120500000000000000e+04 4.858100000000000000e+04 2.351462191296741366e+01 7.490000000000000000e+02
2.530000000000000000e+02 1.500000000000000000e+02 -4.100000000000000000e+01 5.469200000000000000e+04 5.198700000000000000e+04 5.255700000000000000e+04 4.845700000000000000e+04 2.352655219100415707e+01 7.490000000000000000e+02
1.760000000000000000e+02 1.400000000000000000e+02 -5.600000000000000000e+01 5.413900000000000000e+04 5.248600000000000000e+04 5.109200000000000000e+04 5.003400000000000000e+04 2.353292585501912981e+01 7.490000000000000000e+02
1.050000000000000000e+02 1.640000000000000000e+02 -3.100000000000000000e+01 5.394600000000000000e+04 5.115400000000000000e+04 5.213700000000000000e+04 5.007500000000000000e+04 2.354478379304055125e+01 7.500000000000000000e+02
-2.400000000000000000e+01 1.070000000000000000e+02 -1.100000000000000000e+01 5.325000000000000000e+04 5.083400000000000000e+04 5.315400000000000000e+04 5.021900000000000000e+04 2.355228243104647845e+01 7.500000000000000000e+02
-7.800000000000000000e+01 1.070000000000000000e+02 -6.000000000000000000e+00 5.271800000000000000e+04 5.042900000000000000e+04 5.362800000000000000e+04 5.018700000000000000e+04 2.356183934898581356e+01 7.500000000000000000e+02
-1.800000000000000000e+02 3.100000000000000000e+01 1.100000000000000000e+01 5.210700000000000000e+04 5.007700000000000000e+04 5.441200000000000000e+04 5.009000000000000000e+04 2.357283629104495049e+01 7.500000000000000000e+02
-2.210000000000000000e+02 1.000000000000000000e+01 1.700000000000000000e+01 5.152100000000000000e+04 5.001900000000000000e+04 5.450900000000000000e+04 5.008000000000000000e+04 2.358238491695374250e+01 7.480000000000000000e+02
-2.520000000000000000e+02 3.400000000000000000e+01 3.000000000000000000e+01 5.132800000000000000e+04 4.965700000000000000e+04 5.524200000000000000e+04 4.954000000000000000e+04 2.359410218906123191e+01 7.480000000000000000e+02
-3.030000000000000000e+02 -3.900000000000000000e+01 4.000000000000000000e+01 5.103400000000000000e+04 4.899800000000000000e+04 5.583500000000000000e+04 4.949100000000000000e+04 2.360422546998597682e+01 7.480000000000000000e+02
-3.500000000000000000e+02 0.000000000000000000e+00 4.900000000000000000e+01 5.076800000000000000e+04 4.859900000000000000e+04 5.578000000000000000e+04 5.007600000000000000e+04 2.361534494196530432e+01 7.480000000000000000e+02
-3.180000000000000000e+02 2.400000000000000000e+01 5.200000000000000000e+01 5.093500000000000000e+04 4.800600000000000000e+04 5.606100000000000000e+04 4.947000000000000000e+04 2.362349391297902912e+01 7.480000000000000000e+02
-2.780000000000000000e+02 7.500000000000000000e+01 7.700000000000000000e+01 5.136200000000000000e+04 4.806000000000000000e+04 5.553800000000000000e+04 4.956500000000000000e+04 2.368789863295387477e+01 7.480000000000000000e+02
-2.380000000000000000e+02 1.460000000000000000e+02 4.800000000000000000e+01 5.238000000000000000e+04 4.776700000000000000e+04 5.545700000000000000e+04 4.932500000000000000e+04 2.369701396499294788e+01 7.470000000000000000e+02
-1.440000000000000000e+02 2.700000000000000000e+02 5.200000000000000000e+01 5.269500000000000000e+04 4.810900000000000000e+04 5.451800000000000000e+04 4.976200000000000000e+04 2.370102708600461483e+01 7.470000000000000000e+02
-7.700000000000000000e+01 3.210000000000000000e+02 2.800000000000000000e+01 5.354600000000000000e+04 4.774100000000000000e+04 5.336200000000000000e+04 5.040300000000000000e+04 2.370531211898196489e+01 7.470000000000000000e+02
-1.300000000000000000e+01 4.230000000000000000e+02 2.900000000000000000e+01 5.402300000000000000e+04 4.761900000000000000e+04 5.261900000000000000e+04 5.066500000000000000e+04 2.371027104998938739e+01 7.470000000000000000e+02
7.000000000000000000e+01 4.440000000000000000e+02 1.900000000000000000e+01 5.460100000000000000e+04 4.820100000000000000e+04 5.154300000000000000e+04 5.041500000000000000e+04 2.371182056202087551e+01 7.470000000000000000e+02
6.300000000000000000e+01 4.390000000000000000e+02 1.600000000000000000e+01 5.468700000000000000e+04 4.803300000000000000e+04 5.130400000000000000e+04 5.044500000000000000e+04 2.371430285903625190e+01 7.470000000000000000e+02
9.600000000000000000e+01 4.130000000000000000e+02 1.400000000000000000e+01 5.425300000000000000e+04 4.891500000000000000e+04 5.165900000000000000e+04 4.970000000000000000e+04 2.371652378200087696e+01 7.470000000000000000e+02
5.700000000000000000e+01 2.790000000000000000e+02 4.000000000000000000e+00 5.391100000000000000e+04 4.919100000000000000e+04 5.179000000000000000e+04 4.922500000000000000e+04 2.371928192104678601e+01 7.470000000000000000e+02
2.500000000000000000e+01 2.110000000000000000e+02 -2.000000000000000000e+00 5.310700000000000000e+04 4.938200000000000000e+04 5.257400000000000000e+04 4.906900000000000000e+04 2.372390503005590290e+01 7.470000000000000000e+02
-3.100000000000000000e+01 1.200000000000000000e+02 -9.000000000000000000e+00 5.222300000000000000e+04 4.968100000000000000e+04 5.323000000000000000e+04 4.926700000000000000e+04 2.373313394305296242e+01 7.470000000000000000e+02
-8.300000000000000000e+01 8.900000000000000000e+01 -2.100000000000000000e+01 5.178600000000000000e+04 4.983000000000000000e+04 5.358400000000000000e+04 4.962100000000000000e+04 2.374513103906065226e+01 7.460000000000000000e+02
-1.280000000000000000e+02 3.900000000000000000e+01 -2.300000000000000000e+01 5.126500000000000000e+04 4.984200000000000000e+04 5.407100000000000000e+04 4.984900000000000000e+04 2.375211439095437527e+01 7.460000000000000000e+02
-2.190000000000000000e+02 2.700000000000000000e+01 -3.500000000000000000e+01 5.069700000000000000e+04 4.943700000000000000e+04 5.442400000000000000e+04 5.038100000000000000e+04 2.376219421299174428e+01 7.460000000000000000e+02
-2.010000000000000000e+02 6.300000000000000000e+01 -4.000000000000000000e+01 5.031800000000000000e+04 4.933700000000000000e+04 5.451900000000000000e+04 5.072000000000000000e+04 2.377253779501188546e+01 7.460000000000000000e+02
-2.360000000000000000e+02 1.400000000000000000e+01 -5.300000000000000000e+01 4.994500000000000000e+04 4.931300000000000000e+04 5.448900000000000000e+04 5.102800000000000000e+04 2.378428671695291996e+01 7.480000000000000000e+02
-2.230000000000000000e+02 5.600000000000000000e+01 -6.700000000000000000e+01 4.991500000000000000e+04 4.959100000000000000e+04 5.402200000000000000e+04 5.098800000000000000e+04 2.379244511795695871e+01 7.480000000000000000e+02
-1.150000000000000000e+02 8.500000000000000000e+01 -7.300000000000000000e+01 5.057000000000000000e+04 5.003400000000000000e+04 5.326200000000000000e+04 5.081000000000000000e+04 2.381274272897280753e+01 7.480000000000000000e+02
-6.100000000000000000e+01 1.060000000000000000e+02 -8.100000000000000000e+01 5.076100000000000000e+04 5.024700000000000000e+04 5.271700000000000000e+04 5.060600000000000000e+04 2.384250568202696741e+01 7.480000000000000000e+02
-4.000000000000000000e+00 1.340000000000000000e+02 -8.100000000000000000e+01 5.092400000000000000e+04 5.009000000000000000e+04 5.255200000000000000e+04 5.098400000000000000e+04 2.384898266696836799e+01 7.480000000000000000e+02
4.100000000000000000e+01 1.320000000000000000e+02 -7.200000000000000000e+01 5.120000000000000000e+04 5.041900000000000000e+04 5.220400000000000000e+04 5.064500000000000000e+04 2.386730630602687597e+01 7.480000000000000000e+02
1.050000000000000000e+02 1.670000000000000000e+02 -7.000000000000000000e+01 5.220700000000000000e+04 5.060600000000000000e+04 5.133800000000000000e+04 5.052800000000000000e+04 2.386951971799135208e+01 7.480000000000000000e+02
1.380000000000000000e+02 1.490000000000000000e+02 -8.700000000000000000e+01 5.199700000000000000e+04 5.118000000000000000e+04 5.151600000000000000e+04 4.998400000000000000e+04 2.387202282506041229e+01 7.480000000000000000e+02
1.580000000000000000e+02 1.500000000000000000e+02 -8.300000000000000000e+01 5.229800000000000000e+04 5.128300000000000000e+04 5.106400000000000000e+04 5.033300000000000000e+04 2.387980265798978508e+01 7.480000000000000000e+02
1.890000000000000000e+02 1.350000000000000000e+02 -8.700000000000000000e+01 5.239700000000000000e+04 5.163700000000000000e+04 5.091300000000000000e+04 4.997300000000000000e+04 2.388226723799016327e+01 7.480000000000000000e+02
2.090000000000000000e+02 1.200000000000000000e+02 -7.500000000000000000e+01 5.176700000000000000e+04 5.179400000000000000e+04 5.161500000000000000e+04 4.965600000000000000e+04 2.388461065699812025e+01 7.480000000000000000e+02
2.090000000000000000e+02 6.600000000000000000e+01 -6.500000000000000000e+01 5.226800000000000000e+04 5.211200000000000000e+04 5.111100000000000000e+04 4.916300000000000000e+04 2.400809729704633355e+01 7.480000000000000000e+02
1.830000000000000000e+02 1.100000000000000000e+02 -5.500000000000000000e+01 5.201800000000000000e+04 5.221300000000000000e+04 5.160300000000000000e+04 4.877200000000000000e+04 2.401647951896302402e+01 7.480000000000000000e+02
1.580000000000000000e+02 7.300000000000000000e+01 -4.100000000000000000e+01 5.223700000000000000e+04 5.137700000000000000e+04 5.165600000000000000e+04 4.928700000000000000e+04 2.402565834904089570e+01 7.480000000000000000e+02
5.100000000000000000e+01 9.600000000000000000e+01 -3.100000000000000000e+01 5.224900000000000000e+04 5.133000000000000000e+04 5.179100000000000000e+04 4.908200000000000000e+04 2.402732332900632173e+01 7.480000000000000000e+02
2.900000000000000000e+01 9.900000000000000000e+01 -2.400000000000000000e+01 5.173700000000000000e+04 5.022100000000000000e+04 5.250800000000000000e+04 4.993400000000000000e+04 2.402914690005127341e+01 7.480000000000000000e+02
-4.300000000000000000e+01 1.020000000000000000e+02 -1.800000000000000000e+01 5.132300000000000000e+04 5.019800000000000000e+04 5.287700000000000000e+04 4.956100000000000000e+04 2.403091881505679339e+01 7.530000000000000000e+02
-5.500000000000000000e+01 1.140000000000000000e+02 -2.300000000000000000e+01 5.159200000000000000e+04 4.969100000000000000e+04 5.259300000000000000e+04 5.006000000000000000e+04 2.403329510497860610e+01 7.530000000000000000e+02
-8.100000000000000000e+01 1.170000000000000000e+02 1.100000000000000000e+01 5.180100000000000000e+04 4.977400000000000000e+04 5.259900000000000000e+04 4.966100000000000000e+04 2.403497361205518246e+01 7.530000000000000000e+02
-7.800000000000000000e+01 1.280000000000000000e+02 2.000000000000000000e+01 5.195800000000000000e+04 4.939200000000000000e+04 5.234400000000000000e+04 4.966600000000000000e+04 2.403876592195592821e+01 7.530000000000000000e+02
-7.000000000000000000e+01 1.390000000000000000e+02 4.300000000000000000e+01 5.239200000000000000e+04 4.898300000000000000e+04 5.257200000000000000e+04 4.916800000000000000e+04 2.404071924800518900e+01 7.550000000000000000e+02
-2.900000000000000000e+01 1.350000000000000000e+02 4.100000000000000000e+01 5.203100000000000000e+04 4.897200000000000000e+04 5.240100000000000000e+04 4.882400000000000000e+04 2.404261180595494807e+01 7.550000000000000000e+02
-3.600000000000000000e+01 1.130000000000000000e+02 3.700000000000000000e+01 5.192100000000000000e+04 4.927600000000000000e+04 5.223500000000000000e+04 4.873200000000000000e+04 2.404410649905912578e+01 7.550000000000000000e+02
-2.400000000000000000e+01 7.600000000000000000e+01 5.500000000000000000e+01 5.182700000000000000e+04 4.907800000000000000e+04 5.255300000000000000e+04 4.828600000000000000e+04 2.404584830196108669e+01 7.550000000000000000e+02
2.000000000000000000e+00 9.300000000000000000e+01 4.200000000000000000e+01 5.194200000000000000e+04 4.934100000000000000e+04 5.220000000000000000e+04 4.821800000000000000e+04 2.404859434603713453e+01 7.550000000000000000e+02
0.000000000000000000e+00 3.400000000000000000e+01 6.200000000000000000e+01 5.168200000000000000e+04 4.959200000000000000e+04 5.225000000000000000e+04 4.812500000000000000e+04 2.405054637196008116e+01 7.550000000000000000e+02
2.200000000000000000e+01 3.900000000000000000e+01 6.200000000000000000e+01 5.195500000000000000e+04 4.936300000000000000e+04 5.225400000000000000e+04 4.753500000000000000e+04 2.405226243298966438e+01 7.580000000000000000e+02
2.300000000000000000e+01 3.000000000000000000e+01 7.300000000000000000e+01 5.201600000000000000e+04 4.949900000000000000e+04 5.230200000000000000e+04 4.757600000000000000e+04 2.405471686203964055e+01 7.580000000000000000e+02
2.500000000000000000e+01 2.100000000000000000e+01 8.100000000000000000e+01 5.196100000000000000e+04 4.938200000000000000e+04 5.226100000000000000e+04 4.741400000000000000e+04 2.406253964500501752e+01 7.580000000000000000e+02
7.000000000000000000e+00 9.000000000000000000e+00 7.700000000000000000e+01 5.189000000000000000e+04 4.909100000000000000e+04 5.233800000000000000e+04 4.766300000000000000e+04 2.407371798204258084e+01 7.580000000000000000e+02
-5.000000000000000000e+00 3.800000000000000000e+01 7.600000000000000000e+01 5.211200000000000000e+04 4.872200000000000000e+04 5.230200000000000000e+04 4.785100000000000000e+04 2.408286754705477506e+01 7.620000000000000000e+02
-4.500000000000000000e+01 8.000000000000000000e+00 9.200000000000000000e+01 5.171200000000000000e+04 4.909900000000000000e+04 5.215700000000000000e+04 4.706400000000000000e+04 2.409255970700178295e+01 7.620000000000000000e+02
-6.100000000000000000e+01 5.800000000000000000e+01 7.800000000000000000e+01 5.173100000000000000e+04 4.802200000000000000e+04 5.247000000000000000e+04 4.774000000000000000e+04 2.410188450803980231e+01 7.620000000000000000e+02
-8.900000000000000000e+01 4.700000000000000000e+01 9.000000000000000000e+01 5.182600000000000000e+04 4.750500000000000000e+04 5.268500000000000000e+04 4.794300000000000000e+04 2.411507270997390151e+01 7.620000000000000000e+02
-1.170000000000000000e+02 6.400000000000000000e+01 8.800000000000000000e+01 5.124900000000000000e+04 4.808500000000000000e+04 5.233500000000000000e+04 4.856000000000000000e+04 2.412303399096708745e+01 7.620000000000000000e+02
-8.600000000000000000e+01 7.100000000000000000e+01 1.030000000000000000e+02 5.201200000000000000e+04 4.794800000000000000e+04 5.223300000000000000e+04 4.796500000000000000e+04 2.420492286898661405e+01 7.620000000000000000e+02
-1.020000000000000000e+02 6.700000000000000000e+01 1.110000000000000000e+02 5.198100000000000000e+04 4.745100000000000000e+04 5.257300000000000000e+04 4.795300000000000000e+04 2.421850072895176709e+01 7.630000000000000000e+02
-7.600000000000000000e+01 8.300000000000000000e+01 1.100000000000000000e+02 5.185100000000000000e+04 4.753200000000000000e+04 5.279400000000000000e+04 4.811300000000000000e+04 2.422040871600620449e+01 7.630000000000000000e+02
-9.300000000000000000e+01 1.000000000000000000e+01 1.110000000000000000e+02 5.170600000000000000e+04 4.792700000000000000e+04 5.286000000000000000e+04 4.794600000000000000e+04 2.422232396900653839e+01 7.630000000000000000e+02
-8.500000000000000000e+01 1.000000000000000000e+00 1.060000000000000000e+02 5.195200000000000000e+04 4.804800000000000000e+04 5.295300000000000000e+04 4.747000000000000000e+04 2.422748241305816919e+01 7.630000000000000000e+02
-8.600000000000000000e+01 -2.200000000000000000e+01 1.130000000000000000e+02 5.161200000000000000e+04 4.785100000000000000e+04 5.295000000000000000e+04 4.732400000000000000e+04 2.423080512997694314e+01 7.680000000000000000e+02
-1.030000000000000000e+02 -3.700000000000000000e+01 1.010000000000000000e+02 5.131200000000000000e+04 4.748200000000000000e+04 5.311800000000000000e+04 4.754800000000000000e+04 2.423247610998805612e+01 7.680000000000000000e+02
-1.210000000000000000e+02 -6.400000000000000000e+01 9.200000000000000000e+01 5.101000000000000000e+04 4.770400000000000000e+04 5.339700000000000000e+04 4.743800000000000000e+04 2.423514675698243082e+01 7.680000000000000000e+02
-1.130000000000000000e+02 -6.500000000000000000e+01 9.600000000000000000e+01 5.121100000000000000e+04 4.770500000000000000e+04 5.329900000000000000e+04 4.709000000000000000e+04 2.423807242303155363e+01 7.680000000000000000e+02
-1.130000000000000000e+02 -6.000000000000000000e+01 8.800000000000000000e+01 5.103500000000000000e+04 4.740600000000000000e+04 5.335300000000000000e+04 4.766900000000000000e+04 2.425003984803333879e+01 7.680000000000000000e+02
-1.250000000000000000e+02 -6.400000000000000000e+01 8.400000000000000000e+01 5.105700000000000000e+04 4.762700000000000000e+04 5.367100000000000000e+04 4.747800000000000000e+04 2.425215042196214199e+01 7.680000000000000000e+02
-9.700000000000000000e+01 -4.600000000000000000e+01 9.400000000000000000e+01 5.103700000000000000e+04 4.779600000000000000e+04 5.361300000000000000e+04 4.746800000000000000e+04 2.425408626499120146e+01 7.680000000000000000e+02
-6.700000000000000000e+01 -3.400000000000000000e+01 7.300000000000000000e+01 5.129500000000000000e+04 4.772500000000000000e+04 5.366700000000000000e+04 4.766900000000000000e+04 2.425997651903890073e+01 7.680000000000000000e+02
-6.900000000000000000e+01 -3.200000000000000000e+01 8.500000000000000000e+01 5.153300000000000000e+04 4.783000000000000000e+04 5.354800000000000000e+04 4.762900000000000000e+04 2.426317763305269182e+01 7.680000000000000000e+02
-1.500000000000000000e+01 1.500000000000000000e+01 6.900000000000000000e+01 5.190700000000000000e+04 4.833000000000000000e+04 5.306800000000000000e+04 4.747700000000000000e+04 2.427394346497021616e+01 7.680000000000000000e+02
2.300000000000000000e+01 1.000000000000000000e+01 5.800000000000000000e+01 5.226100000000000000e+04 4.792600000000000000e+04 5.300400000000000000e+04 4.775200000000000000e+04 2.428202757798135281e+01 7.680000000000000000e+02
3.000000000000000000e+00 9.000000000000000000e+00 5.800000000000000000e+01 5.232000000000000000e+04 4.817500000000000000e+04 5.291400000000000000e+04 4.786400000000000000e+04 2.429283620102796704e+01 7.680000000000000000e+02
4.300000000000000000e+01 2.200000000000000000e+01 5.700000000000000000e+01 5.202600000000000000e+04 4.831000000000000000e+04 5.343200000000000000e+04 4.760100000000000000e+04 2.430195387394633144e+01 7.680000000000000000e+02
4.000000000000000000e+01 1.000000000000000000e+00 5.800000000000000000e+01 5.223500000000000000e+04 4.832800000000000000e+04 5.321000000000000000e+04 4.779500000000000000e+04 2.431423458596691489e+01 7.680000000000000000e+02
3.100000000000000000e+01 4.000000000000000000e+00 6.000000000000000000e+01 5.232800000000000000e+04 4.832000000000000000e+04 5.325600000000000000e+04 4.780300000000000000e+04 2.432321513595525175e+01 7.680000000000000000e+02
4.500000000000000000e+01 0.000000000000000000e+00 5.600000000000000000e+01 5.238300000000000000e+04 4.833300000000000000e+04 5.340500000000000000e+04 4.804400000000000000e+04 2.433383453299757093e+01 7.680000000000000000e+02
0.000000000000000000e+00 -4.200000000000000000e+01 5.600000000000000000e+01 5.184900000000000000e+04 4.792200000000000000e+04 5.439700000000000000e+04 4.778000000000000000e+04 2.434254728094674647e+01 7.690000000000000000e+02
-1.100000000000000000e+01 -4.800000000000000000e+01 4.700000000000000000e+01 5.149500000000000000e+04 4.832400000000000000e+04 5.437000000000000000e+04 4.833500000000000000e+04 2.435289551794994622e+01 7.690000000000000000e+02
2.000000000000000000e+01 -5.100000000000000000e+01 3.400000000000000000e+01 5.152800000000000000e+04 4.880200000000000000e+04 5.429200000000000000e+04 4.803000000000000000e+04 2.436402970796916634e+01 7.690000000000000000e+02
1.000000000000000000e+00 -8.600000000000000000e+01 5.400000000000000000e+01 5.163600000000000000e+04 4.881600000000000000e+04 5.445600000000000000e+04 4.776100000000000000e+04 2.437142099102493376e+01 7.690000000000000000e+02
3.600000000000000000e+01 -3.900000000000000000e+01 3.700000000000000000e+01 5.182000000000000000e+04 4.866200000000000000e+04 5.428500000000000000e+04 4.815500000000000000e+04 2.438200570002663881e+01 7.630000000000000000e+02
6.000000000000000000e+01 -3.200000000000000000e+01 3.900000000000000000e+01 5.226900000000000000e+04 4.928600000000000000e+04 5.439500000000000000e+04 4.815900000000000000e+04 2.439184655703138560e+01 7.630000000000000000e+02
5.600000000000000000e+01 2.400000000000000000e+01 4.000000000000000000e+01 5.253400000000000000e+04 4.914900000000000000e+04 5.427500000000000000e+04 4.830300000000000000e+04 2.440241446194704622e+01 7.630000000000000000e+02
7.900000000000000000e+01 2.900000000000000000e+01 2.400000000000000000e+01 5.290300000000000000e+04 4.915300000000000000e+04 5.397000000000000000e+04 4.833200000000000000e+04 2.441380166902672499e+01 7.630000000000000000e+02
7.300000000000000000e+01 6.500000000000000000e+01 3.200000000000000000e+01 5.303300000000000000e+04 4.900800000000000000e+04 5.397500000000000000e+04 4.880700000000000000e+04 2.442433270404580981e+01 7.630000000000000000e+02
7.100000000000000000e+01 1.100000000000000000e+02 2.700000000000000000e+01 5.289200000000000000e+04 4.879800000000000000e+04 5.426900000000000000e+04 4.895500000000000000e+04 2.443195452401414514e+01 7.630000000000000000e+02
5.500000000000000000e+01 9.000000000000000000e+01 2.200000000000000000e+01 5.318600000000000000e+04 4.919900000000000000e+04 5.400200000000000000e+04 4.861300000000000000e+04 2.444239775603637099e+01 7.650000000000000000e+02
1.500000000000000000e+01 7.700000000000000000e+01 3.100000000000000000e+01 5.329100000000000000e+04 4.946700000000000000e+04 5.406900000000000000e+04 4.860500000000000000e+04 2.445267752197105438e+01 7.650000000000000000e+02
-1.100000000000000000e+01 8.600000000000000000e+01 1.700000000000000000e+01 5.305200000000000000e+04 4.922100000000000000e+04 5.429200000000000000e+04 4.896100000000000000e+04 2.446344179799780250e+01 7.650000000000000000e+02
-6.000000000000000000e+01 5.000000000000000000e+01 9.000000000000000000e+00 5.296100000000000000e+04 4.882200000000000000e+04 5.442400000000000000e+04 4.933600000000000000e+04 2.447412764595355839e+01 7.650000000000000000e+02
-1.270000000000000000e+02 9.000000000000000000e+00 1.200000000000000000e+01 5.279900000000000000e+04 4.884200000000000000e+04 5.453500000000000000e+04 4.948000000000000000e+04 2.448398976901080459e+01 7.630000000000000000e+02
-1.380000000000000000e+02 -3.000000000000000000e+01 8.000000000000000000e+00 5.224500000000000000e+04 4.908200000000000000e+04 5.483900000000000000e+04 4.919300000000000000e+04 2.455310433602426201e+01 7.630000000000000000e+02
