4.900000000000000000e+01 -5.300000000000000000e+01 6.400000000000000000e+01 5.261100000000000000e+04 5.069400000000000000e+04 5.289600000000000000e+04 4.914600000000000000e+04 4.698785853595472872e+01 7.690000000000000000e+02
1.300000000000000000e+01 -5.600000000000000000e+01 6.700000000000000000e+01 5.276100000000000000e+04 5.022200000000000000e+04 5.279400000000000000e+04 4.921900000000000000e+04 4.699847318604588509e+01 7.690000000000000000e+02
-2.000000000000000000e+01 -6.300000000000000000e+01 7.500000000000000000e+01 5.250200000000000000e+04 4.990200000000000000e+04 5.314800000000000000e+04 4.939300000000000000e+04 4.700831580697558820e+01 7.690000000000000000e+02
-5.100000000000000000e+01 -5.500000000000000000e+01 7.700000000000000000e+01 5.256200000000000000e+04 4.963100000000000000e+04 5.327500000000000000e+04 4.948100000000000000e+04 4.701848328695632517e+01 7.690000000000000000e+02
-7.000000000000000000e+01 -6.700000000000000000e+01 7.900000000000000000e+01 5.212000000000000000e+04 4.920800000000000000e+04 5.371800000000000000e+04 4.984000000000000000e+04 4.702964658394921571e+01 7.710000000000000000e+02
-1.100000000000000000e+02 -4.500000000000000000e+01 8.700000000000000000e+01 5.238400000000000000e+04 4.874100000000000000e+04 5.337800000000000000e+04 4.974700000000000000e+04 4.703839968098327518e+01 7.710000000000000000e+02
-8.400000000000000000e+01 -4.800000000000000000e+01 8.200000000000000000e+01 5.198900000000000000e+04 4.911700000000000000e+04 5.387300000000000000e+04 4.954600000000000000e+04 4.704819173994474113e+01 7.710000000000000000e+02
-8.300000000000000000e+01 -5.700000000000000000e+01 7.000000000000000000e+01 5.220300000000000000e+04 4.884800000000000000e+04 5.354500000000000000e+04 4.989800000000000000e+04 4.706299654394388199e+01 7.710000000000000000e+02
-5.300000000000000000e+01 -1.900000000000000000e+01 7.600000000000000000e+01 5.222800000000000000e+04 4.877600000000000000e+04 5.339600000000000000e+04 4.979800000000000000e+04 4.706689755897969007e+01 7.710000000000000000e+02
2.900000000000000000e+01 -1.900000000000000000e+01 7.100000000000000000e+01 5.289000000000000000e+04 4.946400000000000000e+04 5.318800000000000000e+04 4.949500000000000000e+04 4.707844043103978038e+01 7.650000000000000000e+02
5.300000000000000000e+01 -5.000000000000000000e+00 6.000000000000000000e+01 5.290000000000000000e+04 4.987100000000000000e+04 5.293000000000000000e+04 4.943200000000000000e+04 4.708825442194938660e+01 7.650000000000000000e+02
9.000000000000000000e+01 -4.000000000000000000e+01 6.700000000000000000e+01 5.300400000000000000e+04 5.078000000000000000e+04 5.288500000000000000e+04 4.844500000000000000e+04 4.709674267296213657e+01 7.650000000000000000e+02
1.340000000000000000e+02 1.100000000000000000e+01 6.200000000000000000e+01 5.404400000000000000e+04 5.041100000000000000e+04 5.202600000000000000e+04 4.854100000000000000e+04 4.710995106596965343e+01 7.650000000000000000e+02
1.590000000000000000e+02 -3.000000000000000000e+00 5.600000000000000000e+01 5.330100000000000000e+04 5.069100000000000000e+04 5.166200000000000000e+04 4.961500000000000000e+04 4.711723742901813239e+01 7.650000000000000000e+02
1.040000000000000000e+02 2.200000000000000000e+01 6.600000000000000000e+01 5.303000000000000000e+04 5.047500000000000000e+04 5.223100000000000000e+04 4.992400000000000000e+04 4.712772271293215454e+01 7.680000000000000000e+02
1.140000000000000000e+02 -8.000000000000000000e+00 6.500000000000000000e+01 5.370400000000000000e+04 5.000300000000000000e+04 5.245700000000000000e+04 4.914300000000000000e+04 4.713823476596735418e+01 7.680000000000000000e+02
7.000000000000000000e+01 -1.000000000000000000e+01 6.500000000000000000e+01 5.274800000000000000e+04 5.075100000000000000e+04 5.260600000000000000e+04 4.940800000000000000e+04 4.714866722899023443e+01 7.680000000000000000e+02
4.200000000000000000e+01 -8.000000000000000000e+00 6.000000000000000000e+01 5.271800000000000000e+04 5.030400000000000000e+04 5.269600000000000000e+04 4.982200000000000000e+04 4.715804530598688871e+01 7.680000000000000000e+02
2.100000000000000000e+01 -4.300000000000000000e+01 7.300000000000000000e+01 5.247800000000000000e+04 5.033500000000000000e+04 5.295800000000000000e+04 4.979800000000000000e+04 4.716769342194311321e+01 7.680000000000000000e+02
5.000000000000000000e+01 -1.700000000000000000e+01 7.800000000000000000e+01 5.273400000000000000e+04 5.017600000000000000e+04 5.272700000000000000e+04 4.978100000000000000e+04 4.717788543994538486e+01 7.660000000000000000e+02
3.000000000000000000e+00 -9.400000000000000000e+01 7.900000000000000000e+01 5.247000000000000000e+04 5.042000000000000000e+04 5.314600000000000000e+04 4.938500000000000000e+04 4.718747546896338463e+01 7.660000000000000000e+02
2.200000000000000000e+01 -3.100000000000000000e+01 8.500000000000000000e+01 5.290300000000000000e+04 5.062100000000000000e+04 5.281000000000000000e+04 4.914900000000000000e+04 4.719789947499521077e+01 7.660000000000000000e+02
5.500000000000000000e+01 -8.300000000000000000e+01 8.100000000000000000e+01 5.265900000000000000e+04 5.050600000000000000e+04 5.308500000000000000e+04 4.930600000000000000e+04 4.720889804896432906e+01 7.660000000000000000e+02
7.600000000000000000e+01 -3.800000000000000000e+01 7.700000000000000000e+01 5.281900000000000000e+04 5.060800000000000000e+04 5.298700000000000000e+04 4.911800000000000000e+04 4.721964417700655758e+01 7.660000000000000000e+02
7.600000000000000000e+01 -7.800000000000000000e+01 6.600000000000000000e+01 5.304000000000000000e+04 5.136200000000000000e+04 5.279300000000000000e+04 4.828200000000000000e+04 4.722794488701038063e+01 7.630000000000000000e+02
8.600000000000000000e+01 -3.600000000000000000e+01 6.300000000000000000e+01 5.366700000000000000e+04 5.134600000000000000e+04 5.262300000000000000e+04 4.874400000000000000e+04 4.723748785501811653e+01 7.630000000000000000e+02
8.000000000000000000e+01 -6.300000000000000000e+01 7.700000000000000000e+01 5.348600000000000000e+04 5.103700000000000000e+04 5.284000000000000000e+04 4.907800000000000000e+04 4.724752552993595600e+01 7.630000000000000000e+02
1.200000000000000000e+01 -3.000000000000000000e+01 7.000000000000000000e+01 5.296700000000000000e+04 5.088700000000000000e+04 5.343200000000000000e+04 4.924200000000000000e+04 4.725944313802756369e+01 7.630000000000000000e+02
-5.400000000000000000e+01 -3.000000000000000000e+00 7.600000000000000000e+01 5.340700000000000000e+04 5.015100000000000000e+04 5.325600000000000000e+04 5.009400000000000000e+04 4.726710079098120332e+01 7.630000000000000000e+02
-1.030000000000000000e+02 8.800000000000000000e+01 8.100000000000000000e+01 5.303700000000000000e+04 4.981800000000000000e+04 5.354500000000000000e+04 5.010700000000000000e+04 4.727881840197369456e+01 7.660000000000000000e+02
-1.180000000000000000e+02 8.000000000000000000e+01 9.000000000000000000e+01 5.269700000000000000e+04 4.943000000000000000e+04 5.386100000000000000e+04 5.017600000000000000e+04 4.728713077295105904e+01 7.660000000000000000e+02
-1.680000000000000000e+02 1.100000000000000000e+02 8.900000000000000000e+01 5.324100000000000000e+04 4.885200000000000000e+04 5.315500000000000000e+04 5.060000000000000000e+04 4.729787318897433579e+01 7.660000000000000000e+02
-1.530000000000000000e+02 1.090000000000000000e+02 8.700000000000000000e+01 5.295000000000000000e+04 4.927700000000000000e+04 5.352400000000000000e+04 5.009400000000000000e+04 4.730674648401327431e+01 7.660000000000000000e+02
-1.410000000000000000e+02 6.900000000000000000e+01 9.800000000000000000e+01 5.318600000000000000e+04 4.864300000000000000e+04 5.331400000000000000e+04 5.058900000000000000e+04 4.731673658895306289e+01 7.660000000000000000e+02
-8.100000000000000000e+01 6.500000000000000000e+01 9.200000000000000000e+01 5.309300000000000000e+04 4.950100000000000000e+04 5.363400000000000000e+04 4.979200000000000000e+04 4.732737467903643847e+01 7.660000000000000000e+02
-5.500000000000000000e+01 -2.100000000000000000e+01 9.400000000000000000e+01 5.294500000000000000e+04 4.999800000000000000e+04 5.399400000000000000e+04 4.935300000000000000e+04 4.733748773694969714e+01 7.620000000000000000e+02
1.500000000000000000e+01 -3.000000000000000000e+01 1.060000000000000000e+02 5.313500000000000000e+04 5.014300000000000000e+04 5.403500000000000000e+04 4.920300000000000000e+04 4.734770470694638789e+01 7.620000000000000000e+02
4.100000000000000000e+01 -4.900000000000000000e+01 1.270000000000000000e+02 5.356900000000000000e+04 5.092300000000000000e+04 5.386900000000000000e+04 4.798600000000000000e+04 4.735720261000096798e+01 7.620000000000000000e+02
7.800000000000000000e+01 -4.400000000000000000e+01 1.290000000000000000e+02 5.361800000000000000e+04 5.082500000000000000e+04 5.397400000000000000e+04 4.786100000000000000e+04 4.736813314398750663e+01 7.620000000000000000e+02
1.150000000000000000e+02 -3.600000000000000000e+01 1.620000000000000000e+02 5.394600000000000000e+04 5.052600000000000000e+04 5.387400000000000000e+04 4.817200000000000000e+04 4.737750748894177377e+01 7.610000000000000000e+02
1.140000000000000000e+02 1.500000000000000000e+01 1.460000000000000000e+02 5.399300000000000000e+04 4.990800000000000000e+04 5.380700000000000000e+04 4.846800000000000000e+04 4.738736607797909528e+01 7.610000000000000000e+02
4.600000000000000000e+01 7.000000000000000000e+00 1.490000000000000000e+02 5.374800000000000000e+04 5.003600000000000000e+04 5.412000000000000000e+04 4.819300000000000000e+04 4.739706885302439332e+01 7.610000000000000000e+02
2.300000000000000000e+01 2.600000000000000000e+01 1.410000000000000000e+02 5.410100000000000000e+04 4.902800000000000000e+04 5.367000000000000000e+04 4.899200000000000000e+04 4.740842275798786432e+01 7.610000000000000000e+02
1.900000000000000000e+01 7.300000000000000000e+01 1.400000000000000000e+02 5.390300000000000000e+04 4.881500000000000000e+04 5.404900000000000000e+04 4.934500000000000000e+04 4.741707982099615037e+01 7.610000000000000000e+02
6.000000000000000000e+00 4.800000000000000000e+01 1.380000000000000000e+02 5.389100000000000000e+04 4.919000000000000000e+04 5.411300000000000000e+04 4.888000000000000000e+04 4.742749261297285557e+01 7.620000000000000000e+02
-4.600000000000000000e+01 4.900000000000000000e+01 1.280000000000000000e+02 5.361900000000000000e+04 4.895600000000000000e+04 5.437800000000000000e+04 4.892400000000000000e+04 4.743749585596378893e+01 7.620000000000000000e+02
-5.400000000000000000e+01 2.700000000000000000e+01 1.540000000000000000e+02 5.408000000000000000e+04 4.883000000000000000e+04 5.421200000000000000e+04 4.907100000000000000e+04 4.744715121493209153e+01 7.620000000000000000e+02
-5.600000000000000000e+01 1.100000000000000000e+01 1.660000000000000000e+02 5.337900000000000000e+04 4.870700000000000000e+04 5.505100000000000000e+04 4.892900000000000000e+04 4.745810151298064739e+01 7.620000000000000000e+02
-4.400000000000000000e+01 -4.400000000000000000e+01 1.420000000000000000e+02 5.321700000000000000e+04 4.965900000000000000e+04 5.518300000000000000e+04 4.788200000000000000e+04 4.746948910597711802e+01 7.620000000000000000e+02
-4.700000000000000000e+01 -6.400000000000000000e+01 1.590000000000000000e+02 5.452600000000000000e+04 4.724600000000000000e+04 5.559600000000000000e+04 4.686500000000000000e+04 4.747912670101504773e+01 7.640000000000000000e+02
-5.800000000000000000e+01 -6.900000000000000000e+01 1.580000000000000000e+02 5.313600000000000000e+04 4.920800000000000000e+04 5.490400000000000000e+04 4.751500000000000000e+04 4.748754999204538763e+01 7.640000000000000000e+02
-4.000000000000000000e+01 -5.800000000000000000e+01 1.610000000000000000e+02 5.335800000000000000e+04 4.883700000000000000e+04 5.483800000000000000e+04 4.775500000000000000e+04 4.749689272895921022e+01 7.640000000000000000e+02
-4.500000000000000000e+01 -5.300000000000000000e+01 1.580000000000000000e+02 5.344200000000000000e+04 4.830900000000000000e+04 5.482100000000000000e+04 4.825600000000000000e+04 4.750699981395155191e+01 7.640000000000000000e+02
-6.800000000000000000e+01 5.000000000000000000e+00 1.280000000000000000e+02 5.373000000000000000e+04 4.797900000000000000e+04 5.463600000000000000e+04 4.849400000000000000e+04 4.751761082501616329e+01 7.640000000000000000e+02
-4.700000000000000000e+01 4.000000000000000000e+00 1.330000000000000000e+02 5.362700000000000000e+04 4.868700000000000000e+04 5.498500000000000000e+04 4.780700000000000000e+04 4.752764069300610572e+01 7.640000000000000000e+02
-7.100000000000000000e+01 -1.000000000000000000e+00 1.520000000000000000e+02 5.342700000000000000e+04 4.811800000000000000e+04 5.499800000000000000e+04 4.819100000000000000e+04 4.753674796794075519e+01 7.640000000000000000e+02
-5.700000000000000000e+01 6.400000000000000000e+01 1.230000000000000000e+02 5.344200000000000000e+04 4.781900000000000000e+04 5.515900000000000000e+04 4.867900000000000000e+04 4.754672650399152189e+01 7.640000000000000000e+02
-2.100000000000000000e+01 4.600000000000000000e+01 1.050000000000000000e+02 5.436300000000000000e+04 4.681100000000000000e+04 5.589600000000000000e+04 4.725100000000000000e+04 4.755719181196764112e+01 7.640000000000000000e+02
-3.700000000000000000e+01 -2.700000000000000000e+01 1.070000000000000000e+02 5.420600000000000000e+04 4.738100000000000000e+04 5.585900000000000000e+04 4.698900000000000000e+04 4.756665229599457234e+01 7.640000000000000000e+02
-1.000000000000000000e+00 2.400000000000000000e+01 8.400000000000000000e+01 5.462200000000000000e+04 4.713900000000000000e+04 5.509100000000000000e+04 4.759200000000000000e+04 4.757754439604468644e+01 7.620000000000000000e+02
6.200000000000000000e+01 3.400000000000000000e+01 7.400000000000000000e+01 5.452500000000000000e+04 4.766900000000000000e+04 5.481700000000000000e+04 4.717900000000000000e+04 4.758672616700641811e+01 7.620000000000000000e+02
4.600000000000000000e+01 -2.000000000000000000e+01 7.600000000000000000e+01 5.443400000000000000e+04 4.832800000000000000e+04 5.495800000000000000e+04 4.682000000000000000e+04 4.759843400493264198e+01 7.620000000000000000e+02
1.300000000000000000e+01 -2.300000000000000000e+01 6.000000000000000000e+01 5.420600000000000000e+04 4.821200000000000000e+04 5.513500000000000000e+04 4.706900000000000000e+04 4.760682261793408543e+01 7.620000000000000000e+02
1.800000000000000000e+01 -1.900000000000000000e+01 5.500000000000000000e+01 5.369000000000000000e+04 4.790200000000000000e+04 5.560100000000000000e+04 4.743900000000000000e+04 4.761811067094095051e+01 7.620000000000000000e+02
1.900000000000000000e+01 -3.700000000000000000e+01 5.000000000000000000e+01 5.381700000000000000e+04 4.822100000000000000e+04 5.537200000000000000e+04 4.737300000000000000e+04 4.762702132202684879e+01 7.610000000000000000e+02
9.000000000000000000e+00 -8.700000000000000000e+01 5.200000000000000000e+01 5.255100000000000000e+04 4.938000000000000000e+04 5.581300000000000000e+04 4.748700000000000000e+04 4.763676673395093530e+01 7.610000000000000000e+02
-2.600000000000000000e+01 -3.000000000000000000e+01 1.900000000000000000e+01 5.355400000000000000e+04 4.831300000000000000e+04 5.514000000000000000e+04 4.874800000000000000e+04 4.764727644901722670e+01 7.610000000000000000e+02
-2.600000000000000000e+01 2.200000000000000000e+01 2.000000000000000000e+01 5.323200000000000000e+04 4.951200000000000000e+04 5.542800000000000000e+04 4.747500000000000000e+04 4.765763918997254223e+01 7.610000000000000000e+02
-5.700000000000000000e+01 9.000000000000000000e+00 3.100000000000000000e+01 5.318300000000000000e+04 4.775300000000000000e+04 5.547100000000000000e+04 4.927700000000000000e+04 4.766792796994559467e+01 7.610000000000000000e+02
-9.300000000000000000e+01 4.900000000000000000e+01 7.000000000000000000e+00 5.350400000000000000e+04 4.767500000000000000e+04 5.532600000000000000e+04 4.968700000000000000e+04 4.767654981499072164e+01 7.590000000000000000e+02
-8.700000000000000000e+01 6.300000000000000000e+01 -1.400000000000000000e+01 5.298800000000000000e+04 4.802900000000000000e+04 5.556600000000000000e+04 4.933700000000000000e+04 4.768723075301386416e+01 7.590000000000000000e+02
-7.300000000000000000e+01 6.600000000000000000e+01 2.000000000000000000e+00 5.349800000000000000e+04 4.775800000000000000e+04 5.509300000000000000e+04 4.969900000000000000e+04 4.769756962498649955e+01 7.590000000000000000e+02
-4.600000000000000000e+01 9.300000000000000000e+01 -4.300000000000000000e+01 5.450100000000000000e+04 4.898300000000000000e+04 5.403800000000000000e+04 4.863900000000000000e+04 4.770673397998325527e+01 7.590000000000000000e+02
-3.200000000000000000e+01 6.800000000000000000e+01 -4.300000000000000000e+01 5.192000000000000000e+04 4.688600000000000000e+04 5.617500000000000000e+04 5.066100000000000000e+04 4.771717217296827585e+01 7.590000000000000000e+02
1.400000000000000000e+01 2.800000000000000000e+01 -4.400000000000000000e+01 5.266900000000000000e+04 5.144100000000000000e+04 5.562900000000000000e+04 4.627200000000000000e+04 4.772665739199146628e+01 7.600000000000000000e+02
6.300000000000000000e+01 2.600000000000000000e+01 -7.500000000000000000e+01 5.200900000000000000e+04 4.887300000000000000e+04 5.597300000000000000e+04 4.925600000000000000e+04 4.773694433900527656e+01 7.600000000000000000e+02
8.400000000000000000e+01 5.400000000000000000e+01 -8.800000000000000000e+01 5.448900000000000000e+04 4.998600000000000000e+04 5.367000000000000000e+04 4.825100000000000000e+04 4.774656339897774160e+01 7.600000000000000000e+02
7.600000000000000000e+01 1.600000000000000000e+01 -8.500000000000000000e+01 5.369800000000000000e+04 4.828000000000000000e+04 5.459900000000000000e+04 5.018600000000000000e+04 4.775658598903100938e+01 7.600000000000000000e+02
1.010000000000000000e+02 5.100000000000000000e+01 -7.700000000000000000e+01 5.240300000000000000e+04 5.144800000000000000e+04 5.565300000000000000e+04 4.694600000000000000e+04 4.776659482100512832e+01 7.600000000000000000e+02
9.700000000000000000e+01 6.600000000000000000e+01 -1.050000000000000000e+02 5.400900000000000000e+04 4.868100000000000000e+04 5.415500000000000000e+04 5.009300000000000000e+04 4.777712596394121647e+01 7.570000000000000000e+02
5.300000000000000000e+01 6.500000000000000000e+01 -1.070000000000000000e+02 5.255700000000000000e+04 4.951000000000000000e+04 5.539500000000000000e+04 4.934700000000000000e+04 4.778760878799948841e+01 7.570000000000000000e+02
3.200000000000000000e+01 7.300000000000000000e+01 -1.090000000000000000e+02 5.469900000000000000e+04 4.971500000000000000e+04 5.326100000000000000e+04 4.921500000000000000e+04 4.779708245804067701e+01 7.570000000000000000e+02
3.800000000000000000e+01 1.160000000000000000e+02 -1.220000000000000000e+02 5.335800000000000000e+04 4.898400000000000000e+04 5.448400000000000000e+04 5.004800000000000000e+04 4.780737650103401393e+01 7.570000000000000000e+02
1.700000000000000000e+01 7.900000000000000000e+01 -1.250000000000000000e+02 5.329400000000000000e+04 4.733700000000000000e+04 5.444200000000000000e+04 5.155400000000000000e+04 4.782084068399854004e+01 7.570000000000000000e+02
-4.800000000000000000e+01 8.700000000000000000e+01 -1.210000000000000000e+02 5.324400000000000000e+04 4.849700000000000000e+04 5.432600000000000000e+04 5.073700000000000000e+04 4.782681247300934047e+01 7.570000000000000000e+02
1.000000000000000000e+00 8.100000000000000000e+01 -1.320000000000000000e+02 5.171500000000000000e+04 5.089900000000000000e+04 5.577800000000000000e+04 4.861100000000000000e+04 4.783660791697911918e+01 7.570000000000000000e+02
1.200000000000000000e+01 7.600000000000000000e+01 -1.360000000000000000e+02 5.480600000000000000e+04 4.949700000000000000e+04 5.285900000000000000e+04 5.012500000000000000e+04 4.784722849703393877e+01 7.570000000000000000e+02
-2.900000000000000000e+01 3.100000000000000000e+01 -1.340000000000000000e+02 5.344900000000000000e+04 4.816100000000000000e+04 5.410600000000000000e+04 5.146900000000000000e+04 4.785626999603118747e+01 7.570000000000000000e+02
-1.700000000000000000e+01 5.700000000000000000e+01 -1.560000000000000000e+02 5.222500000000000000e+04 4.975800000000000000e+04 5.524700000000000000e+04 5.013700000000000000e+04 4.786700576997827739e+01 7.570000000000000000e+02
3.000000000000000000e+01 2.200000000000000000e+01 -1.510000000000000000e+02 5.345600000000000000e+04 4.942100000000000000e+04 5.376100000000000000e+04 5.031100000000000000e+04 4.787722172704525292e+01 7.580000000000000000e+02
-9.000000000000000000e+00 -4.100000000000000000e+01 -1.480000000000000000e+02 5.212200000000000000e+04 5.202900000000000000e+04 5.467100000000000000e+04 4.735300000000000000e+04 4.788705357594881207e+01 7.580000000000000000e+02
-2.800000000000000000e+01 -1.300000000000000000e+01 -1.600000000000000000e+02 5.098900000000000000e+04 4.897900000000000000e+04 5.544100000000000000e+04 5.067700000000000000e+04 4.789639241702388972e+01 7.580000000000000000e+02
1.900000000000000000e+01 -1.700000000000000000e+01 -1.780000000000000000e+02 5.230100000000000000e+04 4.956900000000000000e+04 5.426700000000000000e+04 5.021000000000000000e+04 4.790717998403124511e+01 7.580000000000000000e+02
-6.000000000000000000e+00 -4.500000000000000000e+01 -1.810000000000000000e+02 5.293600000000000000e+04 4.759700000000000000e+04 5.349200000000000000e+04 5.214000000000000000e+04 4.791712741798255593e+01 7.580000000000000000e+02
6.000000000000000000e+00 1.200000000000000000e+01 -1.970000000000000000e+02 5.073600000000000000e+04 5.091000000000000000e+04 5.515900000000000000e+04 4.914700000000000000e+04 4.792723850300535560e+01 7.570000000000000000e+02
5.400000000000000000e+01 5.000000000000000000e+00 -1.840000000000000000e+02 5.198600000000000000e+04 4.955500000000000000e+04 5.406900000000000000e+04 5.062700000000000000e+04 4.793660377396736294e+01 7.570000000000000000e+02
3.400000000000000000e+01 -1.000000000000000000e+01 -1.890000000000000000e+02 5.515600000000000000e+04 4.972800000000000000e+04 5.052100000000000000e+04 5.045900000000000000e+04 4.794703978498000652e+01 7.570000000000000000e+02
3.400000000000000000e+01 5.700000000000000000e+01 -1.970000000000000000e+02 5.308900000000000000e+04 4.981600000000000000e+04 5.289000000000000000e+04 5.065600000000000000e+04 4.795649279502686113e+01 7.570000000000000000e+02
6.200000000000000000e+01 -5.000000000000000000e+00 -1.970000000000000000e+02 5.175400000000000000e+04 4.914800000000000000e+04 5.380900000000000000e+04 5.129600000000000000e+04 4.796660634200088680e+01 7.570000000000000000e+02
2.000000000000000000e+01 -3.800000000000000000e+01 -1.960000000000000000e+02 5.294600000000000000e+04 5.115000000000000000e+04 5.261300000000000000e+04 4.944700000000000000e+04 4.797645141801331192e+01 7.570000000000000000e+02
3.100000000000000000e+01 -5.000000000000000000e+01 -2.000000000000000000e+02 4.977700000000000000e+04 5.180900000000000000e+04 5.509000000000000000e+04 4.857400000000000000e+04 4.798619965801481158e+01 7.570000000000000000e+02
2.300000000000000000e+01 -9.200000000000000000e+01 -1.840000000000000000e+02 5.284500000000000000e+04 4.894000000000000000e+04 5.230200000000000000e+04 5.156700000000000000e+04 4.799620093300472945e+01 7.570000000000000000e+02
-8.000000000000000000e+00 -5.100000000000000000e+01 -1.960000000000000000e+02 5.070800000000000000e+04 4.963100000000000000e+04 5.414700000000000000e+04 5.098400000000000000e+04 4.800676330400165170e+01 7.570000000000000000e+02
1.300000000000000000e+01 -8.000000000000000000e+01 -1.910000000000000000e+02 5.142700000000000000e+04 5.003200000000000000e+04 5.346600000000000000e+04 5.066100000000000000e+04 4.801641515397932380e+01 7.570000000000000000e+02
2.800000000000000000e+01 -4.100000000000000000e+01 -1.970000000000000000e+02 5.160500000000000000e+04 5.030400000000000000e+04 5.316000000000000000e+04 5.049300000000000000e+04 4.802622797095682472e+01 7.560000000000000000e+02
6.600000000000000000e+01 -4.100000000000000000e+01 -2.100000000000000000e+02 5.164500000000000000e+04 5.043000000000000000e+04 5.320900000000000000e+04 5.067000000000000000e+04 4.803660647897049785e+01 7.560000000000000000e+02
9.700000000000000000e+01 -2.000000000000000000e+01 -1.990000000000000000e+02 5.219400000000000000e+04 5.076200000000000000e+04 5.280000000000000000e+04 5.051100000000000000e+04 4.804679606796707958e+01 7.560000000000000000e+02
9.400000000000000000e+01 -1.500000000000000000e+01 -1.810000000000000000e+02 5.151600000000000000e+04 5.085600000000000000e+04 5.339100000000000000e+04 5.040000000000000000e+04 4.805644619697704911e+01 7.560000000000000000e+02
8.700000000000000000e+01 -4.900000000000000000e+01 -1.660000000000000000e+02 5.299400000000000000e+04 5.216600000000000000e+04 5.184500000000000000e+04 4.900700000000000000e+04 4.806755820999387652e+01 7.560000000000000000e+02
1.010000000000000000e+02 -2.100000000000000000e+01 -1.730000000000000000e+02 5.089200000000000000e+04 5.036300000000000000e+04 5.392400000000000000e+04 5.105300000000000000e+04 4.807624089601449668e+01 7.560000000000000000e+02
6.500000000000000000e+01 -4.000000000000000000e+01 -1.700000000000000000e+02 5.287900000000000000e+04 5.219400000000000000e+04 5.182300000000000000e+04 4.904400000000000000e+04 4.808633517601992935e+01 7.560000000000000000e+02
7.100000000000000000e+01 1.500000000000000000e+01 -1.780000000000000000e+02 5.054900000000000000e+04 5.107900000000000000e+04 5.388100000000000000e+04 5.040500000000000000e+04 4.809601636999286711e+01 7.560000000000000000e+02
3.400000000000000000e+01 -2.000000000000000000e+01 -1.760000000000000000e+02 5.290000000000000000e+04 5.113200000000000000e+04 5.154200000000000000e+04 5.041700000000000000e+04 4.810736819601152092e+01 7.560000000000000000e+02
1.600000000000000000e+01 1.700000000000000000e+01 -1.610000000000000000e+02 4.986500000000000000e+04 4.932600000000000000e+04 5.426500000000000000e+04 5.213600000000000000e+04 4.811603071598801762e+01 7.560000000000000000e+02
3.800000000000000000e+01 0.000000000000000000e+00 -1.610000000000000000e+02 5.154500000000000000e+04 5.325000000000000000e+04 5.299800000000000000e+04 4.814300000000000000e+04 4.812607820401899517e+01 7.560000000000000000e+02
-1.100000000000000000e+01 -1.900000000000000000e+01 -1.560000000000000000e+02 5.322400000000000000e+04 5.095800000000000000e+04 5.141400000000000000e+04 5.093900000000000000e+04 4.813631887896917760e+01 7.560000000000000000e+02
2.400000000000000000e+01 -3.600000000000000000e+01 -1.530000000000000000e+02 4.972500000000000000e+04 5.317100000000000000e+04 5.467700000000000000e+04 4.867200000000000000e+04 4.814752176904585212e+01 7.560000000000000000e+02
-2.000000000000000000e+01 -6.500000000000000000e+01 -1.450000000000000000e+02 5.110000000000000000e+04 4.863500000000000000e+04 5.347600000000000000e+04 5.323800000000000000e+04 4.815635064500384033e+01 7.560000000000000000e+02
-2.000000000000000000e+00 -2.000000000000000000e+01 -1.410000000000000000e+02 4.986600000000000000e+04 5.299400000000000000e+04 5.448700000000000000e+04 4.897200000000000000e+04 4.816633949195966125e+01 7.560000000000000000e+02
0.000000000000000000e+00 -8.600000000000000000e+01 -1.240000000000000000e+02 5.235800000000000000e+04 5.186200000000000000e+04 5.227300000000000000e+04 5.003200000000000000e+04 4.817641558800823987e+01 7.570000000000000000e+02
-1.500000000000000000e+01 -7.000000000000000000e+00 -1.190000000000000000e+02 5.254100000000000000e+04 5.146300000000000000e+04 5.201600000000000000e+04 5.049900000000000000e+04 4.818647205794695765e+01 7.570000000000000000e+02
1.800000000000000000e+01 2.000000000000000000e+00 -1.160000000000000000e+02 4.994000000000000000e+04 5.006900000000000000e+04 5.412200000000000000e+04 5.172200000000000000e+04 4.819780015398282558e+01 7.570000000000000000e+02
-1.000000000000000000e+00 2.100000000000000000e+01 -1.300000000000000000e+02 5.137100000000000000e+04 5.234500000000000000e+04 5.283500000000000000e+04 4.944400000000000000e+04 4.820603831799235195e+01 7.570000000000000000e+02
3.100000000000000000e+01 5.200000000000000000e+01 -1.160000000000000000e+02 5.128300000000000000e+04 5.019900000000000000e+04 5.284500000000000000e+04 5.168300000000000000e+04 4.821651416993699968e+01 7.570000000000000000e+02
5.900000000000000000e+01 1.700000000000000000e+01 -1.050000000000000000e+02 5.088100000000000000e+04 5.222700000000000000e+04 5.131500000000000000e+04 5.162200000000000000e+04 4.822644373495131731e+01 7.580000000000000000e+02
1.800000000000000000e+01 6.100000000000000000e+01 -1.000000000000000000e+02 5.110600000000000000e+04 5.218700000000000000e+04 5.318800000000000000e+04 4.962600000000000000e+04 4.823748136300127953e+01 7.580000000000000000e+02
2.600000000000000000e+01 1.000000000000000000e+00 -9.900000000000000000e+01 5.145100000000000000e+04 5.209000000000000000e+04 5.120300000000000000e+04 5.148500000000000000e+04 4.824625864694826305e+01 7.580000000000000000e+02
9.000000000000000000e+00 4.300000000000000000e+01 -1.070000000000000000e+02 5.063800000000000000e+04 5.141700000000000000e+04 5.358900000000000000e+04 5.075500000000000000e+04 4.825710672198329121e+01 7.580000000000000000e+02
2.700000000000000000e+01 9.000000000000000000e+00 -9.700000000000000000e+01 5.060000000000000000e+04 5.112500000000000000e+04 5.180100000000000000e+04 5.259400000000000000e+04 4.826679626293480396e+01 7.580000000000000000e+02
1.000000000000000000e+01 2.900000000000000000e+01 -9.600000000000000000e+01 5.154200000000000000e+04 5.152500000000000000e+04 5.246600000000000000e+04 5.043000000000000000e+04 4.827819557895418257e+01 7.590000000000000000e+02
3.600000000000000000e+01 6.000000000000000000e+00 -9.700000000000000000e+01 5.078600000000000000e+04 5.200200000000000000e+04 5.146200000000000000e+04 5.138700000000000000e+04 4.828655734099447727e+01 7.590000000000000000e+02
2.600000000000000000e+01 -3.800000000000000000e+01 -8.600000000000000000e+01 5.118300000000000000e+04 5.171200000000000000e+04 5.258800000000000000e+04 5.008400000000000000e+04 4.829711142904125154e+01 7.590000000000000000e+02
5.700000000000000000e+01 -2.500000000000000000e+01 -8.300000000000000000e+01 5.023900000000000000e+04 5.114200000000000000e+04 5.342000000000000000e+04 5.064500000000000000e+04 4.830628414195962250e+01 7.590000000000000000e+02
4.000000000000000000e+01 -5.300000000000000000e+01 -6.300000000000000000e+01 5.154700000000000000e+04 5.225200000000000000e+04 5.223600000000000000e+04 4.941800000000000000e+04 4.831650976999662817e+01 7.590000000000000000e+02
7.900000000000000000e+01 -4.600000000000000000e+01 -7.600000000000000000e+01 5.164100000000000000e+04 5.237700000000000000e+04 5.223700000000000000e+04 4.916300000000000000e+04 4.832698809995781630e+01 7.610000000000000000e+02
3.600000000000000000e+01 -7.400000000000000000e+01 -4.600000000000000000e+01 5.096000000000000000e+04 5.180500000000000000e+04 5.270600000000000000e+04 4.957900000000000000e+04 4.833736971998587251e+01 7.610000000000000000e+02
4.700000000000000000e+01 -4.900000000000000000e+01 -6.600000000000000000e+01 5.111700000000000000e+04 5.173000000000000000e+04 5.269600000000000000e+04 4.985800000000000000e+04 4.834700466401409358e+01 7.610000000000000000e+02
-5.000000000000000000e+00 -3.400000000000000000e+01 -3.600000000000000000e+01 5.087100000000000000e+04 5.164200000000000000e+04 5.294900000000000000e+04 4.992000000000000000e+04 4.835621527093462646e+01 7.610000000000000000e+02
-2.600000000000000000e+01 -4.000000000000000000e+00 -4.500000000000000000e+01 5.113600000000000000e+04 5.125800000000000000e+04 5.275600000000000000e+04 5.031200000000000000e+04 4.836631049599964172e+01 7.610000000000000000e+02
-1.500000000000000000e+01 1.900000000000000000e+01 -4.000000000000000000e+01 5.107100000000000000e+04 5.075800000000000000e+04 5.263800000000000000e+04 5.063500000000000000e+04 4.837717360700480640e+01 7.630000000000000000e+02
-2.600000000000000000e+01 3.100000000000000000e+01 -4.000000000000000000e+01 5.082900000000000000e+04 5.103300000000000000e+04 5.248800000000000000e+04 5.001800000000000000e+04 4.838597653596661985e+01 7.630000000000000000e+02
1.300000000000000000e+01 6.200000000000000000e+01 -2.700000000000000000e+01 5.094700000000000000e+04 5.083700000000000000e+04 5.242300000000000000e+04 5.028200000000000000e+04 4.839599381200969219e+01 7.630000000000000000e+02
-2.500000000000000000e+01 6.700000000000000000e+01 -2.300000000000000000e+01 5.107400000000000000e+04 5.070100000000000000e+04 5.239200000000000000e+04 5.029100000000000000e+04 4.840652734902687371e+01 7.630000000000000000e+02
2.800000000000000000e+01 1.080000000000000000e+02 -1.400000000000000000e+01 5.133000000000000000e+04 5.091100000000000000e+04 5.217500000000000000e+04 4.994800000000000000e+04 4.841640650096815079e+01 7.630000000000000000e+02
1.200000000000000000e+01 9.000000000000000000e+01 -1.200000000000000000e+01 5.169200000000000000e+04 5.076200000000000000e+04 5.185000000000000000e+04 5.009500000000000000e+04 4.842641089693643153e+01 7.600000000000000000e+02
1.600000000000000000e+01 4.000000000000000000e+01 -1.700000000000000000e+01 5.167100000000000000e+04 5.090200000000000000e+04 5.202400000000000000e+04 5.017000000000000000e+04 4.843610456201713532e+01 7.600000000000000000e+02
-1.600000000000000000e+01 5.300000000000000000e+01 -7.000000000000000000e+00 5.138700000000000000e+04 5.125500000000000000e+04 5.257500000000000000e+04 4.994500000000000000e+04 4.844573196594137698e+01 7.600000000000000000e+02
-3.700000000000000000e+01 2.700000000000000000e+01 9.000000000000000000e+00 5.104600000000000000e+04 5.092000000000000000e+04 5.289100000000000000e+04 5.024200000000000000e+04 4.845693899795878679e+01 7.600000000000000000e+02
-2.600000000000000000e+01 -2.800000000000000000e+01 3.000000000000000000e+00 5.116600000000000000e+04 4.902200000000000000e+04 5.279500000000000000e+04 5.204300000000000000e+04 4.846688546799123287e+01 7.600000000000000000e+02
2.600000000000000000e+01 -7.900000000000000000e+01 3.400000000000000000e+01 5.128400000000000000e+04 4.910500000000000000e+04 5.289700000000000000e+04 5.193600000000000000e+04 4.847622968303039670e+01 0.000000000000000000e+00
7.100000000000000000e+01 -1.210000000000000000e+02 3.300000000000000000e+01 5.129300000000000000e+04 5.041500000000000000e+04 5.356900000000000000e+04 5.129900000000000000e+04 4.848760277393739671e+01 0.000000000000000000e+00
1.500000000000000000e+02 -1.640000000000000000e+02 2.500000000000000000e+01 5.196800000000000000e+04 5.154100000000000000e+04 5.307900000000000000e+04 5.023200000000000000e+04 4.849601962894666940e+01 0.000000000000000000e+00
2.730000000000000000e+02 -1.540000000000000000e+02 3.400000000000000000e+01 5.290300000000000000e+04 5.191200000000000000e+04 5.220800000000000000e+04 4.988600000000000000e+04 4.850608002301305532e+01 0.000000000000000000e+00
3.980000000000000000e+02 -1.010000000000000000e+02 2.000000000000000000e+00 5.392500000000000000e+04 5.203800000000000000e+04 5.079300000000000000e+04 4.971500000000000000e+04 4.851645248802378774e+01 0.000000000000000000e+00
4.110000000000000000e+02 -1.220000000000000000e+02 2.000000000000000000e+00 5.301400000000000000e+04 5.278000000000000000e+04 5.153600000000000000e+04 4.874300000000000000e+04 4.852582487196195871e+01 0.000000000000000000e+00
3.690000000000000000e+02 -1.480000000000000000e+02 -2.300000000000000000e+01 5.282600000000000000e+04 5.277500000000000000e+04 5.221100000000000000e+04 4.921900000000000000e+04 4.853657521901186556e+01 0.000000000000000000e+00
2.820000000000000000e+02 -3.600000000000000000e+01 -1.000000000000000000e+00 5.285200000000000000e+04 5.238900000000000000e+04 5.207500000000000000e+04 4.969600000000000000e+04 4.854639192495960742e+01 0.000000000000000000e+00
2.230000000000000000e+02 4.900000000000000000e+01 -1.200000000000000000e+01 5.319500000000000000e+04 5.113400000000000000e+04 5.145800000000000000e+04 5.087700000000000000e+04 4.855741221294738352e+01 0.000000000000000000e+00
1.730000000000000000e+02 1.410000000000000000e+02 8.000000000000000000e+00 5.377400000000000000e+04 5.078900000000000000e+04 5.065400000000000000e+04 5.096500000000000000e+04 4.856583550001960248e+01 0.000000000000000000e+00
1.130000000000000000e+02 1.490000000000000000e+02 -4.000000000000000000e+00 5.345400000000000000e+04 5.091500000000000000e+04 5.107400000000000000e+04 5.034300000000000000e+04 4.857595881796441972e+01 7.000000000000000000e+00
8.900000000000000000e+01 1.170000000000000000e+02 4.000000000000000000e+00 5.294200000000000000e+04 5.009400000000000000e+04 5.072500000000000000e+04 5.063500000000000000e+04 4.858605164801701903e+01 7.000000000000000000e+00
-3.700000000000000000e+01 1.000000000000000000e+00 7.000000000000000000e+00 5.146300000000000000e+04 5.072700000000000000e+04 5.184400000000000000e+04 4.968100000000000000e+04 4.859607674600556493e+01 7.000000000000000000e+00
-1.460000000000000000e+02 -1.620000000000000000e+02 3.200000000000000000e+01 4.975800000000000000e+04 5.120000000000000000e+04 5.352000000000000000e+04 4.860900000000000000e+04 4.860648873797617853e+01 7.000000000000000000e+00
-2.240000000000000000e+02 -2.390000000000000000e+02 4.200000000000000000e+01 4.905700000000000000e+04 5.245000000000000000e+04 5.381200000000000000e+04 4.655100000000000000e+04 4.861566526093520224e+01 7.000000000000000000e+00
-3.380000000000000000e+02 -1.660000000000000000e+02 3.800000000000000000e+01 4.906500000000000000e+04 5.135500000000000000e+04 5.373000000000000000e+04 4.764300000000000000e+04 4.862837041495367885e+01 8.000000000000000000e+00
-5.160000000000000000e+02 8.900000000000000000e+01 5.200000000000000000e+01 4.941400000000000000e+04 4.839700000000000000e+04 5.334800000000000000e+04 5.006600000000000000e+04 4.863565324700903147e+01 8.000000000000000000e+00
-5.880000000000000000e+02 2.380000000000000000e+02 5.500000000000000000e+01 4.902900000000000000e+04 4.935500000000000000e+04 5.382300000000000000e+04 4.903100000000000000e+04 4.864687573397532105e+01 8.000000000000000000e+00
-7.940000000000000000e+02 4.670000000000000000e+02 7.000000000000000000e+01 4.922200000000000000e+04 4.631300000000000000e+04 5.329800000000000000e+04 5.146400000000000000e+04 4.865556141897104681e+01 8.000000000000000000e+00
-8.360000000000000000e+02 7.010000000000000000e+02 5.800000000000000000e+01 4.896000000000000000e+04 4.370600000000000000e+04 5.356900000000000000e+04 5.319600000000000000e+04 4.866613259899895638e+01 8.000000000000000000e+00
-8.590000000000000000e+02 8.080000000000000000e+02 6.900000000000000000e+01 4.940600000000000000e+04 4.199500000000000000e+04 5.295000000000000000e+04 5.393200000000000000e+04 4.867962347494903952e+01 1.600000000000000000e+01
-7.630000000000000000e+02 9.410000000000000000e+02 6.600000000000000000e+01 5.006200000000000000e+04 4.285200000000000000e+04 5.174000000000000000e+04 5.278500000000000000e+04 4.868621790793258697e+01 1.600000000000000000e+01
-5.700000000000000000e+02 9.440000000000000000e+02 7.200000000000000000e+01 5.081000000000000000e+04 4.317900000000000000e+04 5.094200000000000000e+04 5.238100000000000000e+04 4.869568814593367279e+01 1.600000000000000000e+01
-3.130000000000000000e+02 8.580000000000000000e+02 6.900000000000000000e+01 5.150300000000000000e+04 4.534000000000000000e+04 5.007000000000000000e+04 5.038100000000000000e+04 4.870672722801100463e+01 1.600000000000000000e+01
2.400000000000000000e+01 7.200000000000000000e+02 7.200000000000000000e+01 5.219200000000000000e+04 4.853100000000000000e+04 4.922000000000000000e+04 4.729200000000000000e+04 4.871603432099800557e+01 1.600000000000000000e+01
2.650000000000000000e+02 6.340000000000000000e+02 7.900000000000000000e+01 5.288900000000000000e+04 4.932400000000000000e+04 4.836800000000000000e+04 4.603600000000000000e+04 4.872533582698088139e+01 2.500000000000000000e+01
4.710000000000000000e+02 5.260000000000000000e+02 6.800000000000000000e+01 5.298400000000000000e+04 5.005500000000000000e+04 4.717300000000000000e+04 4.424000000000000000e+04 4.873588318401016295e+01 2.500000000000000000e+01
5.050000000000000000e+02 3.860000000000000000e+02 7.000000000000000000e+01 5.241200000000000000e+04 5.017400000000000000e+04 4.767400000000000000e+04 4.394600000000000000e+04 4.874622145795729011e+01 2.500000000000000000e+01
4.540000000000000000e+02 2.630000000000000000e+02 5.400000000000000000e+01 5.129900000000000000e+04 4.974700000000000000e+04 4.882200000000000000e+04 4.429400000000000000e+04 4.875599677104037255e+01 2.500000000000000000e+01
3.140000000000000000e+02 1.320000000000000000e+02 4.000000000000000000e+01 5.070000000000000000e+04 4.929100000000000000e+04 4.941300000000000000e+04 4.473000000000000000e+04 4.876575440901797265e+01 2.500000000000000000e+01
1.270000000000000000e+02 3.100000000000000000e+01 4.000000000000000000e+01 4.885000000000000000e+04 4.850200000000000000e+04 5.098600000000000000e+04 4.558400000000000000e+04 4.877720418095123023e+01 3.600000000000000000e+01
-7.300000000000000000e+01 -6.600000000000000000e+01 3.000000000000000000e+01 4.687000000000000000e+04 4.735000000000000000e+04 5.161800000000000000e+04 4.560800000000000000e+04 4.878572687995620072e+01 3.600000000000000000e+01
-2.440000000000000000e+02 -1.010000000000000000e+02 1.900000000000000000e+01 4.623900000000000000e+04 4.616300000000000000e+04 5.178800000000000000e+04 4.662900000000000000e+04 4.879553675302304327e+01 3.600000000000000000e+01
-3.970000000000000000e+02 -1.060000000000000000e+02 1.200000000000000000e+01 4.571000000000000000e+04 4.464700000000000000e+04 5.215000000000000000e+04 4.812900000000000000e+04 4.880600513902027160e+01 3.600000000000000000e+01
-4.880000000000000000e+02 -1.000000000000000000e+01 1.400000000000000000e+01 4.581900000000000000e+04 4.392500000000000000e+04 5.216200000000000000e+04 4.874300000000000000e+04 4.881744027696549892e+01 3.600000000000000000e+01
-4.230000000000000000e+02 1.900000000000000000e+01 5.000000000000000000e+00 4.711000000000000000e+04 4.413300000000000000e+04 5.106300000000000000e+04 4.879100000000000000e+04 4.882561918895225972e+01 4.100000000000000000e+01
-2.990000000000000000e+02 8.700000000000000000e+01 1.700000000000000000e+01 4.676800000000000000e+04 4.447800000000000000e+04 5.154300000000000000e+04 4.846600000000000000e+04 4.883656453504227102e+01 4.100000000000000000e+01
-8.100000000000000000e+01 8.100000000000000000e+01 3.200000000000000000e+01 4.854000000000000000e+04 4.484100000000000000e+04 4.996500000000000000e+04 4.782700000000000000e+04 4.884629119304008782e+01 4.100000000000000000e+01
1.430000000000000000e+02 1.350000000000000000e+02 2.200000000000000000e+01 4.991300000000000000e+04 4.632200000000000000e+04 4.859500000000000000e+04 4.661300000000000000e+04 4.885599327902309597e+01 4.100000000000000000e+01
3.470000000000000000e+02 1.390000000000000000e+02 1.100000000000000000e+01 5.103600000000000000e+04 4.709900000000000000e+04 4.739600000000000000e+04 4.591600000000000000e+04 4.886681859195232391e+01 4.100000000000000000e+01
4.900000000000000000e+02 1.340000000000000000e+02 3.000000000000000000e+00 5.136500000000000000e+04 4.811400000000000000e+04 4.696400000000000000e+04 4.502100000000000000e+04 4.887588249694090337e+01 4.900000000000000000e+01
5.860000000000000000e+02 4.000000000000000000e+01 1.500000000000000000e+01 5.126400000000000000e+04 4.846100000000000000e+04 4.663400000000000000e+04 4.402400000000000000e+04 4.888725630298722535e+01 4.900000000000000000e+01
6.490000000000000000e+02 -7.000000000000000000e+00 5.000000000000000000e+00 5.152100000000000000e+04 4.888100000000000000e+04 4.629800000000000000e+04 4.352400000000000000e+04 4.889546218002215028e+01 4.900000000000000000e+01
5.580000000000000000e+02 -1.380000000000000000e+02 3.000000000000000000e+00 5.015700000000000000e+04 4.902600000000000000e+04 4.815200000000000000e+04 4.350400000000000000e+04 4.890603319695219398e+01 4.900000000000000000e+01
3.970000000000000000e+02 -2.460000000000000000e+02 1.200000000000000000e+01 4.884400000000000000e+04 4.920800000000000000e+04 4.986200000000000000e+04 4.364100000000000000e+04 4.891596608294639736e+01 4.900000000000000000e+01
1.990000000000000000e+02 -3.550000000000000000e+02 9.000000000000000000e+00 4.793300000000000000e+04 4.865800000000000000e+04 5.094800000000000000e+04 4.445300000000000000e+04 4.892704625695478171e+01 5.100000000000000000e+01
-3.000000000000000000e+01 -4.310000000000000000e+02 5.000000000000000000e+00 4.616600000000000000e+04 4.796100000000000000e+04 5.238300000000000000e+04 4.546900000000000000e+04 4.893641657999251038e+01 5.100000000000000000e+01
-2.110000000000000000e+02 -4.410000000000000000e+02 -7.000000000000000000e+00 4.581500000000000000e+04 4.733600000000000000e+04 5.287500000000000000e+04 4.667800000000000000e+04 4.894587747904006392e+01 5.100000000000000000e+01
-3.470000000000000000e+02 -3.890000000000000000e+02 -1.100000000000000000e+01 4.581600000000000000e+04 4.630600000000000000e+04 5.314400000000000000e+04 4.814700000000000000e+04 4.895554762601386756e+01 5.100000000000000000e+01
-4.170000000000000000e+02 -3.310000000000000000e+02 -2.000000000000000000e+00 4.598000000000000000e+04 4.577600000000000000e+04 5.329200000000000000e+04 4.879600000000000000e+04 4.896702621597796679e+01 5.100000000000000000e+01
-4.190000000000000000e+02 -1.720000000000000000e+02 -3.000000000000000000e+00 4.637200000000000000e+04 4.526300000000000000e+04 5.326500000000000000e+04 4.938300000000000000e+04 4.897558803099673241e+01 5.100000000000000000e+01
-3.210000000000000000e+02 -5.400000000000000000e+01 2.000000000000000000e+00 4.878600000000000000e+04 4.562100000000000000e+04 5.172200000000000000e+04 4.938600000000000000e+04 4.898668657999951392e+01 5.100000000000000000e+01
-1.330000000000000000e+02 1.020000000000000000e+02 -9.000000000000000000e+00 5.062300000000000000e+04 4.666900000000000000e+04 5.024400000000000000e+04 4.866900000000000000e+04 4.899567883298732340e+01 5.100000000000000000e+01
8.400000000000000000e+01 2.420000000000000000e+02 2.000000000000000000e+00 5.228900000000000000e+04 4.710800000000000000e+04 4.865400000000000000e+04 4.843800000000000000e+04 4.900577030598651618e+01 5.100000000000000000e+01
2.170000000000000000e+02 3.020000000000000000e+02 1.300000000000000000e+01 5.284000000000000000e+04 4.772300000000000000e+04 4.834000000000000000e+04 4.829600000000000000e+04 4.901587597199250013e+01 5.100000000000000000e+01
2.460000000000000000e+02 2.990000000000000000e+02 1.900000000000000000e+01 5.299700000000000000e+04 4.772900000000000000e+04 4.854600000000000000e+04 4.858300000000000000e+04 4.902595472696702927e+01 5.000000000000000000e+01
2.350000000000000000e+02 2.040000000000000000e+02 4.000000000000000000e+00 5.309600000000000000e+04 4.792400000000000000e+04 4.886800000000000000e+04 4.895100000000000000e+04 4.903550175600685179e+01 5.000000000000000000e+01
1.810000000000000000e+02 7.800000000000000000e+01 -1.000000000000000000e+00 5.183000000000000000e+04 4.891000000000000000e+04 5.071000000000000000e+04 4.834600000000000000e+04 4.904570977797266096e+01 5.000000000000000000e+01
1.320000000000000000e+02 -5.900000000000000000e+01 -1.100000000000000000e+01 5.151900000000000000e+04 4.890900000000000000e+04 5.122500000000000000e+04 4.860700000000000000e+04 4.905578196502756327e+01 5.000000000000000000e+01
5.200000000000000000e+01 -2.330000000000000000e+02 -1.700000000000000000e+01 5.047800000000000000e+04 5.002400000000000000e+04 5.236300000000000000e+04 4.778400000000000000e+04 4.906632265797816217e+01 5.000000000000000000e+01
-1.300000000000000000e+01 -4.060000000000000000e+02 6.000000000000000000e+00 4.924800000000000000e+04 5.034000000000000000e+04 5.358700000000000000e+04 4.769700000000000000e+04 4.907603719201870263e+01 4.500000000000000000e+01
-9.000000000000000000e+01 -4.860000000000000000e+02 -1.200000000000000000e+01 4.936300000000000000e+04 5.080100000000000000e+04 5.408800000000000000e+04 4.779600000000000000e+04 4.908881437894888222e+01 4.500000000000000000e+01
-2.060000000000000000e+02 -5.100000000000000000e+02 9.000000000000000000e+00 4.879800000000000000e+04 5.130500000000000000e+04 5.487400000000000000e+04 4.747300000000000000e+04 4.909565511101391166e+01 4.500000000000000000e+01
-3.320000000000000000e+02 -4.090000000000000000e+02 -1.000000000000000000e+01 4.922300000000000000e+04 4.988000000000000000e+04 5.480000000000000000e+04 4.911500000000000000e+04 4.910594855400267988e+01 4.500000000000000000e+01
-4.360000000000000000e+02 -3.390000000000000000e+02 1.400000000000000000e+01 4.907600000000000000e+04 4.986700000000000000e+04 5.496300000000000000e+04 4.934100000000000000e+04 4.911608370195608586e+01 4.500000000000000000e+01
-4.630000000000000000e+02 -2.030000000000000000e+02 2.300000000000000000e+01 4.982600000000000000e+04 4.870200000000000000e+04 5.485000000000000000e+04 5.046800000000000000e+04 4.913121284695807844e+01 4.200000000000000000e+01
-4.380000000000000000e+02 -1.150000000000000000e+02 3.500000000000000000e+01 5.050900000000000000e+04 4.936000000000000000e+04 5.453500000000000000e+04 4.999100000000000000e+04 4.913938109902665019e+01 4.200000000000000000e+01
-4.040000000000000000e+02 9.400000000000000000e+01 3.200000000000000000e+01 5.176600000000000000e+04 4.822300000000000000e+04 5.371800000000000000e+04 5.115500000000000000e+04 4.914562976895831525e+01 4.200000000000000000e+01
-3.460000000000000000e+02 1.630000000000000000e+02 1.800000000000000000e+01 5.231400000000000000e+04 4.806600000000000000e+04 5.327400000000000000e+04 5.132500000000000000e+04 4.915641213499475271e+01 4.200000000000000000e+01
-2.790000000000000000e+02 2.270000000000000000e+02 9.000000000000000000e+00 5.275000000000000000e+04 4.775300000000000000e+04 5.282000000000000000e+04 5.166500000000000000e+04 4.916566646704450250e+01 4.200000000000000000e+01
-1.100000000000000000e+02 2.220000000000000000e+02 3.200000000000000000e+01 5.326000000000000000e+04 4.852800000000000000e+04 5.236700000000000000e+04 5.092900000000000000e+04 4.917539938096888363e+01 3.000000000000000000e+01
5.600000000000000000e+01 2.370000000000000000e+02 2.100000000000000000e+01 5.431700000000000000e+04 5.000100000000000000e+04 5.178700000000000000e+04 5.034600000000000000e+04 4.918623018299695104e+01 3.000000000000000000e+01
2.280000000000000000e+02 1.770000000000000000e+02 2.400000000000000000e+01 5.469200000000000000e+04 5.143700000000000000e+04 5.164600000000000000e+04 4.889100000000000000e+04 4.919562968204263598e+01 3.000000000000000000e+01
3.070000000000000000e+02 9.000000000000000000e+00 4.400000000000000000e+01 5.409100000000000000e+04 5.231700000000000000e+04 5.246700000000000000e+04 4.767400000000000000e+04 4.920529158599674702e+01 3.000000000000000000e+01
3.410000000000000000e+02 -5.600000000000000000e+01 3.000000000000000000e+01 5.445500000000000000e+04 5.256300000000000000e+04 5.220000000000000000e+04 4.752700000000000000e+04 4.921723738999571651e+01 3.000000000000000000e+01
3.040000000000000000e+02 -6.400000000000000000e+01 3.700000000000000000e+01 5.483700000000000000e+04 5.185300000000000000e+04 5.167300000000000000e+04 4.838600000000000000e+04 4.922535356099251658e+01 2.700000000000000000e+01
2.030000000000000000e+02 -3.000000000000000000e+01 3.000000000000000000e+01 5.418400000000000000e+04 5.136400000000000000e+04 5.266700000000000000e+04 4.923900000000000000e+04 4.923648421803954989e+01 2.700000000000000000e+01
2.500000000000000000e+01 -7.400000000000000000e+01 1.700000000000000000e+01 5.351000000000000000e+04 5.076400000000000000e+04 5.339900000000000000e+04 5.011900000000000000e+04 4.924583436001557857e+01 2.700000000000000000e+01
-1.660000000000000000e+02 -2.100000000000000000e+01 3.000000000000000000e+00 5.284500000000000000e+04 4.952300000000000000e+04 5.390400000000000000e+04 5.136500000000000000e+04 4.925657572504132986e+01 2.700000000000000000e+01
-2.240000000000000000e+02 -1.050000000000000000e+02 -1.000000000000000000e+00 5.170000000000000000e+04 5.000900000000000000e+04 5.479900000000000000e+04 5.097800000000000000e+04 4.926588956499472260e+01 2.700000000000000000e+01
-2.740000000000000000e+02 -1.290000000000000000e+02 7.000000000000000000e+00 5.154400000000000000e+04 4.988600000000000000e+04 5.477500000000000000e+04 5.089400000000000000e+04 4.927965277596376836e+01 1.900000000000000000e+01
-2.400000000000000000e+02 -1.450000000000000000e+02 8.000000000000000000e+00 5.215200000000000000e+04 4.988700000000000000e+04 5.465000000000000000e+04 5.105500000000000000e+04 4.928686928097158670e+01 1.900000000000000000e+01
-2.090000000000000000e+02 -2.800000000000000000e+01 3.300000000000000000e+01 5.287600000000000000e+04 4.898800000000000000e+04 5.399200000000000000e+04 5.167600000000000000e+04 4.929545445297844708e+01 1.900000000000000000e+01
-1.580000000000000000e+02 1.720000000000000000e+02 1.000000000000000000e+01 5.373500000000000000e+04 4.726800000000000000e+04 5.303800000000000000e+04 5.296700000000000000e+04 4.930583056993782520e+01 1.900000000000000000e+01
-6.200000000000000000e+01 2.270000000000000000e+02 0.000000000000000000e+00 5.398100000000000000e+04 4.778100000000000000e+04 5.264500000000000000e+04 5.253200000000000000e+04 4.931634707399643958e+01 1.900000000000000000e+01
6.500000000000000000e+01 1.360000000000000000e+02 -5.000000000000000000e+00 5.366000000000000000e+04 4.953100000000000000e+04 5.277600000000000000e+04 5.113100000000000000e+04 4.932589264900889248e+01 1.700000000000000000e+01
2.570000000000000000e+02 -4.200000000000000000e+01 -3.000000000000000000e+01 5.329800000000000000e+04 5.131700000000000000e+04 5.300800000000000000e+04 4.946900000000000000e+04 4.933707670203875750e+01 1.700000000000000000e+01
3.960000000000000000e+02 -2.290000000000000000e+02 -3.000000000000000000e+01 5.356400000000000000e+04 5.266900000000000000e+04 5.268600000000000000e+04 4.806800000000000000e+04 4.934592600399628282e+01 1.700000000000000000e+01
5.060000000000000000e+02 -4.290000000000000000e+02 -3.000000000000000000e+01 5.308500000000000000e+04 5.420300000000000000e+04 5.310000000000000000e+04 4.577500000000000000e+04 4.935696552903391421e+01 1.700000000000000000e+01
4.860000000000000000e+02 -5.410000000000000000e+02 -2.100000000000000000e+01 5.181800000000000000e+04 5.410900000000000000e+04 5.395800000000000000e+04 4.554500000000000000e+04 4.936542436899617314e+01 1.700000000000000000e+01
3.870000000000000000e+02 -7.270000000000000000e+02 -5.100000000000000000e+01 5.024000000000000000e+04 5.457000000000000000e+04 5.504500000000000000e+04 4.469500000000000000e+04 4.937573602097108960e+01 1.300000000000000000e+01
3.070000000000000000e+02 -7.480000000000000000e+02 -5.700000000000000000e+01 4.989500000000000000e+04 5.559800000000000000e+04 5.511000000000000000e+04 4.290700000000000000e+04 4.938844634802080691e+01 1.300000000000000000e+01
3.300000000000000000e+02 -7.060000000000000000e+02 -6.200000000000000000e+01 5.032400000000000000e+04 5.493100000000000000e+04 5.462400000000000000e+04 4.413500000000000000e+04 4.939640231500379741e+01 1.300000000000000000e+01
2.000000000000000000e+02 -4.600000000000000000e+02 -6.300000000000000000e+01 4.895800000000000000e+04 5.271800000000000000e+04 5.516500000000000000e+04 4.756600000000000000e+04 4.940527970099356025e+01 1.300000000000000000e+01
5.600000000000000000e+01 -1.910000000000000000e+02 -8.600000000000000000e+01 4.958500000000000000e+04 5.147000000000000000e+04 5.463400000000000000e+04 4.900700000000000000e+04 4.941541267698630691e+01 1.300000000000000000e+01
-8.000000000000000000e+01 -3.600000000000000000e+01 -5.200000000000000000e+01 4.915200000000000000e+04 4.914200000000000000e+04 5.501300000000000000e+04 5.125200000000000000e+04 4.942817801493220031e+01 1.270000000000000000e+02
-2.990000000000000000e+02 6.400000000000000000e+01 -3.600000000000000000e+01 4.858200000000000000e+04 4.891000000000000000e+04 5.561000000000000000e+04 5.142800000000000000e+04 4.943562593101523817e+01 1.270000000000000000e+02
-5.400000000000000000e+02 1.230000000000000000e+02 -5.500000000000000000e+01 4.614000000000000000e+04 4.620100000000000000e+04 5.704900000000000000e+04 5.350700000000000000e+04 4.944609664694871753e+01 1.270000000000000000e+02
-7.140000000000000000e+02 1.420000000000000000e+02 -1.500000000000000000e+01 4.514800000000000000e+04 4.538300000000000000e+04 5.754500000000000000e+04 5.409800000000000000e+04 4.945623774803243577e+01 1.270000000000000000e+02
-7.200000000000000000e+02 2.440000000000000000e+02 -6.000000000000000000e+00 4.687500000000000000e+04 4.475100000000000000e+04 5.673800000000000000e+04 5.424900000000000000e+04 4.946619980700779706e+01 1.270000000000000000e+02
-5.560000000000000000e+02 3.950000000000000000e+02 1.300000000000000000e+01 4.732700000000000000e+04 4.339900000000000000e+04 5.520900000000000000e+04 5.336000000000000000e+04 4.947624715301208198e+01 7.840000000000000000e+02
-3.490000000000000000e+02 4.490000000000000000e+02 2.900000000000000000e+01 4.883100000000000000e+04 4.402600000000000000e+04 5.443300000000000000e+04 5.267900000000000000e+04 4.948558175994548947e+01 7.840000000000000000e+02
-1.220000000000000000e+02 4.320000000000000000e+02 3.200000000000000000e+01 4.982700000000000000e+04 4.524300000000000000e+04 5.322900000000000000e+04 5.144600000000000000e+04 4.949633292597718537e+01 7.840000000000000000e+02
2.170000000000000000e+02 3.440000000000000000e+02 2.800000000000000000e+01 5.074500000000000000e+04 4.776600000000000000e+04 5.241100000000000000e+04 4.944100000000000000e+04 4.950554083299357444e+01 7.840000000000000000e+02
6.200000000000000000e+02 2.400000000000000000e+02 3.500000000000000000e+01 5.246700000000000000e+04 5.043900000000000000e+04 5.077700000000000000e+04 4.662800000000000000e+04 4.951556508895009756e+01 7.840000000000000000e+02
9.750000000000000000e+02 1.500000000000000000e+01 6.300000000000000000e+01 5.321600000000000000e+04 5.300600000000000000e+04 5.044500000000000000e+04 4.293600000000000000e+04 4.952538735803682357e+01 7.840000000000000000e+02
1.150000000000000000e+03 -2.330000000000000000e+02 9.600000000000000000e+01 5.326700000000000000e+04 5.478800000000000000e+04 5.085200000000000000e+04 3.982400000000000000e+04 4.953746712103020400e+01 7.690000000000000000e+02
1.235000000000000000e+03 -4.470000000000000000e+02 1.280000000000000000e+02 5.302600000000000000e+04 5.516500000000000000e+04 5.169900000000000000e+04 3.878600000000000000e+04 4.954725878697354347e+01 7.690000000000000000e+02
1.112000000000000000e+03 -5.060000000000000000e+02 1.680000000000000000e+02 5.266200000000000000e+04 5.489500000000000000e+04 5.275500000000000000e+04 3.887400000000000000e+04 4.955546742503065616e+01 7.690000000000000000e+02
9.250000000000000000e+02 -5.860000000000000000e+02 2.150000000000000000e+02 5.167700000000000000e+04 5.409200000000000000e+04 5.400900000000000000e+04 3.993800000000000000e+04 4.956605421693529934e+01 7.690000000000000000e+02
7.020000000000000000e+02 -4.860000000000000000e+02 2.380000000000000000e+02 5.243400000000000000e+04 5.277200000000000000e+04 5.391600000000000000e+04 4.221000000000000000e+04 4.957532027096021920e+01 7.670000000000000000e+02
4.810000000000000000e+02 -3.290000000000000000e+02 2.420000000000000000e+02 5.247600000000000000e+04 5.103900000000000000e+04 5.410200000000000000e+04 4.419400000000000000e+04 4.958598781900946051e+01 7.670000000000000000e+02
2.560000000000000000e+02 -2.710000000000000000e+02 2.460000000000000000e+02 5.176900000000000000e+04 4.999300000000000000e+04 5.487500000000000000e+04 4.546900000000000000e+04 4.959539376304019243e+01 7.670000000000000000e+02
-7.500000000000000000e+01 -1.540000000000000000e+02 2.340000000000000000e+02 5.119800000000000000e+04 4.800000000000000000e+04 5.545000000000000000e+04 4.770500000000000000e+04 4.960622922901529819e+01 7.670000000000000000e+02
-3.140000000000000000e+02 -7.900000000000000000e+01 1.970000000000000000e+02 5.035200000000000000e+04 4.604600000000000000e+04 5.605200000000000000e+04 4.973900000000000000e+04 4.961501197400502861e+01 7.670000000000000000e+02
-5.390000000000000000e+02 -9.100000000000000000e+01 2.110000000000000000e+02 4.976300000000000000e+04 4.500900000000000000e+04 5.648700000000000000e+04 5.065000000000000000e+04 4.962497431796509773e+01 7.640000000000000000e+02
-5.740000000000000000e+02 -8.100000000000000000e+01 1.990000000000000000e+02 4.953700000000000000e+04 4.588500000000000000e+04 5.708300000000000000e+04 5.038900000000000000e+04 4.963523315801285207e+01 7.640000000000000000e+02
-5.280000000000000000e+02 -1.680000000000000000e+02 1.970000000000000000e+02 4.949700000000000000e+04 4.618300000000000000e+04 5.722800000000000000e+04 5.008000000000000000e+04 4.964579293294809759e+01 7.640000000000000000e+02
-4.240000000000000000e+02 -2.810000000000000000e+02 1.910000000000000000e+02 5.026200000000000000e+04 4.762400000000000000e+04 5.681900000000000000e+04 4.882100000000000000e+04 4.965643694694153965e+01 7.640000000000000000e+02
-1.600000000000000000e+02 -2.860000000000000000e+02 1.930000000000000000e+02 5.186000000000000000e+04 4.951500000000000000e+04 5.599300000000000000e+04 4.694400000000000000e+04 4.966558134497608989e+01 7.640000000000000000e+02
1.410000000000000000e+02 -2.230000000000000000e+02 1.610000000000000000e+02 5.386300000000000000e+04 5.035000000000000000e+04 5.461700000000000000e+04 4.643200000000000000e+04 4.967594651796389371e+01 7.590000000000000000e+02
3.190000000000000000e+02 -1.420000000000000000e+02 1.610000000000000000e+02 5.499100000000000000e+04 5.068100000000000000e+04 5.346900000000000000e+04 4.615300000000000000e+04 4.968528084398712963e+01 7.590000000000000000e+02
4.050000000000000000e+02 -1.510000000000000000e+02 1.650000000000000000e+02 5.512000000000000000e+04 5.113600000000000000e+04 5.359700000000000000e+04 4.577500000000000000e+04 4.969484626594930887e+01 7.590000000000000000e+02
3.860000000000000000e+02 -9.500000000000000000e+01 1.310000000000000000e+02 5.514900000000000000e+04 5.051400000000000000e+04 5.357300000000000000e+04 4.662600000000000000e+04 4.970611411298159510e+01 7.590000000000000000e+02
2.840000000000000000e+02 -9.700000000000000000e+01 1.280000000000000000e+02 5.434700000000000000e+04 4.993500000000000000e+04 5.438900000000000000e+04 4.739000000000000000e+04 4.971584499301388860e+01 7.590000000000000000e+02
1.270000000000000000e+02 -1.870000000000000000e+02 1.160000000000000000e+02 5.343900000000000000e+04 4.953300000000000000e+04 5.541800000000000000e+04 4.805500000000000000e+04 4.972592523996718228e+01 7.590000000000000000e+02
-1.250000000000000000e+02 -2.230000000000000000e+02 8.300000000000000000e+01 5.213000000000000000e+04 4.835300000000000000e+04 5.640600000000000000e+04 4.951100000000000000e+04 4.973515605903230608e+01 7.590000000000000000e+02
-3.820000000000000000e+02 -2.750000000000000000e+02 4.500000000000000000e+01 5.038400000000000000e+04 4.800600000000000000e+04 5.756100000000000000e+04 5.023400000000000000e+04 4.974608201603405178e+01 7.590000000000000000e+02
-5.430000000000000000e+02 -4.180000000000000000e+02 6.900000000000000000e+01 4.908100000000000000e+04 4.809400000000000000e+04 5.814300000000000000e+04 5.008900000000000000e+04 4.975502390495967120e+01 7.590000000000000000e+02
-5.710000000000000000e+02 -5.150000000000000000e+02 7.200000000000000000e+01 4.877900000000000000e+04 4.827000000000000000e+04 5.833700000000000000e+04 4.994500000000000000e+04 4.976585733902174979e+01 7.590000000000000000e+02
-5.100000000000000000e+02 -5.680000000000000000e+02 5.400000000000000000e+01 4.897600000000000000e+04 4.954000000000000000e+04 5.857500000000000000e+04 4.913600000000000000e+04 4.977690136001911014e+01 7.520000000000000000e+02
-3.440000000000000000e+02 -5.140000000000000000e+02 5.500000000000000000e+01 4.945200000000000000e+04 4.963500000000000000e+04 5.826400000000000000e+04 4.890400000000000000e+04 4.978537675493862480e+01 7.520000000000000000e+02
-1.720000000000000000e+02 -5.010000000000000000e+02 5.900000000000000000e+01 4.925900000000000000e+04 5.109200000000000000e+04 5.838600000000000000e+04 4.720300000000000000e+04 4.979489658994134516e+01 7.520000000000000000e+02
-1.900000000000000000e+01 -3.390000000000000000e+02 5.700000000000000000e+01 5.139900000000000000e+04 5.102600000000000000e+04 5.722100000000000000e+04 4.734700000000000000e+04 4.980521195102483034e+01 7.520000000000000000e+02
1.150000000000000000e+02 -1.310000000000000000e+02 5.300000000000000000e+01 5.254100000000000000e+04 5.092700000000000000e+04 5.652600000000000000e+04 4.770100000000000000e+04 4.981599229294806719e+01 7.520000000000000000e+02
1.850000000000000000e+02 1.140000000000000000e+02 8.000000000000000000e+00 5.373300000000000000e+04 5.018200000000000000e+04 5.554000000000000000e+04 4.846300000000000000e+04 4.982768211397342384e+01 7.530000000000000000e+02
2.090000000000000000e+02 2.940000000000000000e+02 -2.100000000000000000e+01 5.382500000000000000e+04 4.996600000000000000e+04 5.520300000000000000e+04 4.896800000000000000e+04 4.983567607600707561e+01 7.530000000000000000e+02
1.960000000000000000e+02 3.310000000000000000e+02 -8.700000000000000000e+01 5.368500000000000000e+04 4.972100000000000000e+04 5.491400000000000000e+04 4.972600000000000000e+04 4.984608693502377719e+01 7.530000000000000000e+02
1.370000000000000000e+02 3.310000000000000000e+02 -1.080000000000000000e+02 5.317800000000000000e+04 4.991400000000000000e+04 5.518100000000000000e+04 5.008500000000000000e+04 4.985533614095766097e+01 7.530000000000000000e+02
1.430000000000000000e+02 2.820000000000000000e+02 -1.570000000000000000e+02 5.293300000000000000e+04 5.083500000000000000e+04 5.515800000000000000e+04 4.940300000000000000e+04 4.986662086204160005e+01 7.530000000000000000e+02
1.890000000000000000e+02 2.450000000000000000e+02 -1.850000000000000000e+02 5.274500000000000000e+04 5.104800000000000000e+04 5.482900000000000000e+04 4.928600000000000000e+04 4.987907936202827841e+01 7.510000000000000000e+02
1.860000000000000000e+02 2.180000000000000000e+02 -1.920000000000000000e+02 5.307300000000000000e+04 5.164100000000000000e+04 5.424500000000000000e+04 4.895000000000000000e+04 4.988546505302656442e+01 7.510000000000000000e+02
1.670000000000000000e+02 1.420000000000000000e+02 -1.830000000000000000e+02 5.278800000000000000e+04 5.192300000000000000e+04 5.418400000000000000e+04 4.857300000000000000e+04 4.989513081999029964e+01 7.510000000000000000e+02
1.930000000000000000e+02 1.400000000000000000e+02 -1.850000000000000000e+02 5.220500000000000000e+04 5.241100000000000000e+04 5.462000000000000000e+04 4.798900000000000000e+04 4.990473103499971330e+01 7.510000000000000000e+02
1.960000000000000000e+02 1.260000000000000000e+02 -1.750000000000000000e+02 5.204500000000000000e+04 5.251500000000000000e+04 5.474200000000000000e+04 4.779500000000000000e+04 4.991498195298481733e+01 7.510000000000000000e+02
1.030000000000000000e+02 5.700000000000000000e+01 -1.540000000000000000e+02 5.208900000000000000e+04 5.255300000000000000e+04 5.471200000000000000e+04 4.758300000000000000e+04 4.992528614902403206e+01 7.480000000000000000e+02
4.900000000000000000e+01 1.020000000000000000e+02 -1.560000000000000000e+02 5.215600000000000000e+04 5.182000000000000000e+04 5.486300000000000000e+04 4.869000000000000000e+04 4.993479474599007517e+01 7.480000000000000000e+02
3.800000000000000000e+01 1.210000000000000000e+02 -1.630000000000000000e+02 5.175800000000000000e+04 5.178900000000000000e+04 5.509000000000000000e+04 4.884200000000000000e+04 4.995048834895715117e+01 7.480000000000000000e+02
-7.000000000000000000e+01 1.320000000000000000e+02 -1.350000000000000000e+02 5.153500000000000000e+04 5.133600000000000000e+04 5.524800000000000000e+04 4.931600000000000000e+04 4.996398348093498498e+01 7.480000000000000000e+02
-1.410000000000000000e+02 1.170000000000000000e+02 -1.300000000000000000e+02 5.073000000000000000e+04 5.124800000000000000e+04 5.573100000000000000e+04 4.944900000000000000e+04 4.998839602502994239e+01 7.480000000000000000e+02
-1.880000000000000000e+02 1.830000000000000000e+02 -1.540000000000000000e+02 5.109000000000000000e+04 5.057600000000000000e+04 5.545800000000000000e+04 5.019200000000000000e+04 4.999577711103484035e+01 7.450000000000000000e+02
-2.250000000000000000e+02 1.830000000000000000e+02 -1.470000000000000000e+02 5.110000000000000000e+04 5.030600000000000000e+04 5.518900000000000000e+04 5.029700000000000000e+04 4.999722440901678056e+01 7.450000000000000000e+02
-2.150000000000000000e+02 1.850000000000000000e+02 -1.460000000000000000e+02 5.053200000000000000e+04 5.060800000000000000e+04 5.546000000000000000e+04 5.011400000000000000e+04 4.999998923297971487e+01 7.450000000000000000e+02
-1.870000000000000000e+02 2.030000000000000000e+02 -1.790000000000000000e+02 5.085400000000000000e+04 5.087800000000000000e+04 5.503600000000000000e+04 5.003500000000000000e+04 5.001645779493264854e+01 7.450000000000000000e+02
-7.200000000000000000e+01 2.540000000000000000e+02 -1.740000000000000000e+02 5.146600000000000000e+04 5.089200000000000000e+04 5.444900000000000000e+04 5.004200000000000000e+04 5.002379983500577509e+01 7.450000000000000000e+02
-4.000000000000000000e+00 2.240000000000000000e+02 -1.650000000000000000e+02 5.173600000000000000e+04 5.147900000000000000e+04 5.423800000000000000e+04 4.960300000000000000e+04 5.002974847797304392e+01 7.450000000000000000e+02
6.300000000000000000e+01 2.730000000000000000e+02 -1.570000000000000000e+02 5.205900000000000000e+04 5.199200000000000000e+04 5.395300000000000000e+04 4.902300000000000000e+04 5.003604978998191655e+01 7.450000000000000000e+02
1.560000000000000000e+02 2.790000000000000000e+02 -1.620000000000000000e+02 5.287200000000000000e+04 5.159200000000000000e+04 5.303800000000000000e+04 4.949100000000000000e+04 5.004858785204123706e+01 7.450000000000000000e+02
1.470000000000000000e+02 2.420000000000000000e+02 -1.450000000000000000e+02 5.251200000000000000e+04 5.179800000000000000e+04 5.348300000000000000e+04 4.928100000000000000e+04 5.005530336999800056e+01 7.450000000000000000e+02
1.250000000000000000e+02 2.310000000000000000e+02 -1.290000000000000000e+02 5.242400000000000000e+04 5.269300000000000000e+04 5.134400000000000000e+04 5.059700000000000000e+04 5.006521494593471289e+01 7.450000000000000000e+02
1.440000000000000000e+02 1.930000000000000000e+02 -1.390000000000000000e+02 5.191600000000000000e+04 5.257800000000000000e+04 5.178400000000000000e+04 5.011000000000000000e+04 5.007581947196740657e+01 7.480000000000000000e+02
2.300000000000000000e+01 1.030000000000000000e+02 -1.080000000000000000e+02 5.166400000000000000e+04 5.155300000000000000e+04 5.366000000000000000e+04 4.881300000000000000e+04 5.008578427904285491e+01 7.480000000000000000e+02
0.000000000000000000e+00 9.000000000000000000e+01 -1.220000000000000000e+02 5.095600000000000000e+04 5.115300000000000000e+04 5.407400000000000000e+04 4.899300000000000000e+04 5.009498051402624696e+01 7.480000000000000000e+02
-6.300000000000000000e+01 5.300000000000000000e+01 -1.260000000000000000e+02 5.056400000000000000e+04 5.148100000000000000e+04 5.419100000000000000e+04 4.868900000000000000e+04 5.010615095600951463e+01 7.480000000000000000e+02
-1.240000000000000000e+02 4.300000000000000000e+01 -1.130000000000000000e+02 5.021900000000000000e+04 5.121700000000000000e+04 5.436100000000000000e+04 4.893700000000000000e+04 5.011483702401164919e+01 7.480000000000000000e+02
-1.140000000000000000e+02 9.600000000000000000e+01 -1.030000000000000000e+02 5.038100000000000000e+04 5.090700000000000000e+04 5.426900000000000000e+04 4.915400000000000000e+04 5.012643195700366050e+01 7.480000000000000000e+02
-1.310000000000000000e+02 6.200000000000000000e+01 -1.100000000000000000e+02 5.064500000000000000e+04 5.065500000000000000e+04 5.390900000000000000e+04 4.938700000000000000e+04 5.013524799002334476e+01 7.480000000000000000e+02
-1.280000000000000000e+02 1.270000000000000000e+02 -9.100000000000000000e+01 5.048000000000000000e+04 5.071300000000000000e+04 5.400300000000000000e+04 4.920100000000000000e+04 5.014557469298597425e+01 7.480000000000000000e+02
-8.000000000000000000e+01 1.020000000000000000e+02 -1.060000000000000000e+02 5.048400000000000000e+04 5.097100000000000000e+04 5.399200000000000000e+04 4.875600000000000000e+04 5.015595609997399151e+01 7.480000000000000000e+02
-5.800000000000000000e+01 1.180000000000000000e+02 -5.800000000000000000e+01 5.128200000000000000e+04 5.065000000000000000e+04 5.332200000000000000e+04 4.897500000000000000e+04 5.016510771703906357e+01 7.480000000000000000e+02
-2.200000000000000000e+01 1.100000000000000000e+02 -6.200000000000000000e+01 5.135900000000000000e+04 5.026300000000000000e+04 5.294100000000000000e+04 4.899900000000000000e+04 5.017581711302045733e+01 7.500000000000000000e+02
-4.100000000000000000e+01 1.410000000000000000e+02 -4.100000000000000000e+01 5.111400000000000000e+04 5.062600000000000000e+04 5.325200000000000000e+04 4.839000000000000000e+04 5.018734616297297180e+01 7.500000000000000000e+02
-2.600000000000000000e+01 8.400000000000000000e+01 -4.500000000000000000e+01 5.145200000000000000e+04 5.015600000000000000e+04 5.289500000000000000e+04 4.884700000000000000e+04 5.019505624298471957e+01 7.500000000000000000e+02
-5.100000000000000000e+01 1.170000000000000000e+02 -4.300000000000000000e+01 5.044600000000000000e+04 5.046600000000000000e+04 5.369000000000000000e+04 4.817300000000000000e+04 5.020856652094516903e+01 7.500000000000000000e+02
-4.700000000000000000e+01 2.400000000000000000e+01 -2.700000000000000000e+01 5.065000000000000000e+04 5.051300000000000000e+04 5.353200000000000000e+04 4.808800000000000000e+04 5.021588078897912055e+01 7.500000000000000000e+02
-7.300000000000000000e+01 2.100000000000000000e+01 -1.600000000000000000e+01 5.024900000000000000e+04 5.045200000000000000e+04 5.390500000000000000e+04 4.809000000000000000e+04 5.022511063504498452e+01 7.520000000000000000e+02
-6.300000000000000000e+01 2.100000000000000000e+01 -1.900000000000000000e+01 5.007000000000000000e+04 5.003900000000000000e+04 5.404600000000000000e+04 4.834200000000000000e+04 5.023509752901736647e+01 7.520000000000000000e+02
-1.140000000000000000e+02 4.000000000000000000e+00 -1.100000000000000000e+01 4.971600000000000000e+04 5.022300000000000000e+04 5.429900000000000000e+04 4.812800000000000000e+04 5.024843824293930084e+01 7.520000000000000000e+02
-1.220000000000000000e+02 -1.700000000000000000e+01 1.700000000000000000e+01 4.988000000000000000e+04 5.014300000000000000e+04 5.433700000000000000e+04 4.798300000000000000e+04 5.025680845195893198e+01 7.520000000000000000e+02
-1.160000000000000000e+02 -1.000000000000000000e+00 1.100000000000000000e+01 5.070100000000000000e+04 4.941300000000000000e+04 5.371600000000000000e+04 4.870400000000000000e+04 5.026560628297738731e+01 7.520000000000000000e+02
-9.200000000000000000e+01 5.500000000000000000e+01 2.100000000000000000e+01 5.025000000000000000e+04 4.996100000000000000e+04 5.432800000000000000e+04 4.824000000000000000e+04 5.027782774099614471e+01 7.510000000000000000e+02
-5.100000000000000000e+01 6.000000000000000000e+01 2.300000000000000000e+01 5.079600000000000000e+04 4.990100000000000000e+04 5.393900000000000000e+04 4.834600000000000000e+04 5.028643011196982116e+01 7.510000000000000000e+02
-6.500000000000000000e+01 3.300000000000000000e+01 2.800000000000000000e+01 5.066200000000000000e+04 5.015300000000000000e+04 5.410900000000000000e+04 4.802900000000000000e+04 5.029548053303733468e+01 7.510000000000000000e+02
4.000000000000000000e+00 3.300000000000000000e+01 6.000000000000000000e+00 5.086600000000000000e+04 4.993300000000000000e+04 5.388700000000000000e+04 4.836500000000000000e+04 5.030449753301218152e+01 7.510000000000000000e+02
-3.800000000000000000e+01 7.000000000000000000e+00 3.000000000000000000e+01 5.060600000000000000e+04 5.048300000000000000e+04 5.417400000000000000e+04 4.766500000000000000e+04 5.031449252297170460e+01 7.510000000000000000e+02
-5.100000000000000000e+01 6.000000000000000000e+00 2.200000000000000000e+01 5.079600000000000000e+04 4.985000000000000000e+04 5.416300000000000000e+04 4.860000000000000000e+04 5.032615767093375325e+01 7.550000000000000000e+02
-3.600000000000000000e+01 6.000000000000000000e+00 1.900000000000000000e+01 5.077700000000000000e+04 5.036000000000000000e+04 5.415300000000000000e+04 4.784100000000000000e+04 5.033495677402243018e+01 7.550000000000000000e+02
-4.400000000000000000e+01 -6.500000000000000000e+01 3.500000000000000000e+01 5.013100000000000000e+04 5.033800000000000000e+04 5.461300000000000000e+04 4.796300000000000000e+04 5.034580438595730811e+01 7.550000000000000000e+02
-4.300000000000000000e+01 -6.000000000000000000e+01 1.100000000000000000e+01 5.039900000000000000e+04 5.076800000000000000e+04 5.443100000000000000e+04 4.751000000000000000e+04 5.035501292103435844e+01 7.550000000000000000e+02
-1.000000000000000000e+01 3.000000000000000000e+01 7.000000000000000000e+00 5.043300000000000000e+04 5.075100000000000000e+04 5.448600000000000000e+04 4.746700000000000000e+04 5.036467176699079573e+01 7.550000000000000000e+02
-1.000000000000000000e+00 0.000000000000000000e+00 2.200000000000000000e+01 5.091100000000000000e+04 5.028600000000000000e+04 5.395700000000000000e+04 4.780000000000000000e+04 5.037467712094075978e+01 7.570000000000000000e+02
-4.300000000000000000e+01 1.500000000000000000e+02 1.100000000000000000e+01 5.143900000000000000e+04 4.915100000000000000e+04 5.337300000000000000e+04 4.888800000000000000e+04 5.038471585500519723e+01 7.570000000000000000e+02
-3.800000000000000000e+01 1.870000000000000000e+02 5.000000000000000000e+00 5.152400000000000000e+04 4.882100000000000000e+04 5.333600000000000000e+04 4.925200000000000000e+04 5.039506517699919641e+01 7.570000000000000000e+02
-1.080000000000000000e+02 1.800000000000000000e+02 2.800000000000000000e+01 5.119900000000000000e+04 4.858600000000000000e+04 5.364400000000000000e+04 4.944000000000000000e+04 5.040485964203253388e+01 7.570000000000000000e+02
-8.700000000000000000e+01 1.900000000000000000e+02 1.600000000000000000e+01 5.139200000000000000e+04 4.832300000000000000e+04 5.349700000000000000e+04 4.969500000000000000e+04 5.041525683493819088e+01 7.570000000000000000e+02
-8.400000000000000000e+01 1.430000000000000000e+02 2.600000000000000000e+01 5.088600000000000000e+04 4.871700000000000000e+04 5.408500000000000000e+04 4.915800000000000000e+04 5.042641616694163531e+01 7.560000000000000000e+02
-7.000000000000000000e+01 6.500000000000000000e+01 2.800000000000000000e+01 5.101300000000000000e+04 4.906200000000000000e+04 5.458100000000000000e+04 4.867400000000000000e+04 5.043558636400848627e+01 7.560000000000000000e+02
2.000000000000000000e+00 1.900000000000000000e+01 -4.000000000000000000e+00 5.064000000000000000e+04 5.001200000000000000e+04 5.452800000000000000e+04 4.825500000000000000e+04 5.044669527199584991e+01 7.560000000000000000e+02
5.600000000000000000e+01 -9.400000000000000000e+01 2.100000000000000000e+01 5.067400000000000000e+04 5.074500000000000000e+04 5.464000000000000000e+04 4.723200000000000000e+04 5.045567625702824444e+01 7.560000000000000000e+02
1.110000000000000000e+02 -1.410000000000000000e+02 3.700000000000000000e+01 5.106500000000000000e+04 5.137500000000000000e+04 5.424600000000000000e+04 4.664900000000000000e+04 5.046547534596174955e+01 7.560000000000000000e+02
1.020000000000000000e+02 -1.290000000000000000e+02 1.600000000000000000e+01 5.050200000000000000e+04 5.103700000000000000e+04 5.477700000000000000e+04 4.718600000000000000e+04 5.047577292995993048e+01 7.560000000000000000e+02
1.000000000000000000e+02 -1.810000000000000000e+02 3.100000000000000000e+01 5.103300000000000000e+04 5.092100000000000000e+04 5.449500000000000000e+04 4.721900000000000000e+04 5.048571988800540566e+01 7.560000000000000000e+02
3.600000000000000000e+01 -1.720000000000000000e+02 3.100000000000000000e+01 5.052300000000000000e+04 5.075100000000000000e+04 5.486200000000000000e+04 4.757400000000000000e+04 5.049651735299266875e+01 7.560000000000000000e+02
-1.400000000000000000e+01 -1.470000000000000000e+02 1.500000000000000000e+01 4.993400000000000000e+04 5.115500000000000000e+04 5.536900000000000000e+04 4.703100000000000000e+04 5.050538777303881943e+01 7.560000000000000000e+02
-7.500000000000000000e+01 -1.140000000000000000e+02 3.300000000000000000e+01 4.984300000000000000e+04 5.034500000000000000e+04 5.550100000000000000e+04 4.796500000000000000e+04 5.051537910196930170e+01 7.560000000000000000e+02
-1.660000000000000000e+02 -4.100000000000000000e+01 3.200000000000000000e+01 5.000500000000000000e+04 4.942600000000000000e+04 5.568400000000000000e+04 4.857000000000000000e+04 5.052563749894034117e+01 7.570000000000000000e+02
-1.650000000000000000e+02 6.700000000000000000e+01 2.200000000000000000e+01 5.048900000000000000e+04 4.921900000000000000e+04 5.547200000000000000e+04 4.897000000000000000e+04 5.053539167903363705e+01 7.570000000000000000e+02
-1.490000000000000000e+02 1.150000000000000000e+02 2.300000000000000000e+01 5.077700000000000000e+04 4.846100000000000000e+04 5.533700000000000000e+04 4.969400000000000000e+04 5.054564379097428173e+01 7.570000000000000000e+02
-1.250000000000000000e+02 1.040000000000000000e+02 4.400000000000000000e+01 5.119700000000000000e+04 4.863700000000000000e+04 5.507900000000000000e+04 4.950700000000000000e+04 5.055474431300535798e+01 7.570000000000000000e+02
-9.800000000000000000e+01 1.870000000000000000e+02 2.500000000000000000e+01 5.113800000000000000e+04 4.893200000000000000e+04 5.524800000000000000e+04 4.944800000000000000e+04 5.056460961094126105e+01 7.570000000000000000e+02
-2.300000000000000000e+01 1.670000000000000000e+02 -2.000000000000000000e+00 5.124900000000000000e+04 4.910800000000000000e+04 5.469200000000000000e+04 4.890500000000000000e+04 5.057461248000618070e+01 7.600000000000000000e+02
3.000000000000000000e+01 1.230000000000000000e+02 1.100000000000000000e+01 5.149200000000000000e+04 4.935900000000000000e+04 5.437400000000000000e+04 4.880300000000000000e+04 5.058575658802874386e+01 7.600000000000000000e+02
7.200000000000000000e+01 1.520000000000000000e+02 2.000000000000000000e+00 5.226300000000000000e+04 4.915200000000000000e+04 5.335100000000000000e+04 4.911100000000000000e+04 5.059586405300069600e+01 7.600000000000000000e+02
1.350000000000000000e+02 8.700000000000000000e+01 -9.000000000000000000e+00 5.134800000000000000e+04 5.037800000000000000e+04 5.406900000000000000e+04 4.789900000000000000e+04 5.060778167599346489e+01 7.600000000000000000e+02
1.130000000000000000e+02 9.000000000000000000e+00 -4.000000000000000000e+00 5.130800000000000000e+04 5.063300000000000000e+04 5.401300000000000000e+04 4.774800000000000000e+04 5.061578352097421885e+01 7.600000000000000000e+02
1.560000000000000000e+02 -5.500000000000000000e+01 -3.200000000000000000e+01 5.135400000000000000e+04 5.107600000000000000e+04 5.399500000000000000e+04 4.759500000000000000e+04 5.062445039895828813e+01 7.600000000000000000e+02
1.190000000000000000e+02 -1.150000000000000000e+02 -6.000000000000000000e+00 5.035400000000000000e+04 5.146600000000000000e+04 5.471600000000000000e+04 4.677700000000000000e+04 5.063477440597489476e+01 7.600000000000000000e+02
8.800000000000000000e+01 -1.390000000000000000e+02 -1.100000000000000000e+01 5.016100000000000000e+04 5.148400000000000000e+04 5.481300000000000000e+04 4.676900000000000000e+04 5.064644628495443612e+01 7.600000000000000000e+02
4.600000000000000000e+01 -1.060000000000000000e+02 -3.200000000000000000e+01 4.975900000000000000e+04 5.106900000000000000e+04 5.494600000000000000e+04 4.749100000000000000e+04 5.065546229004394263e+01 7.600000000000000000e+02
1.800000000000000000e+01 -1.180000000000000000e+02 -2.200000000000000000e+01 4.966700000000000000e+04 5.100400000000000000e+04 5.480900000000000000e+04 4.793400000000000000e+04 5.066471613093744963e+01 7.600000000000000000e+02
-5.300000000000000000e+01 -1.150000000000000000e+02 -2.800000000000000000e+01 4.918500000000000000e+04 5.075900000000000000e+04 5.519500000000000000e+04 4.832100000000000000e+04 5.067553439701441675e+01 7.590000000000000000e+02
-5.100000000000000000e+01 1.000000000000000000e+00 -4.400000000000000000e+01 4.973300000000000000e+04 5.043500000000000000e+04 5.464300000000000000e+04 4.859100000000000000e+04 5.068475017696619034e+01 7.590000000000000000e+02
-4.700000000000000000e+01 -4.100000000000000000e+01 -4.300000000000000000e+01 4.959600000000000000e+04 5.039100000000000000e+04 5.461000000000000000e+04 4.890600000000000000e+04 5.069672441703733057e+01 7.590000000000000000e+02
-7.000000000000000000e+01 5.900000000000000000e+01 -3.300000000000000000e+01 4.976700000000000000e+04 4.999900000000000000e+04 5.437900000000000000e+04 4.944300000000000000e+04 5.070580946595873684e+01 7.590000000000000000e+02
2.000000000000000000e+00 5.600000000000000000e+01 -6.800000000000000000e+01 5.006300000000000000e+04 5.033000000000000000e+04 5.407600000000000000e+04 4.914700000000000000e+04 5.071538066095672548e+01 7.590000000000000000e+02
1.900000000000000000e+01 1.050000000000000000e+02 -5.500000000000000000e+01 5.048800000000000000e+04 5.026400000000000000e+04 5.360300000000000000e+04 4.937200000000000000e+04 5.072369756095577031e+01 7.600000000000000000e+02
7.500000000000000000e+01 4.300000000000000000e+01 -4.500000000000000000e+01 5.068000000000000000e+04 5.088400000000000000e+04 5.365600000000000000e+04 4.863800000000000000e+04 5.073422362096607685e+01 7.600000000000000000e+02
8.100000000000000000e+01 7.200000000000000000e+01 -4.800000000000000000e+01 5.031800000000000000e+04 5.085300000000000000e+04 5.396700000000000000e+04 4.868200000000000000e+04 5.074623520101886243e+01 7.600000000000000000e+02
1.500000000000000000e+02 5.500000000000000000e+01 -6.300000000000000000e+01 5.100100000000000000e+04 5.137000000000000000e+04 5.323000000000000000e+04 4.833400000000000000e+04 5.075540204299613833e+01 7.600000000000000000e+02
1.020000000000000000e+02 2.900000000000000000e+01 -4.700000000000000000e+01 5.048600000000000000e+04 5.170300000000000000e+04 5.342200000000000000e+04 4.826600000000000000e+04 5.076601426501292735e+01 7.600000000000000000e+02
1.180000000000000000e+02 3.900000000000000000e+01 -7.400000000000000000e+01 5.043600000000000000e+04 5.165700000000000000e+04 5.311800000000000000e+04 4.819500000000000000e+04 5.077741604694165289e+01 7.610000000000000000e+02
7.700000000000000000e+01 4.000000000000000000e+01 -7.600000000000000000e+01 5.048900000000000000e+04 5.145500000000000000e+04 5.294100000000000000e+04 4.857300000000000000e+04 5.078543165198061615e+01 7.610000000000000000e+02
4.900000000000000000e+01 3.100000000000000000e+01 -7.400000000000000000e+01 5.012800000000000000e+04 5.148300000000000000e+04 5.319100000000000000e+04 4.862100000000000000e+04 5.079435799794737250e+01 7.610000000000000000e+02
2.200000000000000000e+01 3.200000000000000000e+01 -8.500000000000000000e+01 5.009300000000000000e+04 5.106700000000000000e+04 5.298500000000000000e+04 4.909500000000000000e+04 5.080420502496417612e+01 7.610000000000000000e+02
1.700000000000000000e+01 1.000000000000000000e+00 -7.300000000000000000e+01 4.924300000000000000e+04 5.110300000000000000e+04 5.370900000000000000e+04 4.937100000000000000e+04 5.081664166203700006e+01 7.610000000000000000e+02
-3.600000000000000000e+01 -6.800000000000000000e+01 -6.200000000000000000e+01 4.882100000000000000e+04 5.138500000000000000e+04 5.391200000000000000e+04 4.920600000000000000e+04 5.082489524793345481e+01 7.630000000000000000e+02
-3.300000000000000000e+01 -8.000000000000000000e+00 -7.200000000000000000e+01 4.903800000000000000e+04 5.086300000000000000e+04 5.386200000000000000e+04 4.948600000000000000e+04 5.083415342995431274e+01 7.630000000000000000e+02
-2.100000000000000000e+01 -3.900000000000000000e+01 -6.100000000000000000e+01 4.882900000000000000e+04 5.124500000000000000e+04 5.408100000000000000e+04 4.896000000000000000e+04 5.084515043103601784e+01 7.630000000000000000e+02
-3.200000000000000000e+01 -7.000000000000000000e+00 -6.500000000000000000e+01 4.876700000000000000e+04 5.168900000000000000e+04 5.417200000000000000e+04 4.841800000000000000e+04 5.085481895494740456e+01 7.630000000000000000e+02
3.900000000000000000e+01 -1.700000000000000000e+01 -6.000000000000000000e+01 4.918800000000000000e+04 5.185000000000000000e+04 5.390100000000000000e+04 4.826300000000000000e+04 5.086456708295736462e+01 7.630000000000000000e+02
4.800000000000000000e+01 -1.000000000000000000e+00 -4.800000000000000000e+01 4.945400000000000000e+04 5.153900000000000000e+04 5.361300000000000000e+04 4.822200000000000000e+04 5.087453626794740558e+01 7.630000000000000000e+02
6.800000000000000000e+01 6.600000000000000000e+01 -5.800000000000000000e+01 5.025800000000000000e+04 5.134500000000000000e+04 5.306200000000000000e+04 4.831100000000000000e+04 5.088469671097118407e+01 7.630000000000000000e+02
9.800000000000000000e+01 1.180000000000000000e+02 -4.400000000000000000e+01 5.077500000000000000e+04 5.123100000000000000e+04 5.271300000000000000e+04 4.830700000000000000e+04 5.089474530401639640e+01 7.630000000000000000e+02
7.100000000000000000e+01 6.800000000000000000e+01 -2.800000000000000000e+01 5.122400000000000000e+04 5.087300000000000000e+04 5.245200000000000000e+04 4.853100000000000000e+04 5.090580490697175264e+01 7.630000000000000000e+02
4.000000000000000000e+01 1.020000000000000000e+02 -3.100000000000000000e+01 5.058100000000000000e+04 5.116100000000000000e+04 5.300300000000000000e+04 4.829100000000000000e+04 5.091445254394784570e+01 7.630000000000000000e+02
2.800000000000000000e+01 4.700000000000000000e+01 -1.600000000000000000e+01 5.066300000000000000e+04 5.095400000000000000e+04 5.318900000000000000e+04 4.832000000000000000e+04 5.092409928794950247e+01 7.630000000000000000e+02
1.600000000000000000e+01 4.500000000000000000e+01 -2.900000000000000000e+01 5.034900000000000000e+04 5.066700000000000000e+04 5.366500000000000000e+04 4.838100000000000000e+04 5.093526043894235045e+01 7.630000000000000000e+02
3.000000000000000000e+00 5.000000000000000000e+00 -2.800000000000000000e+01 5.037200000000000000e+04 5.114100000000000000e+04 5.368200000000000000e+04 4.819200000000000000e+04 5.094532305095344782e+01 7.630000000000000000e+02
-4.600000000000000000e+01 -4.300000000000000000e+01 -1.900000000000000000e+01 4.976100000000000000e+04 5.134100000000000000e+04 5.413000000000000000e+04 4.807100000000000000e+04 5.095677101996261626e+01 7.630000000000000000e+02
-6.300000000000000000e+01 -4.100000000000000000e+01 -3.600000000000000000e+01 4.925200000000000000e+04 5.050400000000000000e+04 5.452200000000000000e+04 4.905000000000000000e+04 5.096443705796264112e+01 7.630000000000000000e+02
-1.240000000000000000e+02 -4.800000000000000000e+01 -2.200000000000000000e+01 4.875000000000000000e+04 5.042800000000000000e+04 5.511900000000000000e+04 4.909900000000000000e+04 5.097554499795660377e+01 7.620000000000000000e+02
