-3.300000000000000000e+01 -7.600000000000000000e+01 1.420000000000000000e+02 4.852400000000000000e+04 4.915000000000000000e+04 4.974900000000000000e+04 4.838500000000000000e+04 2.510553951410111040e+01 7.600000000000000000e+02
-2.600000000000000000e+01 -5.000000000000000000e+01 1.660000000000000000e+02 4.826700000000000000e+04 4.924200000000000000e+04 5.022100000000000000e+04 4.829900000000000000e+04 2.511538578011095524e+01 7.600000000000000000e+02
-6.200000000000000000e+01 1.300000000000000000e+01 1.610000000000000000e+02 4.843000000000000000e+04 4.915300000000000000e+04 5.015800000000000000e+04 4.830000000000000000e+04 2.512597196910064667e+01 7.600000000000000000e+02
-1.200000000000000000e+01 1.100000000000000000e+01 1.570000000000000000e+02 4.967800000000000000e+04 4.708300000000000000e+04 5.127700000000000000e+04 4.775600000000000000e+04 2.513595186301972717e+01 7.600000000000000000e+02
-5.300000000000000000e+01 9.800000000000000000e+01 1.750000000000000000e+02 5.006400000000000000e+04 4.735000000000000000e+04 5.099400000000000000e+04 4.746600000000000000e+04 2.514585872401949018e+01 7.590000000000000000e+02
5.100000000000000000e+01 1.050000000000000000e+02 1.630000000000000000e+02 5.049800000000000000e+04 4.693100000000000000e+04 5.052300000000000000e+04 4.741700000000000000e+04 2.515556021104566753e+01 7.590000000000000000e+02
2.000000000000000000e+01 1.080000000000000000e+02 1.920000000000000000e+02 5.041400000000000000e+04 4.707300000000000000e+04 5.078700000000000000e+04 4.705700000000000000e+04 2.516541550401598215e+01 7.590000000000000000e+02
5.300000000000000000e+01 1.540000000000000000e+02 1.720000000000000000e+02 5.090200000000000000e+04 4.692100000000000000e+04 5.039600000000000000e+04 4.680400000000000000e+04 2.517620358907151967e+01 7.590000000000000000e+02
9.300000000000000000e+01 1.190000000000000000e+02 1.710000000000000000e+02 4.936900000000000000e+04 4.803800000000000000e+04 4.959500000000000000e+04 4.844600000000000000e+04 2.518570063903462142e+01 7.590000000000000000e+02
1.500000000000000000e+01 1.500000000000000000e+02 1.810000000000000000e+02 4.954000000000000000e+04 4.824700000000000000e+04 4.945400000000000000e+04 4.819300000000000000e+04 2.519604696601163596e+01 7.590000000000000000e+02
5.300000000000000000e+01 9.500000000000000000e+01 1.750000000000000000e+02 4.921700000000000000e+04 4.820300000000000000e+04 4.988000000000000000e+04 4.808000000000000000e+04 2.520609903510194272e+01 7.570000000000000000e+02
-6.000000000000000000e+00 6.600000000000000000e+01 1.860000000000000000e+02 4.909200000000000000e+04 4.822600000000000000e+04 5.020800000000000000e+04 4.813500000000000000e+04 2.521565252903383225e+01 7.570000000000000000e+02
-2.600000000000000000e+01 1.600000000000000000e+01 1.630000000000000000e+02 4.917000000000000000e+04 4.804100000000000000e+04 5.025500000000000000e+04 4.821200000000000000e+04 2.522595322399865836e+01 7.570000000000000000e+02
-2.500000000000000000e+01 2.700000000000000000e+01 1.900000000000000000e+02 4.914900000000000000e+04 4.795700000000000000e+04 5.047900000000000000e+04 4.836600000000000000e+04 2.523565409600269049e+01 7.570000000000000000e+02
-7.400000000000000000e+01 -1.600000000000000000e+01 1.520000000000000000e+02 4.877000000000000000e+04 4.811000000000000000e+04 5.065500000000000000e+04 4.807400000000000000e+04 2.524565690301824361e+01 7.530000000000000000e+02
-5.200000000000000000e+01 -2.600000000000000000e+01 1.690000000000000000e+02 4.883900000000000000e+04 4.815100000000000000e+04 5.088700000000000000e+04 4.822100000000000000e+04 2.525544650107622147e+01 7.530000000000000000e+02
-9.100000000000000000e+01 -5.300000000000000000e+01 1.580000000000000000e+02 4.909600000000000000e+04 4.803500000000000000e+04 5.067900000000000000e+04 4.835600000000000000e+04 2.526584513101261109e+01 7.530000000000000000e+02
-9.800000000000000000e+01 -4.700000000000000000e+01 1.710000000000000000e+02 4.887700000000000000e+04 4.790400000000000000e+04 5.077900000000000000e+04 4.827800000000000000e+04 2.527666283503640443e+01 7.530000000000000000e+02
-7.400000000000000000e+01 -4.000000000000000000e+01 1.540000000000000000e+02 4.895200000000000000e+04 4.796100000000000000e+04 5.086700000000000000e+04 4.830000000000000000e+04 2.528535859601106495e+01 7.530000000000000000e+02
-6.500000000000000000e+01 -4.000000000000000000e+00 1.470000000000000000e+02 4.890300000000000000e+04 4.799700000000000000e+04 5.087300000000000000e+04 4.833100000000000000e+04 2.529535846505314112e+01 7.530000000000000000e+02
-6.700000000000000000e+01 -1.800000000000000000e+01 1.430000000000000000e+02 4.890400000000000000e+04 4.738900000000000000e+04 5.069000000000000000e+04 4.848200000000000000e+04 2.530617246101610363e+01 7.570000000000000000e+02
-4.800000000000000000e+01 3.600000000000000000e+01 1.330000000000000000e+02 4.900400000000000000e+04 4.749600000000000000e+04 5.075300000000000000e+04 4.835600000000000000e+04 2.531661296403035522e+01 7.570000000000000000e+02
-1.100000000000000000e+01 3.700000000000000000e+01 1.150000000000000000e+02 4.912200000000000000e+04 4.749800000000000000e+04 5.053900000000000000e+04 4.836000000000000000e+04 2.532564107107464224e+01 7.570000000000000000e+02
-1.900000000000000000e+01 4.800000000000000000e+01 1.100000000000000000e+02 4.921200000000000000e+04 4.750900000000000000e+04 5.037100000000000000e+04 4.834700000000000000e+04 2.533535430207848549e+01 7.570000000000000000e+02
3.100000000000000000e+01 5.600000000000000000e+01 8.900000000000000000e+01 4.905900000000000000e+04 4.752300000000000000e+04 5.028100000000000000e+04 4.820100000000000000e+04 2.534571757807862014e+01 7.560000000000000000e+02
1.900000000000000000e+01 4.700000000000000000e+01 7.400000000000000000e+01 4.894200000000000000e+04 4.734100000000000000e+04 5.018200000000000000e+04 4.834300000000000000e+04 2.535607136006001383e+01 7.560000000000000000e+02
2.400000000000000000e+01 -1.000000000000000000e+00 6.600000000000000000e+01 4.899400000000000000e+04 4.757200000000000000e+04 4.993800000000000000e+04 4.797200000000000000e+04 2.536585940804798156e+01 7.560000000000000000e+02
3.900000000000000000e+01 2.000000000000000000e+00 6.000000000000000000e+01 4.867700000000000000e+04 4.742100000000000000e+04 5.013000000000000000e+04 4.809000000000000000e+04 2.538133116008248180e+01 7.560000000000000000e+02
6.000000000000000000e+01 -2.000000000000000000e+01 4.500000000000000000e+01 4.864900000000000000e+04 4.771900000000000000e+04 4.996200000000000000e+04 4.792100000000000000e+04 2.538723127206321806e+01 7.560000000000000000e+02
5.100000000000000000e+01 -5.800000000000000000e+01 3.400000000000000000e+01 4.842300000000000000e+04 4.787500000000000000e+04 5.011700000000000000e+04 4.745700000000000000e+04 2.545217189204413444e+01 7.560000000000000000e+02
6.700000000000000000e+01 -3.000000000000000000e+01 1.400000000000000000e+01 4.803700000000000000e+04 4.783700000000000000e+04 5.044800000000000000e+04 4.773800000000000000e+04 2.545757486007642001e+01 7.540000000000000000e+02
1.300000000000000000e+01 -7.200000000000000000e+01 3.700000000000000000e+01 4.844400000000000000e+04 4.782000000000000000e+04 5.032600000000000000e+04 4.779900000000000000e+04 2.546074326604139060e+01 7.540000000000000000e+02
2.400000000000000000e+01 1.200000000000000000e+01 3.000000000000000000e+01 4.881000000000000000e+04 4.783900000000000000e+04 5.006100000000000000e+04 4.795200000000000000e+04 2.546230238606221974e+01 7.540000000000000000e+02
4.300000000000000000e+01 -3.000000000000000000e+00 1.900000000000000000e+01 4.842100000000000000e+04 4.775400000000000000e+04 5.040600000000000000e+04 4.796100000000000000e+04 2.546417284407652915e+01 7.540000000000000000e+02
1.500000000000000000e+01 2.300000000000000000e+01 2.000000000000000000e+01 4.874000000000000000e+04 4.779800000000000000e+04 4.995100000000000000e+04 4.808300000000000000e+04 2.546574593300465494e+01 7.560000000000000000e+02
2.300000000000000000e+01 2.800000000000000000e+01 7.000000000000000000e+00 4.796100000000000000e+04 4.728100000000000000e+04 5.049000000000000000e+04 4.830000000000000000e+04 2.546818646905012429e+01 7.560000000000000000e+02
6.000000000000000000e+00 6.800000000000000000e+01 5.000000000000000000e+00 4.849100000000000000e+04 4.734500000000000000e+04 4.980600000000000000e+04 4.823000000000000000e+04 2.546973049908410758e+01 7.560000000000000000e+02
-9.000000000000000000e+00 3.600000000000000000e+01 3.000000000000000000e+00 4.827300000000000000e+04 4.723200000000000000e+04 4.996100000000000000e+04 4.833900000000000000e+04 2.547708459908608347e+01 7.560000000000000000e+02
1.000000000000000000e+01 8.000000000000000000e+01 -9.000000000000000000e+00 4.837600000000000000e+04 4.741100000000000000e+04 4.992000000000000000e+04 4.802600000000000000e+04 2.548616563505493104e+01 7.560000000000000000e+02
3.900000000000000000e+01 5.300000000000000000e+01 -2.000000000000000000e+00 4.842500000000000000e+04 4.726200000000000000e+04 4.966400000000000000e+04 4.838100000000000000e+04 2.549900059006176889e+01 7.560000000000000000e+02
-1.400000000000000000e+01 5.800000000000000000e+01 8.000000000000000000e+00 4.807000000000000000e+04 4.724500000000000000e+04 5.012500000000000000e+04 4.820500000000000000e+04 2.550576144410297275e+01 7.560000000000000000e+02
5.600000000000000000e+01 6.000000000000000000e+01 -1.100000000000000000e+01 4.858500000000000000e+04 4.714200000000000000e+04 4.969200000000000000e+04 4.824300000000000000e+04 2.551551904808729887e+01 7.560000000000000000e+02
-2.100000000000000000e+01 2.500000000000000000e+01 7.000000000000000000e+00 4.805900000000000000e+04 4.724600000000000000e+04 5.024100000000000000e+04 4.835400000000000000e+04 2.552597974904347211e+01 7.560000000000000000e+02
1.600000000000000000e+01 3.900000000000000000e+01 -1.000000000000000000e+00 4.820400000000000000e+04 4.771200000000000000e+04 5.015000000000000000e+04 4.810100000000000000e+04 2.553576398710720241e+01 7.560000000000000000e+02
-4.000000000000000000e+00 -3.000000000000000000e+00 -1.900000000000000000e+01 4.803000000000000000e+04 4.770500000000000000e+04 5.008900000000000000e+04 4.802900000000000000e+04 2.554564120201393962e+01 7.580000000000000000e+02
-2.100000000000000000e+01 6.000000000000000000e+00 -8.000000000000000000e+00 4.772000000000000000e+04 4.756700000000000000e+04 5.020100000000000000e+04 4.811300000000000000e+04 2.555611248908098787e+01 7.580000000000000000e+02
-6.000000000000000000e+00 -3.700000000000000000e+01 -3.600000000000000000e+01 4.808100000000000000e+04 4.747900000000000000e+04 4.985000000000000000e+04 4.821700000000000000e+04 2.556498759810347110e+01 7.580000000000000000e+02
-3.500000000000000000e+01 -3.200000000000000000e+01 -3.000000000000000000e+01 4.783400000000000000e+04 4.713800000000000000e+04 4.987500000000000000e+04 4.841600000000000000e+04 2.557612180302385241e+01 7.580000000000000000e+02
-1.200000000000000000e+01 -5.300000000000000000e+01 -4.100000000000000000e+01 4.786400000000000000e+04 4.725400000000000000e+04 4.963900000000000000e+04 4.845700000000000000e+04 2.558564404200296849e+01 7.580000000000000000e+02
-6.000000000000000000e+00 -1.700000000000000000e+01 -5.300000000000000000e+01 4.778700000000000000e+04 4.725300000000000000e+04 4.967400000000000000e+04 4.844300000000000000e+04 2.559652892302256078e+01 7.580000000000000000e+02
1.300000000000000000e+01 -4.500000000000000000e+01 -6.100000000000000000e+01 4.789700000000000000e+04 4.797900000000000000e+04 4.963900000000000000e+04 4.806100000000000000e+04 2.560580876306630671e+01 7.560000000000000000e+02
6.300000000000000000e+01 -5.000000000000000000e+00 -8.000000000000000000e+01 4.807800000000000000e+04 4.809700000000000000e+04 4.950400000000000000e+04 4.820600000000000000e+04 2.561562150402460247e+01 7.560000000000000000e+02
7.400000000000000000e+01 -1.100000000000000000e+01 -7.900000000000000000e+01 4.809100000000000000e+04 4.819400000000000000e+04 4.939700000000000000e+04 4.815100000000000000e+04 2.562713522405829281e+01 7.560000000000000000e+02
1.140000000000000000e+02 -3.900000000000000000e+01 -8.500000000000000000e+01 4.815300000000000000e+04 4.843100000000000000e+04 4.938000000000000000e+04 4.813500000000000000e+04 2.563567476603202522e+01 7.560000000000000000e+02
9.500000000000000000e+01 -9.000000000000000000e+00 -7.700000000000000000e+01 4.821200000000000000e+04 4.832400000000000000e+04 4.926500000000000000e+04 4.828700000000000000e+04 2.564546202006749809e+01 7.590000000000000000e+02
1.360000000000000000e+02 -4.500000000000000000e+01 -9.900000000000000000e+01 4.794500000000000000e+04 4.847800000000000000e+04 4.920700000000000000e+04 4.792700000000000000e+04 2.565526231902185827e+01 7.590000000000000000e+02
8.200000000000000000e+01 -4.500000000000000000e+01 -8.700000000000000000e+01 4.757100000000000000e+04 4.869500000000000000e+04 4.941700000000000000e+04 4.782400000000000000e+04 2.566488074907101691e+01 7.590000000000000000e+02
9.100000000000000000e+01 -5.200000000000000000e+01 -8.900000000000000000e+01 4.744800000000000000e+04 4.829200000000000000e+04 4.936400000000000000e+04 4.806600000000000000e+04 2.567558606411330402e+01 7.590000000000000000e+02
2.900000000000000000e+01 -1.600000000000000000e+01 -7.100000000000000000e+01 4.682300000000000000e+04 4.817500000000000000e+04 4.986300000000000000e+04 4.825100000000000000e+04 2.568649777001701295e+01 7.590000000000000000e+02
4.500000000000000000e+01 -3.900000000000000000e+01 -9.600000000000000000e+01 4.735900000000000000e+04 4.813000000000000000e+04 4.930900000000000000e+04 4.837700000000000000e+04 2.569619507901370525e+01 7.590000000000000000e+02
2.700000000000000000e+01 3.000000000000000000e+01 -1.020000000000000000e+02 4.716500000000000000e+04 4.795200000000000000e+04 4.910100000000000000e+04 4.827600000000000000e+04 2.570528854208532721e+01 7.640000000000000000e+02
4.700000000000000000e+01 2.200000000000000000e+01 -1.020000000000000000e+02 4.718200000000000000e+04 4.806500000000000000e+04 4.884100000000000000e+04 4.809400000000000000e+04 2.571923749300185591e+01 7.640000000000000000e+02
2.100000000000000000e+01 6.400000000000000000e+01 -9.500000000000000000e+01 4.723700000000000000e+04 4.785800000000000000e+04 4.891900000000000000e+04 4.846300000000000000e+04 2.572656150010880083e+01 7.640000000000000000e+02
6.600000000000000000e+01 5.000000000000000000e+01 -9.600000000000000000e+01 4.749100000000000000e+04 4.791700000000000000e+04 4.862700000000000000e+04 4.845600000000000000e+04 2.576375946600455791e+01 7.640000000000000000e+02
4.200000000000000000e+01 6.500000000000000000e+01 -1.000000000000000000e+02 4.761900000000000000e+04 4.792400000000000000e+04 4.839600000000000000e+04 4.861700000000000000e+04 2.576987580803688616e+01 7.620000000000000000e+02
8.200000000000000000e+01 4.200000000000000000e+01 -1.070000000000000000e+02 4.733000000000000000e+04 4.830000000000000000e+04 4.843800000000000000e+04 4.824700000000000000e+04 2.583348256908357143e+01 7.620000000000000000e+02
5.900000000000000000e+01 2.300000000000000000e+01 -1.230000000000000000e+02 4.740700000000000000e+04 4.854500000000000000e+04 4.826900000000000000e+04 4.806300000000000000e+04 2.584075243200641125e+01 7.620000000000000000e+02
8.200000000000000000e+01 -6.000000000000000000e+00 -1.210000000000000000e+02 4.695700000000000000e+04 4.858400000000000000e+04 4.856700000000000000e+04 4.789200000000000000e+04 2.584435479808598757e+01 7.620000000000000000e+02
4.700000000000000000e+01 -2.300000000000000000e+01 -1.140000000000000000e+02 4.684100000000000000e+04 4.859500000000000000e+04 4.858100000000000000e+04 4.805500000000000000e+04 2.584705680003389716e+01 7.620000000000000000e+02
5.700000000000000000e+01 -3.700000000000000000e+01 -1.120000000000000000e+02 4.688700000000000000e+04 4.858400000000000000e+04 4.856000000000000000e+04 4.806200000000000000e+04 2.584912695304956287e+01 7.620000000000000000e+02
4.100000000000000000e+01 -4.800000000000000000e+01 -1.010000000000000000e+02 4.683700000000000000e+04 4.881700000000000000e+04 4.869600000000000000e+04 4.802300000000000000e+04 2.585081180010456592e+01 7.620000000000000000e+02
4.100000000000000000e+01 -5.000000000000000000e+01 -1.210000000000000000e+02 4.709600000000000000e+04 4.891000000000000000e+04 4.853800000000000000e+04 4.825600000000000000e+04 2.585377892304677516e+01 7.620000000000000000e+02
2.100000000000000000e+01 -7.700000000000000000e+01 -8.900000000000000000e+01 4.648200000000000000e+04 4.884600000000000000e+04 4.928800000000000000e+04 4.845200000000000000e+04 2.585672083403915167e+01 7.620000000000000000e+02
4.000000000000000000e+00 -8.700000000000000000e+01 -9.300000000000000000e+01 4.680300000000000000e+04 4.934000000000000000e+04 4.902400000000000000e+04 4.794100000000000000e+04 2.586184016009792686e+01 7.620000000000000000e+02
4.900000000000000000e+01 -7.900000000000000000e+01 -7.400000000000000000e+01 4.703500000000000000e+04 4.927500000000000000e+04 4.906700000000000000e+04 4.821300000000000000e+04 2.586373476800508797e+01 7.610000000000000000e+02
2.000000000000000000e+00 -4.600000000000000000e+01 -8.300000000000000000e+01 4.691400000000000000e+04 4.938100000000000000e+04 4.919400000000000000e+04 4.819400000000000000e+04 2.586578548001125455e+01 7.610000000000000000e+02
8.700000000000000000e+01 -7.000000000000000000e+01 -7.500000000000000000e+01 4.727100000000000000e+04 4.967500000000000000e+04 4.886200000000000000e+04 4.794200000000000000e+04 2.586779762711375952e+01 7.610000000000000000e+02
2.700000000000000000e+01 3.000000000000000000e+00 -6.500000000000000000e+01 4.747900000000000000e+04 4.935000000000000000e+04 4.873700000000000000e+04 4.834600000000000000e+04 2.587552386010065675e+01 7.610000000000000000e+02
5.200000000000000000e+01 -1.300000000000000000e+01 -6.100000000000000000e+01 4.773900000000000000e+04 4.891700000000000000e+04 4.870700000000000000e+04 4.873600000000000000e+04 2.588558524800464511e+01 7.610000000000000000e+02
3.000000000000000000e+01 6.700000000000000000e+01 -5.100000000000000000e+01 4.771700000000000000e+04 4.913100000000000000e+04 4.869200000000000000e+04 4.864600000000000000e+04 2.589685300609562546e+01 7.610000000000000000e+02
2.000000000000000000e+01 4.600000000000000000e+01 -3.800000000000000000e+01 4.816100000000000000e+04 4.882800000000000000e+04 4.844800000000000000e+04 4.896700000000000000e+04 2.590579793602228165e+01 7.630000000000000000e+02
1.800000000000000000e+01 7.500000000000000000e+01 -2.200000000000000000e+01 4.737600000000000000e+04 4.922300000000000000e+04 4.939200000000000000e+04 4.842300000000000000e+04 2.591549734305590391e+01 7.630000000000000000e+02
-1.800000000000000000e+01 8.900000000000000000e+01 6.000000000000000000e+00 4.825400000000000000e+04 4.867000000000000000e+04 4.864400000000000000e+04 4.900100000000000000e+04 2.592567464802414179e+01 7.630000000000000000e+02
-1.000000000000000000e+00 8.700000000000000000e+01 -9.000000000000000000e+00 4.880800000000000000e+04 4.875300000000000000e+04 4.832900000000000000e+04 4.905300000000000000e+04 2.593576682603452355e+01 7.630000000000000000e+02
-5.800000000000000000e+01 9.600000000000000000e+01 1.200000000000000000e+01 4.768800000000000000e+04 4.893400000000000000e+04 4.934400000000000000e+04 4.867300000000000000e+04 2.594495380006264895e+01 7.640000000000000000e+02
-4.600000000000000000e+01 3.500000000000000000e+01 4.000000000000000000e+00 4.804500000000000000e+04 4.858900000000000000e+04 4.891400000000000000e+04 4.889300000000000000e+04 2.595592378801666200e+01 7.640000000000000000e+02
-6.600000000000000000e+01 4.300000000000000000e+01 3.000000000000000000e+01 4.745200000000000000e+04 4.755800000000000000e+04 4.934500000000000000e+04 4.975900000000000000e+04 2.596698137803468853e+01 7.640000000000000000e+02
-7.000000000000000000e+01 1.000000000000000000e+00 1.100000000000000000e+01 4.929500000000000000e+04 4.977200000000000000e+04 4.778100000000000000e+04 4.731500000000000000e+04 2.597586584510281682e+01 7.640000000000000000e+02
-1.500000000000000000e+01 -1.500000000000000000e+01 9.000000000000000000e+00 4.728700000000000000e+04 4.849100000000000000e+04 4.959500000000000000e+04 4.885200000000000000e+04 2.598503938608337194e+01 7.640000000000000000e+02
-5.800000000000000000e+01 -3.600000000000000000e+01 1.500000000000000000e+01 4.765400000000000000e+04 4.908000000000000000e+04 4.932400000000000000e+04 4.823700000000000000e+04 2.599519278807565570e+01 7.640000000000000000e+02
1.500000000000000000e+01 -5.600000000000000000e+01 5.000000000000000000e+00 4.722000000000000000e+04 4.882300000000000000e+04 4.945600000000000000e+04 4.835600000000000000e+04 2.600533429603092372e+01 7.650000000000000000e+02
1.000000000000000000e+01 -5.100000000000000000e+01 1.000000000000000000e+00 4.796800000000000000e+04 4.892100000000000000e+04 4.898200000000000000e+04 4.834000000000000000e+04 2.601531389506999403e+01 7.650000000000000000e+02
5.800000000000000000e+01 -5.000000000000000000e+00 2.400000000000000000e+01 4.780500000000000000e+04 4.915100000000000000e+04 4.908800000000000000e+04 4.815300000000000000e+04 2.602547670307103544e+01 7.650000000000000000e+02
6.200000000000000000e+01 1.600000000000000000e+01 5.000000000000000000e+00 4.915500000000000000e+04 4.959200000000000000e+04 4.771700000000000000e+04 4.768400000000000000e+04 2.603486800205428153e+01 7.650000000000000000e+02
1.090000000000000000e+02 2.700000000000000000e+01 -7.000000000000000000e+00 4.872800000000000000e+04 4.912000000000000000e+04 4.796400000000000000e+04 4.812000000000000000e+04 2.604512617306318134e+01 7.650000000000000000e+02
5.100000000000000000e+01 4.700000000000000000e+01 1.100000000000000000e+01 4.678100000000000000e+04 4.767300000000000000e+04 4.968500000000000000e+04 4.961000000000000000e+04 2.605483602709136903e+01 7.650000000000000000e+02
7.800000000000000000e+01 1.100000000000000000e+01 -1.300000000000000000e+01 4.549300000000000000e+04 4.529100000000000000e+04 5.041300000000000000e+04 5.146100000000000000e+04 2.606516774999909103e+01 7.650000000000000000e+02
8.500000000000000000e+01 2.800000000000000000e+01 1.900000000000000000e+01 4.698900000000000000e+04 4.792200000000000000e+04 4.923600000000000000e+04 4.902400000000000000e+04 2.607542867108713835e+01 7.650000000000000000e+02
7.900000000000000000e+01 -5.700000000000000000e+01 -1.700000000000000000e+01 4.799100000000000000e+04 4.855800000000000000e+04 4.838700000000000000e+04 4.824800000000000000e+04 2.608575537602882832e+01 7.650000000000000000e+02
1.220000000000000000e+02 -1.000000000000000000e+02 1.000000000000000000e+01 4.793000000000000000e+04 4.977900000000000000e+04 4.832000000000000000e+04 4.694400000000000000e+04 2.609680092905182391e+01 7.650000000000000000e+02
1.540000000000000000e+02 -1.210000000000000000e+02 -2.000000000000000000e+00 4.668500000000000000e+04 5.240400000000000000e+04 4.936600000000000000e+04 4.285500000000000000e+04 2.610576239309739321e+01 6.270000000000000000e+02
1.260000000000000000e+02 -1.410000000000000000e+02 3.000000000000000000e+00 4.465500000000000000e+04 4.835400000000000000e+04 5.070500000000000000e+04 4.833300000000000000e+04 2.611614199704490602e+01 6.270000000000000000e+02
1.170000000000000000e+02 -4.700000000000000000e+01 8.000000000000000000e+00 4.882900000000000000e+04 5.092500000000000000e+04 4.739600000000000000e+04 4.490500000000000000e+04 2.612620667309965938e+01 6.270000000000000000e+02
1.300000000000000000e+02 1.000000000000000000e+01 -8.000000000000000000e+00 4.835700000000000000e+04 4.546000000000000000e+04 4.751700000000000000e+04 5.065600000000000000e+04 2.613732332107611001e+01 6.270000000000000000e+02
1.260000000000000000e+02 1.830000000000000000e+02 1.000000000000000000e+00 4.889800000000000000e+04 5.204300000000000000e+04 4.800300000000000000e+04 4.446200000000000000e+04 2.614517864305526018e+01 0.000000000000000000e+00
2.900000000000000000e+01 3.160000000000000000e+02 4.000000000000000000e+00 5.051300000000000000e+04 4.616700000000000000e+04 4.595300000000000000e+04 5.076700000000000000e+04 2.615469481807667762e+01 0.000000000000000000e+00
-1.700000000000000000e+01 4.890000000000000000e+02 -4.000000000000000000e+00 5.026000000000000000e+04 4.739400000000000000e+04 4.602100000000000000e+04 4.973500000000000000e+04 2.616492478200234473e+01 0.000000000000000000e+00
-1.020000000000000000e+02 5.610000000000000000e+02 5.000000000000000000e+00 5.037500000000000000e+04 4.590700000000000000e+04 4.590200000000000000e+04 5.085600000000000000e+04 2.617503748205490410e+01 0.000000000000000000e+00
-4.000000000000000000e+01 6.300000000000000000e+02 6.000000000000000000e+00 5.238100000000000000e+04 4.278000000000000000e+04 4.256900000000000000e+04 5.268500000000000000e+04 2.618612039403524250e+01 0.000000000000000000e+00
-1.210000000000000000e+02 4.630000000000000000e+02 -1.000000000000000000e+01 4.688300000000000000e+04 4.533500000000000000e+04 4.893100000000000000e+04 5.125100000000000000e+04 2.619587263406720012e+01 0.000000000000000000e+00
-8.900000000000000000e+01 3.470000000000000000e+02 -2.800000000000000000e+01 4.993600000000000000e+04 4.615000000000000000e+04 4.653600000000000000e+04 5.122200000000000000e+04 2.620528945606201887e+01 0.000000000000000000e+00
-1.080000000000000000e+02 9.900000000000000000e+01 -6.400000000000000000e+01 4.902700000000000000e+04 4.895400000000000000e+04 4.749700000000000000e+04 4.860400000000000000e+04 2.621516597911249846e+01 0.000000000000000000e+00
-1.790000000000000000e+02 -1.220000000000000000e+02 -7.100000000000000000e+01 4.481100000000000000e+04 5.355800000000000000e+04 5.096900000000000000e+04 4.175600000000000000e+04 2.622570531908422709e+01 0.000000000000000000e+00
-2.250000000000000000e+02 -2.010000000000000000e+02 -8.500000000000000000e+01 4.611500000000000000e+04 4.874300000000000000e+04 4.947900000000000000e+04 4.931500000000000000e+04 2.623553354002069682e+01 0.000000000000000000e+00
-1.730000000000000000e+02 -2.010000000000000000e+02 -7.400000000000000000e+01 4.287700000000000000e+04 5.547200000000000000e+04 5.234500000000000000e+04 3.711700000000000000e+04 2.624479694501496851e+01 0.000000000000000000e+00
-1.630000000000000000e+02 -1.870000000000000000e+02 -8.300000000000000000e+01 4.616900000000000000e+04 4.765800000000000000e+04 4.928600000000000000e+04 5.056800000000000000e+04 2.625550677801948041e+01 0.000000000000000000e+00
-1.410000000000000000e+02 -4.300000000000000000e+01 -8.100000000000000000e+01 4.627300000000000000e+04 4.996100000000000000e+04 4.914700000000000000e+04 4.806700000000000000e+04 2.626742534211371094e+01 0.000000000000000000e+00
-1.980000000000000000e+02 7.200000000000000000e+01 -7.800000000000000000e+01 4.862500000000000000e+04 4.516100000000000000e+04 4.637700000000000000e+04 5.193800000000000000e+04 2.627623238100204617e+01 0.000000000000000000e+00
-1.830000000000000000e+02 1.640000000000000000e+02 -6.100000000000000000e+01 4.878700000000000000e+04 4.824500000000000000e+04 4.634500000000000000e+04 4.915000000000000000e+04 2.628470705403015018e+01 0.000000000000000000e+00
-2.600000000000000000e+02 2.800000000000000000e+02 -6.500000000000000000e+01 4.132200000000000000e+04 5.146600000000000000e+04 5.210400000000000000e+04 4.524800000000000000e+04 2.629540553002152592e+01 0.000000000000000000e+00
-1.860000000000000000e+02 3.200000000000000000e+02 -6.400000000000000000e+01 4.623000000000000000e+04 4.601600000000000000e+04 4.859200000000000000e+04 5.126700000000000000e+04 2.630497192800976336e+01 2.000000000000000000e+00
-1.520000000000000000e+02 3.400000000000000000e+02 -6.700000000000000000e+01 4.470200000000000000e+04 5.027200000000000000e+04 4.999500000000000000e+04 4.692000000000000000e+04 2.631508682307321578e+01 2.000000000000000000e+00
-1.660000000000000000e+02 3.250000000000000000e+02 -5.700000000000000000e+01 4.522900000000000000e+04 4.513600000000000000e+04 4.930400000000000000e+04 5.170700000000000000e+04 2.632464979600626975e+01 2.000000000000000000e+00
-1.570000000000000000e+02 3.730000000000000000e+02 -3.900000000000000000e+01 4.661900000000000000e+04 4.565300000000000000e+04 4.800700000000000000e+04 5.132400000000000000e+04 2.633484992710873485e+01 2.000000000000000000e+00
-1.320000000000000000e+02 3.750000000000000000e+02 -3.000000000000000000e+01 4.787800000000000000e+04 4.618000000000000000e+04 4.627500000000000000e+04 5.014600000000000000e+04 2.634514411503914744e+01 1.200000000000000000e+01
-5.300000000000000000e+01 4.410000000000000000e+02 -1.000000000000000000e+01 3.751400000000000000e+04 4.944900000000000000e+04 5.327000000000000000e+04 4.708300000000000000e+04 2.635455012810416520e+01 1.200000000000000000e+01
-4.600000000000000000e+01 5.420000000000000000e+02 2.000000000000000000e+00 4.649900000000000000e+04 4.602500000000000000e+04 4.765100000000000000e+04 4.985800000000000000e+04 2.636479138606227934e+01 1.200000000000000000e+01
9.400000000000000000e+01 6.560000000000000000e+02 -6.000000000000000000e+00 4.988700000000000000e+04 4.553300000000000000e+04 4.368700000000000000e+04 4.995400000000000000e+04 2.637546070502139628e+01 1.200000000000000000e+01
2.470000000000000000e+02 6.270000000000000000e+02 1.400000000000000000e+01 5.114700000000000000e+04 4.651400000000000000e+04 4.139100000000000000e+04 4.895600000000000000e+04 2.638462682603858411e+01 1.200000000000000000e+01
4.050000000000000000e+02 5.670000000000000000e+02 3.200000000000000000e+01 5.144900000000000000e+04 4.946300000000000000e+04 4.136000000000000000e+04 4.529400000000000000e+04 2.639440239209216088e+01 1.200000000000000000e+01
5.220000000000000000e+02 4.000000000000000000e+02 3.700000000000000000e+01 5.031600000000000000e+04 4.494700000000000000e+04 4.155700000000000000e+04 4.901100000000000000e+04 2.640511320508085191e+01 2.200000000000000000e+01
5.410000000000000000e+02 2.580000000000000000e+02 5.600000000000000000e+01 5.182300000000000000e+04 4.958000000000000000e+04 3.889500000000000000e+04 4.394400000000000000e+04 2.641491553105879575e+01 2.200000000000000000e+01
5.320000000000000000e+02 5.100000000000000000e+01 5.200000000000000000e+01 4.972100000000000000e+04 4.959500000000000000e+04 4.279900000000000000e+04 4.369300000000000000e+04 2.642596984410192817e+01 2.200000000000000000e+01
3.540000000000000000e+02 -1.340000000000000000e+02 8.600000000000000000e+01 4.901200000000000000e+04 4.892800000000000000e+04 4.375300000000000000e+04 4.417900000000000000e+04 2.643469605001155287e+01 2.200000000000000000e+01
1.640000000000000000e+02 -2.850000000000000000e+02 9.100000000000000000e+01 4.669800000000000000e+04 4.710900000000000000e+04 4.542800000000000000e+04 4.506700000000000000e+04 2.645828573603648692e+01 3.000000000000000000e+01
-1.050000000000000000e+02 -4.040000000000000000e+02 1.520000000000000000e+02 4.287900000000000000e+04 4.868700000000000000e+04 4.901700000000000000e+04 4.263400000000000000e+04 2.646394680708181113e+01 3.000000000000000000e+01
-3.060000000000000000e+02 -4.840000000000000000e+02 1.730000000000000000e+02 4.487900000000000000e+04 4.535900000000000000e+04 4.778300000000000000e+04 4.599800000000000000e+04 2.646858998609241098e+01 3.000000000000000000e+01
-4.600000000000000000e+02 -4.490000000000000000e+02 1.920000000000000000e+02 4.361500000000000000e+04 4.496900000000000000e+04 4.878400000000000000e+04 4.582700000000000000e+04 2.647498975205235183e+01 3.000000000000000000e+01
-5.570000000000000000e+02 -4.280000000000000000e+02 1.810000000000000000e+02 4.320400000000000000e+04 4.447700000000000000e+04 4.905200000000000000e+04 4.607000000000000000e+04 2.648628442711196840e+01 3.000000000000000000e+01
-6.340000000000000000e+02 -3.950000000000000000e+02 2.010000000000000000e+02 4.109500000000000000e+04 4.679700000000000000e+04 5.074700000000000000e+04 4.364000000000000000e+04 2.649506040103733540e+01 3.000000000000000000e+01
-6.250000000000000000e+02 -3.300000000000000000e+02 1.960000000000000000e+02 4.216500000000000000e+04 4.386000000000000000e+04 4.937800000000000000e+04 4.553700000000000000e+04 2.650545180100016296e+01 4.000000000000000000e+01
-5.820000000000000000e+02 -2.200000000000000000e+02 2.080000000000000000e+02 4.090900000000000000e+04 4.039500000000000000e+04 5.027100000000000000e+04 4.822400000000000000e+04 2.651464880909770727e+01 4.000000000000000000e+01
-4.810000000000000000e+02 -8.800000000000000000e+01 2.040000000000000000e+02 4.259000000000000000e+04 4.255600000000000000e+04 4.925900000000000000e+04 4.642300000000000000e+04 2.652522444608621299e+01 4.000000000000000000e+01
-3.130000000000000000e+02 -6.000000000000000000e+00 2.270000000000000000e+02 4.508700000000000000e+04 4.179400000000000000e+04 4.746300000000000000e+04 4.684500000000000000e+04 2.653485907800495625e+01 4.000000000000000000e+01
-1.200000000000000000e+02 1.020000000000000000e+02 2.250000000000000000e+02 4.631200000000000000e+04 4.333600000000000000e+04 4.597700000000000000e+04 4.473300000000000000e+04 2.654485903610475361e+01 4.500000000000000000e+01
5.000000000000000000e+01 1.730000000000000000e+02 2.180000000000000000e+02 4.714600000000000000e+04 4.121500000000000000e+04 4.487100000000000000e+04 4.662200000000000000e+04 2.655504341807682067e+01 4.500000000000000000e+01
2.270000000000000000e+02 2.520000000000000000e+02 1.940000000000000000e+02 4.983300000000000000e+04 4.467400000000000000e+04 4.140700000000000000e+04 4.324600000000000000e+04 2.656552958209067583e+01 4.500000000000000000e+01
3.300000000000000000e+02 2.670000000000000000e+02 1.700000000000000000e+02 4.833700000000000000e+04 4.412000000000000000e+04 4.299000000000000000e+04 4.405300000000000000e+04 2.657440162810962647e+01 4.500000000000000000e+01
3.950000000000000000e+02 2.240000000000000000e+02 1.570000000000000000e+02 4.767600000000000000e+04 4.294100000000000000e+04 4.390100000000000000e+04 4.560900000000000000e+04 2.658484379306901246e+01 4.500000000000000000e+01
3.880000000000000000e+02 1.640000000000000000e+02 1.490000000000000000e+02 4.833400000000000000e+04 4.413500000000000000e+04 4.354200000000000000e+04 4.431700000000000000e+04 2.659456458210479468e+01 4.500000000000000000e+01
3.450000000000000000e+02 4.500000000000000000e+01 1.230000000000000000e+02 4.885400000000000000e+04 4.572700000000000000e+04 4.315100000000000000e+04 4.293900000000000000e+04 2.660707952000666410e+01 4.800000000000000000e+01
2.560000000000000000e+02 -7.000000000000000000e+01 1.130000000000000000e+02 4.640700000000000000e+04 4.454600000000000000e+04 4.594600000000000000e+04 4.497600000000000000e+04 2.661729199509136379e+01 4.800000000000000000e+01
7.000000000000000000e+01 -2.070000000000000000e+02 1.080000000000000000e+02 4.046500000000000000e+04 3.948300000000000000e+04 5.106600000000000000e+04 4.907800000000000000e+04 2.662484024500008672e+01 4.800000000000000000e+01
-7.500000000000000000e+01 -3.490000000000000000e+02 1.330000000000000000e+02 4.440000000000000000e+04 4.463700000000000000e+04 4.916600000000000000e+04 4.427300000000000000e+04 2.663487421011086553e+01 4.800000000000000000e+01
-2.210000000000000000e+02 -5.040000000000000000e+02 1.320000000000000000e+02 3.734300000000000000e+04 4.224900000000000000e+04 5.254000000000000000e+04 4.835300000000000000e+04 2.664676760509610176e+01 5.000000000000000000e+01
-3.020000000000000000e+02 -5.530000000000000000e+02 1.260000000000000000e+02 4.188000000000000000e+04 4.461400000000000000e+04 5.114900000000000000e+04 4.496700000000000000e+04 2.665532127302139997e+01 5.000000000000000000e+01
-2.760000000000000000e+02 -5.420000000000000000e+02 1.120000000000000000e+02 4.238000000000000000e+04 4.479800000000000000e+04 5.078200000000000000e+04 4.565300000000000000e+04 2.667291373305488378e+01 5.000000000000000000e+01
-1.810000000000000000e+02 -4.720000000000000000e+02 1.250000000000000000e+02 4.269000000000000000e+04 4.568700000000000000e+04 5.044600000000000000e+04 4.525700000000000000e+04 2.667637484904844314e+01 5.000000000000000000e+01
-8.900000000000000000e+01 -3.470000000000000000e+02 9.700000000000000000e+01 4.373400000000000000e+04 4.544400000000000000e+04 5.027900000000000000e+04 4.522800000000000000e+04 2.670319753303192556e+01 5.000000000000000000e+01
2.200000000000000000e+01 -2.740000000000000000e+02 8.000000000000000000e+01 4.454000000000000000e+04 4.605200000000000000e+04 4.970000000000000000e+04 4.533600000000000000e+04 2.670464756106957793e+01 5.000000000000000000e+01
1.650000000000000000e+02 -9.700000000000000000e+01 7.100000000000000000e+01 4.628600000000000000e+04 4.609300000000000000e+04 4.870600000000000000e+04 4.526400000000000000e+04 2.670815799105912447e+01 4.900000000000000000e+01
3.090000000000000000e+02 2.600000000000000000e+01 5.500000000000000000e+01 4.792300000000000000e+04 4.633500000000000000e+04 4.742200000000000000e+04 4.580700000000000000e+04 2.671660781011451036e+01 4.900000000000000000e+01
3.640000000000000000e+02 1.690000000000000000e+02 4.000000000000000000e+01 4.854000000000000000e+04 4.571200000000000000e+04 4.721500000000000000e+04 4.666300000000000000e+04 2.672447974106762558e+01 4.900000000000000000e+01
3.730000000000000000e+02 2.520000000000000000e+02 3.600000000000000000e+01 4.918300000000000000e+04 4.587800000000000000e+04 4.694400000000000000e+04 4.668200000000000000e+04 2.673421059211250395e+01 4.900000000000000000e+01
3.480000000000000000e+02 2.450000000000000000e+02 3.000000000000000000e+01 4.915000000000000000e+04 4.603300000000000000e+04 4.695000000000000000e+04 4.689600000000000000e+04 2.674612524500116706e+01 4.600000000000000000e+01
3.170000000000000000e+02 2.090000000000000000e+02 2.000000000000000000e+01 4.903900000000000000e+04 4.675600000000000000e+04 4.732000000000000000e+04 4.670400000000000000e+04 2.675471728004049510e+01 4.600000000000000000e+01
2.630000000000000000e+02 9.000000000000000000e+01 2.100000000000000000e+01 4.849800000000000000e+04 4.714200000000000000e+04 4.798000000000000000e+04 4.652600000000000000e+04 2.676525166805367917e+01 4.600000000000000000e+01
1.470000000000000000e+02 -5.000000000000000000e+01 2.600000000000000000e+01 4.725700000000000000e+04 4.757900000000000000e+04 4.931400000000000000e+04 4.622300000000000000e+04 2.677582669199910015e+01 4.600000000000000000e+01
-3.000000000000000000e+00 -1.920000000000000000e+02 3.400000000000000000e+01 4.633300000000000000e+04 4.778100000000000000e+04 5.065900000000000000e+04 4.561100000000000000e+04 2.678642913501244038e+01 4.600000000000000000e+01
-1.120000000000000000e+02 -2.290000000000000000e+02 1.300000000000000000e+01 4.589500000000000000e+04 4.769000000000000000e+04 5.082000000000000000e+04 4.662900000000000000e+04 2.679797240009065717e+01 4.600000000000000000e+01
-2.660000000000000000e+02 -2.720000000000000000e+02 1.700000000000000000e+01 4.376400000000000000e+04 4.707600000000000000e+04 5.183000000000000000e+04 4.828000000000000000e+04 2.680503741500433534e+01 4.300000000000000000e+01
-3.060000000000000000e+02 -2.120000000000000000e+02 3.800000000000000000e+01 4.485000000000000000e+04 4.621700000000000000e+04 5.209800000000000000e+04 4.809300000000000000e+04 2.681786265701521188e+01 4.300000000000000000e+01
-2.570000000000000000e+02 -1.480000000000000000e+02 4.500000000000000000e+01 4.609300000000000000e+04 4.635300000000000000e+04 5.116900000000000000e+04 4.818500000000000000e+04 2.682546269206795841e+01 4.300000000000000000e+01
-1.580000000000000000e+02 -6.000000000000000000e+01 3.900000000000000000e+01 4.666000000000000000e+04 4.672200000000000000e+04 5.110400000000000000e+04 4.774300000000000000e+04 2.683521774504333735e+01 4.300000000000000000e+01
-8.300000000000000000e+01 -1.200000000000000000e+01 4.600000000000000000e+01 4.756300000000000000e+04 4.662000000000000000e+04 5.030300000000000000e+04 4.796900000000000000e+04 2.684447833907324821e+01 3.200000000000000000e+01
2.400000000000000000e+01 7.200000000000000000e+01 4.000000000000000000e+01 4.853400000000000000e+04 4.723300000000000000e+04 4.986500000000000000e+04 4.803900000000000000e+04 2.685528214101213962e+01 3.200000000000000000e+01
1.670000000000000000e+02 5.600000000000000000e+01 3.800000000000000000e+01 4.827600000000000000e+04 4.796600000000000000e+04 4.976800000000000000e+04 4.801500000000000000e+04 2.686447344906628132e+01 3.200000000000000000e+01
2.310000000000000000e+02 6.400000000000000000e+01 2.900000000000000000e+01 4.894800000000000000e+04 4.798300000000000000e+04 4.981700000000000000e+04 4.721800000000000000e+04 2.687439029302913696e+01 3.200000000000000000e+01
3.300000000000000000e+02 1.190000000000000000e+02 2.800000000000000000e+01 4.944300000000000000e+04 4.788000000000000000e+04 4.920500000000000000e+04 4.745300000000000000e+04 2.688429235108196735e+01 3.200000000000000000e+01
3.940000000000000000e+02 1.260000000000000000e+02 1.500000000000000000e+01 5.071200000000000000e+04 4.844700000000000000e+04 4.853500000000000000e+04 4.611400000000000000e+04 2.689523888402618468e+01 3.200000000000000000e+01
4.220000000000000000e+02 1.290000000000000000e+02 -1.800000000000000000e+01 5.079100000000000000e+04 4.935900000000000000e+04 4.782900000000000000e+04 4.569000000000000000e+04 2.690506082202773541e+01 2.700000000000000000e+01
3.850000000000000000e+02 1.200000000000000000e+02 -3.100000000000000000e+01 5.012700000000000000e+04 4.929900000000000000e+04 4.792000000000000000e+04 4.769900000000000000e+04 2.691516708105336875e+01 2.700000000000000000e+01
2.490000000000000000e+02 1.110000000000000000e+02 -3.400000000000000000e+01 5.144500000000000000e+04 4.896400000000000000e+04 4.796700000000000000e+04 4.623600000000000000e+04 2.692458960902877152e+01 2.700000000000000000e+01
8.400000000000000000e+01 9.100000000000000000e+01 -4.100000000000000000e+01 4.990400000000000000e+04 4.982900000000000000e+04 4.825400000000000000e+04 4.720500000000000000e+04 2.693507089803460985e+01 2.700000000000000000e+01
-2.520000000000000000e+02 8.800000000000000000e+01 -3.500000000000000000e+01 4.806900000000000000e+04 4.762700000000000000e+04 4.979700000000000000e+04 4.969600000000000000e+04 2.694811811600811779e+01 1.600000000000000000e+01
-4.260000000000000000e+02 1.200000000000000000e+02 -2.300000000000000000e+01 4.737500000000000000e+04 4.614900000000000000e+04 5.126900000000000000e+04 5.113900000000000000e+04 2.695861614600289613e+01 1.600000000000000000e+01
-6.380000000000000000e+02 8.500000000000000000e+01 -2.200000000000000000e+01 4.681500000000000000e+04 4.578400000000000000e+04 5.209100000000000000e+04 5.087900000000000000e+04 2.696849764906801283e+01 1.600000000000000000e+01
-6.630000000000000000e+02 8.400000000000000000e+01 -3.400000000000000000e+01 4.682200000000000000e+04 4.539400000000000000e+04 5.217300000000000000e+04 5.104600000000000000e+04 2.697971674101427197e+01 1.600000000000000000e+01
-7.380000000000000000e+02 6.400000000000000000e+01 -1.800000000000000000e+01 4.515800000000000000e+04 4.353300000000000000e+04 5.222400000000000000e+04 5.310600000000000000e+04 2.698626318306196481e+01 1.600000000000000000e+01
-6.470000000000000000e+02 -8.000000000000000000e+00 -3.000000000000000000e+01 4.669100000000000000e+04 4.534900000000000000e+04 5.216700000000000000e+04 5.085800000000000000e+04 2.700301857606973499e+01 1.600000000000000000e+01
-5.100000000000000000e+02 -3.400000000000000000e+01 -4.600000000000000000e+01 4.649700000000000000e+04 4.636100000000000000e+04 5.184100000000000000e+04 5.048400000000000000e+04 2.700918962608557194e+01 1.600000000000000000e+01
-2.420000000000000000e+02 -2.170000000000000000e+02 -4.900000000000000000e+01 4.653600000000000000e+04 4.894500000000000000e+04 5.156700000000000000e+04 4.872800000000000000e+04 2.702625063504092395e+01 1.600000000000000000e+01
1.600000000000000000e+01 -3.880000000000000000e+02 -9.400000000000000000e+01 4.646700000000000000e+04 5.042000000000000000e+04 5.168000000000000000e+04 4.684300000000000000e+04 2.703247741702944040e+01 1.600000000000000000e+01
3.480000000000000000e+02 -4.170000000000000000e+02 -1.630000000000000000e+02 4.616600000000000000e+04 5.186500000000000000e+04 5.036000000000000000e+04 4.707900000000000000e+04 2.703637959505431354e+01 1.600000000000000000e+01
6.430000000000000000e+02 -4.670000000000000000e+02 -1.900000000000000000e+02 4.747100000000000000e+04 5.242500000000000000e+04 5.005500000000000000e+04 4.460400000000000000e+04 2.704597682110033929e+01 1.200000000000000000e+01
7.760000000000000000e+02 -3.320000000000000000e+02 -2.020000000000000000e+02 4.850000000000000000e+04 5.222200000000000000e+04 4.884700000000000000e+04 4.528300000000000000e+04 2.705505765206180513e+01 1.200000000000000000e+01
8.990000000000000000e+02 -1.520000000000000000e+02 -2.570000000000000000e+02 5.010400000000000000e+04 5.228600000000000000e+04 4.677200000000000000e+04 4.526800000000000000e+04 2.706501769507303834e+01 1.200000000000000000e+01
8.700000000000000000e+02 -1.240000000000000000e+02 -2.650000000000000000e+02 4.906900000000000000e+04 5.261600000000000000e+04 4.735500000000000000e+04 4.487800000000000000e+04 2.707413599407300353e+01 1.200000000000000000e+01
7.280000000000000000e+02 -1.310000000000000000e+02 -2.800000000000000000e+02 4.836300000000000000e+04 5.263600000000000000e+04 4.764100000000000000e+04 4.542300000000000000e+04 2.708774472109507769e+01 1.200000000000000000e+01
6.330000000000000000e+02 -2.200000000000000000e+02 -2.940000000000000000e+02 4.733700000000000000e+04 5.281100000000000000e+04 4.847900000000000000e+04 4.543600000000000000e+04 2.709485494403634220e+01 1.200000000000000000e+01
4.030000000000000000e+02 -3.100000000000000000e+02 -2.810000000000000000e+02 4.620600000000000000e+04 5.288200000000000000e+04 4.954900000000000000e+04 4.567800000000000000e+04 2.710417392209637910e+01 2.280000000000000000e+02
1.430000000000000000e+02 -3.770000000000000000e+02 -2.320000000000000000e+02 4.490200000000000000e+04 5.291300000000000000e+04 5.056000000000000000e+04 4.537000000000000000e+04 2.711823196010664105e+01 2.280000000000000000e+02
2.500000000000000000e+01 -3.720000000000000000e+02 -2.210000000000000000e+02 4.498900000000000000e+04 5.240500000000000000e+04 5.068800000000000000e+04 4.601300000000000000e+04 2.712724803003948182e+01 2.280000000000000000e+02
-1.130000000000000000e+02 -2.840000000000000000e+02 -1.670000000000000000e+02 4.567500000000000000e+04 5.189300000000000000e+04 5.041600000000000000e+04 4.683600000000000000e+04 2.713679431204218417e+01 2.280000000000000000e+02
-2.400000000000000000e+02 -1.460000000000000000e+02 -1.440000000000000000e+02 4.626000000000000000e+04 5.086500000000000000e+04 4.986700000000000000e+04 4.788600000000000000e+04 2.714797943504527211e+01 7.600000000000000000e+02
-3.400000000000000000e+02 -1.900000000000000000e+01 -1.280000000000000000e+02 4.622200000000000000e+04 4.972600000000000000e+04 4.991800000000000000e+04 4.897500000000000000e+04 2.718277360405772924e+01 7.600000000000000000e+02
-3.750000000000000000e+02 4.300000000000000000e+01 -9.600000000000000000e+01 4.649800000000000000e+04 4.941300000000000000e+04 4.988900000000000000e+04 4.910000000000000000e+04 2.718455733906012028e+01 7.600000000000000000e+02
-3.820000000000000000e+02 1.500000000000000000e+02 -6.100000000000000000e+01 4.717900000000000000e+04 4.859500000000000000e+04 4.933400000000000000e+04 4.957400000000000000e+04 2.718631882104091346e+01 7.600000000000000000e+02
-3.400000000000000000e+02 2.660000000000000000e+02 -2.200000000000000000e+01 4.851400000000000000e+04 4.858900000000000000e+04 4.830000000000000000e+04 4.933600000000000000e+04 2.718803097400814295e+01 7.600000000000000000e+02
-2.680000000000000000e+02 2.890000000000000000e+02 -2.800000000000000000e+01 4.834500000000000000e+04 4.822500000000000000e+04 4.852900000000000000e+04 4.952600000000000000e+04 2.719441666000057012e+01 7.600000000000000000e+02
-2.620000000000000000e+02 2.670000000000000000e+02 1.000000000000000000e+00 4.803000000000000000e+04 4.825300000000000000e+04 4.893100000000000000e+04 4.947600000000000000e+04 2.720539980405010283e+01 7.500000000000000000e+02
-3.170000000000000000e+02 2.370000000000000000e+02 5.000000000000000000e+00 4.842300000000000000e+04 4.815500000000000000e+04 4.922100000000000000e+04 5.001400000000000000e+04 2.721377072401810437e+01 7.500000000000000000e+02
-3.180000000000000000e+02 4.000000000000000000e+01 3.700000000000000000e+01 4.765300000000000000e+04 4.896800000000000000e+04 5.015200000000000000e+04 4.914700000000000000e+04 2.722609534009825438e+01 7.500000000000000000e+02
-2.580000000000000000e+02 -1.050000000000000000e+02 8.900000000000000000e+01 4.748500000000000000e+04 4.956800000000000000e+04 5.064100000000000000e+04 4.827900000000000000e+04 2.723506005108356476e+01 7.500000000000000000e+02
-2.470000000000000000e+02 -2.830000000000000000e+02 1.300000000000000000e+02 4.685500000000000000e+04 4.978400000000000000e+04 5.140300000000000000e+04 4.752400000000000000e+04 2.724588770209811628e+01 7.560000000000000000e+02
-1.730000000000000000e+02 -3.740000000000000000e+02 1.290000000000000000e+02 4.625000000000000000e+04 5.024700000000000000e+04 5.158500000000000000e+04 4.621300000000000000e+04 2.725494820601306856e+01 7.560000000000000000e+02
-1.690000000000000000e+02 -3.740000000000000000e+02 9.600000000000000000e+01 4.650500000000000000e+04 5.033200000000000000e+04 5.115900000000000000e+04 4.628700000000000000e+04 2.726507831702474505e+01 7.560000000000000000e+02
-1.640000000000000000e+02 -3.630000000000000000e+02 5.600000000000000000e+01 4.570300000000000000e+04 4.990800000000000000e+04 5.138800000000000000e+04 4.671500000000000000e+04 2.727407925005536526e+01 7.560000000000000000e+02
-1.400000000000000000e+02 -3.020000000000000000e+02 3.100000000000000000e+01 4.599700000000000000e+04 5.005500000000000000e+04 5.094000000000000000e+04 4.666500000000000000e+04 2.728505212510935962e+01 7.560000000000000000e+02
-1.760000000000000000e+02 -3.150000000000000000e+02 3.300000000000000000e+01 4.589600000000000000e+04 5.029900000000000000e+04 5.091000000000000000e+04 4.634800000000000000e+04 2.729418582108337432e+01 7.560000000000000000e+02
-1.380000000000000000e+02 -2.330000000000000000e+02 1.300000000000000000e+01 4.610300000000000000e+04 4.983600000000000000e+04 5.069100000000000000e+04 4.688500000000000000e+04 2.730494251102209091e+01 7.640000000000000000e+02
-1.750000000000000000e+02 -1.130000000000000000e+02 -2.000000000000000000e+00 4.621200000000000000e+04 4.864500000000000000e+04 4.945900000000000000e+04 4.749600000000000000e+04 2.731420223903842270e+01 7.640000000000000000e+02
-1.960000000000000000e+02 -1.800000000000000000e+01 -5.800000000000000000e+01 4.640500000000000000e+04 4.815100000000000000e+04 4.893800000000000000e+04 4.814400000000000000e+04 2.732537246705032885e+01 7.640000000000000000e+02
-1.140000000000000000e+02 6.100000000000000000e+01 -4.700000000000000000e+01 4.655100000000000000e+04 4.826700000000000000e+04 4.855300000000000000e+04 4.784300000000000000e+04 2.733480506308842450e+01 7.640000000000000000e+02
-1.540000000000000000e+02 1.060000000000000000e+02 -5.900000000000000000e+01 4.706800000000000000e+04 4.781900000000000000e+04 4.771100000000000000e+04 4.833200000000000000e+04 2.734441281307954341e+01 7.760000000000000000e+02
-2.100000000000000000e+01 1.080000000000000000e+02 -8.500000000000000000e+01 4.648900000000000000e+04 4.745100000000000000e+04 4.647500000000000000e+04 4.715600000000000000e+04 2.735444530402310193e+01 7.760000000000000000e+02
-2.200000000000000000e+01 8.400000000000000000e+01 -6.100000000000000000e+01 4.614900000000000000e+04 4.778900000000000000e+04 4.662100000000000000e+04 4.684400000000000000e+04 2.736466448905412108e+01 7.760000000000000000e+02
5.500000000000000000e+01 -1.100000000000000000e+01 -8.800000000000000000e+01 4.632800000000000000e+04 4.793000000000000000e+04 4.616800000000000000e+04 4.635700000000000000e+04 2.737464515410829335e+01 7.760000000000000000e+02
1.160000000000000000e+02 -8.900000000000000000e+01 -6.500000000000000000e+01 4.595900000000000000e+04 4.882900000000000000e+04 4.635700000000000000e+04 4.525600000000000000e+04 2.738471361610572785e+01 7.760000000000000000e+02
1.510000000000000000e+02 -2.070000000000000000e+02 -1.110000000000000000e+02 4.547600000000000000e+04 4.903700000000000000e+04 4.675900000000000000e+04 4.512300000000000000e+04 2.739399583602789789e+01 7.760000000000000000e+02
2.000000000000000000e+02 -3.170000000000000000e+02 -8.300000000000000000e+01 4.479900000000000000e+04 4.989900000000000000e+04 4.721100000000000000e+04 4.416600000000000000e+04 2.740447365108411759e+01 7.820000000000000000e+02
1.560000000000000000e+02 -4.130000000000000000e+02 -9.500000000000000000e+01 4.384900000000000000e+04 4.960600000000000000e+04 4.693500000000000000e+04 4.341300000000000000e+04 2.741394579503685236e+01 7.820000000000000000e+02
1.810000000000000000e+02 -4.640000000000000000e+02 -8.500000000000000000e+01 4.377100000000000000e+04 4.975000000000000000e+04 4.697500000000000000e+04 4.329000000000000000e+04 2.742604149109683931e+01 7.820000000000000000e+02
8.100000000000000000e+01 -4.450000000000000000e+02 -7.800000000000000000e+01 4.328300000000000000e+04 4.906000000000000000e+04 4.725300000000000000e+04 4.418300000000000000e+04 2.743685386411380023e+01 7.820000000000000000e+02
2.300000000000000000e+01 -4.340000000000000000e+02 -6.600000000000000000e+01 4.313400000000000000e+04 4.827500000000000000e+04 4.741300000000000000e+04 4.493400000000000000e+04 2.745192184811457992e+01 7.800000000000000000e+02
-8.800000000000000000e+01 -3.190000000000000000e+02 -2.900000000000000000e+01 4.265900000000000000e+04 4.763100000000000000e+04 4.778500000000000000e+04 4.526800000000000000e+04 2.745612613705452532e+01 7.800000000000000000e+02
-1.710000000000000000e+02 -3.150000000000000000e+02 -1.900000000000000000e+01 4.289700000000000000e+04 4.702000000000000000e+04 4.788600000000000000e+04 4.580400000000000000e+04 2.746534168301150203e+01 7.800000000000000000e+02
-1.960000000000000000e+02 -2.520000000000000000e+02 8.000000000000000000e+00 4.267900000000000000e+04 4.665400000000000000e+04 4.814000000000000000e+04 4.606400000000000000e+04 2.747371194709558040e+01 7.800000000000000000e+02
-1.770000000000000000e+02 -1.700000000000000000e+02 -1.000000000000000000e+00 4.322000000000000000e+04 4.594900000000000000e+04 4.801300000000000000e+04 4.667300000000000000e+04 2.748424839403014630e+01 7.800000000000000000e+02
-1.770000000000000000e+02 -7.500000000000000000e+01 3.100000000000000000e+01 4.418700000000000000e+04 4.555400000000000000e+04 4.755400000000000000e+04 4.718600000000000000e+04 2.749417993903625757e+01 7.800000000000000000e+02
-1.100000000000000000e+02 -1.800000000000000000e+01 3.000000000000000000e+01 4.475400000000000000e+04 4.555100000000000000e+04 4.724100000000000000e+04 4.725700000000000000e+04 2.750486113503575325e+01 7.820000000000000000e+02
-2.400000000000000000e+01 -1.000000000000000000e+00 4.600000000000000000e+01 4.520700000000000000e+04 4.624000000000000000e+04 4.711800000000000000e+04 4.678300000000000000e+04 2.751379020710010082e+01 7.820000000000000000e+02
4.900000000000000000e+01 -3.600000000000000000e+01 4.300000000000000000e+01 4.568400000000000000e+04 4.677500000000000000e+04 4.696800000000000000e+04 4.639300000000000000e+04 2.752363034104928374e+01 7.820000000000000000e+02
1.210000000000000000e+02 -6.300000000000000000e+01 3.500000000000000000e+01 4.568600000000000000e+04 4.710300000000000000e+04 4.701000000000000000e+04 4.624400000000000000e+04 2.753396174509543926e+01 7.820000000000000000e+02
1.670000000000000000e+02 -1.410000000000000000e+02 2.600000000000000000e+01 4.560800000000000000e+04 4.787100000000000000e+04 4.714900000000000000e+04 4.566300000000000000e+04 2.754439795005600899e+01 7.820000000000000000e+02
2.000000000000000000e+02 -1.730000000000000000e+02 3.400000000000000000e+01 4.615300000000000000e+04 4.816600000000000000e+04 4.709000000000000000e+04 4.570900000000000000e+04 2.755414308106992394e+01 7.820000000000000000e+02
2.380000000000000000e+02 -2.650000000000000000e+02 4.100000000000000000e+01 4.599000000000000000e+04 4.854400000000000000e+04 4.743300000000000000e+04 4.506800000000000000e+04 2.756507707503624260e+01 7.820000000000000000e+02
2.160000000000000000e+02 -2.920000000000000000e+02 5.400000000000000000e+01 4.603200000000000000e+04 4.850700000000000000e+04 4.785600000000000000e+04 4.518200000000000000e+04 2.757430333807133138e+01 7.820000000000000000e+02
2.010000000000000000e+02 -3.780000000000000000e+02 6.100000000000000000e+01 4.530300000000000000e+04 4.878400000000000000e+04 4.862700000000000000e+04 4.500300000000000000e+04 2.758512280404102057e+01 7.820000000000000000e+02
1.910000000000000000e+02 -3.520000000000000000e+02 6.000000000000000000e+01 4.517300000000000000e+04 4.918000000000000000e+04 4.880300000000000000e+04 4.500700000000000000e+04 2.759426285210065544e+01 7.820000000000000000e+02
1.790000000000000000e+02 -3.780000000000000000e+02 5.200000000000000000e+01 4.514700000000000000e+04 4.924900000000000000e+04 4.912500000000000000e+04 4.479100000000000000e+04 2.760378156206570566e+01 7.830000000000000000e+02
1.440000000000000000e+02 -3.000000000000000000e+02 5.300000000000000000e+01 4.543100000000000000e+04 4.875400000000000000e+04 4.905800000000000000e+04 4.575100000000000000e+04 2.761427875910885632e+01 7.830000000000000000e+02
1.110000000000000000e+02 -2.720000000000000000e+02 5.000000000000000000e+01 4.557200000000000000e+04 4.866000000000000000e+04 4.909600000000000000e+04 4.587800000000000000e+04 2.762969150708522648e+01 7.830000000000000000e+02
9.100000000000000000e+01 -1.330000000000000000e+02 5.300000000000000000e+01 4.613600000000000000e+04 4.825700000000000000e+04 4.874300000000000000e+04 4.672800000000000000e+04 2.763367695501074195e+01 7.830000000000000000e+02
3.200000000000000000e+01 -9.400000000000000000e+01 5.500000000000000000e+01 4.646100000000000000e+04 4.781100000000000000e+04 4.866900000000000000e+04 4.716100000000000000e+04 2.764946742600295693e+01 7.830000000000000000e+02
7.000000000000000000e+00 2.600000000000000000e+01 6.200000000000000000e+01 4.610600000000000000e+04 4.713500000000000000e+04 4.881600000000000000e+04 4.771600000000000000e+04 2.765838131704367697e+01 7.830000000000000000e+02
-7.100000000000000000e+01 5.000000000000000000e+01 6.200000000000000000e+01 4.646900000000000000e+04 4.649800000000000000e+04 4.892800000000000000e+04 4.806400000000000000e+04 2.766327773011289537e+01 7.830000000000000000e+02
-3.900000000000000000e+01 1.150000000000000000e+02 6.300000000000000000e+01 4.659900000000000000e+04 4.655200000000000000e+04 4.879800000000000000e+04 4.824800000000000000e+04 2.767477701907046139e+01 7.830000000000000000e+02
-4.900000000000000000e+01 8.600000000000000000e+01 8.400000000000000000e+01 4.730000000000000000e+04 4.589500000000000000e+04 4.917300000000000000e+04 4.791900000000000000e+04 2.768377874908037484e+01 7.830000000000000000e+02
1.100000000000000000e+01 8.200000000000000000e+01 8.800000000000000000e+01 4.721100000000000000e+04 4.667100000000000000e+04 4.967300000000000000e+04 4.719300000000000000e+04 2.769358117808587849e+01 7.830000000000000000e+02
-2.000000000000000000e+00 0.000000000000000000e+00 9.600000000000000000e+01 4.715100000000000000e+04 4.685000000000000000e+04 5.003000000000000000e+04 4.684600000000000000e+04 2.770408275909721851e+01 7.730000000000000000e+02
3.900000000000000000e+01 -2.200000000000000000e+01 9.000000000000000000e+01 4.777100000000000000e+04 4.746500000000000000e+04 5.049900000000000000e+04 4.688500000000000000e+04 2.771397802408318967e+01 7.730000000000000000e+02
7.300000000000000000e+01 -9.600000000000000000e+01 9.000000000000000000e+01 4.777600000000000000e+04 4.797200000000000000e+04 5.065400000000000000e+04 4.633800000000000000e+04 2.772373583202715963e+01 7.730000000000000000e+02
1.450000000000000000e+02 -1.020000000000000000e+02 8.000000000000000000e+01 4.768200000000000000e+04 4.892200000000000000e+04 5.079300000000000000e+04 4.572500000000000000e+04 2.773418418504297733e+01 7.730000000000000000e+02
1.530000000000000000e+02 -1.880000000000000000e+02 8.900000000000000000e+01 4.778700000000000000e+04 4.913900000000000000e+04 5.084800000000000000e+04 4.537600000000000000e+04 2.774509371106978506e+01 7.720000000000000000e+02
1.560000000000000000e+02 -1.660000000000000000e+02 7.400000000000000000e+01 4.761000000000000000e+04 4.943400000000000000e+04 5.095200000000000000e+04 4.578900000000000000e+04 2.775414687301963568e+01 7.720000000000000000e+02
1.390000000000000000e+02 -1.540000000000000000e+02 7.100000000000000000e+01 4.797200000000000000e+04 4.957700000000000000e+04 5.070300000000000000e+04 4.577800000000000000e+04 2.776486418803688139e+01 7.720000000000000000e+02
1.100000000000000000e+02 -1.500000000000000000e+02 7.300000000000000000e+01 4.736700000000000000e+04 4.914200000000000000e+04 5.049000000000000000e+04 4.736700000000000000e+04 2.780778701801318675e+01 7.720000000000000000e+02
7.100000000000000000e+01 -8.400000000000000000e+01 7.200000000000000000e+01 4.734400000000000000e+04 4.909800000000000000e+04 5.047800000000000000e+04 4.756100000000000000e+04 2.781032718601636589e+01 7.720000000000000000e+02
4.500000000000000000e+01 -1.160000000000000000e+02 6.400000000000000000e+01 4.784000000000000000e+04 4.885700000000000000e+04 5.080800000000000000e+04 4.702500000000000000e+04 2.781284196011256427e+01 7.720000000000000000e+02
8.000000000000000000e+00 -1.000000000000000000e+00 5.600000000000000000e+01 4.823400000000000000e+04 4.860200000000000000e+04 5.066400000000000000e+04 4.746700000000000000e+04 2.781429165101144463e+01 7.690000000000000000e+02
5.600000000000000000e+01 -4.600000000000000000e+01 6.500000000000000000e+01 4.757100000000000000e+04 4.910900000000000000e+04 5.069700000000000000e+04 4.783000000000000000e+04 2.781602347211446613e+01 7.690000000000000000e+02
2.000000000000000000e+01 3.500000000000000000e+01 6.100000000000000000e+01 4.862500000000000000e+04 4.814000000000000000e+04 5.065700000000000000e+04 4.790000000000000000e+04 2.782496902206912637e+01 7.690000000000000000e+02
8.300000000000000000e+01 5.700000000000000000e+01 3.800000000000000000e+01 4.878000000000000000e+04 4.842800000000000000e+04 5.034000000000000000e+04 4.813700000000000000e+04 2.783608165907207876e+01 7.690000000000000000e+02
9.000000000000000000e+01 1.220000000000000000e+02 4.700000000000000000e+01 4.954800000000000000e+04 4.855500000000000000e+04 4.960400000000000000e+04 4.803200000000000000e+04 2.784608529601246119e+01 7.660000000000000000e+02
1.010000000000000000e+02 1.240000000000000000e+02 1.900000000000000000e+01 4.883800000000000000e+04 4.894900000000000000e+04 4.954700000000000000e+04 4.819500000000000000e+04 2.785587127401959151e+01 7.660000000000000000e+02
1.040000000000000000e+02 1.320000000000000000e+02 2.400000000000000000e+01 4.893600000000000000e+04 4.903900000000000000e+04 4.939900000000000000e+04 4.817500000000000000e+04 2.786387286800891161e+01 7.660000000000000000e+02
1.510000000000000000e+02 1.210000000000000000e+02 3.000000000000000000e+01 4.917200000000000000e+04 4.925000000000000000e+04 4.909600000000000000e+04 4.797200000000000000e+04 2.787366145302075893e+01 7.660000000000000000e+02
1.090000000000000000e+02 8.500000000000000000e+01 4.300000000000000000e+01 4.934300000000000000e+04 4.909200000000000000e+04 4.947800000000000000e+04 4.749000000000000000e+04 2.788420104305259883e+01 7.660000000000000000e+02
1.340000000000000000e+02 2.900000000000000000e+01 4.700000000000000000e+01 4.926300000000000000e+04 4.906100000000000000e+04 4.996900000000000000e+04 4.708500000000000000e+04 2.789399148605298251e+01 7.660000000000000000e+02
9.500000000000000000e+01 0.000000000000000000e+00 6.600000000000000000e+01 4.809800000000000000e+04 4.961700000000000000e+04 5.040100000000000000e+04 4.718400000000000000e+04 2.790333058009855449e+01 7.640000000000000000e+02
5.100000000000000000e+01 -5.100000000000000000e+01 6.800000000000000000e+01 4.792100000000000000e+04 4.919300000000000000e+04 5.059200000000000000e+04 4.733000000000000000e+04 2.791462079901248217e+01 7.640000000000000000e+02
-5.000000000000000000e+00 -4.100000000000000000e+01 8.100000000000000000e+01 4.755200000000000000e+04 4.913300000000000000e+04 5.109100000000000000e+04 4.745800000000000000e+04 2.792412980902008712e+01 7.640000000000000000e+02
-7.800000000000000000e+01 -6.800000000000000000e+01 9.300000000000000000e+01 4.766700000000000000e+04 4.830700000000000000e+04 5.098200000000000000e+04 4.808800000000000000e+04 2.793369208311196417e+01 7.640000000000000000e+02
-1.220000000000000000e+02 -1.800000000000000000e+01 8.300000000000000000e+01 4.754900000000000000e+04 4.749300000000000000e+04 5.183000000000000000e+04 4.792900000000000000e+04 2.794419272907543927e+01 7.590000000000000000e+02
-1.760000000000000000e+02 -1.700000000000000000e+01 9.200000000000000000e+01 4.713700000000000000e+04 4.781300000000000000e+04 5.141200000000000000e+04 4.849900000000000000e+04 2.795407097507268190e+01 7.590000000000000000e+02
-1.600000000000000000e+02 -8.000000000000000000e+00 8.800000000000000000e+01 4.751100000000000000e+04 4.787200000000000000e+04 5.112800000000000000e+04 4.844600000000000000e+04 2.796358757803682238e+01 7.590000000000000000e+02
-1.600000000000000000e+02 3.900000000000000000e+01 1.010000000000000000e+02 4.743300000000000000e+04 4.807000000000000000e+04 5.134300000000000000e+04 4.809400000000000000e+04 2.797303573600947857e+01 7.590000000000000000e+02
-1.000000000000000000e+02 1.000000000000000000e+01 1.030000000000000000e+02 4.860000000000000000e+04 4.654700000000000000e+04 5.198300000000000000e+04 4.755500000000000000e+04 2.798368212010245770e+01 7.590000000000000000e+02
-1.040000000000000000e+02 5.100000000000000000e+01 1.070000000000000000e+02 4.884200000000000000e+04 4.700200000000000000e+04 5.127900000000000000e+04 4.776700000000000000e+04 2.799368522409349680e+01 7.590000000000000000e+02
-8.000000000000000000e+00 6.300000000000000000e+01 8.300000000000000000e+01 4.831300000000000000e+04 4.786900000000000000e+04 5.091000000000000000e+04 4.822800000000000000e+04 2.800382479501422495e+01 7.550000000000000000e+02
6.000000000000000000e+00 7.400000000000000000e+01 9.500000000000000000e+01 4.875600000000000000e+04 4.849300000000000000e+04 5.064600000000000000e+04 4.788500000000000000e+04 2.801348503003828228e+01 7.550000000000000000e+02
5.500000000000000000e+01 4.500000000000000000e+01 7.200000000000000000e+01 4.909700000000000000e+04 4.888000000000000000e+04 5.035500000000000000e+04 4.743400000000000000e+04 2.802320180600509048e+01 7.550000000000000000e+02
8.900000000000000000e+01 1.010000000000000000e+02 8.100000000000000000e+01 4.897300000000000000e+04 4.870600000000000000e+04 5.067100000000000000e+04 4.775500000000000000e+04 2.803379437606781721e+01 7.550000000000000000e+02
7.200000000000000000e+01 1.100000000000000000e+01 7.100000000000000000e+01 5.026900000000000000e+04 4.768700000000000000e+04 5.122400000000000000e+04 4.666900000000000000e+04 2.804355687403585762e+01 7.520000000000000000e+02
5.700000000000000000e+01 5.200000000000000000e+01 6.000000000000000000e+01 4.866800000000000000e+04 4.857500000000000000e+04 5.084300000000000000e+04 4.802000000000000000e+04 2.805462327704299241e+01 7.520000000000000000e+02
5.000000000000000000e+01 2.600000000000000000e+01 3.800000000000000000e+01 4.862100000000000000e+04 4.868600000000000000e+04 5.078800000000000000e+04 4.795200000000000000e+04 2.806352192000485957e+01 7.520000000000000000e+02
1.800000000000000000e+01 6.200000000000000000e+01 5.100000000000000000e+01 4.851600000000000000e+04 4.839900000000000000e+04 5.089100000000000000e+04 4.822100000000000000e+04 2.807353393710218370e+01 7.520000000000000000e+02
3.100000000000000000e+01 5.100000000000000000e+01 2.400000000000000000e+01 4.876300000000000000e+04 4.867900000000000000e+04 5.058700000000000000e+04 4.802300000000000000e+04 2.808373324910644442e+01 7.520000000000000000e+02
4.700000000000000000e+01 9.800000000000000000e+01 1.800000000000000000e+01 4.871300000000000000e+04 4.852600000000000000e+04 5.054200000000000000e+04 4.823600000000000000e+04 2.809369500505272299e+01 7.520000000000000000e+02
3.700000000000000000e+01 6.100000000000000000e+01 1.800000000000000000e+01 4.889900000000000000e+04 4.889100000000000000e+04 5.042600000000000000e+04 4.804900000000000000e+04 2.810332302399910986e+01 7.540000000000000000e+02
7.300000000000000000e+01 1.470000000000000000e+02 -8.000000000000000000e+00 4.915800000000000000e+04 4.884600000000000000e+04 4.929000000000000000e+04 4.842900000000000000e+04 2.811364399304147810e+01 7.540000000000000000e+02
1.600000000000000000e+01 1.170000000000000000e+02 1.000000000000000000e+01 4.872100000000000000e+04 4.861100000000000000e+04 5.034500000000000000e+04 4.812700000000000000e+04 2.812340864504221827e+01 7.540000000000000000e+02
1.500000000000000000e+01 1.560000000000000000e+02 -5.000000000000000000e+00 4.891800000000000000e+04 4.825600000000000000e+04 4.994900000000000000e+04 4.835900000000000000e+04 2.813408551702741534e+01 7.540000000000000000e+02
-2.000000000000000000e+01 1.760000000000000000e+02 -1.600000000000000000e+01 4.890100000000000000e+04 4.833200000000000000e+04 4.976700000000000000e+04 4.845700000000000000e+04 2.814352891908492893e+01 7.520000000000000000e+02
-1.400000000000000000e+01 1.630000000000000000e+02 -1.000000000000000000e+01 4.773000000000000000e+04 4.944600000000000000e+04 4.875200000000000000e+04 4.896200000000000000e+04 2.815377169509883970e+01 7.520000000000000000e+02
-8.800000000000000000e+01 1.450000000000000000e+02 0.000000000000000000e+00 4.850300000000000000e+04 4.864700000000000000e+04 4.984100000000000000e+04 4.749700000000000000e+04 2.816373522602953017e+01 7.520000000000000000e+02
-7.900000000000000000e+01 1.470000000000000000e+02 -5.000000000000000000e+00 4.864500000000000000e+04 4.788500000000000000e+04 4.970300000000000000e+04 4.823300000000000000e+04 2.817345222504809499e+01 7.520000000000000000e+02
-1.440000000000000000e+02 1.300000000000000000e+02 -7.000000000000000000e+00 4.813000000000000000e+04 4.800600000000000000e+04 4.997300000000000000e+04 4.822900000000000000e+04 2.818374098406638950e+01 7.520000000000000000e+02
-1.630000000000000000e+02 1.000000000000000000e+02 -3.000000000000000000e+01 4.773300000000000000e+04 4.758300000000000000e+04 5.017700000000000000e+04 4.870100000000000000e+04 2.819307159807067364e+01 7.520000000000000000e+02
-2.080000000000000000e+02 1.000000000000000000e+02 -2.000000000000000000e+01 4.717100000000000000e+04 4.773200000000000000e+04 5.039400000000000000e+04 4.880800000000000000e+04 2.820308845001272857e+01 7.510000000000000000e+02
-2.050000000000000000e+02 4.900000000000000000e+01 -4.000000000000000000e+01 4.698900000000000000e+04 4.819300000000000000e+04 5.052800000000000000e+04 4.852300000000000000e+04 2.821328348410315812e+01 7.510000000000000000e+02
-2.040000000000000000e+02 6.000000000000000000e+01 -2.300000000000000000e+01 4.691000000000000000e+04 4.822800000000000000e+04 5.036500000000000000e+04 4.863900000000000000e+04 2.822344983706716448e+01 7.510000000000000000e+02
-1.750000000000000000e+02 4.400000000000000000e+01 -2.900000000000000000e+01 4.675700000000000000e+04 4.809400000000000000e+04 5.085600000000000000e+04 4.833300000000000000e+04 2.823882453201804310e+01 7.510000000000000000e+02
-1.620000000000000000e+02 4.700000000000000000e+01 -2.500000000000000000e+01 4.671200000000000000e+04 4.821300000000000000e+04 5.029600000000000000e+04 4.856400000000000000e+04 2.831842700100969523e+01 7.500000000000000000e+02
-9.500000000000000000e+01 1.050000000000000000e+02 -5.100000000000000000e+01 4.710900000000000000e+04 4.823800000000000000e+04 4.974200000000000000e+04 4.849000000000000000e+04 2.834136366401799023e+01 7.500000000000000000e+02
-4.800000000000000000e+01 1.710000000000000000e+02 -5.700000000000000000e+01 4.753600000000000000e+04 4.825100000000000000e+04 4.942100000000000000e+04 4.832700000000000000e+04 2.835051256511360407e+01 7.500000000000000000e+02
3.000000000000000000e+01 1.840000000000000000e+02 -6.300000000000000000e+01 4.756500000000000000e+04 4.848100000000000000e+04 4.875700000000000000e+04 4.870400000000000000e+04 2.835753514408133924e+01 7.500000000000000000e+02
3.700000000000000000e+01 2.500000000000000000e+02 -6.600000000000000000e+01 4.803300000000000000e+04 4.881300000000000000e+04 4.804900000000000000e+04 4.853500000000000000e+04 2.836241725808940828e+01 7.500000000000000000e+02
1.270000000000000000e+02 2.590000000000000000e+02 -6.000000000000000000e+01 4.830400000000000000e+04 4.857800000000000000e+04 4.785500000000000000e+04 4.861800000000000000e+04 2.836378320411313325e+01 7.500000000000000000e+02
1.070000000000000000e+02 2.850000000000000000e+02 -7.000000000000000000e+01 4.869100000000000000e+04 4.842100000000000000e+04 4.740400000000000000e+04 4.877900000000000000e+04 2.836696403904352337e+01 7.490000000000000000e+02
1.520000000000000000e+02 2.960000000000000000e+02 -6.700000000000000000e+01 4.871300000000000000e+04 4.905300000000000000e+04 4.712500000000000000e+04 4.881200000000000000e+04 2.836839116900227964e+01 7.490000000000000000e+02
7.400000000000000000e+01 2.730000000000000000e+02 -4.300000000000000000e+01 4.887300000000000000e+04 4.874100000000000000e+04 4.720000000000000000e+04 4.884500000000000000e+04 2.837095199408940971e+01 7.490000000000000000e+02
1.050000000000000000e+02 2.640000000000000000e+02 -5.800000000000000000e+01 4.860900000000000000e+04 4.907500000000000000e+04 4.700500000000000000e+04 4.896400000000000000e+04 2.837463023501913995e+01 7.490000000000000000e+02
3.600000000000000000e+01 2.220000000000000000e+02 -4.700000000000000000e+01 4.844100000000000000e+04 4.842800000000000000e+04 4.824900000000000000e+04 4.856900000000000000e+04 2.838113549409899861e+01 7.510000000000000000e+02
2.000000000000000000e+00 1.740000000000000000e+02 -4.200000000000000000e+01 4.799400000000000000e+04 4.833600000000000000e+04 4.817900000000000000e+04 4.864600000000000000e+04 2.838301926210988313e+01 7.510000000000000000e+02
-3.200000000000000000e+01 1.550000000000000000e+02 -2.300000000000000000e+01 4.767300000000000000e+04 4.829000000000000000e+04 4.858500000000000000e+04 4.860500000000000000e+04 2.838463028008118272e+01 7.510000000000000000e+02
-3.000000000000000000e+01 8.400000000000000000e+01 -3.900000000000000000e+01 4.740200000000000000e+04 4.828400000000000000e+04 4.921400000000000000e+04 4.822200000000000000e+04 2.838741454202681780e+01 7.510000000000000000e+02
-6.000000000000000000e+01 5.300000000000000000e+01 -2.500000000000000000e+01 4.688000000000000000e+04 4.834000000000000000e+04 4.936600000000000000e+04 4.844100000000000000e+04 2.839030601107515395e+01 7.510000000000000000e+02
-4.500000000000000000e+01 2.000000000000000000e+01 -4.100000000000000000e+01 4.697500000000000000e+04 4.868100000000000000e+04 4.907300000000000000e+04 4.831800000000000000e+04 2.839466844405978918e+01 7.510000000000000000e+02
-3.400000000000000000e+01 1.800000000000000000e+01 -2.700000000000000000e+01 4.705400000000000000e+04 4.864400000000000000e+04 4.938100000000000000e+04 4.774100000000000000e+04 2.840412412909790874e+01 7.520000000000000000e+02
-1.600000000000000000e+01 1.700000000000000000e+01 -3.300000000000000000e+01 4.729400000000000000e+04 4.847900000000000000e+04 4.924500000000000000e+04 4.808500000000000000e+04 2.841502973507158458e+01 7.520000000000000000e+02
2.900000000000000000e+01 4.800000000000000000e+01 -1.500000000000000000e+01 4.746500000000000000e+04 4.923600000000000000e+04 4.851500000000000000e+04 4.789300000000000000e+04 2.842520338902249932e+01 7.520000000000000000e+02
5.400000000000000000e+01 6.000000000000000000e+01 -2.900000000000000000e+01 4.815000000000000000e+04 4.859100000000000000e+04 4.862300000000000000e+04 4.778300000000000000e+04 2.843494825204834342e+01 7.520000000000000000e+02
7.500000000000000000e+01 9.200000000000000000e+01 -1.800000000000000000e+01 4.829600000000000000e+04 4.851500000000000000e+04 4.850800000000000000e+04 4.776200000000000000e+04 2.844903373601846397e+01 7.520000000000000000e+02
3.600000000000000000e+01 9.100000000000000000e+01 -9.000000000000000000e+00 4.803900000000000000e+04 4.880400000000000000e+04 4.828200000000000000e+04 4.788200000000000000e+04 2.845357232703827322e+01 7.520000000000000000e+02
6.600000000000000000e+01 9.900000000000000000e+01 -4.000000000000000000e+00 4.836800000000000000e+04 4.844500000000000000e+04 4.809900000000000000e+04 4.784000000000000000e+04 2.846478702209424227e+01 7.520000000000000000e+02
-2.000000000000000000e+00 1.000000000000000000e+02 -1.000000000000000000e+01 4.848200000000000000e+04 4.837100000000000000e+04 4.822400000000000000e+04 4.766700000000000000e+04 2.847353563806973398e+01 7.520000000000000000e+02
2.400000000000000000e+01 9.200000000000000000e+01 -5.000000000000000000e+00 4.814900000000000000e+04 4.812700000000000000e+04 4.862700000000000000e+04 4.780400000000000000e+04 2.848319986904971302e+01 7.520000000000000000e+02
-4.800000000000000000e+01 6.700000000000000000e+01 -7.000000000000000000e+00 4.789400000000000000e+04 4.794900000000000000e+04 4.906700000000000000e+04 4.779300000000000000e+04 2.849622716405428946e+01 7.520000000000000000e+02
-4.600000000000000000e+01 2.200000000000000000e+01 -9.000000000000000000e+00 4.691000000000000000e+04 4.781500000000000000e+04 4.853900000000000000e+04 4.795400000000000000e+04 2.850376072910148650e+01 7.610000000000000000e+02
-9.400000000000000000e+01 -3.000000000000000000e+00 8.000000000000000000e+00 4.703200000000000000e+04 4.772700000000000000e+04 4.918100000000000000e+04 4.746700000000000000e+04 2.851347883103881031e+01 7.610000000000000000e+02
-9.300000000000000000e+01 -3.000000000000000000e+01 1.000000000000000000e+01 4.668600000000000000e+04 4.759600000000000000e+04 4.943700000000000000e+04 4.734600000000000000e+04 2.852327119000256062e+01 7.610000000000000000e+02
-1.120000000000000000e+02 -3.900000000000000000e+01 2.000000000000000000e+01 4.686500000000000000e+04 4.734200000000000000e+04 4.980200000000000000e+04 4.704300000000000000e+04 2.853325273306109011e+01 7.610000000000000000e+02
-9.900000000000000000e+01 -5.100000000000000000e+01 1.600000000000000000e+01 4.622900000000000000e+04 4.758600000000000000e+04 4.950700000000000000e+04 4.747500000000000000e+04 2.854322308907285333e+01 7.570000000000000000e+02
-7.300000000000000000e+01 -3.300000000000000000e+01 1.500000000000000000e+01 4.675000000000000000e+04 4.701600000000000000e+04 5.001500000000000000e+04 4.668400000000000000e+04 2.855382784910034388e+01 7.570000000000000000e+02
-6.400000000000000000e+01 -2.900000000000000000e+01 -4.000000000000000000e+00 4.603200000000000000e+04 4.765100000000000000e+04 4.977300000000000000e+04 4.706500000000000000e+04 2.856390037306118757e+01 7.570000000000000000e+02
-1.800000000000000000e+01 3.100000000000000000e+01 -1.300000000000000000e+01 4.677800000000000000e+04 4.790300000000000000e+04 4.894600000000000000e+04 4.707000000000000000e+04 2.857391487411223352e+01 7.570000000000000000e+02
2.500000000000000000e+01 6.200000000000000000e+01 -1.300000000000000000e+01 4.719700000000000000e+04 4.785700000000000000e+04 4.829300000000000000e+04 4.739400000000000000e+04 2.858289356401655823e+01 7.570000000000000000e+02
7.400000000000000000e+01 1.060000000000000000e+02 -1.300000000000000000e+01 4.762100000000000000e+04 4.783000000000000000e+04 4.781500000000000000e+04 4.751000000000000000e+04 2.859685458906460553e+01 7.570000000000000000e+02
1.080000000000000000e+02 1.570000000000000000e+02 -2.300000000000000000e+01 4.809600000000000000e+04 4.806100000000000000e+04 4.747800000000000000e+04 4.759700000000000000e+04 2.860346005205065012e+01 7.580000000000000000e+02
7.200000000000000000e+01 1.360000000000000000e+02 -1.700000000000000000e+01 4.786800000000000000e+04 4.779300000000000000e+04 4.759700000000000000e+04 4.800900000000000000e+04 2.861382492410484701e+01 7.580000000000000000e+02
1.370000000000000000e+02 1.640000000000000000e+02 -2.400000000000000000e+01 4.834700000000000000e+04 4.829700000000000000e+04 4.725800000000000000e+04 4.740200000000000000e+04 2.862417898105923086e+01 7.580000000000000000e+02
9.900000000000000000e+01 1.290000000000000000e+02 -2.400000000000000000e+01 4.852600000000000000e+04 4.841900000000000000e+04 4.726700000000000000e+04 4.745600000000000000e+04 2.863329515105579048e+01 7.580000000000000000e+02
1.300000000000000000e+02 1.290000000000000000e+02 -1.000000000000000000e+01 4.846100000000000000e+04 4.859000000000000000e+04 4.741400000000000000e+04 4.724600000000000000e+04 2.864515922206919640e+01 7.560000000000000000e+02
9.600000000000000000e+01 6.700000000000000000e+01 -1.300000000000000000e+01 4.819200000000000000e+04 4.858300000000000000e+04 4.806200000000000000e+04 4.750400000000000000e+04 2.865408709505572915e+01 7.560000000000000000e+02
5.900000000000000000e+01 5.300000000000000000e+01 2.000000000000000000e+00 4.767800000000000000e+04 4.823600000000000000e+04 4.867900000000000000e+04 4.757300000000000000e+04 2.866337273910176009e+01 7.560000000000000000e+02
1.100000000000000000e+01 -5.000000000000000000e+00 1.000000000000000000e+00 4.748600000000000000e+04 4.840500000000000000e+04 4.921700000000000000e+04 4.737700000000000000e+04 2.867294658906757832e+01 7.560000000000000000e+02
-9.000000000000000000e+00 -4.100000000000000000e+01 5.000000000000000000e+00 4.702100000000000000e+04 4.854900000000000000e+04 4.968900000000000000e+04 4.725800000000000000e+04 2.868270285404287279e+01 7.560000000000000000e+02
-3.900000000000000000e+01 -5.800000000000000000e+01 1.000000000000000000e+01 4.719500000000000000e+04 4.836300000000000000e+04 4.960000000000000000e+04 4.750100000000000000e+04 2.869443400599993765e+01 7.560000000000000000e+02
-4.100000000000000000e+01 -9.700000000000000000e+01 1.500000000000000000e+01 4.690000000000000000e+04 4.834300000000000000e+04 4.998600000000000000e+04 4.752300000000000000e+04 2.870270606200210750e+01 7.590000000000000000e+02
-7.600000000000000000e+01 -8.300000000000000000e+01 7.000000000000000000e+00 4.707900000000000000e+04 4.847400000000000000e+04 4.992600000000000000e+04 4.737200000000000000e+04 2.871333235804922879e+01 7.590000000000000000e+02
-6.200000000000000000e+01 -8.300000000000000000e+01 2.400000000000000000e+01 4.714500000000000000e+04 4.826500000000000000e+04 5.001000000000000000e+04 4.752500000000000000e+04 2.872331762011162937e+01 7.590000000000000000e+02
-1.200000000000000000e+02 -5.900000000000000000e+01 3.600000000000000000e+01 4.749000000000000000e+04 4.795400000000000000e+04 5.001400000000000000e+04 4.753400000000000000e+04 2.873320799111388624e+01 7.590000000000000000e+02
-7.000000000000000000e+01 -6.100000000000000000e+01 3.500000000000000000e+01 4.757400000000000000e+04 4.784200000000000000e+04 5.008500000000000000e+04 4.757400000000000000e+04 2.874285709508694708e+01 7.580000000000000000e+02
-1.100000000000000000e+02 -3.000000000000000000e+00 3.000000000000000000e+01 4.761600000000000000e+04 4.775000000000000000e+04 5.011000000000000000e+04 4.778200000000000000e+04 2.875305893807671964e+01 7.580000000000000000e+02
-4.500000000000000000e+01 2.300000000000000000e+01 1.500000000000000000e+01 4.787700000000000000e+04 4.786400000000000000e+04 4.978000000000000000e+04 4.754200000000000000e+04 2.876305496704299003e+01 7.580000000000000000e+02
-8.200000000000000000e+01 2.300000000000000000e+01 4.500000000000000000e+01 4.771100000000000000e+04 4.788500000000000000e+04 4.998900000000000000e+04 4.749700000000000000e+04 2.877331953705288470e+01 7.580000000000000000e+02
-1.700000000000000000e+01 7.700000000000000000e+01 1.100000000000000000e+01 4.823600000000000000e+04 4.742100000000000000e+04 4.952300000000000000e+04 4.802400000000000000e+04 2.878277383500244468e+01 7.580000000000000000e+02
-3.600000000000000000e+01 8.000000000000000000e+01 2.600000000000000000e+01 4.849500000000000000e+04 4.785100000000000000e+04 4.934800000000000000e+04 4.782500000000000000e+04 2.879335084103513509e+01 7.580000000000000000e+02
1.900000000000000000e+01 9.400000000000000000e+01 1.100000000000000000e+01 4.852500000000000000e+04 4.768300000000000000e+04 4.917400000000000000e+04 4.808700000000000000e+04 2.880362981208600104e+01 7.580000000000000000e+02
-1.200000000000000000e+01 7.800000000000000000e+01 2.100000000000000000e+01 4.849200000000000000e+04 4.777000000000000000e+04 4.915900000000000000e+04 4.813400000000000000e+04 2.881306198809761554e+01 7.580000000000000000e+02
1.000000000000000000e+01 1.020000000000000000e+02 -2.000000000000000000e+00 4.839900000000000000e+04 4.769500000000000000e+04 4.932400000000000000e+04 4.848200000000000000e+04 2.882309607509523630e+01 7.580000000000000000e+02
-3.700000000000000000e+01 8.400000000000000000e+01 1.300000000000000000e+01 4.799100000000000000e+04 4.763300000000000000e+04 4.959000000000000000e+04 4.865100000000000000e+04 2.883288155600894243e+01 7.580000000000000000e+02
-1.700000000000000000e+01 8.000000000000000000e+01 -8.000000000000000000e+00 4.817800000000000000e+04 4.796200000000000000e+04 4.935600000000000000e+04 4.848000000000000000e+04 2.884412716107908636e+01 7.570000000000000000e+02
-1.900000000000000000e+01 6.900000000000000000e+01 -1.000000000000000000e+00 4.770500000000000000e+04 4.772600000000000000e+04 4.960400000000000000e+04 4.875500000000000000e+04 2.885390326206106693e+01 7.570000000000000000e+02
-7.000000000000000000e+00 2.000000000000000000e+01 -1.700000000000000000e+01 4.782300000000000000e+04 4.821400000000000000e+04 4.938400000000000000e+04 4.838400000000000000e+04 2.886326507001649588e+01 7.570000000000000000e+02
2.500000000000000000e+01 3.100000000000000000e+01 -1.400000000000000000e+01 4.755600000000000000e+04 4.843800000000000000e+04 4.945300000000000000e+04 4.829700000000000000e+04 2.887319999211467803e+01 7.570000000000000000e+02
4.300000000000000000e+01 -4.900000000000000000e+01 -1.800000000000000000e+01 4.806000000000000000e+04 4.873800000000000000e+04 4.916700000000000000e+04 4.782400000000000000e+04 2.888374344410840422e+01 7.570000000000000000e+02
6.200000000000000000e+01 -6.000000000000000000e+00 -1.700000000000000000e+01 4.802400000000000000e+04 4.890500000000000000e+04 4.920600000000000000e+04 4.765100000000000000e+04 2.889297422301024199e+01 7.570000000000000000e+02
9.500000000000000000e+01 -8.600000000000000000e+01 -2.900000000000000000e+01 4.780100000000000000e+04 4.874100000000000000e+04 4.916600000000000000e+04 4.733100000000000000e+04 2.890406542900018394e+01 7.620000000000000000e+02
8.400000000000000000e+01 -4.900000000000000000e+01 -2.600000000000000000e+01 4.764700000000000000e+04 4.862900000000000000e+04 4.912900000000000000e+04 4.765500000000000000e+04 2.891466155706439167e+01 7.620000000000000000e+02
1.170000000000000000e+02 -8.600000000000000000e+01 -2.600000000000000000e+01 4.780000000000000000e+04 4.910600000000000000e+04 4.867600000000000000e+04 4.745600000000000000e+04 2.892320334701798856e+01 7.620000000000000000e+02
9.200000000000000000e+01 -3.500000000000000000e+01 -2.700000000000000000e+01 4.809300000000000000e+04 4.894500000000000000e+04 4.848200000000000000e+04 4.718800000000000000e+04 2.893386838608421385e+01 7.620000000000000000e+02
1.210000000000000000e+02 -3.500000000000000000e+01 -4.000000000000000000e+01 4.774200000000000000e+04 4.857300000000000000e+04 4.889700000000000000e+04 4.747400000000000000e+04 2.894350437307730317e+01 7.590000000000000000e+02
4.600000000000000000e+01 -1.200000000000000000e+01 -3.000000000000000000e+00 4.784300000000000000e+04 4.890600000000000000e+04 4.830100000000000000e+04 4.733000000000000000e+04 2.895312648301478475e+01 7.590000000000000000e+02
4.200000000000000000e+01 2.000000000000000000e+00 -3.000000000000000000e+01 4.807700000000000000e+04 4.856900000000000000e+04 4.843100000000000000e+04 4.729100000000000000e+04 2.896413602505344898e+01 7.590000000000000000e+02
-3.900000000000000000e+01 -1.800000000000000000e+01 -6.000000000000000000e+00 4.743000000000000000e+04 4.818300000000000000e+04 4.895300000000000000e+04 4.780000000000000000e+04 2.897339905309490860e+01 7.590000000000000000e+02
-6.700000000000000000e+01 -4.400000000000000000e+01 -1.700000000000000000e+01 4.767200000000000000e+04 4.821700000000000000e+04 4.873000000000000000e+04 4.776700000000000000e+04 2.898367556103039533e+01 7.590000000000000000e+02
-1.490000000000000000e+02 1.000000000000000000e+01 -7.000000000000000000e+00 4.729400000000000000e+04 4.777900000000000000e+04 4.916700000000000000e+04 4.810600000000000000e+04 2.899284206202719361e+01 7.590000000000000000e+02
-1.660000000000000000e+02 -7.000000000000000000e+01 1.000000000000000000e+00 4.682100000000000000e+04 4.759000000000000000e+04 4.958800000000000000e+04 4.815900000000000000e+04 2.900322410708758980e+01 7.600000000000000000e+02
-1.930000000000000000e+02 4.000000000000000000e+00 -8.000000000000000000e+00 4.713500000000000000e+04 4.755700000000000000e+04 4.945100000000000000e+04 4.835400000000000000e+04 2.901382495800498873e+01 7.600000000000000000e+02
-1.660000000000000000e+02 -8.100000000000000000e+01 4.000000000000000000e+00 4.683900000000000000e+04 4.804300000000000000e+04 4.947700000000000000e+04 4.787700000000000000e+04 2.902412587101571262e+01 7.600000000000000000e+02
-1.520000000000000000e+02 -2.900000000000000000e+01 5.000000000000000000e+00 4.715300000000000000e+04 4.833200000000000000e+04 4.952700000000000000e+04 4.754800000000000000e+04 2.903851215902250260e+01 7.600000000000000000e+02
-9.900000000000000000e+01 -8.800000000000000000e+01 1.400000000000000000e+01 4.796400000000000000e+04 4.774400000000000000e+04 4.892700000000000000e+04 4.804200000000000000e+04 2.904354429105296731e+01 7.620000000000000000e+02
-6.600000000000000000e+01 -6.200000000000000000e+01 2.000000000000000000e+01 4.825400000000000000e+04 4.757100000000000000e+04 4.824800000000000000e+04 4.800000000000000000e+04 2.905286803911440074e+01 7.620000000000000000e+02
2.000000000000000000e+00 -1.340000000000000000e+02 2.100000000000000000e+01 4.824700000000000000e+04 4.787600000000000000e+04 4.825400000000000000e+04 4.769900000000000000e+04 2.906328255403786898e+01 7.620000000000000000e+02
2.700000000000000000e+01 -1.760000000000000000e+02 1.900000000000000000e+01 4.774900000000000000e+04 4.808800000000000000e+04 4.869500000000000000e+04 4.724200000000000000e+04 2.907320003502536565e+01 7.620000000000000000e+02
9.800000000000000000e+01 -2.560000000000000000e+02 2.700000000000000000e+01 4.783500000000000000e+04 4.863400000000000000e+04 4.865100000000000000e+04 4.662600000000000000e+04 2.908343021303880960e+01 7.620000000000000000e+02
1.110000000000000000e+02 -3.030000000000000000e+02 2.100000000000000000e+01 4.766100000000000000e+04 4.879400000000000000e+04 4.898100000000000000e+04 4.655600000000000000e+04 2.909592013910878450e+01 7.620000000000000000e+02
