1.210000000000000000e+02 3.100000000000000000e+01 -8.100000000000000000e+01 4.936900000000000000e+04 5.060900000000000000e+04 5.071900000000000000e+04 4.966400000000000000e+04 2.200540780799929053e+01 7.740000000000000000e+02
1.160000000000000000e+02 1.900000000000000000e+01 -9.100000000000000000e+01 4.905100000000000000e+04 5.038000000000000000e+04 5.100400000000000000e+04 4.996600000000000000e+04 2.201593399397097528e+01 7.740000000000000000e+02
7.400000000000000000e+01 2.200000000000000000e+01 -7.300000000000000000e+01 4.900300000000000000e+04 5.081500000000000000e+04 5.097300000000000000e+04 4.963100000000000000e+04 2.202648911101277918e+01 7.740000000000000000e+02
1.400000000000000000e+01 3.800000000000000000e+01 -9.100000000000000000e+01 4.885600000000000000e+04 5.025700000000000000e+04 5.113100000000000000e+04 5.023100000000000000e+04 2.203618477098643780e+01 7.740000000000000000e+02
1.000000000000000000e+00 -1.100000000000000000e+01 -6.700000000000000000e+01 4.853100000000000000e+04 5.052000000000000000e+04 5.141000000000000000e+04 4.996700000000000000e+04 2.204587407491635531e+01 7.740000000000000000e+02
-9.300000000000000000e+01 1.600000000000000000e+01 -8.400000000000000000e+01 4.830200000000000000e+04 5.022200000000000000e+04 5.172700000000000000e+04 5.051400000000000000e+04 2.205703753698617220e+01 7.740000000000000000e+02
-1.080000000000000000e+02 -1.000000000000000000e+00 -8.400000000000000000e+01 4.814400000000000000e+04 5.027000000000000000e+04 5.168400000000000000e+04 5.055200000000000000e+04 2.206527779193129390e+01 7.740000000000000000e+02
-1.220000000000000000e+02 -2.000000000000000000e+00 -8.600000000000000000e+01 4.842800000000000000e+04 5.030700000000000000e+04 5.152700000000000000e+04 5.073900000000000000e+04 2.207640316302422434e+01 7.740000000000000000e+02
-1.210000000000000000e+02 7.000000000000000000e+00 -8.400000000000000000e+01 4.858900000000000000e+04 5.085300000000000000e+04 5.141500000000000000e+04 5.020600000000000000e+04 2.208556985692121089e+01 7.740000000000000000e+02
-1.090000000000000000e+02 5.000000000000000000e+00 -8.900000000000000000e+01 4.876900000000000000e+04 5.101100000000000000e+04 5.120700000000000000e+04 5.022200000000000000e+04 2.209673747699707747e+01 7.700000000000000000e+02
-8.900000000000000000e+01 -3.000000000000000000e+00 -9.700000000000000000e+01 4.814600000000000000e+04 5.089600000000000000e+04 5.149100000000000000e+04 5.029700000000000000e+04 2.210533037502318621e+01 7.700000000000000000e+02
-8.000000000000000000e+01 -1.300000000000000000e+01 -1.050000000000000000e+02 4.858200000000000000e+04 5.102700000000000000e+04 5.133400000000000000e+04 5.043100000000000000e+04 2.211511620995588601e+01 7.700000000000000000e+02
-5.300000000000000000e+01 -7.000000000000000000e+00 -9.100000000000000000e+01 4.850100000000000000e+04 5.121000000000000000e+04 5.133700000000000000e+04 5.038800000000000000e+04 2.212571244896389544e+01 7.700000000000000000e+02
-5.100000000000000000e+01 -6.000000000000000000e+00 -1.060000000000000000e+02 4.868200000000000000e+04 5.135000000000000000e+04 5.118000000000000000e+04 5.031500000000000000e+04 2.213472626800648868e+01 7.700000000000000000e+02
2.000000000000000000e+01 -2.600000000000000000e+01 -9.300000000000000000e+01 4.891500000000000000e+04 5.158800000000000000e+04 5.091400000000000000e+04 5.012300000000000000e+04 2.216436891700141132e+01 7.700000000000000000e+02
-8.000000000000000000e+00 -2.000000000000000000e+00 -1.070000000000000000e+02 4.924600000000000000e+04 5.162400000000000000e+04 5.061200000000000000e+04 5.011600000000000000e+04 2.216747023595962673e+01 7.730000000000000000e+02
1.700000000000000000e+01 -3.100000000000000000e+01 -9.300000000000000000e+01 4.918600000000000000e+04 5.175400000000000000e+04 5.059400000000000000e+04 4.989300000000000000e+04 2.216908423998393118e+01 7.730000000000000000e+02
2.600000000000000000e+01 -2.200000000000000000e+01 -7.800000000000000000e+01 4.920400000000000000e+04 5.180500000000000000e+04 5.055600000000000000e+04 4.985700000000000000e+04 2.217582317395135760e+01 7.730000000000000000e+02
5.700000000000000000e+01 -4.700000000000000000e+01 -8.500000000000000000e+01 4.889200000000000000e+04 5.163300000000000000e+04 5.085500000000000000e+04 5.004600000000000000e+04 2.218731661199126393e+01 7.730000000000000000e+02
5.800000000000000000e+01 -1.500000000000000000e+01 -7.900000000000000000e+01 4.848300000000000000e+04 5.178900000000000000e+04 5.114900000000000000e+04 4.998000000000000000e+04 2.219526614993810654e+01 7.720000000000000000e+02
3.100000000000000000e+01 3.200000000000000000e+01 -8.400000000000000000e+01 4.852400000000000000e+04 5.161700000000000000e+04 5.098000000000000000e+04 5.005100000000000000e+04 2.220490114600397646e+01 7.720000000000000000e+02
5.500000000000000000e+01 1.700000000000000000e+01 -8.400000000000000000e+01 4.882900000000000000e+04 5.142900000000000000e+04 5.057200000000000000e+04 5.019600000000000000e+04 2.221567995194345713e+01 7.720000000000000000e+02
1.100000000000000000e+01 1.420000000000000000e+02 -7.200000000000000000e+01 4.902100000000000000e+04 5.128500000000000000e+04 5.041000000000000000e+04 5.033500000000000000e+04 2.222481044591404498e+01 7.720000000000000000e+02
-4.000000000000000000e+00 1.090000000000000000e+02 -7.300000000000000000e+01 4.898000000000000000e+04 5.062200000000000000e+04 5.039600000000000000e+04 5.076200000000000000e+04 2.223484775901306421e+01 7.720000000000000000e+02
-2.300000000000000000e+01 1.360000000000000000e+02 -5.300000000000000000e+01 4.887200000000000000e+04 5.090800000000000000e+04 5.041200000000000000e+04 5.056600000000000000e+04 2.224464878696016967e+01 7.720000000000000000e+02
-5.000000000000000000e+01 1.270000000000000000e+02 -3.800000000000000000e+01 4.925300000000000000e+04 5.038200000000000000e+04 5.036800000000000000e+04 5.109500000000000000e+04 2.225571438192855567e+01 7.710000000000000000e+02
-1.900000000000000000e+01 1.240000000000000000e+02 -5.600000000000000000e+01 4.922900000000000000e+04 5.050500000000000000e+04 5.024400000000000000e+04 5.099600000000000000e+04 2.226465572696179152e+01 7.710000000000000000e+02
-8.000000000000000000e+00 9.700000000000000000e+01 -3.000000000000000000e+01 4.924300000000000000e+04 5.075200000000000000e+04 5.023700000000000000e+04 5.073800000000000000e+04 2.227519406692590564e+01 7.710000000000000000e+02
-1.600000000000000000e+01 5.100000000000000000e+01 -4.700000000000000000e+01 4.936300000000000000e+04 5.117100000000000000e+04 5.036800000000000000e+04 5.040400000000000000e+04 2.228498280001804233e+01 7.710000000000000000e+02
4.100000000000000000e+01 1.000000000000000000e+01 -3.000000000000000000e+01 4.897900000000000000e+04 5.153400000000000000e+04 5.073600000000000000e+04 5.006300000000000000e+04 2.229535715701058507e+01 7.670000000000000000e+02
-4.000000000000000000e+01 -2.500000000000000000e+01 -3.200000000000000000e+01 4.890600000000000000e+04 5.140400000000000000e+04 5.099800000000000000e+04 5.023500000000000000e+04 2.230471462791319937e+01 7.670000000000000000e+02
1.700000000000000000e+01 -4.100000000000000000e+01 -1.500000000000000000e+01 4.915000000000000000e+04 5.153800000000000000e+04 5.073100000000000000e+04 5.015400000000000000e+04 2.231525590794626623e+01 7.670000000000000000e+02
-4.900000000000000000e+01 -3.300000000000000000e+01 -1.700000000000000000e+01 4.877900000000000000e+04 5.147300000000000000e+04 5.122000000000000000e+04 5.016100000000000000e+04 2.232477714098058641e+01 7.670000000000000000e+02
-3.100000000000000000e+01 -4.000000000000000000e+01 -8.000000000000000000e+00 4.784900000000000000e+04 5.105600000000000000e+04 5.198700000000000000e+04 5.068100000000000000e+04 2.233489037491381168e+01 7.670000000000000000e+02
-5.600000000000000000e+01 2.000000000000000000e+00 9.000000000000000000e+00 4.850700000000000000e+04 5.131200000000000000e+04 5.145300000000000000e+04 5.040700000000000000e+04 2.234526090999133885e+01 7.670000000000000000e+02
-5.500000000000000000e+01 4.000000000000000000e+01 6.000000000000000000e+00 4.889900000000000000e+04 5.022400000000000000e+04 5.141800000000000000e+04 5.148800000000000000e+04 2.235527373792137951e+01 7.690000000000000000e+02
-6.200000000000000000e+01 7.800000000000000000e+01 1.400000000000000000e+01 4.858500000000000000e+04 5.060000000000000000e+04 5.166000000000000000e+04 5.092400000000000000e+04 2.236564709292724729e+01 7.690000000000000000e+02
-4.900000000000000000e+01 1.360000000000000000e+02 3.200000000000000000e+01 4.937200000000000000e+04 5.071800000000000000e+04 5.109500000000000000e+04 5.099000000000000000e+04 2.237614723294973373e+01 7.690000000000000000e+02
-4.000000000000000000e+01 1.420000000000000000e+02 7.000000000000000000e+00 4.966800000000000000e+04 5.001200000000000000e+04 5.091300000000000000e+04 5.155700000000000000e+04 2.238590617000591010e+01 7.690000000000000000e+02
-2.300000000000000000e+01 1.810000000000000000e+02 8.000000000000000000e+00 4.982600000000000000e+04 5.031000000000000000e+04 5.055000000000000000e+04 5.142900000000000000e+04 2.239581905596423894e+01 7.670000000000000000e+02
1.400000000000000000e+01 1.060000000000000000e+02 -1.400000000000000000e+01 4.947200000000000000e+04 5.072800000000000000e+04 5.073100000000000000e+04 5.088100000000000000e+04 2.240545366797596216e+01 7.670000000000000000e+02
4.200000000000000000e+01 7.100000000000000000e+01 -1.300000000000000000e+01 4.955900000000000000e+04 5.075000000000000000e+04 5.054500000000000000e+04 5.093700000000000000e+04 2.241656817600596696e+01 7.670000000000000000e+02
5.700000000000000000e+01 8.000000000000000000e+00 -3.500000000000000000e+01 4.926700000000000000e+04 5.100100000000000000e+04 5.050400000000000000e+04 5.062800000000000000e+04 2.242701636394485831e+01 7.670000000000000000e+02
9.300000000000000000e+01 -4.900000000000000000e+01 -2.600000000000000000e+01 4.930100000000000000e+04 5.141900000000000000e+04 5.043400000000000000e+04 5.043200000000000000e+04 2.243578652199357748e+01 7.670000000000000000e+02
6.200000000000000000e+01 -1.070000000000000000e+02 -4.200000000000000000e+01 4.878800000000000000e+04 5.176200000000000000e+04 5.080100000000000000e+04 5.009500000000000000e+04 2.244680395594332367e+01 7.670000000000000000e+02
5.100000000000000000e+01 -1.070000000000000000e+02 -3.100000000000000000e+01 4.867100000000000000e+04 5.163500000000000000e+04 5.066600000000000000e+04 5.009400000000000000e+04 2.245649487199261785e+01 7.670000000000000000e+02
6.000000000000000000e+01 -1.300000000000000000e+02 -6.300000000000000000e+01 4.886300000000000000e+04 5.151500000000000000e+04 5.059100000000000000e+04 5.029600000000000000e+04 2.246551658201497048e+01 7.670000000000000000e+02
2.800000000000000000e+01 -1.090000000000000000e+02 -2.300000000000000000e+01 4.832800000000000000e+04 5.156600000000000000e+04 5.106400000000000000e+04 5.021200000000000000e+04 2.247652857296634465e+01 7.670000000000000000e+02
2.700000000000000000e+01 -1.280000000000000000e+02 -4.800000000000000000e+01 4.857700000000000000e+04 5.156500000000000000e+04 5.083700000000000000e+04 5.021000000000000000e+04 2.248658485000487417e+01 7.670000000000000000e+02
2.600000000000000000e+01 -1.210000000000000000e+02 -4.600000000000000000e+01 4.836600000000000000e+04 5.165500000000000000e+04 5.089500000000000000e+04 5.023200000000000000e+04 2.249614831397775561e+01 7.660000000000000000e+02
5.000000000000000000e+01 -8.800000000000000000e+01 -3.600000000000000000e+01 4.852700000000000000e+04 5.176600000000000000e+04 5.082000000000000000e+04 5.012900000000000000e+04 2.250612191495019943e+01 7.660000000000000000e+02
6.200000000000000000e+01 -8.900000000000000000e+01 -4.700000000000000000e+01 4.850600000000000000e+04 5.183700000000000000e+04 5.059200000000000000e+04 4.999600000000000000e+04 2.251694598700851202e+01 7.660000000000000000e+02
4.600000000000000000e+01 -7.000000000000000000e+00 -4.000000000000000000e+01 4.882400000000000000e+04 5.126800000000000000e+04 5.033000000000000000e+04 5.059100000000000000e+04 2.252453612000681460e+01 7.660000000000000000e+02
7.200000000000000000e+01 1.700000000000000000e+01 -2.200000000000000000e+01 4.875000000000000000e+04 5.158100000000000000e+04 5.040000000000000000e+04 5.026600000000000000e+04 2.253618228796403855e+01 7.660000000000000000e+02
9.500000000000000000e+01 -1.800000000000000000e+01 -3.100000000000000000e+01 4.917100000000000000e+04 5.143100000000000000e+04 5.007100000000000000e+04 5.033800000000000000e+04 2.254546667600516230e+01 7.660000000000000000e+02
9.300000000000000000e+01 3.400000000000000000e+01 -9.000000000000000000e+00 4.934800000000000000e+04 5.149900000000000000e+04 5.003000000000000000e+04 5.041200000000000000e+04 2.255486446199938655e+01 7.690000000000000000e+02
1.190000000000000000e+02 3.500000000000000000e+01 -2.300000000000000000e+01 4.944000000000000000e+04 5.136500000000000000e+04 4.969400000000000000e+04 5.020000000000000000e+04 2.256538917997386307e+01 7.690000000000000000e+02
8.400000000000000000e+01 5.300000000000000000e+01 -4.000000000000000000e+00 4.936800000000000000e+04 5.128400000000000000e+04 4.970100000000000000e+04 5.035000000000000000e+04 2.257602973992470652e+01 7.690000000000000000e+02
6.500000000000000000e+01 2.000000000000000000e+01 -9.000000000000000000e+00 4.942100000000000000e+04 5.140000000000000000e+04 4.966300000000000000e+04 4.985500000000000000e+04 2.258579904295038432e+01 7.690000000000000000e+02
7.500000000000000000e+01 5.000000000000000000e+00 1.000000000000000000e+01 4.885300000000000000e+04 5.142300000000000000e+04 5.018900000000000000e+04 4.981500000000000000e+04 2.259536955994553864e+01 7.720000000000000000e+02
2.600000000000000000e+01 1.000000000000000000e+00 -8.000000000000000000e+00 4.875200000000000000e+04 5.118300000000000000e+04 4.985300000000000000e+04 4.968700000000000000e+04 2.260483900399412960e+01 7.720000000000000000e+02
1.800000000000000000e+01 -6.800000000000000000e+01 -4.000000000000000000e+00 4.830000000000000000e+04 5.142600000000000000e+04 5.011500000000000000e+04 4.929200000000000000e+04 2.261485532193910331e+01 7.720000000000000000e+02
7.000000000000000000e+00 -3.900000000000000000e+01 5.000000000000000000e+00 4.813400000000000000e+04 5.134000000000000000e+04 5.012200000000000000e+04 4.921700000000000000e+04 2.262514278793241829e+01 7.720000000000000000e+02
-4.800000000000000000e+01 -8.400000000000000000e+01 3.900000000000000000e+01 4.782100000000000000e+04 5.100700000000000000e+04 5.064200000000000000e+04 4.930400000000000000e+04 2.263576905592344701e+01 7.720000000000000000e+02
-4.500000000000000000e+01 -2.400000000000000000e+01 3.300000000000000000e+01 4.803100000000000000e+04 5.056500000000000000e+04 5.085400000000000000e+04 4.934800000000000000e+04 2.264597216900438070e+01 7.720000000000000000e+02
-1.140000000000000000e+02 3.000000000000000000e+01 3.300000000000000000e+01 4.794800000000000000e+04 5.038100000000000000e+04 5.097300000000000000e+04 4.951000000000000000e+04 2.265512370201759040e+01 7.660000000000000000e+02
-1.230000000000000000e+02 5.000000000000000000e+01 2.900000000000000000e+01 4.862600000000000000e+04 5.000300000000000000e+04 5.086400000000000000e+04 5.047900000000000000e+04 2.266490121593233198e+01 7.660000000000000000e+02
-1.150000000000000000e+02 7.900000000000000000e+01 3.700000000000000000e+01 4.867500000000000000e+04 4.971100000000000000e+04 5.085900000000000000e+04 5.072800000000000000e+04 2.267446779191959649e+01 7.660000000000000000e+02
-8.300000000000000000e+01 7.900000000000000000e+01 3.100000000000000000e+01 4.888400000000000000e+04 5.011900000000000000e+04 5.099100000000000000e+04 5.035900000000000000e+04 2.269041572394780815e+01 7.660000000000000000e+02
-5.800000000000000000e+01 9.200000000000000000e+01 5.000000000000000000e+01 4.920300000000000000e+04 5.026700000000000000e+04 5.022700000000000000e+04 5.076000000000000000e+04 2.269530840101651847e+01 7.700000000000000000e+02
-3.200000000000000000e+01 4.600000000000000000e+01 4.100000000000000000e+01 4.944800000000000000e+04 5.043800000000000000e+04 5.036900000000000000e+04 4.991400000000000000e+04 2.270687781693413854e+01 7.700000000000000000e+02
1.200000000000000000e+01 3.000000000000000000e+01 5.500000000000000000e+01 4.957800000000000000e+04 5.058500000000000000e+04 5.031700000000000000e+04 4.970700000000000000e+04 2.271497118391562253e+01 7.700000000000000000e+02
1.900000000000000000e+01 6.000000000000000000e+01 3.600000000000000000e+01 4.996900000000000000e+04 5.103000000000000000e+04 4.994100000000000000e+04 4.894700000000000000e+04 2.272521122393663973e+01 7.700000000000000000e+02
-2.000000000000000000e+01 -2.200000000000000000e+01 3.900000000000000000e+01 4.968200000000000000e+04 5.088600000000000000e+04 5.021800000000000000e+04 4.914200000000000000e+04 2.273704760591499507e+01 7.700000000000000000e+02
-5.300000000000000000e+01 -5.800000000000000000e+01 4.500000000000000000e+01 4.927200000000000000e+04 5.062600000000000000e+04 5.085400000000000000e+04 4.921500000000000000e+04 2.274564871494658291e+01 7.700000000000000000e+02
-1.310000000000000000e+02 -7.300000000000000000e+01 5.700000000000000000e+01 4.904100000000000000e+04 4.985100000000000000e+04 5.128900000000000000e+04 5.009100000000000000e+04 2.275495355401653796e+01 7.660000000000000000e+02
-1.960000000000000000e+02 -6.600000000000000000e+01 4.500000000000000000e+01 4.879900000000000000e+04 5.012200000000000000e+04 5.179200000000000000e+04 5.007800000000000000e+04 2.276488278491888195e+01 7.660000000000000000e+02
-2.580000000000000000e+02 -8.000000000000000000e+01 4.600000000000000000e+01 4.806300000000000000e+04 4.976200000000000000e+04 5.248300000000000000e+04 5.073900000000000000e+04 2.277595825097523630e+01 7.660000000000000000e+02
-2.890000000000000000e+02 -5.900000000000000000e+01 4.500000000000000000e+01 4.830900000000000000e+04 4.948900000000000000e+04 5.240300000000000000e+04 5.089700000000000000e+04 2.278589552594348788e+01 7.660000000000000000e+02
-2.690000000000000000e+02 -9.600000000000000000e+01 4.200000000000000000e+01 4.870800000000000000e+04 5.019200000000000000e+04 5.139200000000000000e+04 5.097300000000000000e+04 2.279715194599702954e+01 7.660000000000000000e+02
-2.260000000000000000e+02 -8.000000000000000000e+01 2.300000000000000000e+01 4.909800000000000000e+04 4.921600000000000000e+04 5.170700000000000000e+04 5.151300000000000000e+04 2.280560169601812959e+01 7.660000000000000000e+02
-1.660000000000000000e+02 -1.150000000000000000e+02 2.300000000000000000e+01 4.901500000000000000e+04 5.040500000000000000e+04 5.104300000000000000e+04 5.090500000000000000e+04 2.281576113495975733e+01 7.660000000000000000e+02
-6.700000000000000000e+01 -1.410000000000000000e+02 1.800000000000000000e+01 4.906100000000000000e+04 5.074800000000000000e+04 5.144900000000000000e+04 5.039400000000000000e+04 2.282483202801086009e+01 7.660000000000000000e+02
-3.600000000000000000e+01 -2.230000000000000000e+02 2.000000000000000000e+01 4.894300000000000000e+04 5.154200000000000000e+04 5.131900000000000000e+04 4.950500000000000000e+04 2.283597027196083218e+01 7.660000000000000000e+02
4.900000000000000000e+01 -2.470000000000000000e+02 2.500000000000000000e+01 4.875400000000000000e+04 5.186400000000000000e+04 5.170800000000000000e+04 4.926500000000000000e+04 2.284584082197397947e+01 7.660000000000000000e+02
6.200000000000000000e+01 -2.750000000000000000e+02 2.200000000000000000e+01 4.907900000000000000e+04 5.218900000000000000e+04 5.151100000000000000e+04 4.874500000000000000e+04 2.285708502796478570e+01 7.670000000000000000e+02
9.300000000000000000e+01 -2.910000000000000000e+02 2.800000000000000000e+01 4.930100000000000000e+04 5.200500000000000000e+04 5.124600000000000000e+04 4.885000000000000000e+04 2.289894275693222880e+01 7.670000000000000000e+02
3.500000000000000000e+01 -2.930000000000000000e+02 1.700000000000000000e+01 4.911100000000000000e+04 5.208600000000000000e+04 5.180100000000000000e+04 4.868800000000000000e+04 2.290415834297891706e+01 7.670000000000000000e+02
5.200000000000000000e+01 -2.970000000000000000e+02 1.300000000000000000e+01 4.886300000000000000e+04 5.221100000000000000e+04 5.189500000000000000e+04 4.865600000000000000e+04 2.290682451496832073e+01 7.670000000000000000e+02
-1.500000000000000000e+01 -2.690000000000000000e+02 2.000000000000000000e+00 4.848500000000000000e+04 5.192200000000000000e+04 5.176000000000000000e+04 4.917500000000000000e+04 2.290962559101171792e+01 7.640000000000000000e+02
9.000000000000000000e+00 -2.680000000000000000e+02 -7.000000000000000000e+00 4.838400000000000000e+04 5.199400000000000000e+04 5.196800000000000000e+04 4.933800000000000000e+04 2.291211533593013883e+01 7.640000000000000000e+02
-7.000000000000000000e+01 -2.280000000000000000e+02 1.400000000000000000e+01 4.898800000000000000e+04 5.128500000000000000e+04 5.130400000000000000e+04 5.000300000000000000e+04 2.291655916802119464e+01 7.640000000000000000e+02
-5.300000000000000000e+01 -2.070000000000000000e+02 -1.600000000000000000e+01 4.851200000000000000e+04 5.115400000000000000e+04 5.161500000000000000e+04 5.019100000000000000e+04 2.292577520792838186e+01 7.640000000000000000e+02
-7.600000000000000000e+01 -2.000000000000000000e+02 -7.000000000000000000e+00 4.802900000000000000e+04 5.134400000000000000e+04 5.189200000000000000e+04 5.010200000000000000e+04 2.293485432793386281e+01 7.640000000000000000e+02
-1.070000000000000000e+02 -1.790000000000000000e+02 -1.400000000000000000e+01 4.823100000000000000e+04 5.079800000000000000e+04 5.180900000000000000e+04 5.089800000000000000e+04 2.294515508692711592e+01 7.640000000000000000e+02
-1.060000000000000000e+02 -2.250000000000000000e+02 1.000000000000000000e+00 4.834200000000000000e+04 5.092300000000000000e+04 5.160500000000000000e+04 5.083900000000000000e+04 2.295530682394746691e+01 7.660000000000000000e+02
-1.290000000000000000e+02 -1.670000000000000000e+02 -1.000000000000000000e+01 4.836400000000000000e+04 5.116600000000000000e+04 5.155400000000000000e+04 5.051700000000000000e+04 2.297044267191085964e+01 7.660000000000000000e+02
-1.290000000000000000e+02 -2.150000000000000000e+02 -9.000000000000000000e+00 4.819400000000000000e+04 5.099300000000000000e+04 5.152500000000000000e+04 5.077500000000000000e+04 2.297803886095061898e+01 7.660000000000000000e+02
-1.040000000000000000e+02 -1.730000000000000000e+02 0.000000000000000000e+00 4.837200000000000000e+04 5.095100000000000000e+04 5.146200000000000000e+04 5.063200000000000000e+04 2.298611787799745798e+01 7.660000000000000000e+02
-1.070000000000000000e+02 -2.100000000000000000e+02 1.000000000000000000e+00 4.849000000000000000e+04 5.067900000000000000e+04 5.128600000000000000e+04 5.086500000000000000e+04 2.299729199300054461e+01 7.660000000000000000e+02
-5.500000000000000000e+01 -1.560000000000000000e+02 -1.100000000000000000e+01 4.820800000000000000e+04 5.095000000000000000e+04 5.121200000000000000e+04 5.004900000000000000e+04 2.300614527100697160e+01 7.670000000000000000e+02
-2.800000000000000000e+01 -1.730000000000000000e+02 -1.100000000000000000e+01 4.757400000000000000e+04 5.095100000000000000e+04 5.132800000000000000e+04 4.967000000000000000e+04 2.301534262392669916e+01 7.670000000000000000e+02
4.400000000000000000e+01 -1.790000000000000000e+02 -2.300000000000000000e+01 4.817100000000000000e+04 5.168800000000000000e+04 5.061600000000000000e+04 4.885000000000000000e+04 2.302568529499694705e+01 7.670000000000000000e+02
4.800000000000000000e+01 -9.500000000000000000e+01 -1.700000000000000000e+01 4.810900000000000000e+04 5.092900000000000000e+04 5.031600000000000000e+04 4.988500000000000000e+04 2.303558680694550276e+01 7.670000000000000000e+02
6.100000000000000000e+01 -1.100000000000000000e+01 -3.000000000000000000e+01 4.880600000000000000e+04 5.076800000000000000e+04 4.935200000000000000e+04 5.015500000000000000e+04 2.304446605802513659e+01 7.670000000000000000e+02
6.000000000000000000e+01 6.900000000000000000e+01 -1.800000000000000000e+01 4.938200000000000000e+04 5.022500000000000000e+04 4.855800000000000000e+04 5.065900000000000000e+04 2.305609082698356360e+01 0.000000000000000000e+00
9.900000000000000000e+01 1.130000000000000000e+02 -2.300000000000000000e+01 5.000800000000000000e+04 5.037700000000000000e+04 4.951500000000000000e+04 5.182200000000000000e+04 2.306473831692710519e+01 0.000000000000000000e+00
9.900000000000000000e+01 1.780000000000000000e+02 -3.100000000000000000e+01 5.017700000000000000e+04 5.076600000000000000e+04 4.925500000000000000e+04 5.168000000000000000e+04 2.307429936493281275e+01 0.000000000000000000e+00
1.580000000000000000e+02 2.490000000000000000e+02 -4.300000000000000000e+01 5.087900000000000000e+04 5.096400000000000000e+04 4.823700000000000000e+04 5.175800000000000000e+04 2.308450038894079626e+01 0.000000000000000000e+00
1.250000000000000000e+02 2.470000000000000000e+02 -2.300000000000000000e+01 5.105200000000000000e+04 5.093700000000000000e+04 4.822200000000000000e+04 5.204600000000000000e+04 2.309581488999538124e+01 0.000000000000000000e+00
4.600000000000000000e+01 2.230000000000000000e+02 -2.700000000000000000e+01 5.058700000000000000e+04 5.143900000000000000e+04 4.953300000000000000e+04 5.199900000000000000e+04 2.310766685102134943e+01 0.000000000000000000e+00
9.400000000000000000e+01 2.080000000000000000e+02 -2.600000000000000000e+01 5.069400000000000000e+04 5.162100000000000000e+04 4.931000000000000000e+04 5.164900000000000000e+04 2.311725103098433465e+01 0.000000000000000000e+00
6.000000000000000000e+00 2.220000000000000000e+02 -3.600000000000000000e+01 5.076900000000000000e+04 5.120100000000000000e+04 4.904800000000000000e+04 5.196400000000000000e+04 2.312485439796000719e+01 0.000000000000000000e+00
2.000000000000000000e+00 2.280000000000000000e+02 -3.800000000000000000e+01 5.015900000000000000e+04 5.042900000000000000e+04 4.947300000000000000e+04 5.269900000000000000e+04 2.313482124998699874e+01 0.000000000000000000e+00
-4.300000000000000000e+01 3.580000000000000000e+02 -3.500000000000000000e+01 5.080600000000000000e+04 4.968800000000000000e+04 4.855100000000000000e+04 5.328000000000000000e+04 2.314482607296667993e+01 0.000000000000000000e+00
-3.900000000000000000e+01 3.020000000000000000e+02 -2.100000000000000000e+01 5.059400000000000000e+04 4.938100000000000000e+04 4.882300000000000000e+04 5.329200000000000000e+04 2.315616170596331358e+01 7.000000000000000000e+00
-1.160000000000000000e+02 2.210000000000000000e+02 -4.100000000000000000e+01 4.938200000000000000e+04 4.943900000000000000e+04 4.986900000000000000e+04 5.292200000000000000e+04 2.316669518500566483e+01 7.000000000000000000e+00
-1.290000000000000000e+02 9.900000000000000000e+01 -4.300000000000000000e+01 4.835300000000000000e+04 5.005900000000000000e+04 5.094600000000000000e+04 5.201000000000000000e+04 2.317527103796601295e+01 7.000000000000000000e+00
-3.800000000000000000e+01 1.600000000000000000e+01 -5.000000000000000000e+01 4.829100000000000000e+04 5.102600000000000000e+04 5.058400000000000000e+04 5.080300000000000000e+04 2.318584640591870993e+01 7.000000000000000000e+00
-5.400000000000000000e+01 -1.360000000000000000e+02 -5.400000000000000000e+01 4.759400000000000000e+04 5.109700000000000000e+04 5.078000000000000000e+04 5.040400000000000000e+04 2.319558671396225691e+01 1.400000000000000000e+01
-6.000000000000000000e+00 -1.260000000000000000e+02 -4.900000000000000000e+01 4.707500000000000000e+04 5.075400000000000000e+04 5.015700000000000000e+04 4.982000000000000000e+04 2.320594256091862917e+01 1.400000000000000000e+01
-3.300000000000000000e+01 -1.740000000000000000e+02 -3.500000000000000000e+01 4.668900000000000000e+04 5.045500000000000000e+04 5.006200000000000000e+04 4.959200000000000000e+04 2.321648835798259825e+01 1.400000000000000000e+01
7.000000000000000000e+00 -8.300000000000000000e+01 -3.900000000000000000e+01 4.691800000000000000e+04 4.974900000000000000e+04 4.981000000000000000e+04 4.997000000000000000e+04 2.322577030700631440e+01 1.400000000000000000e+01
-4.400000000000000000e+01 -4.900000000000000000e+01 -1.400000000000000000e+01 4.745200000000000000e+04 5.021900000000000000e+04 4.916900000000000000e+04 4.943700000000000000e+04 2.323545413499232382e+01 1.400000000000000000e+01
-1.700000000000000000e+01 4.100000000000000000e+01 -7.000000000000000000e+00 4.805800000000000000e+04 4.910900000000000000e+04 4.850600000000000000e+04 5.014900000000000000e+04 2.324565121193882078e+01 1.400000000000000000e+01
-7.000000000000000000e+00 3.900000000000000000e+01 7.000000000000000000e+00 4.765300000000000000e+04 4.952900000000000000e+04 4.894400000000000000e+04 4.941300000000000000e+04 2.325525095395278186e+01 2.000000000000000000e+01
3.000000000000000000e+00 1.500000000000000000e+01 1.000000000000000000e+01 4.684700000000000000e+04 4.910200000000000000e+04 4.888100000000000000e+04 4.896700000000000000e+04 2.326633825991302729e+01 2.000000000000000000e+01
-7.300000000000000000e+01 1.400000000000000000e+01 4.600000000000000000e+01 4.631600000000000000e+04 4.874100000000000000e+04 4.922900000000000000e+04 4.888700000000000000e+04 2.327559261792339385e+01 2.000000000000000000e+01
-8.600000000000000000e+01 2.500000000000000000e+01 4.300000000000000000e+01 4.627800000000000000e+04 4.868300000000000000e+04 4.915500000000000000e+04 4.876300000000000000e+04 2.328557921398896724e+01 2.000000000000000000e+01
-1.360000000000000000e+02 7.200000000000000000e+01 2.600000000000000000e+01 4.585300000000000000e+04 4.772300000000000000e+04 4.945700000000000000e+04 4.950700000000000000e+04 2.329411574301775545e+01 2.000000000000000000e+01
-7.600000000000000000e+01 1.200000000000000000e+02 2.800000000000000000e+01 4.481100000000000000e+04 4.646300000000000000e+04 4.875300000000000000e+04 4.932300000000000000e+04 2.330694186093751341e+01 3.300000000000000000e+01
6.900000000000000000e+01 1.970000000000000000e+02 2.300000000000000000e+01 4.646500000000000000e+04 4.697700000000000000e+04 4.693000000000000000e+04 4.843900000000000000e+04 2.331447719491552562e+01 3.300000000000000000e+01
2.450000000000000000e+02 2.250000000000000000e+02 2.200000000000000000e+01 4.716800000000000000e+04 4.795800000000000000e+04 4.557500000000000000e+04 4.761700000000000000e+04 2.332495127094443887e+01 3.300000000000000000e+01
3.990000000000000000e+02 2.330000000000000000e+02 1.900000000000000000e+01 4.790200000000000000e+04 4.848600000000000000e+04 4.499300000000000000e+04 4.665900000000000000e+04 2.333536140702199191e+01 3.300000000000000000e+01
4.430000000000000000e+02 2.230000000000000000e+02 1.800000000000000000e+01 4.776100000000000000e+04 4.792400000000000000e+04 4.511300000000000000e+04 4.713100000000000000e+04 2.334474523901008070e+01 3.300000000000000000e+01
4.450000000000000000e+02 1.770000000000000000e+02 7.000000000000000000e+00 4.777500000000000000e+04 4.864400000000000000e+04 4.497200000000000000e+04 4.640200000000000000e+04 2.335640509100630879e+01 3.900000000000000000e+01
3.940000000000000000e+02 1.470000000000000000e+02 3.400000000000000000e+01 4.699100000000000000e+04 4.829200000000000000e+04 4.514700000000000000e+04 4.589400000000000000e+04 2.336477001698222011e+01 3.900000000000000000e+01
3.360000000000000000e+02 8.900000000000000000e+01 3.600000000000000000e+01 4.653200000000000000e+04 4.811900000000000000e+04 4.567700000000000000e+04 4.615500000000000000e+04 2.337661198899149895e+01 3.900000000000000000e+01
2.520000000000000000e+02 7.200000000000000000e+01 3.200000000000000000e+01 4.635700000000000000e+04 4.767400000000000000e+04 4.605100000000000000e+04 4.661400000000000000e+04 2.338512692099902779e+01 3.900000000000000000e+01
1.640000000000000000e+02 6.200000000000000000e+01 4.600000000000000000e+01 4.645800000000000000e+04 4.750100000000000000e+04 4.600000000000000000e+04 4.677100000000000000e+04 2.339476453501265496e+01 3.900000000000000000e+01
4.500000000000000000e+01 5.600000000000000000e+01 3.900000000000000000e+01 4.551200000000000000e+04 4.612600000000000000e+04 4.625800000000000000e+04 4.730700000000000000e+04 2.340556669991929084e+01 4.900000000000000000e+01
-2.200000000000000000e+01 2.400000000000000000e+01 5.700000000000000000e+01 4.547200000000000000e+04 4.665500000000000000e+04 4.661300000000000000e+04 4.674600000000000000e+04 2.341531855799257755e+01 4.900000000000000000e+01
-1.450000000000000000e+02 1.300000000000000000e+01 4.400000000000000000e+01 4.439100000000000000e+04 4.577300000000000000e+04 4.760200000000000000e+04 4.763600000000000000e+04 2.342524410795886070e+01 4.900000000000000000e+01
-2.260000000000000000e+02 2.200000000000000000e+01 4.300000000000000000e+01 4.413100000000000000e+04 4.540600000000000000e+04 4.806100000000000000e+04 4.815100000000000000e+04 2.343475675396621227e+01 4.900000000000000000e+01
-2.920000000000000000e+02 8.000000000000000000e+00 4.300000000000000000e+01 4.395100000000000000e+04 4.526000000000000000e+04 4.853900000000000000e+04 4.871000000000000000e+04 2.344573518401011825e+01 4.900000000000000000e+01
-3.030000000000000000e+02 3.500000000000000000e+01 3.100000000000000000e+01 4.414400000000000000e+04 4.522700000000000000e+04 4.856700000000000000e+04 4.901900000000000000e+04 2.345452011097222567e+01 5.300000000000000000e+01
-2.530000000000000000e+02 2.000000000000000000e+01 4.200000000000000000e+01 4.440100000000000000e+04 4.614300000000000000e+04 4.809500000000000000e+04 4.822400000000000000e+04 2.346509808697737753e+01 5.300000000000000000e+01
-1.660000000000000000e+02 2.900000000000000000e+01 2.900000000000000000e+01 4.554900000000000000e+04 4.684700000000000000e+04 4.770300000000000000e+04 4.796100000000000000e+04 2.347472781594842672e+01 5.300000000000000000e+01
-9.600000000000000000e+01 3.900000000000000000e+01 3.800000000000000000e+01 4.523200000000000000e+04 4.634300000000000000e+04 4.849200000000000000e+04 4.836200000000000000e+04 2.348440805193968117e+01 5.300000000000000000e+01
4.300000000000000000e+01 3.700000000000000000e+01 4.500000000000000000e+01 4.622200000000000000e+04 4.710800000000000000e+04 4.773500000000000000e+04 4.796700000000000000e+04 2.349784096796065569e+01 5.500000000000000000e+01
1.660000000000000000e+02 -9.000000000000000000e+00 3.800000000000000000e+01 4.685800000000000000e+04 4.820400000000000000e+04 4.718700000000000000e+04 4.696000000000000000e+04 2.350640404399018735e+01 5.500000000000000000e+01
2.780000000000000000e+02 -9.000000000000000000e+01 3.500000000000000000e+01 4.676700000000000000e+04 4.947300000000000000e+04 4.749400000000000000e+04 4.583800000000000000e+04 2.351475731295067817e+01 5.500000000000000000e+01
3.370000000000000000e+02 -1.330000000000000000e+02 3.200000000000000000e+01 4.736800000000000000e+04 4.995800000000000000e+04 4.718000000000000000e+04 4.549700000000000000e+04 2.352556475391611457e+01 5.500000000000000000e+01
3.250000000000000000e+02 -1.350000000000000000e+02 2.300000000000000000e+01 4.713900000000000000e+04 5.034000000000000000e+04 4.755300000000000000e+04 4.579800000000000000e+04 2.353575138596352190e+01 5.500000000000000000e+01
2.720000000000000000e+02 -3.500000000000000000e+01 3.200000000000000000e+01 4.831200000000000000e+04 4.956900000000000000e+04 4.695600000000000000e+04 4.695000000000000000e+04 2.354519792401697487e+01 5.500000000000000000e+01
1.680000000000000000e+02 8.500000000000000000e+01 4.200000000000000000e+01 4.811600000000000000e+04 4.834700000000000000e+04 4.777500000000000000e+04 4.851300000000000000e+04 2.355605838494375348e+01 5.500000000000000000e+01
6.900000000000000000e+01 1.500000000000000000e+02 3.600000000000000000e+01 4.818700000000000000e+04 4.789900000000000000e+04 4.803100000000000000e+04 4.923200000000000000e+04 2.356481371901463717e+01 5.500000000000000000e+01
-9.000000000000000000e+00 1.880000000000000000e+02 5.100000000000000000e+01 4.847300000000000000e+04 4.798500000000000000e+04 4.824500000000000000e+04 4.949600000000000000e+04 2.357533700799103826e+01 5.500000000000000000e+01
-8.800000000000000000e+01 1.260000000000000000e+02 4.700000000000000000e+01 4.774800000000000000e+04 4.842300000000000000e+04 4.928500000000000000e+04 4.931300000000000000e+04 2.358620670193340629e+01 5.500000000000000000e+01
-1.410000000000000000e+02 7.800000000000000000e+01 4.100000000000000000e+01 4.772000000000000000e+04 4.835300000000000000e+04 4.949100000000000000e+04 4.969800000000000000e+04 2.359508042794186622e+01 5.000000000000000000e+01
-1.700000000000000000e+02 9.000000000000000000e+00 2.700000000000000000e+01 4.715900000000000000e+04 4.917100000000000000e+04 5.049400000000000000e+04 4.954900000000000000e+04 2.360536741197574884e+01 5.000000000000000000e+01
-1.930000000000000000e+02 -1.700000000000000000e+01 2.300000000000000000e+01 4.770200000000000000e+04 4.865800000000000000e+04 5.020100000000000000e+04 5.024700000000000000e+04 2.361568552092649043e+01 5.000000000000000000e+01
-1.250000000000000000e+02 -3.800000000000000000e+01 3.000000000000000000e+01 4.764200000000000000e+04 4.981800000000000000e+04 5.074300000000000000e+04 4.956200000000000000e+04 2.362601101794280112e+01 5.000000000000000000e+01
-1.150000000000000000e+02 -9.400000000000000000e+01 3.500000000000000000e+01 4.751800000000000000e+04 5.008900000000000000e+04 5.097600000000000000e+04 4.947400000000000000e+04 2.363513949292246252e+01 5.000000000000000000e+01
-1.260000000000000000e+02 -1.970000000000000000e+02 4.900000000000000000e+01 4.681600000000000000e+04 5.018000000000000000e+04 5.199700000000000000e+04 4.947300000000000000e+04 2.364480390294920653e+01 5.000000000000000000e+01
-1.300000000000000000e+02 -1.270000000000000000e+02 5.200000000000000000e+01 4.744500000000000000e+04 4.978900000000000000e+04 5.162700000000000000e+04 4.998700000000000000e+04 2.365475507802329957e+01 4.400000000000000000e+01
-1.060000000000000000e+02 -1.060000000000000000e+02 4.800000000000000000e+01 4.794600000000000000e+04 5.040800000000000000e+04 5.182900000000000000e+04 4.984200000000000000e+04 2.366686882602516562e+01 4.400000000000000000e+01
-5.000000000000000000e+01 5.800000000000000000e+01 4.500000000000000000e+01 4.906400000000000000e+04 4.973300000000000000e+04 5.108900000000000000e+04 5.076100000000000000e+04 2.367438496998511255e+01 4.400000000000000000e+01
2.700000000000000000e+01 1.150000000000000000e+02 4.100000000000000000e+01 4.991200000000000000e+04 4.965800000000000000e+04 5.050300000000000000e+04 5.106400000000000000e+04 2.368886386696249247e+01 4.400000000000000000e+01
1.190000000000000000e+02 2.670000000000000000e+02 4.700000000000000000e+01 5.128900000000000000e+04 4.970300000000000000e+04 4.919600000000000000e+04 5.099900000000000000e+04 2.369794481701683253e+01 4.400000000000000000e+01
1.600000000000000000e+02 2.120000000000000000e+02 5.100000000000000000e+01 5.133300000000000000e+04 5.081000000000000000e+04 5.003500000000000000e+04 5.072500000000000000e+04 2.370803805196192116e+01 3.400000000000000000e+01
1.610000000000000000e+02 1.840000000000000000e+02 4.900000000000000000e+01 5.116000000000000000e+04 5.069400000000000000e+04 5.028300000000000000e+04 5.086000000000000000e+04 2.371506498393137008e+01 3.400000000000000000e+01
1.340000000000000000e+02 1.880000000000000000e+02 4.600000000000000000e+01 5.106700000000000000e+04 5.002500000000000000e+04 5.067000000000000000e+04 5.163200000000000000e+04 2.372475321695674211e+01 3.400000000000000000e+01
1.720000000000000000e+02 2.920000000000000000e+02 5.200000000000000000e+01 5.220200000000000000e+04 5.040000000000000000e+04 4.938000000000000000e+04 5.135100000000000000e+04 2.373515716497786343e+01 3.400000000000000000e+01
2.440000000000000000e+02 2.600000000000000000e+02 3.900000000000000000e+01 5.227000000000000000e+04 4.994800000000000000e+04 4.944300000000000000e+04 5.190100000000000000e+04 2.374571433593519032e+01 3.400000000000000000e+01
3.020000000000000000e+02 2.130000000000000000e+02 5.400000000000000000e+01 5.237100000000000000e+04 5.099500000000000000e+04 4.937400000000000000e+04 5.078300000000000000e+04 2.375454715499654412e+01 2.700000000000000000e+01
2.800000000000000000e+02 5.800000000000000000e+01 7.500000000000000000e+01 5.176000000000000000e+04 5.205400000000000000e+04 5.072400000000000000e+04 5.000600000000000000e+04 2.376455970900133252e+01 2.700000000000000000e+01
2.270000000000000000e+02 -9.300000000000000000e+01 6.400000000000000000e+01 5.088000000000000000e+04 5.213900000000000000e+04 5.157000000000000000e+04 4.987600000000000000e+04 2.377886124001815915e+01 2.700000000000000000e+01
1.680000000000000000e+02 -1.760000000000000000e+02 5.000000000000000000e+01 5.022100000000000000e+04 5.180700000000000000e+04 5.214300000000000000e+04 5.011900000000000000e+04 2.378400581702589989e+01 2.700000000000000000e+01
1.270000000000000000e+02 -1.940000000000000000e+02 2.700000000000000000e+01 5.057400000000000000e+04 5.182200000000000000e+04 5.173500000000000000e+04 5.023400000000000000e+04 2.379480207094457000e+01 2.700000000000000000e+01
9.500000000000000000e+01 -1.410000000000000000e+02 8.000000000000000000e+00 5.071000000000000000e+04 5.144500000000000000e+04 5.148000000000000000e+04 5.089600000000000000e+04 2.380598518892657012e+01 2.200000000000000000e+01
1.420000000000000000e+02 -7.600000000000000000e+01 -5.000000000000000000e+00 5.110100000000000000e+04 5.191300000000000000e+04 5.065500000000000000e+04 5.029500000000000000e+04 2.381749637401662767e+01 2.200000000000000000e+01
1.260000000000000000e+02 -4.200000000000000000e+01 -1.900000000000000000e+01 5.092400000000000000e+04 5.150200000000000000e+04 5.061000000000000000e+04 5.061800000000000000e+04 2.382487505092285573e+01 2.200000000000000000e+01
8.800000000000000000e+01 -9.000000000000000000e+00 -2.100000000000000000e+01 5.094000000000000000e+04 5.142100000000000000e+04 5.036900000000000000e+04 5.059700000000000000e+04 2.383490397001150995e+01 2.200000000000000000e+01
5.400000000000000000e+01 -1.000000000000000000e+01 -1.500000000000000000e+01 5.033000000000000000e+04 5.092900000000000000e+04 5.068800000000000000e+04 5.109100000000000000e+04 2.384528109093662351e+01 2.200000000000000000e+01
1.210000000000000000e+02 -2.100000000000000000e+01 -3.300000000000000000e+01 5.030200000000000000e+04 5.108300000000000000e+04 5.062800000000000000e+04 5.077800000000000000e+04 2.385584595892578363e+01 1.500000000000000000e+01
1.720000000000000000e+02 5.000000000000000000e+00 -1.500000000000000000e+01 5.042300000000000000e+04 5.073400000000000000e+04 5.087600000000000000e+04 5.129700000000000000e+04 2.386486398091074079e+01 1.500000000000000000e+01
2.600000000000000000e+02 -5.000000000000000000e+01 -4.300000000000000000e+01 5.029800000000000000e+04 5.009800000000000000e+04 5.089400000000000000e+04 5.207400000000000000e+04 2.387765701592434198e+01 1.500000000000000000e+01
3.150000000000000000e+02 -1.210000000000000000e+02 -2.500000000000000000e+01 5.033500000000000000e+04 5.065000000000000000e+04 5.064600000000000000e+04 5.152700000000000000e+04 2.388677018298767507e+01 1.500000000000000000e+01
3.720000000000000000e+02 -1.740000000000000000e+02 -3.100000000000000000e+01 4.997600000000000000e+04 5.177000000000000000e+04 5.094000000000000000e+04 5.014200000000000000e+04 2.389676735899411142e+01 1.000000000000000000e+01
5.170000000000000000e+02 -2.020000000000000000e+02 -1.800000000000000000e+01 5.107900000000000000e+04 5.221800000000000000e+04 4.997000000000000000e+04 4.978500000000000000e+04 2.390696536295581609e+01 1.000000000000000000e+01
5.330000000000000000e+02 -1.490000000000000000e+02 6.000000000000000000e+00 5.121100000000000000e+04 5.227200000000000000e+04 4.983300000000000000e+04 4.950800000000000000e+04 2.391482042393181473e+01 1.000000000000000000e+01
4.360000000000000000e+02 -1.430000000000000000e+02 -1.000000000000000000e+00 5.103100000000000000e+04 5.133400000000000000e+04 4.995500000000000000e+04 5.015400000000000000e+04 2.392463608901016414e+01 1.000000000000000000e+01
2.300000000000000000e+02 -1.080000000000000000e+02 -1.600000000000000000e+01 4.974400000000000000e+04 5.043000000000000000e+04 5.121300000000000000e+04 5.128700000000000000e+04 2.393506154394708574e+01 1.000000000000000000e+01
2.100000000000000000e+01 -1.050000000000000000e+02 -9.000000000000000000e+00 4.924500000000000000e+04 5.019700000000000000e+04 5.149700000000000000e+04 5.156400000000000000e+04 2.396558362396899611e+01 1.000000000000000000e+01
-6.700000000000000000e+01 -1.700000000000000000e+01 -9.000000000000000000e+00 4.970500000000000000e+04 4.972500000000000000e+04 5.107900000000000000e+04 5.182600000000000000e+04 2.397159529000055045e+01 1.200000000000000000e+01
-2.500000000000000000e+02 -9.400000000000000000e+01 -2.100000000000000000e+01 4.717600000000000000e+04 4.902700000000000000e+04 5.281500000000000000e+04 5.225900000000000000e+04 2.397314961091615260e+01 1.200000000000000000e+01
-3.600000000000000000e+02 -2.710000000000000000e+02 -3.100000000000000000e+01 4.494700000000000000e+04 4.979100000000000000e+04 5.433000000000000000e+04 5.147800000000000000e+04 2.397726020100526512e+01 1.200000000000000000e+01
-4.600000000000000000e+02 -3.210000000000000000e+02 -4.000000000000000000e+01 4.302900000000000000e+04 4.843600000000000000e+04 5.524800000000000000e+04 5.276700000000000000e+04 2.398523221001960337e+01 1.200000000000000000e+01
-4.000000000000000000e+02 -2.730000000000000000e+02 -4.300000000000000000e+01 4.402400000000000000e+04 4.849400000000000000e+04 5.443100000000000000e+04 5.255700000000000000e+04 2.399591675493866205e+01 1.200000000000000000e+01
-2.730000000000000000e+02 -2.190000000000000000e+02 -5.800000000000000000e+01 4.452600000000000000e+04 5.035700000000000000e+04 5.375200000000000000e+04 5.076700000000000000e+04 2.400553945999126881e+01 1.200000000000000000e+01
5.300000000000000000e+01 -4.500000000000000000e+01 -8.100000000000000000e+01 4.766900000000000000e+04 5.095500000000000000e+04 5.109500000000000000e+04 5.022100000000000000e+04 2.401900189591106027e+01 1.200000000000000000e+01
3.130000000000000000e+02 2.070000000000000000e+02 -7.900000000000000000e+01 4.919500000000000000e+04 5.177900000000000000e+04 4.824000000000000000e+04 5.049200000000000000e+04 2.402478862402494997e+01 1.200000000000000000e+01
5.850000000000000000e+02 4.090000000000000000e+02 -9.500000000000000000e+01 5.140600000000000000e+04 5.113600000000000000e+04 4.522100000000000000e+04 5.091900000000000000e+04 2.403428255999460816e+01 1.200000000000000000e+01
7.970000000000000000e+02 6.190000000000000000e+02 -1.040000000000000000e+02 5.361000000000000000e+04 5.192800000000000000e+04 4.147300000000000000e+04 5.033100000000000000e+04 2.404339757293928415e+01 1.200000000000000000e+01
9.600000000000000000e+02 6.740000000000000000e+02 -1.260000000000000000e+02 5.383400000000000000e+04 5.162300000000000000e+04 4.232100000000000000e+04 4.948500000000000000e+04 2.405463582591619343e+01 1.400000000000000000e+01
8.820000000000000000e+02 6.840000000000000000e+02 -1.270000000000000000e+02 5.301700000000000000e+04 5.164700000000000000e+04 4.288700000000000000e+04 4.910700000000000000e+04 2.406498998298775405e+01 1.400000000000000000e+01
6.490000000000000000e+02 4.420000000000000000e+02 -1.420000000000000000e+02 5.099900000000000000e+04 5.202300000000000000e+04 4.544300000000000000e+04 4.878600000000000000e+04 2.407376459694933146e+01 1.400000000000000000e+01
3.060000000000000000e+02 3.140000000000000000e+02 -1.510000000000000000e+02 4.971600000000000000e+04 5.059200000000000000e+04 4.700200000000000000e+04 5.051300000000000000e+04 2.408410445391200483e+01 1.400000000000000000e+01
-1.680000000000000000e+02 6.500000000000000000e+01 -1.270000000000000000e+02 4.533500000000000000e+04 4.969600000000000000e+04 5.102200000000000000e+04 5.110000000000000000e+04 2.409911459800787270e+01 1.900000000000000000e+01
-5.330000000000000000e+02 -1.170000000000000000e+02 -1.150000000000000000e+02 4.228300000000000000e+04 4.781200000000000000e+04 5.247300000000000000e+04 5.210300000000000000e+04 2.410509246296714991e+01 1.900000000000000000e+01
-8.340000000000000000e+02 -2.880000000000000000e+02 -1.090000000000000000e+02 3.966700000000000000e+04 4.795200000000000000e+04 5.389400000000000000e+04 5.186000000000000000e+04 2.411412619496695697e+01 1.900000000000000000e+01
-9.110000000000000000e+02 -4.270000000000000000e+02 -1.060000000000000000e+02 3.943000000000000000e+04 4.826500000000000000e+04 5.406100000000000000e+04 5.159700000000000000e+04 2.412462409993167967e+01 1.900000000000000000e+01
-8.760000000000000000e+02 -4.810000000000000000e+02 -7.300000000000000000e+01 3.462900000000000000e+04 4.944200000000000000e+04 5.484000000000000000e+04 5.208600000000000000e+04 2.413337317598052323e+01 1.900000000000000000e+01
-7.010000000000000000e+02 -5.150000000000000000e+02 -3.700000000000000000e+01 4.024200000000000000e+04 4.976100000000000000e+04 5.371100000000000000e+04 4.984500000000000000e+04 2.414542898698709905e+01 1.900000000000000000e+01
-3.750000000000000000e+02 -4.760000000000000000e+02 -1.700000000000000000e+01 4.247600000000000000e+04 5.208700000000000000e+04 5.276600000000000000e+04 4.664400000000000000e+04 2.415526435291394591e+01 2.100000000000000000e+01
-1.990000000000000000e+02 -4.250000000000000000e+02 -3.000000000000000000e+00 4.130100000000000000e+04 5.212600000000000000e+04 5.279000000000000000e+04 4.701900000000000000e+04 2.416375397995579988e+01 2.100000000000000000e+01
3.700000000000000000e+01 -2.860000000000000000e+02 3.200000000000000000e+01 4.395300000000000000e+04 5.227200000000000000e+04 5.163500000000000000e+04 4.606700000000000000e+04 2.417566878802608699e+01 2.100000000000000000e+01
3.190000000000000000e+02 -2.360000000000000000e+02 7.100000000000000000e+01 4.774300000000000000e+04 5.408300000000000000e+04 4.926900000000000000e+04 4.234200000000000000e+04 2.418377097300253808e+01 2.100000000000000000e+01
5.950000000000000000e+02 -7.500000000000000000e+01 7.400000000000000000e+01 5.019300000000000000e+04 5.484000000000000000e+04 4.738800000000000000e+04 3.957200000000000000e+04 2.419813796295784414e+01 2.100000000000000000e+01
7.390000000000000000e+02 -1.900000000000000000e+01 1.070000000000000000e+02 5.118600000000000000e+04 5.499300000000000000e+04 4.593000000000000000e+04 3.770800000000000000e+04 2.420800038299057633e+01 2.700000000000000000e+01
6.640000000000000000e+02 8.700000000000000000e+01 1.860000000000000000e+02 5.238800000000000000e+04 5.366100000000000000e+04 4.547100000000000000e+04 3.879800000000000000e+04 2.423272293200716376e+01 2.700000000000000000e+01
4.320000000000000000e+02 2.110000000000000000e+02 2.160000000000000000e+02 5.238800000000000000e+04 5.163400000000000000e+04 4.750300000000000000e+04 3.975100000000000000e+04 2.424728625500574708e+01 2.700000000000000000e+01
9.700000000000000000e+01 3.180000000000000000e+02 2.430000000000000000e+02 5.195600000000000000e+04 4.808600000000000000e+04 4.926800000000000000e+04 4.284300000000000000e+04 2.424994402402080595e+01 2.700000000000000000e+01
-1.880000000000000000e+02 3.750000000000000000e+02 2.770000000000000000e+02 5.111300000000000000e+04 4.432000000000000000e+04 5.121100000000000000e+04 4.577800000000000000e+04 2.425195119297131896e+01 2.700000000000000000e+01
-4.320000000000000000e+02 4.440000000000000000e+02 3.360000000000000000e+02 5.076000000000000000e+04 4.086900000000000000e+04 5.232900000000000000e+04 4.796300000000000000e+04 2.425513918499927968e+01 6.400000000000000000e+01
-5.540000000000000000e+02 3.630000000000000000e+02 3.570000000000000000e+02 4.577300000000000000e+04 4.258600000000000000e+04 4.992500000000000000e+04 4.704000000000000000e+04 2.426447963202372193e+01 6.400000000000000000e+01
-6.380000000000000000e+02 2.570000000000000000e+02 3.790000000000000000e+02 4.814800000000000000e+04 3.692800000000000000e+04 5.352800000000000000e+04 4.456800000000000000e+04 2.427590249094646424e+01 6.400000000000000000e+01
-7.210000000000000000e+02 1.150000000000000000e+02 3.680000000000000000e+02 4.447200000000000000e+04 4.275500000000000000e+04 5.148100000000000000e+04 4.623300000000000000e+04 2.428509747202042490e+01 8.970000000000000000e+02
-7.070000000000000000e+02 7.900000000000000000e+01 3.760000000000000000e+02 4.620500000000000000e+04 3.646900000000000000e+04 5.337100000000000000e+04 4.191000000000000000e+04 2.429934006195981055e+01 8.970000000000000000e+02
-6.490000000000000000e+02 1.700000000000000000e+01 3.730000000000000000e+02 4.420200000000000000e+04 4.255900000000000000e+04 5.028900000000000000e+04 4.369300000000000000e+04 2.431127560394816101e+01 8.970000000000000000e+02
-5.690000000000000000e+02 9.000000000000000000e+00 3.740000000000000000e+02 4.664300000000000000e+04 3.670000000000000000e+04 5.374200000000000000e+04 4.037600000000000000e+04 2.431431654701009393e+01 8.970000000000000000e+02
-5.410000000000000000e+02 -9.000000000000000000e+01 3.440000000000000000e+02 4.595200000000000000e+04 3.781100000000000000e+04 5.367900000000000000e+04 3.986300000000000000e+04 2.432418956991750747e+01 8.970000000000000000e+02
-4.870000000000000000e+02 -9.600000000000000000e+01 2.970000000000000000e+02 4.551600000000000000e+04 3.938400000000000000e+04 5.355600000000000000e+04 3.905700000000000000e+04 2.433399207494221628e+01 8.970000000000000000e+02
-4.340000000000000000e+02 -1.490000000000000000e+02 2.920000000000000000e+02 4.696100000000000000e+04 4.219200000000000000e+04 5.384000000000000000e+04 4.036900000000000000e+04 2.434442541201133281e+01 7.840000000000000000e+02
-3.800000000000000000e+02 -1.260000000000000000e+02 2.580000000000000000e+02 4.713000000000000000e+04 4.225200000000000000e+04 5.375000000000000000e+04 4.134500000000000000e+04 2.435479828901588917e+01 7.840000000000000000e+02
-3.140000000000000000e+02 -1.200000000000000000e+02 2.180000000000000000e+02 4.736200000000000000e+04 4.351200000000000000e+04 5.335500000000000000e+04 4.124100000000000000e+04 2.436383785097859800e+01 7.840000000000000000e+02
-2.480000000000000000e+02 -9.800000000000000000e+01 2.150000000000000000e+02 4.815600000000000000e+04 4.405600000000000000e+04 5.309400000000000000e+04 4.237300000000000000e+04 2.437519459892064333e+01 7.840000000000000000e+02
-1.340000000000000000e+02 -1.200000000000000000e+01 1.900000000000000000e+02 4.975300000000000000e+04 4.527000000000000000e+04 5.309700000000000000e+04 4.378700000000000000e+04 2.438410895399283618e+01 7.840000000000000000e+02
-1.490000000000000000e+02 2.000000000000000000e+00 1.730000000000000000e+02 5.022000000000000000e+04 4.535400000000000000e+04 5.281400000000000000e+04 4.464100000000000000e+04 2.439317838195711374e+01 7.840000000000000000e+02
-2.070000000000000000e+02 6.500000000000000000e+01 1.260000000000000000e+02 5.003000000000000000e+04 4.467600000000000000e+04 5.318300000000000000e+04 4.670300000000000000e+04 2.440353306301403791e+01 7.840000000000000000e+02
-2.240000000000000000e+02 1.340000000000000000e+02 9.700000000000000000e+01 5.030900000000000000e+04 4.456800000000000000e+04 5.288300000000000000e+04 4.822300000000000000e+04 2.441413215000648052e+01 7.840000000000000000e+02
-2.930000000000000000e+02 1.590000000000000000e+02 7.300000000000000000e+01 4.965900000000000000e+04 4.462600000000000000e+04 5.308800000000000000e+04 4.924400000000000000e+04 2.442439463094342500e+01 7.840000000000000000e+02
-2.440000000000000000e+02 1.710000000000000000e+02 4.000000000000000000e+01 5.020600000000000000e+04 4.511400000000000000e+04 5.253100000000000000e+04 4.986000000000000000e+04 2.443390055291820318e+01 7.840000000000000000e+02
-1.900000000000000000e+02 1.000000000000000000e+02 9.000000000000000000e+00 5.058900000000000000e+04 4.694500000000000000e+04 5.262400000000000000e+04 5.023600000000000000e+04 2.444495380797889084e+01 7.810000000000000000e+02
-1.020000000000000000e+02 7.900000000000000000e+01 -8.000000000000000000e+00 5.088900000000000000e+04 4.819100000000000000e+04 5.209500000000000000e+04 5.029100000000000000e+04 2.445520992402452976e+01 7.810000000000000000e+02
7.000000000000000000e+00 -5.600000000000000000e+01 7.000000000000000000e+00 5.064400000000000000e+04 4.996700000000000000e+04 5.256900000000000000e+04 4.941200000000000000e+04 2.446350542199797928e+01 7.810000000000000000e+02
1.400000000000000000e+02 -2.490000000000000000e+02 2.400000000000000000e+01 5.105100000000000000e+04 5.204700000000000000e+04 5.291600000000000000e+04 4.730700000000000000e+04 2.447531636594794691e+01 7.810000000000000000e+02
2.690000000000000000e+02 -3.520000000000000000e+02 1.700000000000000000e+01 5.168900000000000000e+04 5.358300000000000000e+04 5.377300000000000000e+04 4.622800000000000000e+04 2.448422843194566667e+01 7.720000000000000000e+02
3.270000000000000000e+02 -4.060000000000000000e+02 5.600000000000000000e+01 5.209100000000000000e+04 5.413300000000000000e+04 5.395200000000000000e+04 4.508400000000000000e+04 2.449509918096009642e+01 7.720000000000000000e+02
2.970000000000000000e+02 -3.570000000000000000e+02 4.400000000000000000e+01 5.294200000000000000e+04 5.354200000000000000e+04 5.370000000000000000e+04 4.575200000000000000e+04 2.450341700692661107e+01 7.720000000000000000e+02
2.450000000000000000e+02 -2.560000000000000000e+02 4.900000000000000000e+01 5.312800000000000000e+04 5.272900000000000000e+04 5.386200000000000000e+04 4.724900000000000000e+04 2.451347379793878645e+01 7.720000000000000000e+02
1.020000000000000000e+02 -2.150000000000000000e+02 6.000000000000000000e+01 5.286200000000000000e+04 5.197100000000000000e+04 5.433600000000000000e+04 4.825900000000000000e+04 2.452433810196816921e+01 7.720000000000000000e+02
-3.000000000000000000e+01 -2.400000000000000000e+02 6.000000000000000000e+01 5.267500000000000000e+04 5.180900000000000000e+04 5.488100000000000000e+04 4.858900000000000000e+04 2.453373689996078610e+01 7.720000000000000000e+02
-7.100000000000000000e+01 -2.200000000000000000e+02 9.000000000000000000e+01 5.237300000000000000e+04 5.084100000000000000e+04 5.573100000000000000e+04 4.983700000000000000e+04 2.454387837601825595e+01 7.650000000000000000e+02
-1.670000000000000000e+02 -2.630000000000000000e+02 8.900000000000000000e+01 5.223800000000000000e+04 5.027500000000000000e+04 5.609400000000000000e+04 5.024600000000000000e+04 2.455372033093590289e+01 7.650000000000000000e+02
-2.010000000000000000e+02 -2.240000000000000000e+02 1.100000000000000000e+02 5.251600000000000000e+04 5.054800000000000000e+04 5.617500000000000000e+04 4.997600000000000000e+04 2.456381097296252847e+01 7.650000000000000000e+02
-2.280000000000000000e+02 -2.370000000000000000e+02 1.110000000000000000e+02 5.247100000000000000e+04 4.959100000000000000e+04 5.656700000000000000e+04 5.069100000000000000e+04 2.457341545098461211e+01 7.650000000000000000e+02
-2.820000000000000000e+02 -2.470000000000000000e+02 1.040000000000000000e+02 5.204000000000000000e+04 4.982000000000000000e+04 5.693900000000000000e+04 5.042100000000000000e+04 2.458320966898463666e+01 7.600000000000000000e+02
-2.950000000000000000e+02 -2.910000000000000000e+02 8.300000000000000000e+01 5.156300000000000000e+04 4.992600000000000000e+04 5.715100000000000000e+04 5.038900000000000000e+04 2.459366944991052151e+01 7.600000000000000000e+02
-2.790000000000000000e+02 -2.670000000000000000e+02 8.100000000000000000e+01 5.106300000000000000e+04 4.957700000000000000e+04 5.734100000000000000e+04 5.080300000000000000e+04 2.460499319597147405e+01 7.600000000000000000e+02
-2.900000000000000000e+02 -3.010000000000000000e+02 7.000000000000000000e+01 5.089000000000000000e+04 4.939300000000000000e+04 5.720900000000000000e+04 5.092700000000000000e+04 2.461385667999275029e+01 7.600000000000000000e+02
-2.140000000000000000e+02 -2.300000000000000000e+02 4.900000000000000000e+01 5.147100000000000000e+04 4.960400000000000000e+04 5.646900000000000000e+04 5.086700000000000000e+04 2.462411331199109554e+01 7.600000000000000000e+02
-1.240000000000000000e+02 -2.390000000000000000e+02 1.600000000000000000e+01 5.139200000000000000e+04 5.045000000000000000e+04 5.558400000000000000e+04 5.125300000000000000e+04 2.463362258893903345e+01 7.600000000000000000e+02
-8.000000000000000000e+01 -2.600000000000000000e+02 -2.100000000000000000e+01 5.102300000000000000e+04 5.062600000000000000e+04 5.546800000000000000e+04 5.097100000000000000e+04 2.464548754598945379e+01 7.520000000000000000e+02
-3.600000000000000000e+01 -2.240000000000000000e+02 -4.900000000000000000e+01 5.108400000000000000e+04 5.102500000000000000e+04 5.504000000000000000e+04 5.063100000000000000e+04 2.465454857598524541e+01 7.520000000000000000e+02
1.190000000000000000e+02 -2.120000000000000000e+02 -8.100000000000000000e+01 5.146300000000000000e+04 5.160800000000000000e+04 5.446200000000000000e+04 5.012300000000000000e+04 2.466474717599339783e+01 7.520000000000000000e+02
1.860000000000000000e+02 -2.080000000000000000e+02 -1.030000000000000000e+02 5.209400000000000000e+04 5.215400000000000000e+04 5.373900000000000000e+04 4.989900000000000000e+04 2.467420583392959088e+01 7.520000000000000000e+02
2.780000000000000000e+02 -1.890000000000000000e+02 -1.280000000000000000e+02 5.187400000000000000e+04 5.263700000000000000e+04 5.343100000000000000e+04 4.929900000000000000e+04 2.469007149501703680e+01 7.520000000000000000e+02
3.860000000000000000e+02 -1.610000000000000000e+02 -1.650000000000000000e+02 5.217100000000000000e+04 5.291100000000000000e+04 5.267900000000000000e+04 4.892000000000000000e+04 2.469540863798465580e+01 7.490000000000000000e+02
4.270000000000000000e+02 -1.600000000000000000e+02 -1.660000000000000000e+02 5.224100000000000000e+04 5.285200000000000000e+04 5.205500000000000000e+04 4.899700000000000000e+04 2.472495262895245105e+01 7.490000000000000000e+02
4.240000000000000000e+02 -1.670000000000000000e+02 -1.840000000000000000e+02 5.198300000000000000e+04 5.306000000000000000e+04 5.183400000000000000e+04 4.862200000000000000e+04 2.473330789594911039e+01 7.490000000000000000e+02
4.900000000000000000e+02 -1.220000000000000000e+02 -1.950000000000000000e+02 5.195300000000000000e+04 5.307000000000000000e+04 5.158900000000000000e+04 4.862400000000000000e+04 2.473923222592566162e+01 7.490000000000000000e+02
4.340000000000000000e+02 -1.010000000000000000e+02 -1.770000000000000000e+02 5.198400000000000000e+04 5.308000000000000000e+04 5.117800000000000000e+04 4.843900000000000000e+04 2.474196673999540508e+01 7.490000000000000000e+02
3.420000000000000000e+02 -9.500000000000000000e+01 -1.590000000000000000e+02 5.185600000000000000e+04 5.173000000000000000e+04 5.127900000000000000e+04 4.992200000000000000e+04 2.474647233600262552e+01 7.440000000000000000e+02
2.610000000000000000e+02 -7.000000000000000000e+00 -1.530000000000000000e+02 5.146000000000000000e+04 5.168300000000000000e+04 5.181500000000000000e+04 4.988400000000000000e+04 2.475524491793476045e+01 7.440000000000000000e+02
5.200000000000000000e+01 -8.000000000000000000e+00 -1.150000000000000000e+02 5.072300000000000000e+04 5.095500000000000000e+04 5.249700000000000000e+04 5.047200000000000000e+04 2.476486931298859417e+01 7.440000000000000000e+02
-7.100000000000000000e+01 2.100000000000000000e+01 -1.130000000000000000e+02 5.087600000000000000e+04 4.950300000000000000e+04 5.236100000000000000e+04 5.167700000000000000e+04 2.477325387194287032e+01 7.440000000000000000e+02
-1.420000000000000000e+02 7.700000000000000000e+01 -8.900000000000000000e+01 5.007500000000000000e+04 4.880500000000000000e+04 5.314500000000000000e+04 5.206100000000000000e+04 2.478309428691864014e+01 7.440000000000000000e+02
-2.410000000000000000e+02 7.000000000000000000e+00 -8.500000000000000000e+01 5.006500000000000000e+04 4.986100000000000000e+04 5.300100000000000000e+04 5.079700000000000000e+04 2.479355942993424833e+01 7.450000000000000000e+02
-1.980000000000000000e+02 -4.400000000000000000e+01 -9.000000000000000000e+01 4.957400000000000000e+04 4.911700000000000000e+04 5.327600000000000000e+04 5.156000000000000000e+04 2.480384353094268590e+01 7.450000000000000000e+02
-1.770000000000000000e+02 -1.210000000000000000e+02 -7.000000000000000000e+01 4.828200000000000000e+04 5.019000000000000000e+04 5.417900000000000000e+04 5.052000000000000000e+04 2.481346344901248813e+01 7.450000000000000000e+02
-1.390000000000000000e+02 -2.430000000000000000e+02 -7.700000000000000000e+01 4.921700000000000000e+04 5.028100000000000000e+04 5.328900000000000000e+04 5.023700000000000000e+04 2.482312302291393280e+01 7.450000000000000000e+02
-1.000000000000000000e+01 -2.270000000000000000e+02 -6.600000000000000000e+01 4.865000000000000000e+04 5.121900000000000000e+04 5.378400000000000000e+04 4.908500000000000000e+04 2.483294425695203245e+01 7.450000000000000000e+02
5.100000000000000000e+01 -2.700000000000000000e+02 -7.300000000000000000e+01 4.944700000000000000e+04 5.170300000000000000e+04 5.312600000000000000e+04 4.861400000000000000e+04 2.484361759596504271e+01 7.450000000000000000e+02
1.180000000000000000e+02 -2.480000000000000000e+02 -6.800000000000000000e+01 4.911400000000000000e+04 5.302500000000000000e+04 5.313000000000000000e+04 4.672400000000000000e+04 2.485265510599128902e+01 7.450000000000000000e+02
1.190000000000000000e+02 -2.140000000000000000e+02 -7.400000000000000000e+01 4.945600000000000000e+04 5.139000000000000000e+04 5.271100000000000000e+04 4.888100000000000000e+04 2.486321746197063476e+01 7.450000000000000000e+02
1.600000000000000000e+02 -1.980000000000000000e+02 -1.010000000000000000e+02 4.980700000000000000e+04 5.170500000000000000e+04 5.243600000000000000e+04 4.840100000000000000e+04 2.487364051293116063e+01 7.450000000000000000e+02
1.190000000000000000e+02 -1.220000000000000000e+02 -9.400000000000000000e+01 4.925300000000000000e+04 5.205200000000000000e+04 5.271700000000000000e+04 4.811200000000000000e+04 2.488332573894876987e+01 7.450000000000000000e+02
6.600000000000000000e+01 -2.200000000000000000e+01 -1.080000000000000000e+02 5.015000000000000000e+04 5.104400000000000000e+04 5.168300000000000000e+04 4.918400000000000000e+04 2.489358385000377893e+01 7.450000000000000000e+02
3.800000000000000000e+01 4.300000000000000000e+01 -1.020000000000000000e+02 4.935600000000000000e+04 4.951800000000000000e+04 5.216600000000000000e+04 5.086300000000000000e+04 2.490308856999035925e+01 7.450000000000000000e+02
9.000000000000000000e+00 9.300000000000000000e+01 -1.240000000000000000e+02 5.006700000000000000e+04 4.989100000000000000e+04 5.130000000000000000e+04 5.033200000000000000e+04 2.491342936700675637e+01 7.450000000000000000e+02
2.000000000000000000e+00 1.210000000000000000e+02 -1.070000000000000000e+02 4.919700000000000000e+04 4.974800000000000000e+04 5.197300000000000000e+04 5.050900000000000000e+04 2.492327046894934028e+01 7.450000000000000000e+02
-8.400000000000000000e+01 1.540000000000000000e+02 -1.270000000000000000e+02 4.897300000000000000e+04 4.937900000000000000e+04 5.184800000000000000e+04 5.082300000000000000e+04 2.493325988401193172e+01 7.450000000000000000e+02
-6.300000000000000000e+01 1.100000000000000000e+02 -1.420000000000000000e+02 4.905000000000000000e+04 5.014800000000000000e+04 5.166500000000000000e+04 5.038200000000000000e+04 2.494393773993942887e+01 7.420000000000000000e+02
-3.400000000000000000e+01 1.060000000000000000e+02 -1.480000000000000000e+02 4.964400000000000000e+04 5.026600000000000000e+04 5.124400000000000000e+04 5.050000000000000000e+04 2.495287222892511636e+01 7.420000000000000000e+02
4.900000000000000000e+01 1.030000000000000000e+02 -1.540000000000000000e+02 5.005200000000000000e+04 4.977000000000000000e+04 5.067900000000000000e+04 5.114300000000000000e+04 2.496343945094849914e+01 7.420000000000000000e+02
7.500000000000000000e+01 8.300000000000000000e+01 -1.400000000000000000e+02 5.006400000000000000e+04 5.147000000000000000e+04 5.055400000000000000e+04 4.942500000000000000e+04 2.497391241195145994e+01 7.420000000000000000e+02
1.280000000000000000e+02 5.900000000000000000e+01 -1.590000000000000000e+02 4.977200000000000000e+04 5.012500000000000000e+04 5.088900000000000000e+04 5.089400000000000000e+04 2.498497371491976082e+01 7.420000000000000000e+02
1.440000000000000000e+02 5.700000000000000000e+01 -1.330000000000000000e+02 4.906200000000000000e+04 5.141300000000000000e+04 5.114600000000000000e+04 4.925900000000000000e+04 2.499310968792997301e+01 7.470000000000000000e+02
1.360000000000000000e+02 -1.600000000000000000e+01 -1.370000000000000000e+02 4.895300000000000000e+04 5.146100000000000000e+04 5.094600000000000000e+04 4.907800000000000000e+04 2.500389661791268736e+01 7.470000000000000000e+02
1.630000000000000000e+02 -2.000000000000000000e+01 -1.270000000000000000e+02 4.909000000000000000e+04 5.167200000000000000e+04 5.064900000000000000e+04 4.883900000000000000e+04 2.501472783694043756e+01 7.470000000000000000e+02
7.400000000000000000e+01 -4.400000000000000000e+01 -1.360000000000000000e+02 4.900300000000000000e+04 5.048500000000000000e+04 5.064200000000000000e+04 5.010000000000000000e+04 2.502346162591129541e+01 7.470000000000000000e+02
1.210000000000000000e+02 -3.200000000000000000e+01 -1.250000000000000000e+02 4.988300000000000000e+04 5.134300000000000000e+04 4.963400000000000000e+04 4.897400000000000000e+04 2.503481807396747172e+01 7.470000000000000000e+02
1.000000000000000000e+00 -5.900000000000000000e+01 -1.160000000000000000e+02 4.737200000000000000e+04 5.029000000000000000e+04 5.181400000000000000e+04 5.009800000000000000e+04 2.504313627199735492e+01 7.430000000000000000e+02
3.000000000000000000e+00 -4.000000000000000000e+01 -1.260000000000000000e+02 4.825000000000000000e+04 5.079100000000000000e+04 5.135600000000000000e+04 4.981900000000000000e+04 2.505381973402108997e+01 7.430000000000000000e+02
-4.600000000000000000e+01 -3.300000000000000000e+01 -1.060000000000000000e+02 4.803100000000000000e+04 5.136000000000000000e+04 5.161100000000000000e+04 4.942000000000000000e+04 2.506313177198171616e+01 7.430000000000000000e+02
-4.900000000000000000e+01 -2.300000000000000000e+01 -1.140000000000000000e+02 4.822700000000000000e+04 5.109400000000000000e+04 5.161600000000000000e+04 4.986100000000000000e+04 2.507356078794691712e+01 7.430000000000000000e+02
-5.700000000000000000e+01 2.000000000000000000e+01 -9.900000000000000000e+01 4.877000000000000000e+04 4.833600000000000000e+04 5.110900000000000000e+04 5.241800000000000000e+04 2.508431636891327798e+01 7.430000000000000000e+02
-5.600000000000000000e+01 3.200000000000000000e+01 -1.030000000000000000e+02 4.849600000000000000e+04 5.001900000000000000e+04 5.116100000000000000e+04 5.094300000000000000e+04 2.509394572197925299e+01 7.470000000000000000e+02
-2.400000000000000000e+01 5.300000000000000000e+01 -9.400000000000000000e+01 4.890500000000000000e+04 4.994000000000000000e+04 5.062700000000000000e+04 5.090000000000000000e+04 2.510566154192201793e+01 7.470000000000000000e+02
-1.800000000000000000e+01 5.800000000000000000e+01 -7.900000000000000000e+01 4.819600000000000000e+04 5.034100000000000000e+04 5.130100000000000000e+04 5.046300000000000000e+04 2.511365388298872858e+01 7.470000000000000000e+02
5.700000000000000000e+01 1.600000000000000000e+01 -7.700000000000000000e+01 4.870800000000000000e+04 5.124400000000000000e+04 5.074300000000000000e+04 4.924400000000000000e+04 2.512720277102198452e+01 7.470000000000000000e+02
6.300000000000000000e+01 5.800000000000000000e+01 -7.600000000000000000e+01 4.876000000000000000e+04 5.099400000000000000e+04 5.062400000000000000e+04 4.955800000000000000e+04 2.513371798291336745e+01 7.470000000000000000e+02
1.260000000000000000e+02 2.300000000000000000e+01 -8.400000000000000000e+01 4.890500000000000000e+04 5.094200000000000000e+04 5.047400000000000000e+04 4.960600000000000000e+04 2.514522808801848441e+01 7.510000000000000000e+02
1.050000000000000000e+02 4.500000000000000000e+01 -6.300000000000000000e+01 4.871100000000000000e+04 5.137500000000000000e+04 5.033200000000000000e+04 4.875000000000000000e+04 2.515542609291151166e+01 7.510000000000000000e+02
1.280000000000000000e+02 1.000000000000000000e+01 -7.400000000000000000e+01 5.028800000000000000e+04 5.011500000000000000e+04 4.862400000000000000e+04 5.018700000000000000e+04 2.516352762293536216e+01 7.510000000000000000e+02
7.400000000000000000e+01 5.300000000000000000e+01 -4.600000000000000000e+01 4.915200000000000000e+04 5.039800000000000000e+04 5.006000000000000000e+04 4.991100000000000000e+04 2.517409246298484504e+01 7.510000000000000000e+02
6.100000000000000000e+01 -9.000000000000000000e+00 -6.300000000000000000e+01 4.891200000000000000e+04 5.082100000000000000e+04 5.023000000000000000e+04 4.950300000000000000e+04 2.518390192301012576e+01 7.510000000000000000e+02
3.800000000000000000e+01 8.000000000000000000e+00 -5.700000000000000000e+01 4.792700000000000000e+04 5.099900000000000000e+04 5.091200000000000000e+04 4.916800000000000000e+04 2.519330611999612302e+01 7.520000000000000000e+02
2.300000000000000000e+01 -2.200000000000000000e+01 -5.100000000000000000e+01 4.783100000000000000e+04 5.040200000000000000e+04 5.099200000000000000e+04 4.976500000000000000e+04 2.520403579494450241e+01 7.520000000000000000e+02
-1.200000000000000000e+01 -2.200000000000000000e+01 -3.600000000000000000e+01 4.797100000000000000e+04 5.063000000000000000e+04 5.075600000000000000e+04 4.935500000000000000e+04 2.521390901692211628e+01 7.520000000000000000e+02
-6.300000000000000000e+01 -1.100000000000000000e+01 -3.300000000000000000e+01 4.842000000000000000e+04 5.052500000000000000e+04 5.025200000000000000e+04 4.929500000000000000e+04 2.522983834391925484e+01 7.520000000000000000e+02
-5.300000000000000000e+01 3.000000000000000000e+01 -3.100000000000000000e+01 4.866800000000000000e+04 4.884300000000000000e+04 5.004400000000000000e+04 5.089300000000000000e+04 2.523430986993480474e+01 7.520000000000000000e+02
-5.400000000000000000e+01 4.000000000000000000e+01 -1.800000000000000000e+01 4.834900000000000000e+04 4.991400000000000000e+04 5.038600000000000000e+04 4.984300000000000000e+04 2.524445474892854691e+01 7.520000000000000000e+02
-1.200000000000000000e+01 4.100000000000000000e+01 -3.600000000000000000e+01 4.877500000000000000e+04 4.985200000000000000e+04 5.014900000000000000e+04 4.998100000000000000e+04 2.525467823492363095e+01 7.520000000000000000e+02
-1.000000000000000000e+01 3.500000000000000000e+01 -1.500000000000000000e+01 4.863300000000000000e+04 5.103100000000000000e+04 5.026700000000000000e+04 4.873800000000000000e+04 2.526370847399812192e+01 7.520000000000000000e+02
4.100000000000000000e+01 3.100000000000000000e+01 -1.500000000000000000e+01 4.837200000000000000e+04 5.036900000000000000e+04 5.067200000000000000e+04 4.960200000000000000e+04 2.527881196991074830e+01 7.520000000000000000e+02
3.400000000000000000e+01 2.300000000000000000e+01 -1.500000000000000000e+01 4.874400000000000000e+04 5.089100000000000000e+04 5.049600000000000000e+04 4.925400000000000000e+04 2.529106393596157432e+01 7.520000000000000000e+02
2.800000000000000000e+01 2.000000000000000000e+01 -2.600000000000000000e+01 4.846900000000000000e+04 5.106900000000000000e+04 5.070100000000000000e+04 4.917700000000000000e+04 2.529618404398206621e+01 7.520000000000000000e+02
5.100000000000000000e+01 4.500000000000000000e+01 -2.600000000000000000e+01 4.902900000000000000e+04 4.974900000000000000e+04 5.020600000000000000e+04 5.051300000000000000e+04 2.530558608099818230e+01 7.520000000000000000e+02
4.600000000000000000e+01 4.300000000000000000e+01 -3.700000000000000000e+01 5.041300000000000000e+04 5.045800000000000000e+04 4.881500000000000000e+04 4.986100000000000000e+04 2.531433493702206761e+01 7.520000000000000000e+02
5.300000000000000000e+01 3.900000000000000000e+01 -2.400000000000000000e+01 4.843400000000000000e+04 5.047500000000000000e+04 5.070900000000000000e+04 4.994400000000000000e+04 2.532456392399035394e+01 7.520000000000000000e+02
3.500000000000000000e+01 1.600000000000000000e+01 -3.500000000000000000e+01 4.969900000000000000e+04 5.082800000000000000e+04 4.949000000000000000e+04 4.960200000000000000e+04 2.533462686592247337e+01 7.520000000000000000e+02
5.300000000000000000e+01 1.700000000000000000e+01 -3.500000000000000000e+01 4.883400000000000000e+04 5.127700000000000000e+04 5.025900000000000000e+04 4.923800000000000000e+04 2.534338229999411851e+01 7.560000000000000000e+02
2.600000000000000000e+01 3.000000000000000000e+00 -4.200000000000000000e+01 4.873800000000000000e+04 5.082100000000000000e+04 5.009800000000000000e+04 4.967900000000000000e+04 2.535600303800310940e+01 7.560000000000000000e+02
-1.400000000000000000e+01 1.000000000000000000e+01 -2.700000000000000000e+01 4.846000000000000000e+04 5.079100000000000000e+04 5.060500000000000000e+04 4.977800000000000000e+04 2.536280982696916908e+01 7.560000000000000000e+02
-4.100000000000000000e+01 1.200000000000000000e+01 -3.200000000000000000e+01 4.910700000000000000e+04 5.031000000000000000e+04 5.005800000000000000e+04 5.024000000000000000e+04 2.537458329496439546e+01 7.560000000000000000e+02
-4.800000000000000000e+01 1.400000000000000000e+01 -2.900000000000000000e+01 4.853100000000000000e+04 5.096000000000000000e+04 5.058800000000000000e+04 4.961000000000000000e+04 2.538364281598478556e+01 7.560000000000000000e+02
-5.000000000000000000e+01 5.000000000000000000e+00 -2.500000000000000000e+01 4.801100000000000000e+04 5.232100000000000000e+04 5.076500000000000000e+04 4.788800000000000000e+04 2.539518885500729084e+01 7.580000000000000000e+02
-4.100000000000000000e+01 2.700000000000000000e+01 -2.100000000000000000e+01 5.033400000000000000e+04 4.763600000000000000e+04 4.855400000000000000e+04 5.242500000000000000e+04 2.540325672493781894e+01 7.580000000000000000e+02
-7.700000000000000000e+01 2.400000000000000000e+01 -1.300000000000000000e+01 4.877200000000000000e+04 4.980500000000000000e+04 5.004100000000000000e+04 5.033700000000000000e+04 2.541394207591656595e+01 7.580000000000000000e+02
-2.900000000000000000e+01 3.000000000000000000e+01 -2.500000000000000000e+01 4.911400000000000000e+04 5.115600000000000000e+04 4.960400000000000000e+04 4.908200000000000000e+04 2.542404928593896329e+01 7.580000000000000000e+02
-3.400000000000000000e+01 -1.000000000000000000e+01 -8.000000000000000000e+00 4.870500000000000000e+04 5.023100000000000000e+04 4.997500000000000000e+04 5.003100000000000000e+04 2.543364173895679414e+01 7.580000000000000000e+02
-3.400000000000000000e+01 -2.000000000000000000e+01 -1.000000000000000000e+01 4.796400000000000000e+04 5.056500000000000000e+04 5.073800000000000000e+04 4.961200000000000000e+04 2.544297808094415814e+01 7.610000000000000000e+02
-5.000000000000000000e+01 -3.000000000000000000e+01 -7.000000000000000000e+00 4.847800000000000000e+04 5.067400000000000000e+04 5.003200000000000000e+04 4.915300000000000000e+04 2.545403955201618373e+01 7.610000000000000000e+02
-1.600000000000000000e+01 -3.900000000000000000e+01 -1.800000000000000000e+01 4.748500000000000000e+04 5.049900000000000000e+04 5.076500000000000000e+04 4.946700000000000000e+04 2.546338180196471512e+01 7.610000000000000000e+02
-4.900000000000000000e+01 -3.600000000000000000e+01 -1.700000000000000000e+01 4.825200000000000000e+04 5.023300000000000000e+04 5.032000000000000000e+04 4.981200000000000000e+04 2.547295502398628742e+01 7.610000000000000000e+02
-2.000000000000000000e+00 -3.600000000000000000e+01 -1.400000000000000000e+01 4.862600000000000000e+04 5.016900000000000000e+04 4.982600000000000000e+04 4.971800000000000000e+04 2.548274403193499893e+01 7.610000000000000000e+02
-2.600000000000000000e+01 -2.000000000000000000e+00 4.000000000000000000e+00 4.876500000000000000e+04 5.026700000000000000e+04 4.970200000000000000e+04 4.968900000000000000e+04 2.549279003799892962e+01 7.610000000000000000e+02
8.000000000000000000e+00 -2.500000000000000000e+01 1.000000000000000000e+00 4.842600000000000000e+04 5.042400000000000000e+04 5.000300000000000000e+04 4.939400000000000000e+04 2.550293890293687582e+01 7.610000000000000000e+02
-3.200000000000000000e+01 2.100000000000000000e+01 8.000000000000000000e+00 4.857600000000000000e+04 5.037000000000000000e+04 4.988100000000000000e+04 4.949700000000000000e+04 2.551331952796317637e+01 7.610000000000000000e+02
-3.000000000000000000e+00 0.000000000000000000e+00 -2.000000000000000000e+00 4.896000000000000000e+04 5.071000000000000000e+04 4.938300000000000000e+04 4.901300000000000000e+04 2.552369478391483426e+01 7.610000000000000000e+02
-4.400000000000000000e+01 2.500000000000000000e+01 -2.000000000000000000e+00 4.879200000000000000e+04 4.990000000000000000e+04 4.960400000000000000e+04 4.980400000000000000e+04 2.553272584895603359e+01 7.610000000000000000e+02
-5.300000000000000000e+01 3.800000000000000000e+01 -8.000000000000000000e+00 4.877500000000000000e+04 4.971000000000000000e+04 4.968000000000000000e+04 4.996700000000000000e+04 2.554420420399401337e+01 7.630000000000000000e+02
-6.900000000000000000e+01 3.400000000000000000e+01 8.000000000000000000e+00 4.859600000000000000e+04 4.997600000000000000e+04 5.008500000000000000e+04 4.982800000000000000e+04 2.555315529194194824e+01 7.630000000000000000e+02
-5.100000000000000000e+01 2.500000000000000000e+01 4.000000000000000000e+00 4.819100000000000000e+04 4.986900000000000000e+04 5.026800000000000000e+04 4.994000000000000000e+04 2.556307760498020798e+01 7.630000000000000000e+02
-8.100000000000000000e+01 5.100000000000000000e+01 1.000000000000000000e+01 4.819400000000000000e+04 4.964400000000000000e+04 5.047000000000000000e+04 5.027800000000000000e+04 2.557234291092026979e+01 7.630000000000000000e+02
-5.300000000000000000e+01 3.300000000000000000e+01 6.000000000000000000e+00 4.925500000000000000e+04 4.966500000000000000e+04 4.953600000000000000e+04 5.027000000000000000e+04 2.558418737200554460e+01 7.630000000000000000e+02
-6.100000000000000000e+01 4.800000000000000000e+01 8.000000000000000000e+00 4.899300000000000000e+04 4.945700000000000000e+04 4.983900000000000000e+04 5.054000000000000000e+04 2.559288777201436460e+01 7.610000000000000000e+02
-6.700000000000000000e+01 3.100000000000000000e+01 8.000000000000000000e+00 4.884600000000000000e+04 4.991400000000000000e+04 5.008400000000000000e+04 5.011500000000000000e+04 2.560290415294002742e+01 7.610000000000000000e+02
-5.900000000000000000e+01 2.600000000000000000e+01 -2.000000000000000000e+00 4.911000000000000000e+04 5.009100000000000000e+04 4.977100000000000000e+04 5.006300000000000000e+04 2.561294197395909578e+01 7.610000000000000000e+02
-3.500000000000000000e+01 -2.300000000000000000e+01 5.000000000000000000e+00 4.881200000000000000e+04 5.038200000000000000e+04 5.008700000000000000e+04 4.984000000000000000e+04 2.562391853297594935e+01 7.610000000000000000e+02
-5.200000000000000000e+01 -3.100000000000000000e+01 2.200000000000000000e+01 4.891600000000000000e+04 5.052500000000000000e+04 5.012300000000000000e+04 4.961200000000000000e+04 2.563274734397418797e+01 7.610000000000000000e+02
-4.000000000000000000e+00 -2.900000000000000000e+01 2.100000000000000000e+01 4.899000000000000000e+04 5.050900000000000000e+04 5.017000000000000000e+04 4.959300000000000000e+04 2.564252509200014174e+01 7.650000000000000000e+02
-3.800000000000000000e+01 1.200000000000000000e+01 2.500000000000000000e+01 4.921400000000000000e+04 5.018300000000000000e+04 5.005900000000000000e+04 4.996600000000000000e+04 2.565301096998155117e+01 7.650000000000000000e+02
-3.800000000000000000e+01 6.000000000000000000e+00 1.100000000000000000e+01 4.888800000000000000e+04 5.022600000000000000e+04 5.016400000000000000e+04 5.000000000000000000e+04 2.566318808798678219e+01 7.650000000000000000e+02
-4.000000000000000000e+01 1.800000000000000000e+01 2.500000000000000000e+01 4.934400000000000000e+04 5.013200000000000000e+04 4.984100000000000000e+04 5.004300000000000000e+04 2.567300672701094300e+01 7.650000000000000000e+02
-3.800000000000000000e+01 5.000000000000000000e+00 2.400000000000000000e+01 4.908700000000000000e+04 4.999900000000000000e+04 5.022700000000000000e+04 5.014400000000000000e+04 2.568282203597482294e+01 7.650000000000000000e+02
-6.000000000000000000e+01 -1.000000000000000000e+00 2.000000000000000000e+01 4.889400000000000000e+04 5.031800000000000000e+04 5.043200000000000000e+04 4.982600000000000000e+04 2.569435074902139604e+01 7.640000000000000000e+02
-6.300000000000000000e+01 1.500000000000000000e+01 3.400000000000000000e+01 4.925200000000000000e+04 4.990500000000000000e+04 5.007400000000000000e+04 5.026400000000000000e+04 2.570568327396176755e+01 7.640000000000000000e+02
-6.500000000000000000e+01 2.800000000000000000e+01 1.900000000000000000e+01 4.898900000000000000e+04 5.011000000000000000e+04 5.032700000000000000e+04 4.985900000000000000e+04 2.571245873591396958e+01 7.640000000000000000e+02
-5.600000000000000000e+01 3.000000000000000000e+00 2.900000000000000000e+01 4.874200000000000000e+04 4.974900000000000000e+04 5.056800000000000000e+04 5.027600000000000000e+04 2.572334129596129060e+01 7.640000000000000000e+02
-2.800000000000000000e+01 -2.200000000000000000e+01 1.800000000000000000e+01 4.891800000000000000e+04 4.983900000000000000e+04 5.041300000000000000e+04 5.024700000000000000e+04 2.573308890697080642e+01 7.640000000000000000e+02
-3.700000000000000000e+01 -4.000000000000000000e+01 2.900000000000000000e+01 4.878900000000000000e+04 4.976100000000000000e+04 5.067100000000000000e+04 5.027600000000000000e+04 2.574411422095727175e+01 7.650000000000000000e+02
-5.400000000000000000e+01 -7.000000000000000000e+00 3.700000000000000000e+01 4.929200000000000000e+04 4.981100000000000000e+04 5.002500000000000000e+04 5.022500000000000000e+04 2.575394961296115071e+01 7.650000000000000000e+02
-4.900000000000000000e+01 -4.400000000000000000e+01 2.800000000000000000e+01 4.894200000000000000e+04 4.985100000000000000e+04 5.054900000000000000e+04 5.034500000000000000e+04 2.576251394499558955e+01 7.650000000000000000e+02
-5.900000000000000000e+01 2.400000000000000000e+01 2.500000000000000000e+01 4.897200000000000000e+04 4.994500000000000000e+04 5.055700000000000000e+04 5.027900000000000000e+04 2.577280022192280740e+01 7.650000000000000000e+02
-2.400000000000000000e+01 -5.000000000000000000e+00 1.900000000000000000e+01 4.903400000000000000e+04 5.014100000000000000e+04 5.050600000000000000e+04 5.014700000000000000e+04 2.578246075101196766e+01 7.650000000000000000e+02
-2.100000000000000000e+01 3.000000000000000000e+01 1.800000000000000000e+01 4.911700000000000000e+04 5.038100000000000000e+04 5.051600000000000000e+04 4.983800000000000000e+04 2.579445683199446648e+01 7.650000000000000000e+02
-9.000000000000000000e+00 -3.000000000000000000e+00 3.000000000000000000e+01 4.931200000000000000e+04 5.002100000000000000e+04 5.030100000000000000e+04 5.011800000000000000e+04 2.580255478201434016e+01 7.650000000000000000e+02
-2.500000000000000000e+01 6.200000000000000000e+01 2.700000000000000000e+01 4.937700000000000000e+04 4.995800000000000000e+04 5.019400000000000000e+04 5.029100000000000000e+04 2.581273741496261209e+01 7.650000000000000000e+02
-1.200000000000000000e+01 3.300000000000000000e+01 2.700000000000000000e+01 4.929700000000000000e+04 4.994900000000000000e+04 5.016900000000000000e+04 5.010800000000000000e+04 2.582242479594424367e+01 7.650000000000000000e+02
-2.000000000000000000e+00 9.700000000000000000e+01 3.400000000000000000e+01 4.961500000000000000e+04 4.996100000000000000e+04 5.009300000000000000e+04 5.016000000000000000e+04 2.583822985400911421e+01 7.650000000000000000e+02
6.000000000000000000e+00 6.300000000000000000e+01 3.800000000000000000e+01 4.945400000000000000e+04 4.990800000000000000e+04 5.014200000000000000e+04 5.007300000000000000e+04 2.584599674993660301e+01 7.650000000000000000e+02
2.000000000000000000e+00 1.140000000000000000e+02 3.600000000000000000e+01 4.939400000000000000e+04 4.970800000000000000e+04 5.031100000000000000e+04 5.028200000000000000e+04 2.585281920095440000e+01 7.650000000000000000e+02
-7.000000000000000000e+00 8.100000000000000000e+01 2.700000000000000000e+01 4.930900000000000000e+04 4.992000000000000000e+04 5.044100000000000000e+04 5.003100000000000000e+04 2.586186335398815572e+01 7.650000000000000000e+02
-1.200000000000000000e+01 1.320000000000000000e+02 3.800000000000000000e+01 4.927500000000000000e+04 4.981700000000000000e+04 5.042600000000000000e+04 5.023500000000000000e+04 2.587216252798680216e+01 7.650000000000000000e+02
-1.900000000000000000e+01 6.500000000000000000e+01 1.700000000000000000e+01 4.922000000000000000e+04 4.976100000000000000e+04 5.067000000000000000e+04 5.041400000000000000e+04 2.588267367891967297e+01 7.650000000000000000e+02
6.000000000000000000e+00 1.180000000000000000e+02 1.700000000000000000e+01 4.918400000000000000e+04 4.959200000000000000e+04 5.068200000000000000e+04 5.057900000000000000e+04 2.589249347394797951e+01 7.620000000000000000e+02
1.300000000000000000e+01 7.700000000000000000e+01 2.900000000000000000e+01 4.955100000000000000e+04 4.984700000000000000e+04 5.041300000000000000e+04 5.041800000000000000e+04 2.590234367293305695e+01 7.620000000000000000e+02
5.200000000000000000e+01 1.270000000000000000e+02 2.400000000000000000e+01 4.924700000000000000e+04 5.038300000000000000e+04 5.074100000000000000e+04 4.987800000000000000e+04 2.591199248400516808e+01 7.620000000000000000e+02
4.400000000000000000e+01 6.600000000000000000e+01 1.900000000000000000e+01 4.956700000000000000e+04 5.018000000000000000e+04 5.047400000000000000e+04 5.008000000000000000e+04 2.592395913600921631e+01 7.620000000000000000e+02
7.400000000000000000e+01 1.340000000000000000e+02 2.400000000000000000e+01 4.940400000000000000e+04 5.027900000000000000e+04 5.064300000000000000e+04 5.003700000000000000e+04 2.593271037400700152e+01 7.620000000000000000e+02
8.600000000000000000e+01 9.600000000000000000e+01 1.300000000000000000e+01 4.935800000000000000e+04 5.036500000000000000e+04 5.065800000000000000e+04 5.000500000000000000e+04 2.594851473602466285e+01 7.630000000000000000e+02
6.900000000000000000e+01 1.620000000000000000e+02 2.300000000000000000e+01 4.979800000000000000e+04 5.007300000000000000e+04 5.018500000000000000e+04 5.026200000000000000e+04 2.595286846801172942e+01 7.630000000000000000e+02
3.900000000000000000e+01 1.230000000000000000e+02 2.600000000000000000e+01 4.993200000000000000e+04 5.011400000000000000e+04 5.025700000000000000e+04 5.036400000000000000e+04 2.596201123797800392e+01 7.630000000000000000e+02
3.000000000000000000e+01 1.530000000000000000e+02 2.200000000000000000e+01 4.958000000000000000e+04 4.988000000000000000e+04 5.058400000000000000e+04 5.061700000000000000e+04 2.597326391295064241e+01 7.630000000000000000e+02
1.300000000000000000e+01 1.440000000000000000e+02 1.900000000000000000e+01 4.953100000000000000e+04 5.006600000000000000e+04 5.064900000000000000e+04 5.044100000000000000e+04 2.598215547192376107e+01 7.630000000000000000e+02
3.000000000000000000e+00 9.600000000000000000e+01 1.300000000000000000e+01 4.950800000000000000e+04 5.007300000000000000e+04 5.070400000000000000e+04 5.045600000000000000e+04 2.599265661393292248e+01 7.580000000000000000e+02
