2.400000000000000000e+01 -1.100000000000000000e+01 8.000000000000000000e+00 4.872300000000000000e+04 5.182000000000000000e+04 4.898700000000000000e+04 4.930600000000000000e+04 4.700992072699591517e+01 7.600000000000000000e+02
-4.000000000000000000e+01 -1.400000000000000000e+01 5.000000000000000000e+00 4.849700000000000000e+04 5.098700000000000000e+04 4.928100000000000000e+04 5.017500000000000000e+04 4.701958730595652014e+01 7.600000000000000000e+02
-2.600000000000000000e+01 -3.800000000000000000e+01 6.000000000000000000e+00 4.788900000000000000e+04 5.109900000000000000e+04 4.989500000000000000e+04 5.006100000000000000e+04 4.702933783002663404e+01 7.600000000000000000e+02
-4.500000000000000000e+01 0.000000000000000000e+00 1.900000000000000000e+01 4.842800000000000000e+04 5.093800000000000000e+04 4.950100000000000000e+04 5.022000000000000000e+04 4.704006386303808540e+01 7.600000000000000000e+02
-6.000000000000000000e+00 -1.800000000000000000e+01 2.000000000000000000e+01 4.894600000000000000e+04 5.158200000000000000e+04 4.964000000000000000e+04 5.008500000000000000e+04 4.704953173303510994e+01 7.560000000000000000e+02
1.000000000000000000e+00 5.300000000000000000e+01 4.500000000000000000e+01 4.951500000000000000e+04 5.136500000000000000e+04 4.918900000000000000e+04 5.027000000000000000e+04 4.705968860501889139e+01 7.560000000000000000e+02
5.000000000000000000e+00 6.300000000000000000e+01 3.900000000000000000e+01 4.937000000000000000e+04 5.115400000000000000e+04 4.959300000000000000e+04 5.060100000000000000e+04 4.706944724696222693e+01 7.560000000000000000e+02
2.600000000000000000e+01 1.370000000000000000e+02 4.500000000000000000e+01 4.983100000000000000e+04 5.131200000000000000e+04 4.921800000000000000e+04 5.043300000000000000e+04 4.707981041597668082e+01 7.560000000000000000e+02
2.800000000000000000e+01 1.220000000000000000e+02 4.100000000000000000e+01 4.996600000000000000e+04 5.133100000000000000e+04 4.924100000000000000e+04 5.034600000000000000e+04 4.708978435199242085e+01 7.570000000000000000e+02
4.800000000000000000e+01 1.020000000000000000e+02 4.300000000000000000e+01 5.007800000000000000e+04 5.178600000000000000e+04 4.908300000000000000e+04 4.979000000000000000e+04 4.709971103898715228e+01 7.570000000000000000e+02
1.100000000000000000e+01 9.400000000000000000e+01 6.400000000000000000e+01 4.998600000000000000e+04 5.116700000000000000e+04 4.926400000000000000e+04 5.043000000000000000e+04 4.710939161002170295e+01 7.570000000000000000e+02
-3.900000000000000000e+01 5.500000000000000000e+01 5.800000000000000000e+01 4.954100000000000000e+04 5.125200000000000000e+04 4.982200000000000000e+04 5.027800000000000000e+04 4.711995219695381820e+01 7.570000000000000000e+02
-7.900000000000000000e+01 5.900000000000000000e+01 7.500000000000000000e+01 4.903800000000000000e+04 5.099400000000000000e+04 5.038800000000000000e+04 5.052300000000000000e+04 4.712920348800253123e+01 7.570000000000000000e+02
-1.190000000000000000e+02 6.100000000000000000e+01 5.200000000000000000e+01 4.944700000000000000e+04 5.066800000000000000e+04 4.994300000000000000e+04 5.092900000000000000e+04 4.713913795002736151e+01 7.570000000000000000e+02
-1.020000000000000000e+02 5.700000000000000000e+01 6.900000000000000000e+01 4.911900000000000000e+04 5.077600000000000000e+04 5.025100000000000000e+04 5.068400000000000000e+04 4.714926784194540232e+01 7.590000000000000000e+02
-9.000000000000000000e+01 8.200000000000000000e+01 7.300000000000000000e+01 4.952000000000000000e+04 5.058200000000000000e+04 5.003600000000000000e+04 5.073300000000000000e+04 4.716009450098499656e+01 7.590000000000000000e+02
-5.000000000000000000e+01 7.200000000000000000e+01 7.300000000000000000e+01 5.009000000000000000e+04 5.084500000000000000e+04 4.973500000000000000e+04 5.055400000000000000e+04 4.716926777001935989e+01 7.590000000000000000e+02
7.000000000000000000e+00 6.600000000000000000e+01 9.100000000000000000e+01 4.977100000000000000e+04 5.085500000000000000e+04 5.011500000000000000e+04 5.048000000000000000e+04 4.717946612997911870e+01 7.590000000000000000e+02
3.400000000000000000e+01 4.900000000000000000e+01 9.100000000000000000e+01 4.995100000000000000e+04 5.104900000000000000e+04 4.981900000000000000e+04 5.003800000000000000e+04 4.719044389203190804e+01 7.600000000000000000e+02
1.080000000000000000e+02 4.800000000000000000e+01 9.300000000000000000e+01 5.043900000000000000e+04 5.132600000000000000e+04 4.914200000000000000e+04 4.934500000000000000e+04 4.719928913295734674e+01 7.600000000000000000e+02
1.230000000000000000e+02 5.900000000000000000e+01 8.600000000000000000e+01 5.053700000000000000e+04 5.115900000000000000e+04 4.891600000000000000e+04 4.932000000000000000e+04 4.721048352494835854e+01 7.600000000000000000e+02
1.300000000000000000e+02 6.500000000000000000e+01 9.300000000000000000e+01 5.037200000000000000e+04 5.123800000000000000e+04 4.912400000000000000e+04 4.915400000000000000e+04 4.721935645397752523e+01 7.600000000000000000e+02
1.090000000000000000e+02 4.500000000000000000e+01 8.800000000000000000e+01 5.063700000000000000e+04 5.085600000000000000e+04 4.889700000000000000e+04 4.946300000000000000e+04 4.722987735900096595e+01 7.600000000000000000e+02
7.800000000000000000e+01 9.000000000000000000e+00 1.090000000000000000e+02 5.019100000000000000e+04 5.113500000000000000e+04 4.952000000000000000e+04 4.896100000000000000e+04 4.723944868100807071e+01 7.600000000000000000e+02
2.400000000000000000e+01 3.400000000000000000e+01 8.500000000000000000e+01 5.043500000000000000e+04 5.044400000000000000e+04 4.925700000000000000e+04 4.991600000000000000e+04 4.724944500799756497e+01 7.570000000000000000e+02
-4.000000000000000000e+00 3.000000000000000000e+01 9.900000000000000000e+01 5.010800000000000000e+04 5.045000000000000000e+04 4.971500000000000000e+04 4.980300000000000000e+04 4.725965728203300387e+01 7.570000000000000000e+02
-2.100000000000000000e+01 2.600000000000000000e+01 1.200000000000000000e+02 5.031300000000000000e+04 5.037200000000000000e+04 4.977300000000000000e+04 4.990700000000000000e+04 4.726936798996757716e+01 7.570000000000000000e+02
-3.500000000000000000e+01 -7.000000000000000000e+00 1.180000000000000000e+02 5.023800000000000000e+04 5.047100000000000000e+04 4.994500000000000000e+04 4.970500000000000000e+04 4.728010740200988948e+01 7.570000000000000000e+02
-3.200000000000000000e+01 1.000000000000000000e+01 9.600000000000000000e+01 5.030100000000000000e+04 5.036400000000000000e+04 4.979300000000000000e+04 4.991200000000000000e+04 4.728923454799223691e+01 7.570000000000000000e+02
-2.800000000000000000e+01 -2.100000000000000000e+01 8.800000000000000000e+01 5.009200000000000000e+04 5.025400000000000000e+04 4.995100000000000000e+04 4.985100000000000000e+04 4.730056450597476214e+01 7.570000000000000000e+02
-1.300000000000000000e+01 -5.600000000000000000e+01 9.600000000000000000e+01 5.019300000000000000e+04 5.059100000000000000e+04 4.992900000000000000e+04 4.941100000000000000e+04 4.730941932694986463e+01 7.570000000000000000e+02
-2.900000000000000000e+01 -2.200000000000000000e+01 1.140000000000000000e+02 5.001600000000000000e+04 5.048600000000000000e+04 5.018900000000000000e+04 4.946800000000000000e+04 4.732157145603559911e+01 7.570000000000000000e+02
-1.400000000000000000e+01 -4.300000000000000000e+01 1.100000000000000000e+02 4.981800000000000000e+04 5.051600000000000000e+04 5.050600000000000000e+04 4.932500000000000000e+04 4.732929065695498139e+01 7.570000000000000000e+02
-6.000000000000000000e+00 -2.800000000000000000e+01 1.170000000000000000e+02 5.006800000000000000e+04 5.052200000000000000e+04 5.026000000000000000e+04 4.930000000000000000e+04 4.733959954604506493e+01 7.570000000000000000e+02
-1.000000000000000000e+01 -3.000000000000000000e+00 1.140000000000000000e+02 5.039800000000000000e+04 5.016800000000000000e+04 4.984900000000000000e+04 4.941500000000000000e+04 4.734988596301991493e+01 7.590000000000000000e+02
9.000000000000000000e+00 -2.700000000000000000e+01 1.140000000000000000e+02 5.041300000000000000e+04 5.061900000000000000e+04 4.998400000000000000e+04 4.880600000000000000e+04 4.735915120004210621e+01 7.590000000000000000e+02
0.000000000000000000e+00 -1.100000000000000000e+01 1.080000000000000000e+02 5.038900000000000000e+04 5.034500000000000000e+04 5.023500000000000000e+04 4.918000000000000000e+04 4.736913226800970733e+01 7.590000000000000000e+02
3.000000000000000000e+00 2.000000000000000000e+00 1.290000000000000000e+02 5.050300000000000000e+04 5.016200000000000000e+04 5.017200000000000000e+04 4.931900000000000000e+04 4.737977654393762350e+01 7.590000000000000000e+02
0.000000000000000000e+00 -1.100000000000000000e+01 1.170000000000000000e+02 5.041200000000000000e+04 5.015700000000000000e+04 5.037400000000000000e+04 4.926900000000000000e+04 4.738894475600682199e+01 7.600000000000000000e+02
2.000000000000000000e+00 3.100000000000000000e+01 1.280000000000000000e+02 5.068400000000000000e+04 4.976200000000000000e+04 4.989000000000000000e+04 4.927300000000000000e+04 4.739976239204406738e+01 7.600000000000000000e+02
3.000000000000000000e+00 2.500000000000000000e+01 1.330000000000000000e+02 5.053400000000000000e+04 4.982200000000000000e+04 5.013700000000000000e+04 4.914700000000000000e+04 4.740918129100464284e+01 7.600000000000000000e+02
-1.000000000000000000e+01 3.100000000000000000e+01 1.410000000000000000e+02 5.064700000000000000e+04 5.005400000000000000e+04 5.019400000000000000e+04 4.875600000000000000e+04 4.741985394200310111e+01 7.600000000000000000e+02
-1.200000000000000000e+01 1.600000000000000000e+01 1.620000000000000000e+02 5.071900000000000000e+04 5.006700000000000000e+04 5.020500000000000000e+04 4.839800000000000000e+04 4.742954620893578976e+01 7.600000000000000000e+02
-5.000000000000000000e+00 -3.300000000000000000e+01 1.580000000000000000e+02 5.071200000000000000e+04 4.966400000000000000e+04 5.055300000000000000e+04 4.886200000000000000e+04 4.743923892499879003e+01 7.600000000000000000e+02
-2.900000000000000000e+01 3.000000000000000000e+00 1.760000000000000000e+02 5.079200000000000000e+04 4.946300000000000000e+04 5.053400000000000000e+04 4.885500000000000000e+04 4.744967653299681842e+01 7.600000000000000000e+02
-3.600000000000000000e+01 -6.100000000000000000e+01 1.850000000000000000e+02 5.058400000000000000e+04 4.985700000000000000e+04 5.097200000000000000e+04 4.828900000000000000e+04 4.745974577998276800e+01 7.600000000000000000e+02
-4.600000000000000000e+01 -2.600000000000000000e+01 2.000000000000000000e+02 5.076900000000000000e+04 4.939900000000000000e+04 5.114200000000000000e+04 4.883100000000000000e+04 4.746984440204687417e+01 7.600000000000000000e+02
-6.900000000000000000e+01 -4.000000000000000000e+01 2.120000000000000000e+02 5.099100000000000000e+04 4.983400000000000000e+04 5.108500000000000000e+04 4.826300000000000000e+04 4.748031112202443182e+01 7.600000000000000000e+02
-8.700000000000000000e+01 -7.100000000000000000e+01 1.980000000000000000e+02 5.140100000000000000e+04 4.852100000000000000e+04 5.082600000000000000e+04 4.954300000000000000e+04 4.748854975402355194e+01 7.610000000000000000e+02
-1.060000000000000000e+02 -2.500000000000000000e+01 2.060000000000000000e+02 4.977400000000000000e+04 4.944800000000000000e+04 5.224900000000000000e+04 4.821600000000000000e+04 4.750000978703610599e+01 7.610000000000000000e+02
-1.080000000000000000e+02 -6.800000000000000000e+01 2.130000000000000000e+02 5.134400000000000000e+04 5.053200000000000000e+04 5.095000000000000000e+04 4.688300000000000000e+04 4.750860835693310946e+01 7.610000000000000000e+02
-8.800000000000000000e+01 -4.800000000000000000e+01 2.080000000000000000e+02 4.901000000000000000e+04 4.735100000000000000e+04 5.305900000000000000e+04 4.989000000000000000e+04 4.751897934195585549e+01 7.610000000000000000e+02
-7.500000000000000000e+01 -7.000000000000000000e+01 2.040000000000000000e+02 5.047600000000000000e+04 4.922700000000000000e+04 5.205100000000000000e+04 4.794000000000000000e+04 4.752864821103867143e+01 7.610000000000000000e+02
-7.300000000000000000e+01 -5.000000000000000000e+00 2.120000000000000000e+02 5.237700000000000000e+04 4.688800000000000000e+04 5.011900000000000000e+04 5.022800000000000000e+04 4.753856228594668210e+01 7.610000000000000000e+02
-1.000000000000000000e+00 -1.600000000000000000e+01 2.060000000000000000e+02 5.139700000000000000e+04 4.936100000000000000e+04 5.174600000000000000e+04 4.853000000000000000e+04 4.755074065295048058e+01 7.550000000000000000e+02
1.200000000000000000e+01 -1.600000000000000000e+01 2.040000000000000000e+02 5.148500000000000000e+04 4.940000000000000000e+04 5.196000000000000000e+04 4.825000000000000000e+04 4.755970923299901187e+01 7.550000000000000000e+02
4.600000000000000000e+01 -4.500000000000000000e+01 2.110000000000000000e+02 5.376800000000000000e+04 5.032600000000000000e+04 4.973000000000000000e+04 4.732100000000000000e+04 4.756920502195134759e+01 7.550000000000000000e+02
3.900000000000000000e+01 -8.100000000000000000e+01 2.110000000000000000e+02 5.033900000000000000e+04 5.009900000000000000e+04 5.347900000000000000e+04 4.787500000000000000e+04 4.757915083994157612e+01 7.550000000000000000e+02
3.700000000000000000e+01 -6.500000000000000000e+01 2.090000000000000000e+02 5.175000000000000000e+04 4.936600000000000000e+04 5.212500000000000000e+04 4.831600000000000000e+04 4.758855594694614410e+01 7.580000000000000000e+02
1.100000000000000000e+01 -6.500000000000000000e+01 2.080000000000000000e+02 5.162200000000000000e+04 4.812500000000000000e+04 5.246300000000000000e+04 4.942100000000000000e+04 4.759905083803460002e+01 7.580000000000000000e+02
-1.200000000000000000e+01 -4.300000000000000000e+01 1.990000000000000000e+02 5.134700000000000000e+04 5.031200000000000000e+04 5.289800000000000000e+04 4.704600000000000000e+04 4.760900650604162365e+01 7.580000000000000000e+02
-4.900000000000000000e+01 -7.800000000000000000e+01 2.090000000000000000e+02 5.168200000000000000e+04 4.857000000000000000e+04 5.258200000000000000e+04 4.872500000000000000e+04 4.761931828304659575e+01 7.580000000000000000e+02
-7.400000000000000000e+01 -1.400000000000000000e+01 2.030000000000000000e+02 5.075400000000000000e+04 4.965700000000000000e+04 5.363200000000000000e+04 4.770900000000000000e+04 4.762892456795088947e+01 7.580000000000000000e+02
-5.600000000000000000e+01 -5.100000000000000000e+01 1.990000000000000000e+02 5.261500000000000000e+04 4.981400000000000000e+04 5.209000000000000000e+04 4.746400000000000000e+04 4.763861591601744294e+01 7.580000000000000000e+02
-7.700000000000000000e+01 -4.100000000000000000e+01 2.100000000000000000e+02 5.094600000000000000e+04 4.887900000000000000e+04 5.387100000000000000e+04 4.867600000000000000e+04 4.764914672193117440e+01 7.550000000000000000e+02
-7.500000000000000000e+01 -2.400000000000000000e+01 1.860000000000000000e+02 5.128500000000000000e+04 4.819800000000000000e+04 5.371600000000000000e+04 4.932100000000000000e+04 4.765908018196932971e+01 7.550000000000000000e+02
-2.200000000000000000e+01 -4.000000000000000000e+00 1.880000000000000000e+02 5.216500000000000000e+04 4.985600000000000000e+04 5.314300000000000000e+04 4.750100000000000000e+04 4.766920372296590358e+01 7.550000000000000000e+02
-1.300000000000000000e+01 -5.800000000000000000e+01 1.970000000000000000e+02 5.265200000000000000e+04 5.019900000000000000e+04 5.294400000000000000e+04 4.721800000000000000e+04 4.767946660902816802e+01 7.550000000000000000e+02
-1.000000000000000000e+00 1.200000000000000000e+01 1.900000000000000000e+02 5.097200000000000000e+04 4.820200000000000000e+04 5.439500000000000000e+04 4.902000000000000000e+04 4.768892831401899457e+01 7.530000000000000000e+02
9.000000000000000000e+00 -6.300000000000000000e+01 1.960000000000000000e+02 5.241300000000000000e+04 4.988200000000000000e+04 5.334600000000000000e+04 4.726800000000000000e+04 4.769872115494217724e+01 7.530000000000000000e+02
-1.600000000000000000e+01 -4.800000000000000000e+01 2.050000000000000000e+02 5.144000000000000000e+04 4.823200000000000000e+04 5.428600000000000000e+04 4.891900000000000000e+04 4.770850843901280314e+01 7.530000000000000000e+02
-1.000000000000000000e+01 -3.200000000000000000e+01 1.870000000000000000e+02 5.178500000000000000e+04 5.043300000000000000e+04 5.415100000000000000e+04 4.641600000000000000e+04 4.771864204702433199e+01 7.530000000000000000e+02
-1.700000000000000000e+01 -2.000000000000000000e+00 2.060000000000000000e+02 5.122800000000000000e+04 4.968900000000000000e+04 5.468600000000000000e+04 4.722800000000000000e+04 4.772874756401870400e+01 7.530000000000000000e+02
-5.500000000000000000e+01 -7.000000000000000000e+00 2.090000000000000000e+02 5.300300000000000000e+04 4.718000000000000000e+04 5.327900000000000000e+04 4.962000000000000000e+04 4.773925392900127918e+01 7.530000000000000000e+02
-9.800000000000000000e+01 4.300000000000000000e+01 2.100000000000000000e+02 5.156100000000000000e+04 4.752600000000000000e+04 5.453000000000000000e+04 4.915300000000000000e+04 4.774936306104063988e+01 7.520000000000000000e+02
-1.150000000000000000e+02 5.200000000000000000e+01 2.020000000000000000e+02 5.178200000000000000e+04 4.838600000000000000e+04 5.462100000000000000e+04 4.835000000000000000e+04 4.775927439203951508e+01 7.520000000000000000e+02
-1.130000000000000000e+02 7.500000000000000000e+01 1.990000000000000000e+02 5.143700000000000000e+04 4.747900000000000000e+04 5.495600000000000000e+04 4.915200000000000000e+04 4.776944738801103085e+01 7.520000000000000000e+02
-1.010000000000000000e+02 3.000000000000000000e+01 2.140000000000000000e+02 5.244200000000000000e+04 4.686900000000000000e+04 5.425700000000000000e+04 4.962600000000000000e+04 4.777896947797853500e+01 7.520000000000000000e+02
-6.200000000000000000e+01 3.800000000000000000e+01 1.970000000000000000e+02 5.213500000000000000e+04 4.770700000000000000e+04 5.458200000000000000e+04 4.881500000000000000e+04 4.778983947704546154e+01 7.520000000000000000e+02
-1.700000000000000000e+01 6.300000000000000000e+01 1.860000000000000000e+02 5.235600000000000000e+04 4.766000000000000000e+04 5.420300000000000000e+04 4.843500000000000000e+04 4.779896020900923759e+01 7.520000000000000000e+02
3.700000000000000000e+01 1.600000000000000000e+01 1.930000000000000000e+02 5.173200000000000000e+04 4.897800000000000000e+04 5.478400000000000000e+04 4.694800000000000000e+04 4.780960304697509855e+01 7.520000000000000000e+02
6.600000000000000000e+01 -8.000000000000000000e+00 1.910000000000000000e+02 5.280600000000000000e+04 4.761700000000000000e+04 5.376700000000000000e+04 4.812900000000000000e+04 4.781880566594190896e+01 7.520000000000000000e+02
8.000000000000000000e+01 -1.200000000000000000e+01 1.830000000000000000e+02 5.243700000000000000e+04 4.797000000000000000e+04 5.425300000000000000e+04 4.789000000000000000e+04 4.782985791796818376e+01 7.520000000000000000e+02
5.800000000000000000e+01 0.000000000000000000e+00 1.650000000000000000e+02 5.313700000000000000e+04 4.899000000000000000e+04 5.370500000000000000e+04 4.666400000000000000e+04 4.783912230201531202e+01 7.520000000000000000e+02
6.700000000000000000e+01 -7.000000000000000000e+00 1.680000000000000000e+02 5.211700000000000000e+04 4.799300000000000000e+04 5.466000000000000000e+04 4.785200000000000000e+04 4.784980661002919078e+01 7.480000000000000000e+02
2.700000000000000000e+01 -2.300000000000000000e+01 1.570000000000000000e+02 5.077000000000000000e+04 4.895400000000000000e+04 5.562800000000000000e+04 4.683100000000000000e+04 4.785996593697927892e+01 7.480000000000000000e+02
-2.000000000000000000e+01 4.000000000000000000e+00 1.380000000000000000e+02 5.280800000000000000e+04 4.676700000000000000e+04 5.427900000000000000e+04 4.909400000000000000e+04 4.786962922196835279e+01 7.480000000000000000e+02
-4.600000000000000000e+01 3.600000000000000000e+01 1.250000000000000000e+02 5.194100000000000000e+04 4.999800000000000000e+04 5.496700000000000000e+04 4.575900000000000000e+04 4.787882162595633417e+01 7.480000000000000000e+02
-3.100000000000000000e+01 5.200000000000000000e+01 1.190000000000000000e+02 5.315000000000000000e+04 4.644700000000000000e+04 5.384900000000000000e+04 4.921000000000000000e+04 4.788897079497110099e+01 7.480000000000000000e+02
-2.900000000000000000e+01 5.100000000000000000e+01 1.110000000000000000e+02 5.129300000000000000e+04 4.599600000000000000e+04 5.528200000000000000e+04 4.960400000000000000e+04 4.789834630896802992e+01 7.480000000000000000e+02
-6.300000000000000000e+01 3.700000000000000000e+01 1.090000000000000000e+02 5.224400000000000000e+04 4.708300000000000000e+04 5.450900000000000000e+04 4.870800000000000000e+04 4.790863528195768595e+01 7.480000000000000000e+02
-4.400000000000000000e+01 3.800000000000000000e+01 8.900000000000000000e+01 5.197400000000000000e+04 4.741000000000000000e+04 5.457800000000000000e+04 4.825600000000000000e+04 4.791911299095954746e+01 7.480000000000000000e+02
1.900000000000000000e+01 2.700000000000000000e+01 5.700000000000000000e+01 5.137200000000000000e+04 4.784900000000000000e+04 5.493900000000000000e+04 4.798200000000000000e+04 4.792928589100483805e+01 7.480000000000000000e+02
5.800000000000000000e+01 -1.000000000000000000e+01 4.800000000000000000e+01 5.082600000000000000e+04 4.926700000000000000e+04 5.527400000000000000e+04 4.655200000000000000e+04 4.793851933104451746e+01 7.480000000000000000e+02
7.100000000000000000e+01 -3.000000000000000000e+01 3.600000000000000000e+01 5.311200000000000000e+04 4.742600000000000000e+04 5.365200000000000000e+04 4.862600000000000000e+04 4.794874161994084716e+01 7.460000000000000000e+02
6.900000000000000000e+01 -3.400000000000000000e+01 3.300000000000000000e+01 5.185600000000000000e+04 4.981000000000000000e+04 5.462300000000000000e+04 4.628800000000000000e+04 4.795882514398545027e+01 7.460000000000000000e+02
8.000000000000000000e+01 -1.100000000000000000e+01 2.900000000000000000e+01 5.190800000000000000e+04 4.872900000000000000e+04 5.474100000000000000e+04 4.764300000000000000e+04 4.796864684903994203e+01 7.460000000000000000e+02
8.900000000000000000e+01 1.100000000000000000e+01 1.200000000000000000e+01 5.076900000000000000e+04 4.937500000000000000e+04 5.548500000000000000e+04 4.707100000000000000e+04 4.797958155500236899e+01 7.460000000000000000e+02
7.000000000000000000e+01 5.000000000000000000e+01 -2.200000000000000000e+01 5.343400000000000000e+04 4.650800000000000000e+04 5.322500000000000000e+04 4.993500000000000000e+04 4.798887694696895778e+01 7.460000000000000000e+02
4.300000000000000000e+01 5.700000000000000000e+01 -5.000000000000000000e+00 5.137800000000000000e+04 4.948000000000000000e+04 5.486300000000000000e+04 4.685800000000000000e+04 4.799880092300008982e+01 7.460000000000000000e+02
3.000000000000000000e+01 7.200000000000000000e+01 6.000000000000000000e+00 5.115500000000000000e+04 4.855500000000000000e+04 5.493800000000000000e+04 4.796300000000000000e+04 4.800938027794472873e+01 7.460000000000000000e+02
2.600000000000000000e+01 1.000000000000000000e+02 -1.200000000000000000e+01 5.272500000000000000e+04 4.737400000000000000e+04 5.366500000000000000e+04 4.906700000000000000e+04 4.801842141395900398e+01 7.460000000000000000e+02
1.700000000000000000e+01 1.240000000000000000e+02 -5.200000000000000000e+01 5.267800000000000000e+04 4.629200000000000000e+04 5.358500000000000000e+04 5.013100000000000000e+04 4.802946111897472292e+01 7.460000000000000000e+02
3.700000000000000000e+01 1.460000000000000000e+02 -5.100000000000000000e+01 5.234800000000000000e+04 4.841700000000000000e+04 5.379500000000000000e+04 4.826500000000000000e+04 4.803862255299463868e+01 7.460000000000000000e+02
2.900000000000000000e+01 8.100000000000000000e+01 -4.900000000000000000e+01 5.183800000000000000e+04 4.696800000000000000e+04 5.407900000000000000e+04 4.936500000000000000e+04 4.804877917200792581e+01 7.470000000000000000e+02
4.000000000000000000e+00 9.000000000000000000e+01 -3.600000000000000000e+01 5.191300000000000000e+04 4.953500000000000000e+04 5.407700000000000000e+04 4.697800000000000000e+04 4.805909257801249623e+01 7.470000000000000000e+02
7.000000000000000000e+00 7.800000000000000000e+01 -5.500000000000000000e+01 5.274200000000000000e+04 4.589400000000000000e+04 5.324200000000000000e+04 5.047900000000000000e+04 4.806878444796893746e+01 7.470000000000000000e+02
4.000000000000000000e+00 3.100000000000000000e+01 -4.500000000000000000e+01 5.135400000000000000e+04 4.911600000000000000e+04 5.440500000000000000e+04 4.745800000000000000e+04 4.807875108404550701e+01 7.470000000000000000e+02
-1.700000000000000000e+01 2.700000000000000000e+01 -5.000000000000000000e+01 5.153300000000000000e+04 4.795600000000000000e+04 5.420200000000000000e+04 4.868700000000000000e+04 4.808871279295999557e+01 7.450000000000000000e+02
2.000000000000000000e+00 -3.600000000000000000e+01 -4.700000000000000000e+01 5.164500000000000000e+04 4.657500000000000000e+04 5.396200000000000000e+04 4.988600000000000000e+04 4.809883319097571075e+01 7.450000000000000000e+02
2.900000000000000000e+01 -1.200000000000000000e+01 -7.000000000000000000e+01 5.089600000000000000e+04 4.815300000000000000e+04 5.439900000000000000e+04 4.820500000000000000e+04 4.810908635403029621e+01 7.450000000000000000e+02
2.200000000000000000e+01 -3.100000000000000000e+01 -7.400000000000000000e+01 5.259900000000000000e+04 4.922300000000000000e+04 5.282500000000000000e+04 4.715900000000000000e+04 4.811844234704039991e+01 7.450000000000000000e+02
7.000000000000000000e+00 -4.600000000000000000e+01 -7.200000000000000000e+01 5.053000000000000000e+04 4.745700000000000000e+04 5.446600000000000000e+04 4.900700000000000000e+04 4.812864995002746582e+01 7.450000000000000000e+02
1.500000000000000000e+01 -4.100000000000000000e+01 -8.500000000000000000e+01 5.210600000000000000e+04 4.915600000000000000e+04 5.309900000000000000e+04 4.732000000000000000e+04 4.813922738702967763e+01 7.450000000000000000e+02
5.000000000000000000e+01 -2.800000000000000000e+01 -1.190000000000000000e+02 4.969100000000000000e+04 4.691800000000000000e+04 5.490500000000000000e+04 4.987500000000000000e+04 4.814841262495610863e+01 7.440000000000000000e+02
5.600000000000000000e+01 8.000000000000000000e+00 -1.280000000000000000e+02 5.145700000000000000e+04 4.788400000000000000e+04 5.358200000000000000e+04 4.931500000000000000e+04 4.815943574497941881e+01 7.440000000000000000e+02
4.700000000000000000e+01 2.500000000000000000e+01 -1.390000000000000000e+02 5.277800000000000000e+04 4.972900000000000000e+04 5.227000000000000000e+04 4.750000000000000000e+04 4.816949454904533923e+01 7.440000000000000000e+02
3.900000000000000000e+01 2.000000000000000000e+01 -1.440000000000000000e+02 5.038900000000000000e+04 4.698900000000000000e+04 5.429500000000000000e+04 5.051800000000000000e+04 4.817889797396492213e+01 7.440000000000000000e+02
6.400000000000000000e+01 6.700000000000000000e+01 -1.530000000000000000e+02 5.157900000000000000e+04 4.899000000000000000e+04 5.325900000000000000e+04 4.893900000000000000e+04 4.818840712797828019e+01 7.420000000000000000e+02
7.000000000000000000e+01 5.900000000000000000e+01 -1.690000000000000000e+02 4.998300000000000000e+04 4.987800000000000000e+04 5.442400000000000000e+04 4.805000000000000000e+04 4.819883220503106713e+01 7.420000000000000000e+02
8.900000000000000000e+01 1.600000000000000000e+01 -1.690000000000000000e+02 5.235300000000000000e+04 4.789900000000000000e+04 5.222700000000000000e+04 5.017600000000000000e+04 4.820909588504582644e+01 7.420000000000000000e+02
8.300000000000000000e+01 8.500000000000000000e+01 -1.720000000000000000e+02 5.164400000000000000e+04 5.014800000000000000e+04 5.272000000000000000e+04 4.810700000000000000e+04 4.821916040696669370e+01 7.420000000000000000e+02
1.070000000000000000e+02 5.200000000000000000e+01 -1.860000000000000000e+02 5.140900000000000000e+04 4.785700000000000000e+04 5.289600000000000000e+04 5.030800000000000000e+04 4.822859271697234362e+01 7.420000000000000000e+02
8.800000000000000000e+01 2.600000000000000000e+01 -1.870000000000000000e+02 5.130300000000000000e+04 4.919900000000000000e+04 5.285400000000000000e+04 4.921600000000000000e+04 4.823905149800702929e+01 7.420000000000000000e+02
5.700000000000000000e+01 3.800000000000000000e+01 -2.020000000000000000e+02 5.190700000000000000e+04 4.962000000000000000e+04 5.210900000000000000e+04 4.931800000000000000e+04 4.824948547396343201e+01 7.420000000000000000e+02
8.300000000000000000e+01 1.400000000000000000e+01 -1.980000000000000000e+02 5.150300000000000000e+04 4.957900000000000000e+04 5.256200000000000000e+04 4.927900000000000000e+04 4.825872797297779471e+01 7.420000000000000000e+02
5.400000000000000000e+01 -4.200000000000000000e+01 -1.890000000000000000e+02 5.030100000000000000e+04 5.043400000000000000e+04 5.354600000000000000e+04 4.864400000000000000e+04 4.826875988300889730e+01 7.420000000000000000e+02
1.800000000000000000e+01 -3.000000000000000000e+00 -2.070000000000000000e+02 5.105600000000000000e+04 4.936200000000000000e+04 5.277400000000000000e+04 4.993100000000000000e+04 4.827879706094972789e+01 7.420000000000000000e+02
4.000000000000000000e+01 9.000000000000000000e+00 -2.030000000000000000e+02 5.072700000000000000e+04 4.951900000000000000e+04 5.300100000000000000e+04 4.970500000000000000e+04 4.828987711796071380e+01 7.510000000000000000e+02
1.700000000000000000e+01 -4.400000000000000000e+01 -1.910000000000000000e+02 5.050300000000000000e+04 4.968200000000000000e+04 5.295400000000000000e+04 4.950400000000000000e+04 4.829806047095917165e+01 7.510000000000000000e+02
5.000000000000000000e+01 2.000000000000000000e+00 -1.940000000000000000e+02 5.055900000000000000e+04 4.920400000000000000e+04 5.217800000000000000e+04 4.938700000000000000e+04 4.830808824300765991e+01 7.510000000000000000e+02
5.000000000000000000e+01 -7.000000000000000000e+00 -1.940000000000000000e+02 5.037100000000000000e+04 4.923200000000000000e+04 5.208100000000000000e+04 4.921100000000000000e+04 4.831839988997671753e+01 7.510000000000000000e+02
8.900000000000000000e+01 8.000000000000000000e+00 -1.850000000000000000e+02 5.060400000000000000e+04 4.936600000000000000e+04 5.175900000000000000e+04 4.911400000000000000e+04 4.832892215298488736e+01 7.510000000000000000e+02
1.110000000000000000e+02 1.600000000000000000e+01 -1.890000000000000000e+02 5.078500000000000000e+04 4.964300000000000000e+04 5.144800000000000000e+04 4.856800000000000000e+04 4.833808190701529384e+01 7.510000000000000000e+02
1.080000000000000000e+02 4.000000000000000000e+00 -1.810000000000000000e+02 5.097900000000000000e+04 4.991900000000000000e+04 5.149900000000000000e+04 4.860400000000000000e+04 4.834850934601854533e+01 7.460000000000000000e+02
1.150000000000000000e+02 4.000000000000000000e+01 -1.760000000000000000e+02 5.094400000000000000e+04 4.964300000000000000e+04 5.144900000000000000e+04 4.899400000000000000e+04 4.835897957894485444e+01 7.460000000000000000e+02
8.900000000000000000e+01 3.500000000000000000e+01 -1.720000000000000000e+02 4.925800000000000000e+04 5.074700000000000000e+04 5.277400000000000000e+04 4.778500000000000000e+04 4.836879946303088218e+01 7.460000000000000000e+02
7.600000000000000000e+01 -1.100000000000000000e+01 -1.840000000000000000e+02 5.012500000000000000e+04 4.995000000000000000e+04 5.202700000000000000e+04 4.870200000000000000e+04 4.837886463594622910e+01 7.460000000000000000e+02
2.400000000000000000e+01 3.600000000000000000e+01 -1.700000000000000000e+02 5.145700000000000000e+04 4.897600000000000000e+04 5.056900000000000000e+04 4.968600000000000000e+04 4.838913989102002233e+01 7.490000000000000000e+02
7.000000000000000000e+00 1.300000000000000000e+01 -1.750000000000000000e+02 5.041300000000000000e+04 4.926300000000000000e+04 5.153300000000000000e+04 4.948500000000000000e+04 4.839816006703767926e+01 7.490000000000000000e+02
0.000000000000000000e+00 -3.300000000000000000e+01 -1.690000000000000000e+02 4.991500000000000000e+04 4.973600000000000000e+04 5.173400000000000000e+04 4.891200000000000000e+04 4.840824404195882380e+01 7.490000000000000000e+02
-1.000000000000000000e+00 -3.500000000000000000e+01 -1.790000000000000000e+02 4.999100000000000000e+04 4.955300000000000000e+04 5.159500000000000000e+04 4.912900000000000000e+04 4.841840244596824050e+01 7.490000000000000000e+02
9.000000000000000000e+00 -5.100000000000000000e+01 -1.690000000000000000e+02 5.001900000000000000e+04 4.968800000000000000e+04 5.138300000000000000e+04 4.911800000000000000e+04 4.842931896704249084e+01 7.490000000000000000e+02
2.400000000000000000e+01 -8.100000000000000000e+01 -1.530000000000000000e+02 4.958100000000000000e+04 4.998100000000000000e+04 5.172400000000000000e+04 4.887100000000000000e+04 4.843921141594182700e+01 7.490000000000000000e+02
2.600000000000000000e+01 -1.340000000000000000e+02 -1.320000000000000000e+02 4.964200000000000000e+04 5.041100000000000000e+04 5.184900000000000000e+04 4.813200000000000000e+04 4.844840507896151394e+01 7.520000000000000000e+02
3.200000000000000000e+01 -6.400000000000000000e+01 -1.370000000000000000e+02 5.017300000000000000e+04 4.978900000000000000e+04 5.134300000000000000e+04 4.880200000000000000e+04 4.845858600200153887e+01 7.520000000000000000e+02
3.600000000000000000e+01 -9.000000000000000000e+01 -1.000000000000000000e+02 5.007700000000000000e+04 4.943800000000000000e+04 5.131600000000000000e+04 4.908700000000000000e+04 4.846925101801753044e+01 7.520000000000000000e+02
4.100000000000000000e+01 1.100000000000000000e+01 -1.090000000000000000e+02 5.059500000000000000e+04 4.932500000000000000e+04 5.090900000000000000e+04 4.910300000000000000e+04 4.847853109100833535e+01 7.520000000000000000e+02
4.000000000000000000e+01 0.000000000000000000e+00 -1.010000000000000000e+02 5.037700000000000000e+04 4.962000000000000000e+04 5.113600000000000000e+04 4.866400000000000000e+04 4.848870945803355426e+01 7.520000000000000000e+02
6.200000000000000000e+01 6.900000000000000000e+01 -1.010000000000000000e+02 5.053200000000000000e+04 4.934300000000000000e+04 5.083700000000000000e+04 4.884500000000000000e+04 4.849856018496211618e+01 7.520000000000000000e+02
4.200000000000000000e+01 6.500000000000000000e+01 -9.500000000000000000e+01 5.066100000000000000e+04 4.974000000000000000e+04 5.062000000000000000e+04 4.844500000000000000e+04 4.850863513699732721e+01 7.520000000000000000e+02
4.000000000000000000e+01 5.200000000000000000e+01 -9.800000000000000000e+01 5.031900000000000000e+04 4.971600000000000000e+04 5.073700000000000000e+04 4.855500000000000000e+04 4.851866558496840298e+01 7.520000000000000000e+02
1.700000000000000000e+01 -1.000000000000000000e+00 -1.160000000000000000e+02 5.016900000000000000e+04 4.962800000000000000e+04 5.066900000000000000e+04 4.871300000000000000e+04 4.852834160998463631e+01 7.520000000000000000e+02
-5.000000000000000000e+00 -1.000000000000000000e+00 -1.280000000000000000e+02 5.010300000000000000e+04 4.981700000000000000e+04 5.052100000000000000e+04 4.856100000000000000e+04 4.853838573698885739e+01 7.520000000000000000e+02
-2.900000000000000000e+01 -7.900000000000000000e+01 -1.420000000000000000e+02 4.945700000000000000e+04 4.974300000000000000e+04 5.089600000000000000e+04 4.861700000000000000e+04 4.854841236700303853e+01 3.760000000000000000e+02
-7.400000000000000000e+01 6.000000000000000000e+00 -1.440000000000000000e+02 4.931100000000000000e+04 4.994100000000000000e+04 5.120600000000000000e+04 4.884000000000000000e+04 4.855891880800481886e+01 3.760000000000000000e+02
-1.200000000000000000e+01 5.000000000000000000e+01 -1.440000000000000000e+02 4.999600000000000000e+04 4.985900000000000000e+04 5.028600000000000000e+04 4.894100000000000000e+04 4.856802978203631938e+01 3.760000000000000000e+02
6.000000000000000000e+01 1.520000000000000000e+02 -1.210000000000000000e+02 5.065900000000000000e+04 5.031800000000000000e+04 4.951200000000000000e+04 4.816000000000000000e+04 4.857898386695887893e+01 3.760000000000000000e+02
9.800000000000000000e+01 1.920000000000000000e+02 -1.080000000000000000e+02 5.093500000000000000e+04 4.944200000000000000e+04 4.904500000000000000e+04 4.878400000000000000e+04 4.858838114002719522e+01 0.000000000000000000e+00
7.500000000000000000e+01 1.810000000000000000e+02 -1.030000000000000000e+02 5.057000000000000000e+04 4.934500000000000000e+04 4.962700000000000000e+04 4.895900000000000000e+04 4.859845946496352553e+01 0.000000000000000000e+00
6.600000000000000000e+01 2.680000000000000000e+02 -9.500000000000000000e+01 5.115700000000000000e+04 4.897800000000000000e+04 4.859000000000000000e+04 4.921400000000000000e+04 4.860764699301216751e+01 0.000000000000000000e+00
8.100000000000000000e+01 2.880000000000000000e+02 -1.110000000000000000e+02 5.126500000000000000e+04 4.874800000000000000e+04 4.820500000000000000e+04 4.912300000000000000e+04 4.861917322303634137e+01 0.000000000000000000e+00
7.300000000000000000e+01 3.060000000000000000e+02 -1.080000000000000000e+02 5.177900000000000000e+04 4.889800000000000000e+04 4.712200000000000000e+04 4.888700000000000000e+04 4.862848966300953180e+01 0.000000000000000000e+00
-2.000000000000000000e+00 1.970000000000000000e+02 -7.800000000000000000e+01 5.023700000000000000e+04 4.838600000000000000e+04 4.859300000000000000e+04 4.889100000000000000e+04 4.863800548901781440e+01 0.000000000000000000e+00
-5.700000000000000000e+01 1.580000000000000000e+02 -9.200000000000000000e+01 5.005900000000000000e+04 4.771400000000000000e+04 4.837200000000000000e+04 4.913000000000000000e+04 4.864903795497957617e+01 1.000000000000000000e+00
-1.140000000000000000e+02 1.070000000000000000e+02 -1.020000000000000000e+02 4.945400000000000000e+04 4.844500000000000000e+04 4.933300000000000000e+04 4.906600000000000000e+04 4.865928776597138494e+01 1.000000000000000000e+00
-1.910000000000000000e+02 -3.200000000000000000e+01 -8.300000000000000000e+01 4.809600000000000000e+04 4.894400000000000000e+04 5.054800000000000000e+04 4.853500000000000000e+04 4.866873186093289405e+01 1.000000000000000000e+00
-2.670000000000000000e+02 -1.420000000000000000e+02 -6.000000000000000000e+01 4.705100000000000000e+04 4.919700000000000000e+04 5.140800000000000000e+04 4.789500000000000000e+04 4.867938452796079218e+01 1.000000000000000000e+00
-2.500000000000000000e+02 -2.110000000000000000e+02 -4.100000000000000000e+01 4.727300000000000000e+04 4.918200000000000000e+04 5.112700000000000000e+04 4.736100000000000000e+04 4.869137286499608308e+01 8.000000000000000000e+00
-2.020000000000000000e+02 -1.350000000000000000e+02 -2.500000000000000000e+01 4.678100000000000000e+04 4.954300000000000000e+04 5.142500000000000000e+04 4.641800000000000000e+04 4.869833774003200233e+01 8.000000000000000000e+00
-9.300000000000000000e+01 -8.900000000000000000e+01 -1.500000000000000000e+01 4.758400000000000000e+04 4.938600000000000000e+04 5.046000000000000000e+04 4.631900000000000000e+04 4.870813754200935364e+01 8.000000000000000000e+00
-1.200000000000000000e+01 -3.300000000000000000e+01 -2.100000000000000000e+01 4.764100000000000000e+04 5.039400000000000000e+04 5.034400000000000000e+04 4.482800000000000000e+04 4.871793942397926003e+01 8.000000000000000000e+00
7.300000000000000000e+01 1.270000000000000000e+02 -8.000000000000000000e+00 4.898300000000000000e+04 4.943100000000000000e+04 4.895500000000000000e+04 4.571300000000000000e+04 4.872945000999607146e+01 8.000000000000000000e+00
7.900000000000000000e+01 3.910000000000000000e+02 -1.300000000000000000e+01 4.818900000000000000e+04 4.822700000000000000e+04 4.951700000000000000e+04 4.695800000000000000e+04 4.873861100501380861e+01 8.000000000000000000e+00
5.100000000000000000e+01 6.080000000000000000e+02 -2.000000000000000000e+00 4.934100000000000000e+04 4.633300000000000000e+04 4.840500000000000000e+04 4.850400000000000000e+04 4.874803165497723967e+01 1.500000000000000000e+01
3.600000000000000000e+01 8.090000000000000000e+02 1.300000000000000000e+01 4.971800000000000000e+04 4.555600000000000000e+04 4.790900000000000000e+04 4.887500000000000000e+04 4.875886020797770470e+01 1.500000000000000000e+01
3.500000000000000000e+01 8.660000000000000000e+02 2.000000000000000000e+01 5.025100000000000000e+04 4.447600000000000000e+04 4.730700000000000000e+04 4.958300000000000000e+04 4.876823929895181209e+01 1.500000000000000000e+01
4.400000000000000000e+01 9.110000000000000000e+02 1.900000000000000000e+01 5.118000000000000000e+04 4.398000000000000000e+04 4.598800000000000000e+04 4.995500000000000000e+04 4.877902678796090186e+01 1.500000000000000000e+01
8.900000000000000000e+01 8.230000000000000000e+02 2.100000000000000000e+01 5.031200000000000000e+04 4.508700000000000000e+04 4.685700000000000000e+04 4.892300000000000000e+04 4.878861614200286567e+01 2.700000000000000000e+01
1.450000000000000000e+02 7.290000000000000000e+02 -4.000000000000000000e+00 5.033800000000000000e+04 4.466200000000000000e+04 4.581800000000000000e+04 4.855800000000000000e+04 4.879925663198810071e+01 2.700000000000000000e+01
2.020000000000000000e+02 5.690000000000000000e+02 5.000000000000000000e+00 5.007000000000000000e+04 4.591100000000000000e+04 4.608900000000000000e+04 4.744300000000000000e+04 4.880943514604587108e+01 2.700000000000000000e+01
2.220000000000000000e+02 3.550000000000000000e+02 7.000000000000000000e+00 4.971800000000000000e+04 4.645400000000000000e+04 4.618300000000000000e+04 4.661400000000000000e+04 4.881866180500946939e+01 2.700000000000000000e+01
2.340000000000000000e+02 1.960000000000000000e+02 -1.200000000000000000e+01 4.926200000000000000e+04 4.732900000000000000e+04 4.681500000000000000e+04 4.558500000000000000e+04 4.882832191803026944e+01 2.700000000000000000e+01
2.240000000000000000e+02 7.100000000000000000e+01 -3.000000000000000000e+00 4.914700000000000000e+04 4.751900000000000000e+04 4.679100000000000000e+04 4.555300000000000000e+04 4.883869578398298472e+01 2.700000000000000000e+01
1.450000000000000000e+02 -3.300000000000000000e+01 1.000000000000000000e+01 4.892500000000000000e+04 4.713000000000000000e+04 4.726700000000000000e+04 4.611700000000000000e+04 4.884866473404690623e+01 3.500000000000000000e+01
6.200000000000000000e+01 -1.330000000000000000e+02 2.900000000000000000e+01 4.820100000000000000e+04 4.683900000000000000e+04 4.757600000000000000e+04 4.565100000000000000e+04 4.885849970299750566e+01 3.500000000000000000e+01
-2.700000000000000000e+01 -3.570000000000000000e+02 6.000000000000000000e+00 4.584900000000000000e+04 4.851100000000000000e+04 4.981800000000000000e+04 4.390400000000000000e+04 4.886772896896582097e+01 3.500000000000000000e+01
-1.460000000000000000e+02 -5.310000000000000000e+02 -1.900000000000000000e+01 4.467700000000000000e+04 4.846700000000000000e+04 5.065000000000000000e+04 4.427900000000000000e+04 4.887914599094074219e+01 3.500000000000000000e+01
-1.790000000000000000e+02 -5.990000000000000000e+02 -3.800000000000000000e+01 4.428400000000000000e+04 4.850300000000000000e+04 5.085600000000000000e+04 4.457600000000000000e+04 4.888811042893212289e+01 4.200000000000000000e+01
-1.820000000000000000e+02 -5.840000000000000000e+02 -4.200000000000000000e+01 4.443900000000000000e+04 4.804800000000000000e+04 5.009400000000000000e+04 4.452400000000000000e+04 4.889876227499917150e+01 4.200000000000000000e+01
-1.410000000000000000e+02 -5.410000000000000000e+02 -3.400000000000000000e+01 4.293500000000000000e+04 4.926400000000000000e+04 5.054400000000000000e+04 4.420900000000000000e+04 4.890859694499522448e+01 4.200000000000000000e+01
-1.140000000000000000e+02 -3.870000000000000000e+02 -5.300000000000000000e+01 4.350100000000000000e+04 4.914000000000000000e+04 5.019200000000000000e+04 4.442800000000000000e+04 4.891936475096736103e+01 4.200000000000000000e+01
-1.240000000000000000e+02 -3.070000000000000000e+02 -5.900000000000000000e+01 4.407300000000000000e+04 4.875300000000000000e+04 4.963300000000000000e+04 4.526900000000000000e+04 4.892809917393606156e+01 4.200000000000000000e+01
-1.840000000000000000e+02 -1.570000000000000000e+02 -6.900000000000000000e+01 4.436800000000000000e+04 4.753100000000000000e+04 4.923900000000000000e+04 4.698900000000000000e+04 4.893854327604640275e+01 4.200000000000000000e+01
-2.190000000000000000e+02 -2.000000000000000000e+01 -5.400000000000000000e+01 4.493300000000000000e+04 4.632400000000000000e+04 4.898400000000000000e+04 4.845900000000000000e+04 4.894937499600928277e+01 4.600000000000000000e+01
-2.430000000000000000e+02 1.360000000000000000e+02 -6.400000000000000000e+01 4.595500000000000000e+04 4.503900000000000000e+04 4.796600000000000000e+04 4.936700000000000000e+04 4.896034619596321136e+01 4.600000000000000000e+01
-2.420000000000000000e+02 2.560000000000000000e+02 -6.500000000000000000e+01 4.748400000000000000e+04 4.425200000000000000e+04 4.777700000000000000e+04 4.914200000000000000e+04 4.896826630295254290e+01 4.600000000000000000e+01
-1.760000000000000000e+02 2.720000000000000000e+02 -1.500000000000000000e+01 4.792900000000000000e+04 4.407400000000000000e+04 4.677800000000000000e+04 5.007000000000000000e+04 4.897894203802570701e+01 4.600000000000000000e+01
-6.400000000000000000e+01 2.690000000000000000e+02 -1.400000000000000000e+01 4.893400000000000000e+04 4.452600000000000000e+04 4.653200000000000000e+04 4.928500000000000000e+04 4.898894744704011828e+01 5.100000000000000000e+01
5.500000000000000000e+01 1.610000000000000000e+02 -1.500000000000000000e+01 4.898700000000000000e+04 4.581600000000000000e+04 4.634300000000000000e+04 4.789300000000000000e+04 4.899810003302991390e+01 5.100000000000000000e+01
1.670000000000000000e+02 -1.000000000000000000e+00 -2.800000000000000000e+01 4.854600000000000000e+04 4.738500000000000000e+04 4.714800000000000000e+04 4.638600000000000000e+04 4.900839072896633297e+01 5.100000000000000000e+01
2.140000000000000000e+02 -1.700000000000000000e+02 -2.800000000000000000e+01 4.776900000000000000e+04 4.917800000000000000e+04 4.755100000000000000e+04 4.513200000000000000e+04 4.901792195602320135e+01 5.100000000000000000e+01
2.230000000000000000e+02 -3.180000000000000000e+02 -3.100000000000000000e+01 4.722100000000000000e+04 4.988500000000000000e+04 4.872300000000000000e+04 4.381600000000000000e+04 4.902821211004629731e+01 5.100000000000000000e+01
1.690000000000000000e+02 -3.720000000000000000e+02 -4.000000000000000000e+01 4.636900000000000000e+04 5.028300000000000000e+04 4.906500000000000000e+04 4.416000000000000000e+04 4.903813434101175517e+01 5.100000000000000000e+01
1.090000000000000000e+02 -3.880000000000000000e+02 -1.100000000000000000e+01 4.609400000000000000e+04 5.014000000000000000e+04 4.958100000000000000e+04 4.469400000000000000e+04 4.904825168102979660e+01 5.300000000000000000e+01
8.000000000000000000e+01 -3.680000000000000000e+02 1.400000000000000000e+01 4.697700000000000000e+04 4.961500000000000000e+04 4.946400000000000000e+04 4.470400000000000000e+04 4.905838427203707397e+01 5.300000000000000000e+01
-2.000000000000000000e+01 -3.490000000000000000e+02 2.400000000000000000e+01 4.603700000000000000e+04 4.914100000000000000e+04 5.076000000000000000e+04 4.501400000000000000e+04 4.906967945198994130e+01 5.300000000000000000e+01
-1.100000000000000000e+02 -2.970000000000000000e+02 2.000000000000000000e+01 4.596300000000000000e+04 4.849500000000000000e+04 5.107300000000000000e+04 4.583700000000000000e+04 4.907905763201415539e+01 5.300000000000000000e+01
-1.640000000000000000e+02 -2.180000000000000000e+02 2.000000000000000000e+01 4.617400000000000000e+04 4.751200000000000000e+04 5.104800000000000000e+04 4.706600000000000000e+04 4.908873889199458063e+01 4.700000000000000000e+01
-1.750000000000000000e+02 -2.230000000000000000e+02 3.700000000000000000e+01 4.702600000000000000e+04 4.838300000000000000e+04 5.088700000000000000e+04 4.696000000000000000e+04 4.909756081097293645e+01 4.700000000000000000e+01
-2.110000000000000000e+02 -2.000000000000000000e+02 3.900000000000000000e+01 4.624600000000000000e+04 4.755400000000000000e+04 5.212400000000000000e+04 4.736000000000000000e+04 4.910839607997331768e+01 4.700000000000000000e+01
-1.460000000000000000e+02 -1.080000000000000000e+02 4.900000000000000000e+01 4.748800000000000000e+04 4.771600000000000000e+04 5.146100000000000000e+04 4.720400000000000000e+04 4.911852879996877164e+01 4.700000000000000000e+01
-7.500000000000000000e+01 -8.500000000000000000e+01 6.900000000000000000e+01 4.854700000000000000e+04 4.757700000000000000e+04 5.125100000000000000e+04 4.713100000000000000e+04 4.912804631097242236e+01 4.700000000000000000e+01
7.000000000000000000e+00 -9.000000000000000000e+00 6.900000000000000000e+01 5.012700000000000000e+04 4.719300000000000000e+04 5.009000000000000000e+04 4.741800000000000000e+04 4.913865404203534126e+01 4.700000000000000000e+01
6.600000000000000000e+01 -3.900000000000000000e+01 6.700000000000000000e+01 5.052200000000000000e+04 4.852000000000000000e+04 4.884800000000000000e+04 4.720600000000000000e+04 4.914800853899214417e+01 4.600000000000000000e+01
3.800000000000000000e+01 -1.400000000000000000e+01 7.800000000000000000e+01 5.133800000000000000e+04 4.766500000000000000e+04 4.949900000000000000e+04 4.738000000000000000e+04 4.915905499202199280e+01 4.600000000000000000e+01
4.300000000000000000e+01 -6.500000000000000000e+01 7.500000000000000000e+01 5.084600000000000000e+04 4.804700000000000000e+04 5.030100000000000000e+04 4.713400000000000000e+04 4.916821512894239277e+01 4.600000000000000000e+01
-1.000000000000000000e+00 -1.180000000000000000e+02 6.300000000000000000e+01 5.023400000000000000e+04 4.839000000000000000e+04 5.109800000000000000e+04 4.703100000000000000e+04 4.917830488493200392e+01 4.600000000000000000e+01
-4.900000000000000000e+01 -2.150000000000000000e+02 8.000000000000000000e+01 4.921700000000000000e+04 4.868800000000000000e+04 5.109100000000000000e+04 4.782700000000000000e+04 4.918830260704271495e+01 4.400000000000000000e+01
-1.550000000000000000e+02 -2.900000000000000000e+02 6.700000000000000000e+01 4.836700000000000000e+04 4.889900000000000000e+04 5.301200000000000000e+04 4.639500000000000000e+04 4.919921878597233444e+01 4.400000000000000000e+01
-2.670000000000000000e+02 -3.620000000000000000e+02 8.900000000000000000e+01 4.684200000000000000e+04 4.816000000000000000e+04 5.431300000000000000e+04 4.692200000000000000e+04 4.920889373694080859e+01 4.400000000000000000e+01
-3.100000000000000000e+02 -3.160000000000000000e+02 9.700000000000000000e+01 4.666400000000000000e+04 4.788200000000000000e+04 5.418100000000000000e+04 4.771400000000000000e+04 4.922007603000383824e+01 4.400000000000000000e+01
-2.600000000000000000e+02 -2.690000000000000000e+02 1.110000000000000000e+02 4.855200000000000000e+04 4.809200000000000000e+04 5.243400000000000000e+04 4.822600000000000000e+04 4.923736340703908354e+01 4.400000000000000000e+01
-1.720000000000000000e+02 -6.500000000000000000e+01 8.000000000000000000e+01 4.930000000000000000e+04 4.789000000000000000e+04 5.177300000000000000e+04 4.859800000000000000e+04 4.924102599895559251e+01 4.400000000000000000e+01
-1.500000000000000000e+01 -2.800000000000000000e+01 9.300000000000000000e+01 5.031900000000000000e+04 4.871300000000000000e+04 5.106800000000000000e+04 4.758400000000000000e+04 4.924932353303302079e+01 3.800000000000000000e+01
1.020000000000000000e+02 1.010000000000000000e+02 7.000000000000000000e+01 5.191300000000000000e+04 4.879000000000000000e+04 4.948600000000000000e+04 4.813100000000000000e+04 4.925887552497442812e+01 3.800000000000000000e+01
1.850000000000000000e+02 1.300000000000000000e+02 3.900000000000000000e+01 5.117200000000000000e+04 4.936600000000000000e+04 5.047500000000000000e+04 4.766700000000000000e+04 4.926800896995700896e+01 3.800000000000000000e+01
1.630000000000000000e+02 1.170000000000000000e+02 6.900000000000000000e+01 5.075800000000000000e+04 4.953200000000000000e+04 5.090800000000000000e+04 4.747600000000000000e+04 4.927875094895716757e+01 3.800000000000000000e+01
1.130000000000000000e+02 3.400000000000000000e+01 7.600000000000000000e+01 5.022700000000000000e+04 4.920800000000000000e+04 5.154700000000000000e+04 4.768900000000000000e+04 4.928924050298519433e+01 3.400000000000000000e+01
4.200000000000000000e+01 -9.700000000000000000e+01 7.800000000000000000e+01 4.999400000000000000e+04 4.952500000000000000e+04 5.194300000000000000e+04 4.739900000000000000e+04 4.929883681202773005e+01 3.400000000000000000e+01
-1.000000000000000000e+01 -1.410000000000000000e+02 6.700000000000000000e+01 4.884200000000000000e+04 4.996400000000000000e+04 5.295200000000000000e+04 4.704800000000000000e+04 4.930779095599427819e+01 3.400000000000000000e+01
-8.700000000000000000e+01 -1.570000000000000000e+02 6.600000000000000000e+01 4.850000000000000000e+04 4.937000000000000000e+04 5.316800000000000000e+04 4.759800000000000000e+04 4.931824139994569123e+01 3.400000000000000000e+01
-8.700000000000000000e+01 -8.600000000000000000e+01 4.300000000000000000e+01 4.913800000000000000e+04 4.857600000000000000e+04 5.233500000000000000e+04 4.837200000000000000e+04 4.932849425799213350e+01 3.400000000000000000e+01
-1.120000000000000000e+02 -9.800000000000000000e+01 6.500000000000000000e+01 4.941400000000000000e+04 4.873500000000000000e+04 5.216700000000000000e+04 4.802400000000000000e+04 4.933782532298937440e+01 3.400000000000000000e+01
-9.400000000000000000e+01 6.000000000000000000e+00 2.900000000000000000e+01 4.951500000000000000e+04 4.868200000000000000e+04 5.198700000000000000e+04 4.808800000000000000e+04 4.934939600003417581e+01 2.900000000000000000e+01
-5.500000000000000000e+01 5.700000000000000000e+01 4.100000000000000000e+01 5.018700000000000000e+04 4.832100000000000000e+04 5.158500000000000000e+04 4.878500000000000000e+04 4.935724742803722620e+01 2.900000000000000000e+01
-3.800000000000000000e+01 1.490000000000000000e+02 4.000000000000000000e+01 4.970300000000000000e+04 4.820400000000000000e+04 5.218100000000000000e+04 4.888500000000000000e+04 4.936897576402407140e+01 2.900000000000000000e+01
8.100000000000000000e+01 2.150000000000000000e+02 4.700000000000000000e+01 5.100400000000000000e+04 4.842400000000000000e+04 5.093600000000000000e+04 4.855000000000000000e+04 4.937929950002580881e+01 2.900000000000000000e+01
1.070000000000000000e+02 2.890000000000000000e+02 4.400000000000000000e+01 5.153200000000000000e+04 4.785100000000000000e+04 5.038300000000000000e+04 4.896300000000000000e+04 4.938816657895222306e+01 2.700000000000000000e+01
1.610000000000000000e+02 3.950000000000000000e+02 3.700000000000000000e+01 5.276100000000000000e+04 4.744400000000000000e+04 4.903000000000000000e+04 4.947500000000000000e+04 4.939824719203170389e+01 2.700000000000000000e+01
1.600000000000000000e+02 4.280000000000000000e+02 6.600000000000000000e+01 5.278700000000000000e+04 4.706500000000000000e+04 4.903300000000000000e+04 4.974000000000000000e+04 4.940733701700810343e+01 2.700000000000000000e+01
1.600000000000000000e+02 4.170000000000000000e+02 5.900000000000000000e+01 5.253400000000000000e+04 4.727200000000000000e+04 4.932400000000000000e+04 4.923200000000000000e+04 4.941930362093262374e+01 2.700000000000000000e+01
8.200000000000000000e+01 2.710000000000000000e+02 4.600000000000000000e+01 5.115300000000000000e+04 4.775700000000000000e+04 5.082300000000000000e+04 4.885100000000000000e+04 4.942726352903991938e+01 2.700000000000000000e+01
-2.700000000000000000e+01 6.100000000000000000e+01 5.600000000000000000e+01 5.083200000000000000e+04 4.826600000000000000e+04 5.128200000000000000e+04 4.820500000000000000e+04 4.943865968903992325e+01 2.700000000000000000e+01
-1.520000000000000000e+02 -2.190000000000000000e+02 6.600000000000000000e+01 4.885200000000000000e+04 4.872500000000000000e+04 5.300400000000000000e+04 4.769000000000000000e+04 4.944890674098860472e+01 2.500000000000000000e+01
-2.490000000000000000e+02 -5.110000000000000000e+02 8.400000000000000000e+01 4.705300000000000000e+04 4.962900000000000000e+04 5.436300000000000000e+04 4.647300000000000000e+04 4.945805804000701755e+01 2.500000000000000000e+01
-1.630000000000000000e+02 -6.030000000000000000e+02 5.700000000000000000e+01 4.841100000000000000e+04 5.213600000000000000e+04 5.356300000000000000e+04 4.347000000000000000e+04 4.946786901494488120e+01 2.500000000000000000e+01
-8.900000000000000000e+01 -5.990000000000000000e+02 7.700000000000000000e+01 4.880700000000000000e+04 5.183500000000000000e+04 5.340100000000000000e+04 4.374800000000000000e+04 4.947847677301615477e+01 2.500000000000000000e+01
4.400000000000000000e+01 -4.110000000000000000e+02 4.700000000000000000e+01 4.946200000000000000e+04 5.208300000000000000e+04 5.268900000000000000e+04 4.341200000000000000e+04 4.948780132096726447e+01 4.000000000000000000e+01
2.620000000000000000e+02 -3.020000000000000000e+02 1.800000000000000000e+01 5.078500000000000000e+04 5.201300000000000000e+04 5.021600000000000000e+04 4.173800000000000000e+04 4.949849671393167228e+01 4.000000000000000000e+01
3.370000000000000000e+02 -8.700000000000000000e+01 1.100000000000000000e+01 5.209200000000000000e+04 5.104700000000000000e+04 4.854000000000000000e+04 4.372500000000000000e+04 4.950763954699505121e+01 4.000000000000000000e+01
3.370000000000000000e+02 -5.400000000000000000e+01 3.600000000000000000e+01 5.127000000000000000e+04 5.095500000000000000e+04 4.957300000000000000e+04 4.363400000000000000e+04 4.951751078502275050e+01 4.000000000000000000e+01
1.130000000000000000e+02 -1.200000000000000000e+02 6.000000000000000000e+01 5.030400000000000000e+04 5.074900000000000000e+04 5.094600000000000000e+04 4.337300000000000000e+04 4.952934320899657905e+01 4.000000000000000000e+01
-1.710000000000000000e+02 -1.620000000000000000e+02 5.300000000000000000e+01 4.815800000000000000e+04 4.930400000000000000e+04 5.205800000000000000e+04 4.420800000000000000e+04 4.953830089000985026e+01 1.008000000000000000e+03
-4.300000000000000000e+02 -3.150000000000000000e+02 9.300000000000000000e+01 4.608200000000000000e+04 4.872800000000000000e+04 5.373900000000000000e+04 4.472200000000000000e+04 4.954846198495943099e+01 1.008000000000000000e+03
-7.280000000000000000e+02 -4.140000000000000000e+02 4.400000000000000000e+01 4.428600000000000000e+04 4.743100000000000000e+04 5.472200000000000000e+04 4.608800000000000000e+04 4.955833495303522795e+01 1.008000000000000000e+03
-8.620000000000000000e+02 -4.260000000000000000e+02 4.000000000000000000e+01 4.323900000000000000e+04 4.735900000000000000e+04 5.518500000000000000e+04 4.647600000000000000e+04 4.956850716599728912e+01 1.008000000000000000e+03
-9.960000000000000000e+02 -3.650000000000000000e+02 5.000000000000000000e+00 4.274900000000000000e+04 4.584200000000000000e+04 5.535000000000000000e+04 4.853500000000000000e+04 4.959451587998773903e+01 7.720000000000000000e+02
-1.005000000000000000e+03 -2.510000000000000000e+02 -3.600000000000000000e+01 4.305100000000000000e+04 4.637100000000000000e+04 5.553200000000000000e+04 4.920500000000000000e+04 4.959747982094995677e+01 7.720000000000000000e+02
-9.250000000000000000e+02 -1.970000000000000000e+02 -6.000000000000000000e+01 4.420100000000000000e+04 4.597800000000000000e+04 5.486000000000000000e+04 4.988400000000000000e+04 4.960046423494350165e+01 7.720000000000000000e+02
-7.020000000000000000e+02 -8.400000000000000000e+01 -8.800000000000000000e+01 4.555500000000000000e+04 4.690500000000000000e+04 5.410500000000000000e+04 4.960100000000000000e+04 4.960836426203604788e+01 7.720000000000000000e+02
-3.840000000000000000e+02 1.000000000000000000e+01 -1.150000000000000000e+02 4.724200000000000000e+04 4.792600000000000000e+04 5.290300000000000000e+04 4.896200000000000000e+04 4.961830258602276444e+01 7.720000000000000000e+02
-8.300000000000000000e+01 3.700000000000000000e+01 -1.210000000000000000e+02 4.885900000000000000e+04 4.923900000000000000e+04 5.152200000000000000e+04 4.779600000000000000e+04 4.962870162702165544e+01 7.720000000000000000e+02
2.720000000000000000e+02 1.150000000000000000e+02 -1.280000000000000000e+02 5.087500000000000000e+04 5.086600000000000000e+04 5.012600000000000000e+04 4.698200000000000000e+04 4.963754467596299946e+01 7.730000000000000000e+02
5.430000000000000000e+02 1.820000000000000000e+02 -1.540000000000000000e+02 5.192500000000000000e+04 5.161700000000000000e+04 4.896900000000000000e+04 4.636500000000000000e+04 4.965411580097861588e+01 7.730000000000000000e+02
6.640000000000000000e+02 2.310000000000000000e+02 -1.430000000000000000e+02 5.284800000000000000e+04 5.114100000000000000e+04 4.792800000000000000e+04 4.734100000000000000e+04 4.966986267094034702e+01 7.730000000000000000e+02
6.960000000000000000e+02 2.610000000000000000e+02 -1.580000000000000000e+02 5.283800000000000000e+04 5.119300000000000000e+04 4.778500000000000000e+04 4.752200000000000000e+04 4.967481871193740517e+01 7.730000000000000000e+02
6.610000000000000000e+02 1.840000000000000000e+02 -1.500000000000000000e+02 5.235000000000000000e+04 5.149400000000000000e+04 4.849200000000000000e+04 4.714100000000000000e+04 4.968525024701375514e+01 7.710000000000000000e+02
5.410000000000000000e+02 9.800000000000000000e+01 -1.380000000000000000e+02 5.148400000000000000e+04 5.124900000000000000e+04 4.962500000000000000e+04 4.770100000000000000e+04 4.968829556903801858e+01 7.710000000000000000e+02
4.170000000000000000e+02 0.000000000000000000e+00 -1.230000000000000000e+02 5.091600000000000000e+04 5.138900000000000000e+04 5.037200000000000000e+04 4.742100000000000000e+04 4.969795670302119106e+01 7.710000000000000000e+02
2.370000000000000000e+02 -1.180000000000000000e+02 -8.000000000000000000e+01 4.980300000000000000e+04 5.068800000000000000e+04 5.164300000000000000e+04 4.816600000000000000e+04 4.970679353002924472e+01 7.710000000000000000e+02
4.900000000000000000e+01 -2.360000000000000000e+02 -3.800000000000000000e+01 4.812800000000000000e+04 5.070400000000000000e+04 5.327800000000000000e+04 4.788000000000000000e+04 4.971703997999429703e+01 7.710000000000000000e+02
-8.900000000000000000e+01 -2.930000000000000000e+02 -2.800000000000000000e+01 4.782400000000000000e+04 4.958200000000000000e+04 5.360400000000000000e+04 4.900600000000000000e+04 4.972744219901505858e+01 7.710000000000000000e+02
-1.470000000000000000e+02 -3.180000000000000000e+02 4.000000000000000000e+00 4.769700000000000000e+04 4.943700000000000000e+04 5.412000000000000000e+04 4.923200000000000000e+04 4.973778040299657732e+01 7.660000000000000000e+02
-1.780000000000000000e+02 -3.130000000000000000e+02 2.400000000000000000e+01 4.766200000000000000e+04 4.945100000000000000e+04 5.435000000000000000e+04 4.899900000000000000e+04 4.974763923999853432e+01 7.660000000000000000e+02
-1.320000000000000000e+02 -2.350000000000000000e+02 1.400000000000000000e+01 4.823100000000000000e+04 4.948800000000000000e+04 5.413300000000000000e+04 4.910200000000000000e+04 4.975690347596537322e+01 7.660000000000000000e+02
4.000000000000000000e+00 -1.920000000000000000e+02 1.400000000000000000e+01 4.930100000000000000e+04 4.936500000000000000e+04 5.341900000000000000e+04 4.918400000000000000e+04 4.976698800502344966e+01 7.660000000000000000e+02
1.380000000000000000e+02 -1.190000000000000000e+02 4.900000000000000000e+01 5.073900000000000000e+04 4.983000000000000000e+04 5.235600000000000000e+04 4.855100000000000000e+04 4.977715505799278617e+01 7.600000000000000000e+02
3.260000000000000000e+02 1.300000000000000000e+01 4.800000000000000000e+01 5.245000000000000000e+04 5.008100000000000000e+04 5.132500000000000000e+04 4.876200000000000000e+04 4.978738349303603172e+01 7.600000000000000000e+02
4.850000000000000000e+02 5.400000000000000000e+01 5.800000000000000000e+01 5.292900000000000000e+04 5.034200000000000000e+04 5.068700000000000000e+04 4.817400000000000000e+04 4.979724454297684133e+01 7.600000000000000000e+02
5.700000000000000000e+02 9.200000000000000000e+01 5.400000000000000000e+01 5.336800000000000000e+04 5.069000000000000000e+04 5.010800000000000000e+04 4.777500000000000000e+04 4.980794928304385394e+01 7.600000000000000000e+02
5.730000000000000000e+02 4.300000000000000000e+01 4.600000000000000000e+01 5.302400000000000000e+04 5.071800000000000000e+04 5.058600000000000000e+04 4.760300000000000000e+04 4.981705655297264457e+01 7.600000000000000000e+02
4.990000000000000000e+02 -1.400000000000000000e+01 6.800000000000000000e+01 5.271000000000000000e+04 5.035100000000000000e+04 5.096800000000000000e+04 4.796100000000000000e+04 4.982822843897156417e+01 7.600000000000000000e+02
4.200000000000000000e+02 -1.040000000000000000e+02 6.000000000000000000e+01 5.245200000000000000e+04 5.032200000000000000e+04 5.152800000000000000e+04 4.807500000000000000e+04 4.983724825899116695e+01 7.570000000000000000e+02
3.000000000000000000e+02 -1.820000000000000000e+02 5.600000000000000000e+01 5.199000000000000000e+04 5.052000000000000000e+04 5.189500000000000000e+04 4.786800000000000000e+04 4.984715110599063337e+01 7.570000000000000000e+02
1.850000000000000000e+02 -2.090000000000000000e+02 1.500000000000000000e+01 5.099300000000000000e+04 5.027900000000000000e+04 5.291800000000000000e+04 4.830200000000000000e+04 4.985710602893959731e+01 7.570000000000000000e+02
1.010000000000000000e+02 -2.820000000000000000e+02 2.600000000000000000e+01 5.031700000000000000e+04 5.026600000000000000e+04 5.341900000000000000e+04 4.828200000000000000e+04 4.986722588096745312e+01 7.570000000000000000e+02
8.000000000000000000e+00 -3.150000000000000000e+02 2.600000000000000000e+01 5.017700000000000000e+04 4.999200000000000000e+04 5.334800000000000000e+04 4.875000000000000000e+04 4.987724336702376604e+01 7.540000000000000000e+02
-5.700000000000000000e+01 -2.700000000000000000e+02 2.800000000000000000e+01 5.057400000000000000e+04 4.952100000000000000e+04 5.330800000000000000e+04 4.910700000000000000e+04 4.989053821493871510e+01 7.540000000000000000e+02
-2.000000000000000000e+01 -1.930000000000000000e+02 1.600000000000000000e+01 5.071800000000000000e+04 4.934600000000000000e+04 5.309100000000000000e+04 4.927700000000000000e+04 4.989696092298254371e+01 7.540000000000000000e+02
2.100000000000000000e+01 -1.230000000000000000e+02 9.000000000000000000e+00 5.106800000000000000e+04 4.945700000000000000e+04 5.250900000000000000e+04 4.905900000000000000e+04 4.990805649303365499e+01 7.540000000000000000e+02
7.000000000000000000e+01 -6.000000000000000000e+01 1.100000000000000000e+01 5.187000000000000000e+04 4.920400000000000000e+04 5.164600000000000000e+04 4.934700000000000000e+04 4.992050656501669437e+01 7.540000000000000000e+02
1.970000000000000000e+02 -7.900000000000000000e+01 2.300000000000000000e+01 5.198800000000000000e+04 4.977200000000000000e+04 5.155100000000000000e+04 4.856900000000000000e+04 4.993893306399695575e+01 7.540000000000000000e+02
2.580000000000000000e+02 -1.280000000000000000e+02 1.500000000000000000e+01 5.208600000000000000e+04 5.073400000000000000e+04 5.128300000000000000e+04 4.748200000000000000e+04 4.994040272594429553e+01 7.530000000000000000e+02
3.250000000000000000e+02 -1.920000000000000000e+02 -5.000000000000000000e+00 5.188500000000000000e+04 5.135000000000000000e+04 5.151200000000000000e+04 4.655900000000000000e+04 4.994874613895080984e+01 7.530000000000000000e+02
3.420000000000000000e+02 -2.010000000000000000e+02 -8.000000000000000000e+00 5.179000000000000000e+04 5.125100000000000000e+04 5.154600000000000000e+04 4.641900000000000000e+04 4.995795610302593559e+01 7.530000000000000000e+02
3.020000000000000000e+02 -2.250000000000000000e+02 -1.600000000000000000e+01 5.175900000000000000e+04 5.113500000000000000e+04 5.135600000000000000e+04 4.686400000000000000e+04 4.996749203396029770e+01 7.530000000000000000e+02
2.320000000000000000e+02 -2.050000000000000000e+02 2.600000000000000000e+01 5.155900000000000000e+04 5.043600000000000000e+04 5.156600000000000000e+04 4.738200000000000000e+04 4.997736220399383456e+01 7.510000000000000000e+02
1.300000000000000000e+02 -1.980000000000000000e+02 3.300000000000000000e+01 5.130100000000000000e+04 4.966700000000000000e+04 5.217400000000000000e+04 4.794000000000000000e+04 4.998761059995740652e+01 7.510000000000000000e+02
1.200000000000000000e+01 -1.700000000000000000e+02 5.200000000000000000e+01 5.081600000000000000e+04 4.952900000000000000e+04 5.252500000000000000e+04 4.806300000000000000e+04 4.999849968601483852e+01 7.510000000000000000e+02
-1.300000000000000000e+02 -2.200000000000000000e+02 6.400000000000000000e+01 4.998900000000000000e+04 4.928700000000000000e+04 5.339600000000000000e+04 4.809600000000000000e+04 5.000818892894312739e+01 7.510000000000000000e+02
-2.150000000000000000e+02 -1.840000000000000000e+02 6.200000000000000000e+01 4.991600000000000000e+04 4.806000000000000000e+04 5.325300000000000000e+04 4.918700000000000000e+04 5.001810344995465130e+01 7.510000000000000000e+02
-2.940000000000000000e+02 -2.260000000000000000e+02 5.900000000000000000e+01 4.932900000000000000e+04 4.771100000000000000e+04 5.375000000000000000e+04 4.939300000000000000e+04 5.002799224294722080e+01 7.510000000000000000e+02
-3.180000000000000000e+02 -1.670000000000000000e+02 6.300000000000000000e+01 4.928200000000000000e+04 4.832400000000000000e+04 5.371000000000000000e+04 4.871200000000000000e+04 5.003804416395723820e+01 7.510000000000000000e+02
-2.750000000000000000e+02 -1.850000000000000000e+02 7.000000000000000000e+01 4.972200000000000000e+04 4.829500000000000000e+04 5.338600000000000000e+04 4.861600000000000000e+04 5.004863046703394502e+01 7.510000000000000000e+02
-1.780000000000000000e+02 -1.830000000000000000e+02 6.900000000000000000e+01 4.998200000000000000e+04 4.853100000000000000e+04 5.324000000000000000e+04 4.819600000000000000e+04 5.005907579499762505e+01 7.510000000000000000e+02
-1.080000000000000000e+02 -1.780000000000000000e+02 6.600000000000000000e+01 5.008700000000000000e+04 4.932200000000000000e+04 5.316700000000000000e+04 4.725700000000000000e+04 5.006772443698719144e+01 7.510000000000000000e+02
5.000000000000000000e+00 -1.720000000000000000e+02 6.900000000000000000e+01 5.100700000000000000e+04 4.955200000000000000e+04 5.253600000000000000e+04 4.710100000000000000e+04 5.007704577699769288e+01 7.540000000000000000e+02
7.200000000000000000e+01 -1.690000000000000000e+02 7.000000000000000000e+01 5.080600000000000000e+04 4.965100000000000000e+04 5.226400000000000000e+04 4.641200000000000000e+04 5.008717320393770933e+01 7.540000000000000000e+02
1.590000000000000000e+02 -1.460000000000000000e+02 6.100000000000000000e+01 5.112700000000000000e+04 5.026600000000000000e+04 5.196100000000000000e+04 4.559600000000000000e+04 5.009723487100563943e+01 7.540000000000000000e+02
1.770000000000000000e+02 -1.290000000000000000e+02 5.800000000000000000e+01 5.085700000000000000e+04 4.976200000000000000e+04 5.223100000000000000e+04 4.612600000000000000e+04 5.010795640794094652e+01 7.540000000000000000e+02
1.040000000000000000e+02 -1.130000000000000000e+02 5.200000000000000000e+01 5.074000000000000000e+04 4.962900000000000000e+04 5.214600000000000000e+04 4.618700000000000000e+04 5.011735528800636530e+01 7.540000000000000000e+02
5.000000000000000000e+01 -6.100000000000000000e+01 2.100000000000000000e+01 5.017700000000000000e+04 4.916500000000000000e+04 5.256100000000000000e+04 4.683900000000000000e+04 5.012737802695482969e+01 7.540000000000000000e+02
-5.800000000000000000e+01 -9.300000000000000000e+01 1.000000000000000000e+01 4.974500000000000000e+04 4.879100000000000000e+04 5.272800000000000000e+04 4.740500000000000000e+04 5.013705481693614274e+01 7.530000000000000000e+02
-1.340000000000000000e+02 -2.900000000000000000e+01 1.000000000000000000e+01 4.966500000000000000e+04 4.854100000000000000e+04 5.276100000000000000e+04 4.774600000000000000e+04 5.014719544199761003e+01 7.530000000000000000e+02
-1.100000000000000000e+02 -3.700000000000000000e+01 -9.000000000000000000e+00 4.945300000000000000e+04 4.833700000000000000e+04 5.284900000000000000e+04 4.807600000000000000e+04 5.015736369404476136e+01 7.530000000000000000e+02
-1.190000000000000000e+02 2.000000000000000000e+00 -8.000000000000000000e+00 4.976800000000000000e+04 4.829600000000000000e+04 5.278800000000000000e+04 4.821900000000000000e+04 5.016739783901721239e+01 7.530000000000000000e+02
-6.100000000000000000e+01 5.200000000000000000e+01 -1.600000000000000000e+01 5.024400000000000000e+04 4.827200000000000000e+04 5.206800000000000000e+04 4.786500000000000000e+04 5.017712623602710664e+01 7.570000000000000000e+02
-3.000000000000000000e+00 9.500000000000000000e+01 6.000000000000000000e+00 5.078300000000000000e+04 4.846100000000000000e+04 5.154600000000000000e+04 4.772400000000000000e+04 5.018762335996143520e+01 7.570000000000000000e+02
7.300000000000000000e+01 1.680000000000000000e+02 -1.700000000000000000e+01 5.115400000000000000e+04 4.862400000000000000e+04 5.119700000000000000e+04 4.753500000000000000e+04 5.019719453994184732e+01 7.570000000000000000e+02
1.430000000000000000e+02 1.860000000000000000e+02 -2.900000000000000000e+01 5.125400000000000000e+04 4.848000000000000000e+04 5.081000000000000000e+04 4.762500000000000000e+04 5.020817391993477941e+01 7.570000000000000000e+02
1.860000000000000000e+02 1.830000000000000000e+02 1.000000000000000000e+00 5.162900000000000000e+04 4.867600000000000000e+04 5.045600000000000000e+04 4.734000000000000000e+04 5.021688142593484372e+01 7.570000000000000000e+02
1.840000000000000000e+02 1.800000000000000000e+02 -2.800000000000000000e+01 5.114900000000000000e+04 4.880600000000000000e+04 5.082800000000000000e+04 4.699400000000000000e+04 5.022659291303716600e+01 7.570000000000000000e+02
1.820000000000000000e+02 1.070000000000000000e+02 9.000000000000000000e+00 5.112700000000000000e+04 4.920500000000000000e+04 5.099600000000000000e+04 4.641500000000000000e+04 5.023804883600678295e+01 7.550000000000000000e+02
1.490000000000000000e+02 4.600000000000000000e+01 1.500000000000000000e+01 5.101500000000000000e+04 4.915900000000000000e+04 5.107300000000000000e+04 4.648700000000000000e+04 5.024710718996357173e+01 7.550000000000000000e+02
1.070000000000000000e+02 8.200000000000000000e+01 -1.300000000000000000e+01 5.079900000000000000e+04 4.875600000000000000e+04 5.145000000000000000e+04 4.707400000000000000e+04 5.025723609002307057e+01 7.550000000000000000e+02
5.600000000000000000e+01 1.200000000000000000e+01 1.500000000000000000e+01 5.055100000000000000e+04 4.922300000000000000e+04 5.169400000000000000e+04 4.662500000000000000e+04 5.026732284401077777e+01 7.550000000000000000e+02
6.400000000000000000e+01 1.300000000000000000e+01 1.600000000000000000e+01 5.111500000000000000e+04 4.863700000000000000e+04 5.128600000000000000e+04 4.749600000000000000e+04 5.027693456504493952e+01 7.540000000000000000e+02
-3.000000000000000000e+00 -1.400000000000000000e+01 2.400000000000000000e+01 5.072700000000000000e+04 4.847000000000000000e+04 5.190400000000000000e+04 4.743900000000000000e+04 5.028837872995063663e+01 7.540000000000000000e+02
-6.900000000000000000e+01 -1.400000000000000000e+01 3.300000000000000000e+01 5.021900000000000000e+04 4.852100000000000000e+04 5.255800000000000000e+04 4.716300000000000000e+04 5.029738076904322952e+01 7.540000000000000000e+02
-1.000000000000000000e+02 -4.500000000000000000e+01 3.400000000000000000e+01 4.992800000000000000e+04 4.836200000000000000e+04 5.273900000000000000e+04 4.744100000000000000e+04 5.030749427399132401e+01 7.540000000000000000e+02
-1.490000000000000000e+02 1.500000000000000000e+01 3.700000000000000000e+01 5.016600000000000000e+04 4.795200000000000000e+04 5.282900000000000000e+04 4.769800000000000000e+04 5.031825776596087962e+01 7.540000000000000000e+02
-1.390000000000000000e+02 -9.000000000000000000e+00 5.000000000000000000e+01 5.011300000000000000e+04 4.813300000000000000e+04 5.276900000000000000e+04 4.731000000000000000e+04 5.032771771703846753e+01 7.540000000000000000e+02
-1.570000000000000000e+02 0.000000000000000000e+00 6.200000000000000000e+01 5.019100000000000000e+04 4.780000000000000000e+04 5.289100000000000000e+04 4.778600000000000000e+04 5.033734317903872579e+01 7.540000000000000000e+02
-1.370000000000000000e+02 2.600000000000000000e+01 5.700000000000000000e+01 5.031000000000000000e+04 4.797100000000000000e+04 5.299000000000000000e+04 4.769300000000000000e+04 5.034848436794709414e+01 7.540000000000000000e+02
-1.130000000000000000e+02 2.900000000000000000e+01 6.500000000000000000e+01 5.058200000000000000e+04 4.812700000000000000e+04 5.297800000000000000e+04 4.778300000000000000e+04 5.035744311497546732e+01 7.540000000000000000e+02
-1.060000000000000000e+02 4.500000000000000000e+01 6.600000000000000000e+01 5.077500000000000000e+04 4.805400000000000000e+04 5.290400000000000000e+04 4.773800000000000000e+04 5.036735139600932598e+01 7.540000000000000000e+02
-8.300000000000000000e+01 6.100000000000000000e+01 5.900000000000000000e+01 5.072600000000000000e+04 4.774300000000000000e+04 5.291600000000000000e+04 4.794400000000000000e+04 5.037721548799891025e+01 7.560000000000000000e+02
-5.900000000000000000e+01 4.500000000000000000e+01 6.100000000000000000e+01 5.069100000000000000e+04 4.785700000000000000e+04 5.291000000000000000e+04 4.788600000000000000e+04 5.038702869601547718e+01 7.560000000000000000e+02
-7.000000000000000000e+01 4.000000000000000000e+01 4.400000000000000000e+01 5.051900000000000000e+04 4.796400000000000000e+04 5.316600000000000000e+04 4.775300000000000000e+04 5.039803140796720982e+01 7.560000000000000000e+02
-3.500000000000000000e+01 2.000000000000000000e+01 4.700000000000000000e+01 5.086300000000000000e+04 4.813200000000000000e+04 5.285000000000000000e+04 4.770400000000000000e+04 5.040708993701264262e+01 7.560000000000000000e+02
-3.500000000000000000e+01 4.000000000000000000e+00 4.600000000000000000e+01 5.052800000000000000e+04 4.829600000000000000e+04 5.301400000000000000e+04 4.742300000000000000e+04 5.041717911697924137e+01 7.560000000000000000e+02
-2.600000000000000000e+01 7.000000000000000000e+00 2.500000000000000000e+01 5.040400000000000000e+04 4.841100000000000000e+04 5.313000000000000000e+04 4.731900000000000000e+04 5.042654987203422934e+01 7.560000000000000000e+02
-3.500000000000000000e+01 -1.400000000000000000e+01 2.300000000000000000e+01 5.068900000000000000e+04 4.785900000000000000e+04 5.313400000000000000e+04 4.712300000000000000e+04 5.043721272703260183e+01 7.570000000000000000e+02
-4.800000000000000000e+01 4.000000000000000000e+01 1.400000000000000000e+01 5.077000000000000000e+04 4.741700000000000000e+04 5.295400000000000000e+04 4.780700000000000000e+04 5.044655409094411880e+01 7.570000000000000000e+02
-6.000000000000000000e+01 6.000000000000000000e+01 8.000000000000000000e+00 5.028800000000000000e+04 4.737800000000000000e+04 5.341000000000000000e+04 4.819400000000000000e+04 5.045648193499073386e+01 7.570000000000000000e+02
-6.800000000000000000e+01 6.300000000000000000e+01 6.000000000000000000e+00 5.012000000000000000e+04 4.772400000000000000e+04 5.331000000000000000e+04 4.826400000000000000e+04 5.046737926895730197e+01 7.570000000000000000e+02
-8.800000000000000000e+01 1.630000000000000000e+02 -2.500000000000000000e+01 5.044400000000000000e+04 4.764500000000000000e+04 5.294600000000000000e+04 4.862300000000000000e+04 5.047795436601154506e+01 7.550000000000000000e+02
-5.800000000000000000e+01 2.230000000000000000e+02 -1.300000000000000000e+01 5.043100000000000000e+04 4.775200000000000000e+04 5.284600000000000000e+04 4.874700000000000000e+04 5.048803284997120500e+01 7.550000000000000000e+02
-6.000000000000000000e+01 2.760000000000000000e+02 -2.800000000000000000e+01 5.095100000000000000e+04 4.692300000000000000e+04 5.238600000000000000e+04 4.958600000000000000e+04 5.049712208099663258e+01 7.550000000000000000e+02
-4.200000000000000000e+01 3.180000000000000000e+02 -3.400000000000000000e+01 5.131600000000000000e+04 4.749000000000000000e+04 5.177500000000000000e+04 4.949000000000000000e+04 5.050728909997269511e+01 7.550000000000000000e+02
-4.000000000000000000e+00 3.140000000000000000e+02 -4.300000000000000000e+01 5.183600000000000000e+04 4.767200000000000000e+04 5.090000000000000000e+04 4.949200000000000000e+04 5.051933556899894029e+01 7.550000000000000000e+02
8.000000000000000000e+00 3.410000000000000000e+02 -5.000000000000000000e+01 5.171700000000000000e+04 4.792100000000000000e+04 5.091600000000000000e+04 4.945100000000000000e+04 5.053370340995024890e+01 7.550000000000000000e+02
5.200000000000000000e+01 2.640000000000000000e+02 -7.000000000000000000e+01 5.083300000000000000e+04 4.813200000000000000e+04 5.133500000000000000e+04 4.933900000000000000e+04 5.053889499499928206e+01 7.570000000000000000e+02
5.400000000000000000e+01 2.070000000000000000e+02 -7.400000000000000000e+01 5.075300000000000000e+04 4.859300000000000000e+04 5.115100000000000000e+04 4.923200000000000000e+04 5.055604145396500826e+01 7.570000000000000000e+02
8.200000000000000000e+01 1.660000000000000000e+02 -8.100000000000000000e+01 5.046500000000000000e+04 4.939800000000000000e+04 5.136600000000000000e+04 4.883100000000000000e+04 5.055892839503940195e+01 7.570000000000000000e+02
1.060000000000000000e+02 9.400000000000000000e+01 -9.200000000000000000e+01 5.029900000000000000e+04 4.967500000000000000e+04 5.142400000000000000e+04 4.870700000000000000e+04 5.056713578500784934e+01 7.570000000000000000e+02
9.200000000000000000e+01 5.300000000000000000e+01 -1.060000000000000000e+02 4.991700000000000000e+04 5.024300000000000000e+04 5.155100000000000000e+04 4.867700000000000000e+04 5.058262957702390850e+01 7.540000000000000000e+02
3.400000000000000000e+01 3.700000000000000000e+01 -1.040000000000000000e+02 4.926400000000000000e+04 5.035100000000000000e+04 5.190800000000000000e+04 4.888200000000000000e+04 5.058860355603974313e+01 7.540000000000000000e+02
1.400000000000000000e+01 4.000000000000000000e+01 -1.260000000000000000e+02 4.909900000000000000e+04 5.024100000000000000e+04 5.187700000000000000e+04 4.921200000000000000e+04 5.059828179399482906e+01 7.540000000000000000e+02
-1.700000000000000000e+01 1.070000000000000000e+02 -1.250000000000000000e+02 4.884400000000000000e+04 5.032900000000000000e+04 5.189800000000000000e+04 4.938500000000000000e+04 5.060649940499570221e+01 7.540000000000000000e+02
-2.100000000000000000e+01 1.360000000000000000e+02 -1.330000000000000000e+02 4.885000000000000000e+04 4.964500000000000000e+04 5.159600000000000000e+04 5.048600000000000000e+04 5.061718276503961533e+01 7.540000000000000000e+02
-8.800000000000000000e+01 1.670000000000000000e+02 -1.210000000000000000e+02 4.891300000000000000e+04 4.911100000000000000e+04 5.147300000000000000e+04 5.078900000000000000e+04 5.062754996097646654e+01 7.540000000000000000e+02
-6.200000000000000000e+01 1.990000000000000000e+02 -1.430000000000000000e+02 4.882400000000000000e+04 4.950400000000000000e+04 5.148000000000000000e+04 5.032600000000000000e+04 5.063668850599788129e+01 7.550000000000000000e+02
-2.200000000000000000e+01 2.030000000000000000e+02 -1.320000000000000000e+02 4.904700000000000000e+04 4.945700000000000000e+04 5.115600000000000000e+04 5.078900000000000000e+04 5.064689331001136452e+01 7.550000000000000000e+02
0.000000000000000000e+00 2.470000000000000000e+02 -1.340000000000000000e+02 5.002000000000000000e+04 4.996800000000000000e+04 5.010000000000000000e+04 5.046300000000000000e+04 5.065705140994396061e+01 7.550000000000000000e+02
5.700000000000000000e+01 2.290000000000000000e+02 -1.480000000000000000e+02 4.986300000000000000e+04 4.959000000000000000e+04 5.015000000000000000e+04 5.094100000000000000e+04 5.066738826700020581e+01 7.550000000000000000e+02
9.500000000000000000e+01 2.260000000000000000e+02 -1.600000000000000000e+02 4.996300000000000000e+04 5.005000000000000000e+04 4.986300000000000000e+04 5.112300000000000000e+04 5.067799978598486632e+01 7.530000000000000000e+02
8.400000000000000000e+01 2.350000000000000000e+02 -1.660000000000000000e+02 5.036500000000000000e+04 5.068300000000000000e+04 4.907500000000000000e+04 5.084300000000000000e+04 5.068697007303126156e+01 7.530000000000000000e+02
1.170000000000000000e+02 1.650000000000000000e+02 -1.560000000000000000e+02 4.973000000000000000e+04 5.112800000000000000e+04 4.944200000000000000e+04 5.065100000000000000e+04 5.069738334603607655e+01 7.530000000000000000e+02
1.030000000000000000e+02 1.210000000000000000e+02 -1.560000000000000000e+02 4.990800000000000000e+04 5.140300000000000000e+04 4.936600000000000000e+04 4.997500000000000000e+04 5.070886937901377678e+01 7.530000000000000000e+02
1.120000000000000000e+02 6.900000000000000000e+01 -1.540000000000000000e+02 4.953600000000000000e+04 5.140400000000000000e+04 4.974600000000000000e+04 4.996300000000000000e+04 5.071702472097240388e+01 7.530000000000000000e+02
6.100000000000000000e+01 3.300000000000000000e+01 -1.460000000000000000e+02 4.900600000000000000e+04 5.134400000000000000e+04 5.025100000000000000e+04 4.999500000000000000e+04 5.072721355501562357e+01 7.530000000000000000e+02
3.200000000000000000e+01 1.700000000000000000e+01 -1.380000000000000000e+02 4.894700000000000000e+04 5.125300000000000000e+04 5.043400000000000000e+04 4.993000000000000000e+04 5.073705096903722733e+01 7.530000000000000000e+02
-2.000000000000000000e+00 -1.800000000000000000e+01 -1.280000000000000000e+02 4.861800000000000000e+04 5.144900000000000000e+04 5.062000000000000000e+04 4.985300000000000000e+04 5.074933237303048372e+01 7.530000000000000000e+02
-1.800000000000000000e+01 1.300000000000000000e+01 -1.300000000000000000e+02 4.877500000000000000e+04 5.105600000000000000e+04 5.057600000000000000e+04 5.015900000000000000e+04 5.075650424894411117e+01 7.530000000000000000e+02
0.000000000000000000e+00 -2.200000000000000000e+01 -1.230000000000000000e+02 4.878000000000000000e+04 5.135100000000000000e+04 5.078000000000000000e+04 4.993000000000000000e+04 5.076748157397378236e+01 7.530000000000000000e+02
-5.000000000000000000e+00 2.000000000000000000e+01 -1.190000000000000000e+02 4.902500000000000000e+04 5.088300000000000000e+04 5.050500000000000000e+04 5.035600000000000000e+04 5.077694174996577203e+01 7.530000000000000000e+02
2.700000000000000000e+01 1.400000000000000000e+01 -1.230000000000000000e+02 4.904700000000000000e+04 5.107500000000000000e+04 5.051600000000000000e+04 5.005200000000000000e+04 5.078688782895915210e+01 7.530000000000000000e+02
4.600000000000000000e+01 5.900000000000000000e+01 -1.020000000000000000e+02 4.936000000000000000e+04 5.099300000000000000e+04 5.024700000000000000e+04 5.008900000000000000e+04 5.079862156894523650e+01 7.530000000000000000e+02
7.200000000000000000e+01 4.000000000000000000e+01 -7.900000000000000000e+01 4.989300000000000000e+04 5.111900000000000000e+04 4.985900000000000000e+04 4.949900000000000000e+04 5.082061435095965862e+01 7.530000000000000000e+02
7.700000000000000000e+01 1.000000000000000000e+02 -8.400000000000000000e+01 5.014100000000000000e+04 5.113600000000000000e+04 4.992600000000000000e+04 4.910300000000000000e+04 5.083603369398042560e+01 7.530000000000000000e+02
6.000000000000000000e+01 6.000000000000000000e+01 -7.200000000000000000e+01 4.979700000000000000e+04 5.105700000000000000e+04 5.025600000000000000e+04 4.916400000000000000e+04 5.083743545098695904e+01 7.530000000000000000e+02
8.100000000000000000e+01 1.400000000000000000e+02 -6.100000000000000000e+01 5.066500000000000000e+04 5.044200000000000000e+04 4.947200000000000000e+04 4.962000000000000000e+04 5.084087963099591434e+01 7.530000000000000000e+02
5.700000000000000000e+01 3.900000000000000000e+01 -6.000000000000000000e+01 5.007200000000000000e+04 5.081200000000000000e+04 5.028700000000000000e+04 4.893200000000000000e+04 5.085042537201661617e+01 7.530000000000000000e+02
2.800000000000000000e+01 1.320000000000000000e+02 -4.700000000000000000e+01 5.088100000000000000e+04 5.013000000000000000e+04 4.965400000000000000e+04 4.939300000000000000e+04 5.085655165696516633e+01 7.530000000000000000e+02
1.400000000000000000e+01 5.200000000000000000e+01 -3.800000000000000000e+01 5.050200000000000000e+04 5.032900000000000000e+04 5.022500000000000000e+04 4.898100000000000000e+04 5.086741405096836388e+01 7.530000000000000000e+02
-4.200000000000000000e+01 1.010000000000000000e+02 -4.000000000000000000e+01 5.012400000000000000e+04 5.016000000000000000e+04 5.090700000000000000e+04 4.910900000000000000e+04 5.087623744597658515e+01 7.530000000000000000e+02
-7.100000000000000000e+01 3.000000000000000000e+01 -1.700000000000000000e+01 5.014100000000000000e+04 4.965300000000000000e+04 5.104200000000000000e+04 4.945400000000000000e+04 5.088679290004074574e+01 7.530000000000000000e+02
-9.300000000000000000e+01 8.300000000000000000e+01 7.000000000000000000e+00 5.066200000000000000e+04 4.908200000000000000e+04 5.078600000000000000e+04 4.975100000000000000e+04 5.089647388202138245e+01 7.530000000000000000e+02
-1.170000000000000000e+02 3.400000000000000000e+01 3.000000000000000000e+00 5.023300000000000000e+04 4.942300000000000000e+04 5.148800000000000000e+04 4.906800000000000000e+04 5.090715117601212114e+01 7.530000000000000000e+02
-1.180000000000000000e+02 2.900000000000000000e+01 5.000000000000000000e+00 5.021700000000000000e+04 4.920800000000000000e+04 5.160000000000000000e+04 4.879600000000000000e+04 5.091670158295892179e+01 7.530000000000000000e+02
-1.330000000000000000e+02 -3.000000000000000000e+00 1.800000000000000000e+01 5.016100000000000000e+04 4.871600000000000000e+04 5.177200000000000000e+04 4.914900000000000000e+04 5.092627438204362988e+01 7.530000000000000000e+02
-1.210000000000000000e+02 3.600000000000000000e+01 3.400000000000000000e+01 4.998600000000000000e+04 4.840500000000000000e+04 5.178300000000000000e+04 4.912500000000000000e+04 5.093627958802971989e+01 7.540000000000000000e+02
-1.160000000000000000e+02 -2.600000000000000000e+01 3.600000000000000000e+01 5.019600000000000000e+04 4.874100000000000000e+04 5.203400000000000000e+04 4.854700000000000000e+04 5.094727490399964154e+01 7.540000000000000000e+02
-1.070000000000000000e+02 -1.500000000000000000e+01 5.400000000000000000e+01 5.012700000000000000e+04 4.906000000000000000e+04 5.233300000000000000e+04 4.789200000000000000e+04 5.095696429896634072e+01 7.540000000000000000e+02
-8.000000000000000000e+01 -2.400000000000000000e+01 5.600000000000000000e+01 5.044900000000000000e+04 4.907600000000000000e+04 5.231200000000000000e+04 4.753900000000000000e+04 5.096744948893319815e+01 7.540000000000000000e+02
-6.300000000000000000e+01 -8.000000000000000000e+00 5.800000000000000000e+01 5.018600000000000000e+04 4.878400000000000000e+04 5.281200000000000000e+04 4.779700000000000000e+04 5.097748438594862819e+01 7.520000000000000000e+02
-5.000000000000000000e+01 -3.700000000000000000e+01 6.200000000000000000e+01 5.013000000000000000e+04 4.915500000000000000e+04 5.284900000000000000e+04 4.742300000000000000e+04 5.098647641798015684e+01 7.520000000000000000e+02
0.000000000000000000e+00 5.000000000000000000e+01 5.600000000000000000e+01 5.091300000000000000e+04 4.904200000000000000e+04 5.219100000000000000e+04 4.752300000000000000e+04 5.099625221802853048e+01 7.520000000000000000e+02
