-3.200000000000000000e+01 -1.000000000000000000e+01 -4.400000000000000000e+01 5.176200000000000000e+04 5.304000000000000000e+04 5.648100000000000000e+04 5.423700000000000000e+04 4.748193984397221357e+01 7.630000000000000000e+02
-7.500000000000000000e+01 -4.500000000000000000e+01 -2.700000000000000000e+01 5.353700000000000000e+04 5.497200000000000000e+04 5.488000000000000000e+04 5.228900000000000000e+04 4.749209452699869871e+01 7.630000000000000000e+02
-8.100000000000000000e+01 1.600000000000000000e+01 -4.100000000000000000e+01 5.129500000000000000e+04 5.202100000000000000e+04 5.669300000000000000e+04 5.492600000000000000e+04 4.750192840595263988e+01 7.630000000000000000e+02
-7.300000000000000000e+01 1.000000000000000000e+01 -3.800000000000000000e+01 5.253200000000000000e+04 5.307600000000000000e+04 5.576100000000000000e+04 5.423100000000000000e+04 4.751229020790196955e+01 7.630000000000000000e+02
-7.600000000000000000e+01 4.500000000000000000e+01 -3.100000000000000000e+01 5.314500000000000000e+04 5.367200000000000000e+04 5.523700000000000000e+04 5.365500000000000000e+04 4.752200605999678373e+01 7.630000000000000000e+02
-6.500000000000000000e+01 5.100000000000000000e+01 -2.000000000000000000e+01 5.310400000000000000e+04 5.298800000000000000e+04 5.573900000000000000e+04 5.454500000000000000e+04 4.753230325994081795e+01 7.590000000000000000e+02
-4.400000000000000000e+01 5.800000000000000000e+01 -1.100000000000000000e+01 5.338400000000000000e+04 5.318000000000000000e+04 5.554600000000000000e+04 5.434200000000000000e+04 4.754313055600505322e+01 7.590000000000000000e+02
-1.300000000000000000e+01 5.400000000000000000e+01 -1.700000000000000000e+01 5.344400000000000000e+04 5.346600000000000000e+04 5.565900000000000000e+04 5.429400000000000000e+04 4.755159541498869658e+01 7.590000000000000000e+02
-4.000000000000000000e+00 2.400000000000000000e+01 -8.000000000000000000e+00 5.350000000000000000e+04 5.353500000000000000e+04 5.562800000000000000e+04 5.423700000000000000e+04 4.756205145490821451e+01 7.590000000000000000e+02
4.100000000000000000e+01 2.400000000000000000e+01 -1.200000000000000000e+01 5.224200000000000000e+04 4.934500000000000000e+04 5.668600000000000000e+04 5.736600000000000000e+04 4.757331071491353214e+01 7.630000000000000000e+02
3.500000000000000000e+01 4.000000000000000000e+00 -1.500000000000000000e+01 5.388800000000000000e+04 5.691400000000000000e+04 5.477900000000000000e+04 5.023100000000000000e+04 4.758208869898226112e+01 7.630000000000000000e+02
5.100000000000000000e+01 4.000000000000000000e+01 -1.900000000000000000e+01 5.070800000000000000e+04 5.129000000000000000e+04 5.758600000000000000e+04 5.595200000000000000e+04 4.759256253100465983e+01 7.630000000000000000e+02
6.400000000000000000e+01 -7.000000000000000000e+00 -7.000000000000000000e+00 5.277800000000000000e+04 5.359800000000000000e+04 5.593200000000000000e+04 5.394600000000000000e+04 4.760298918292392045e+01 7.630000000000000000e+02
8.900000000000000000e+01 -7.000000000000000000e+00 1.000000000000000000e+00 5.361800000000000000e+04 5.466300000000000000e+04 5.520100000000000000e+04 5.282700000000000000e+04 4.761261372989974916e+01 7.630000000000000000e+02
1.270000000000000000e+02 1.700000000000000000e+01 1.000000000000000000e+00 5.292600000000000000e+04 5.359700000000000000e+04 5.600500000000000000e+04 5.408800000000000000e+04 4.762210683990269899e+01 7.630000000000000000e+02
1.240000000000000000e+02 -1.900000000000000000e+01 -2.000000000000000000e+00 5.450800000000000000e+04 5.536500000000000000e+04 5.475600000000000000e+04 5.243500000000000000e+04 4.763326802093070000e+01 7.600000000000000000e+02
1.480000000000000000e+02 2.200000000000000000e+01 -6.000000000000000000e+00 5.324300000000000000e+04 5.415500000000000000e+04 5.609400000000000000e+04 5.393300000000000000e+04 4.764347803394775838e+01 7.600000000000000000e+02
9.400000000000000000e+01 1.700000000000000000e+01 -1.400000000000000000e+01 5.433600000000000000e+04 5.495600000000000000e+04 5.495000000000000000e+04 5.329100000000000000e+04 4.765330023597925901e+01 7.600000000000000000e+02
7.700000000000000000e+01 6.100000000000000000e+01 -2.800000000000000000e+01 5.304600000000000000e+04 5.379700000000000000e+04 5.611300000000000000e+04 5.456500000000000000e+04 4.766199376690201461e+01 7.600000000000000000e+02
2.500000000000000000e+01 6.600000000000000000e+01 -2.100000000000000000e+01 5.382600000000000000e+04 5.396000000000000000e+04 5.575300000000000000e+04 5.446400000000000000e+04 4.767241770389955491e+01 7.590000000000000000e+02
-1.500000000000000000e+01 8.100000000000000000e+01 -1.200000000000000000e+01 5.310500000000000000e+04 5.328700000000000000e+04 5.629900000000000000e+04 5.521600000000000000e+04 4.768305091699585319e+01 7.590000000000000000e+02
-5.000000000000000000e+00 1.100000000000000000e+02 -2.200000000000000000e+01 5.438500000000000000e+04 5.446500000000000000e+04 5.498200000000000000e+04 5.390500000000000000e+04 4.769192844291683286e+01 7.590000000000000000e+02
-3.400000000000000000e+01 7.300000000000000000e+01 -1.900000000000000000e+01 5.260100000000000000e+04 5.280700000000000000e+04 5.653800000000000000e+04 5.554100000000000000e+04 4.770195165392942727e+01 7.590000000000000000e+02
-4.600000000000000000e+01 1.060000000000000000e+02 -4.100000000000000000e+01 5.383700000000000000e+04 5.392000000000000000e+04 5.539800000000000000e+04 5.460000000000000000e+04 4.771207077894359827e+01 7.590000000000000000e+02
-1.100000000000000000e+01 5.700000000000000000e+01 -3.600000000000000000e+01 5.336600000000000000e+04 5.391300000000000000e+04 5.573700000000000000e+04 5.464700000000000000e+04 4.772320625593420118e+01 7.590000000000000000e+02
-4.000000000000000000e+00 2.400000000000000000e+01 -1.600000000000000000e+01 5.180500000000000000e+04 5.475000000000000000e+04 5.720300000000000000e+04 5.390200000000000000e+04 4.773172955692280084e+01 7.580000000000000000e+02
1.100000000000000000e+01 1.400000000000000000e+01 -2.000000000000000000e+00 5.400400000000000000e+04 5.356200000000000000e+04 5.559600000000000000e+04 5.519400000000000000e+04 4.774491527094505727e+01 7.580000000000000000e+02
3.000000000000000000e+01 1.600000000000000000e+01 -2.100000000000000000e+01 5.335700000000000000e+04 5.459600000000000000e+04 5.613300000000000000e+04 5.418200000000000000e+04 4.775178170495200902e+01 7.580000000000000000e+02
5.400000000000000000e+01 1.300000000000000000e+01 -2.300000000000000000e+01 5.436400000000000000e+04 5.484400000000000000e+04 5.525600000000000000e+04 5.425000000000000000e+04 4.776219192298594862e+01 7.580000000000000000e+02
3.400000000000000000e+01 3.100000000000000000e+01 -2.900000000000000000e+01 5.472200000000000000e+04 5.547400000000000000e+04 5.467100000000000000e+04 5.327400000000000000e+04 4.777260193589609116e+01 7.610000000000000000e+02
5.100000000000000000e+01 3.400000000000000000e+01 -7.000000000000000000e+00 5.158200000000000000e+04 5.433700000000000000e+04 5.724300000000000000e+04 5.423200000000000000e+04 4.778181020799092948e+01 7.610000000000000000e+02
4.700000000000000000e+01 4.800000000000000000e+01 -3.000000000000000000e+01 5.491900000000000000e+04 5.486000000000000000e+04 5.423000000000000000e+04 5.375200000000000000e+04 4.779549033497460186e+01 7.610000000000000000e+02
1.500000000000000000e+01 6.200000000000000000e+01 -4.200000000000000000e+01 5.267900000000000000e+04 5.416200000000000000e+04 5.610500000000000000e+04 5.428600000000000000e+04 4.780205426190514117e+01 7.610000000000000000e+02
2.600000000000000000e+01 2.600000000000000000e+01 -2.100000000000000000e+01 5.396500000000000000e+04 5.366500000000000000e+04 5.487000000000000000e+04 5.484800000000000000e+04 4.781206233496777713e+01 7.610000000000000000e+02
-3.100000000000000000e+01 7.900000000000000000e+01 -4.100000000000000000e+01 5.007300000000000000e+04 5.504900000000000000e+04 5.796200000000000000e+04 5.337100000000000000e+04 4.782176795299164951e+01 7.610000000000000000e+02
-1.500000000000000000e+01 2.900000000000000000e+01 -2.800000000000000000e+01 5.271000000000000000e+04 5.446500000000000000e+04 5.576700000000000000e+04 5.405300000000000000e+04 4.783245060394983739e+01 7.600000000000000000e+02
-1.200000000000000000e+01 8.200000000000000000e+01 -3.700000000000000000e+01 5.484900000000000000e+04 5.129400000000000000e+04 5.394600000000000000e+04 5.694400000000000000e+04 4.784405818500090390e+01 7.600000000000000000e+02
9.000000000000000000e+00 9.800000000000000000e+01 -3.500000000000000000e+01 5.372900000000000000e+04 5.384100000000000000e+04 5.498300000000000000e+04 5.477300000000000000e+04 4.785197469498962164e+01 7.600000000000000000e+02
2.800000000000000000e+01 8.400000000000000000e+01 -3.700000000000000000e+01 5.389600000000000000e+04 5.390600000000000000e+04 5.466000000000000000e+04 5.481400000000000000e+04 4.786201041599269956e+01 7.600000000000000000e+02
4.400000000000000000e+01 8.400000000000000000e+01 -4.100000000000000000e+01 5.379300000000000000e+04 5.442200000000000000e+04 5.464800000000000000e+04 5.416600000000000000e+04 4.787176827993243933e+01 7.590000000000000000e+02
7.900000000000000000e+01 3.000000000000000000e+01 -3.400000000000000000e+01 5.397900000000000000e+04 5.410700000000000000e+04 5.450000000000000000e+04 5.442700000000000000e+04 4.788169358693994582e+01 7.590000000000000000e+02
6.100000000000000000e+01 3.000000000000000000e+01 -3.900000000000000000e+01 5.277100000000000000e+04 5.507400000000000000e+04 5.555200000000000000e+04 5.347900000000000000e+04 4.789149542292580009e+01 7.590000000000000000e+02
5.800000000000000000e+01 -2.000000000000000000e+01 -3.600000000000000000e+01 5.444000000000000000e+04 5.418300000000000000e+04 5.370900000000000000e+04 5.424400000000000000e+04 4.790238471992779523e+01 7.590000000000000000e+02
5.300000000000000000e+01 -3.800000000000000000e+01 -3.700000000000000000e+01 5.203400000000000000e+04 5.565200000000000000e+04 5.605400000000000000e+04 5.291300000000000000e+04 4.791161983995698392e+01 7.590000000000000000e+02
1.100000000000000000e+01 -6.200000000000000000e+01 -3.900000000000000000e+01 5.344700000000000000e+04 5.419600000000000000e+04 5.471200000000000000e+04 5.456600000000000000e+04 4.792175517196301371e+01 7.590000000000000000e+02
2.100000000000000000e+01 -3.000000000000000000e+00 -4.800000000000000000e+01 5.225400000000000000e+04 5.366200000000000000e+04 5.589200000000000000e+04 5.516800000000000000e+04 4.793174417992122471e+01 7.580000000000000000e+02
-2.700000000000000000e+01 -1.200000000000000000e+01 -2.800000000000000000e+01 5.380200000000000000e+04 5.459300000000000000e+04 5.472000000000000000e+04 5.440400000000000000e+04 4.794140575896017253e+01 7.580000000000000000e+02
-1.100000000000000000e+01 2.000000000000000000e+01 -3.500000000000000000e+01 5.336500000000000000e+04 5.458700000000000000e+04 5.512200000000000000e+04 5.446100000000000000e+04 4.795203384291380644e+01 7.580000000000000000e+02
-2.700000000000000000e+01 6.000000000000000000e+00 -3.800000000000000000e+01 5.234800000000000000e+04 5.517400000000000000e+04 5.596100000000000000e+04 5.386600000000000000e+04 4.796175132598727942e+01 7.580000000000000000e+02
-2.100000000000000000e+01 3.300000000000000000e+01 -3.500000000000000000e+01 5.426800000000000000e+04 5.395400000000000000e+04 5.417200000000000000e+04 5.509900000000000000e+04 4.797249522095080465e+01 7.590000000000000000e+02
1.800000000000000000e+01 4.200000000000000000e+01 -4.100000000000000000e+01 5.186900000000000000e+04 5.621700000000000000e+04 5.628400000000000000e+04 5.275700000000000000e+04 4.798167267197277397e+01 7.590000000000000000e+02
5.000000000000000000e+00 4.500000000000000000e+01 -2.400000000000000000e+01 5.333200000000000000e+04 5.486500000000000000e+04 5.507400000000000000e+04 5.421200000000000000e+04 4.799162256589625031e+01 7.590000000000000000e+02
4.200000000000000000e+01 4.300000000000000000e+01 -3.300000000000000000e+01 5.356700000000000000e+04 5.455900000000000000e+04 5.478900000000000000e+04 5.422800000000000000e+04 4.800199660100042820e+01 7.590000000000000000e+02
3.400000000000000000e+01 5.400000000000000000e+01 -2.100000000000000000e+01 5.394200000000000000e+04 5.466800000000000000e+04 5.429500000000000000e+04 5.422700000000000000e+04 4.801194866292644292e+01 7.590000000000000000e+02
8.400000000000000000e+01 2.300000000000000000e+01 -2.900000000000000000e+01 5.386300000000000000e+04 5.398500000000000000e+04 5.437900000000000000e+04 5.487300000000000000e+04 4.802319283096585423e+01 7.590000000000000000e+02
2.600000000000000000e+01 2.700000000000000000e+01 -2.500000000000000000e+01 5.351800000000000000e+04 5.448300000000000000e+04 5.465500000000000000e+04 5.443800000000000000e+04 4.803145378094632179e+01 7.620000000000000000e+02
5.500000000000000000e+01 6.000000000000000000e+00 -3.600000000000000000e+01 5.331700000000000000e+04 5.484900000000000000e+04 5.453800000000000000e+04 5.379800000000000000e+04 4.804209784790873528e+01 7.620000000000000000e+02
9.000000000000000000e+00 -1.800000000000000000e+01 -2.100000000000000000e+01 5.315000000000000000e+04 5.499800000000000000e+04 5.478500000000000000e+04 5.382800000000000000e+04 4.805197515990585089e+01 7.620000000000000000e+02
1.500000000000000000e+01 -1.600000000000000000e+01 -2.700000000000000000e+01 5.311700000000000000e+04 5.473400000000000000e+04 5.479100000000000000e+04 5.408500000000000000e+04 4.806151991896331310e+01 7.620000000000000000e+02
-3.700000000000000000e+01 2.000000000000000000e+00 -3.400000000000000000e+01 5.292800000000000000e+04 5.441400000000000000e+04 5.489600000000000000e+04 5.448400000000000000e+04 4.807283236295916140e+01 7.570000000000000000e+02
-3.800000000000000000e+01 -3.000000000000000000e+01 -1.400000000000000000e+01 5.294200000000000000e+04 5.489800000000000000e+04 5.516100000000000000e+04 5.440100000000000000e+04 4.808168632793240249e+01 7.570000000000000000e+02
-4.400000000000000000e+01 -1.700000000000000000e+01 -3.200000000000000000e+01 5.265600000000000000e+04 5.451100000000000000e+04 5.534700000000000000e+04 5.448700000000000000e+04 4.809216012794058770e+01 7.570000000000000000e+02
-4.000000000000000000e+01 -3.600000000000000000e+01 -2.000000000000000000e+01 5.266900000000000000e+04 5.509300000000000000e+04 5.520000000000000000e+04 5.404700000000000000e+04 4.810146537097170949e+01 7.570000000000000000e+02
1.400000000000000000e+01 -2.600000000000000000e+01 -2.300000000000000000e+01 5.306900000000000000e+04 5.495100000000000000e+04 5.510800000000000000e+04 5.388900000000000000e+04 4.811197692889254540e+01 7.570000000000000000e+02
-9.000000000000000000e+00 4.200000000000000000e+01 -1.900000000000000000e+01 5.380500000000000000e+04 5.439900000000000000e+04 5.421700000000000000e+04 5.463600000000000000e+04 4.812194774195086211e+01 7.570000000000000000e+02
1.000000000000000000e+01 6.300000000000000000e+01 -3.300000000000000000e+01 5.380700000000000000e+04 5.443000000000000000e+04 5.412400000000000000e+04 5.468000000000000000e+04 4.813261821889318526e+01 7.620000000000000000e+02
1.400000000000000000e+01 5.200000000000000000e+01 -1.800000000000000000e+01 5.372900000000000000e+04 5.483100000000000000e+04 5.421200000000000000e+04 5.402600000000000000e+04 4.814203789597377181e+01 7.620000000000000000e+02
3.900000000000000000e+01 4.800000000000000000e+01 -2.200000000000000000e+01 5.381500000000000000e+04 5.467400000000000000e+04 5.413100000000000000e+04 5.418900000000000000e+04 4.815176025195978582e+01 7.620000000000000000e+02
8.000000000000000000e+00 2.300000000000000000e+01 -1.100000000000000000e+01 5.279300000000000000e+04 5.496500000000000000e+04 5.471300000000000000e+04 5.427900000000000000e+04 4.816217245394363999e+01 7.620000000000000000e+02
1.200000000000000000e+01 3.700000000000000000e+01 -1.200000000000000000e+01 5.344700000000000000e+04 5.488000000000000000e+04 5.455200000000000000e+04 5.385300000000000000e+04 4.817178948095533997e+01 7.590000000000000000e+02
9.000000000000000000e+00 3.400000000000000000e+01 -1.900000000000000000e+01 5.325800000000000000e+04 5.509100000000000000e+04 5.447800000000000000e+04 5.389600000000000000e+04 4.818127350090071559e+01 7.590000000000000000e+02
3.700000000000000000e+01 1.900000000000000000e+01 -1.300000000000000000e+01 5.343100000000000000e+04 5.484100000000000000e+04 5.445300000000000000e+04 5.403400000000000000e+04 4.819209366198629141e+01 7.590000000000000000e+02
3.100000000000000000e+01 7.000000000000000000e+00 -3.000000000000000000e+00 5.353500000000000000e+04 5.482100000000000000e+04 5.435700000000000000e+04 5.399500000000000000e+04 4.820492258993908763e+01 7.590000000000000000e+02
7.000000000000000000e+00 7.000000000000000000e+00 -1.600000000000000000e+01 5.358500000000000000e+04 5.483900000000000000e+04 5.428700000000000000e+04 5.403000000000000000e+04 4.821226320799905807e+01 7.590000000000000000e+02
2.700000000000000000e+01 -2.800000000000000000e+01 -7.000000000000000000e+00 5.338400000000000000e+04 5.524700000000000000e+04 5.430400000000000000e+04 5.385100000000000000e+04 4.822202264994848520e+01 7.590000000000000000e+02
-2.400000000000000000e+01 -2.300000000000000000e+01 -2.000000000000000000e+01 5.276500000000000000e+04 5.498100000000000000e+04 5.482300000000000000e+04 5.416500000000000000e+04 4.823451069090515375e+01 7.620000000000000000e+02
-2.700000000000000000e+01 -2.900000000000000000e+01 -4.000000000000000000e+00 5.258100000000000000e+04 5.511700000000000000e+04 5.508300000000000000e+04 5.387800000000000000e+04 4.824153653893154114e+01 7.620000000000000000e+02
-2.500000000000000000e+01 7.000000000000000000e+00 -1.900000000000000000e+01 5.303900000000000000e+04 5.478200000000000000e+04 5.477300000000000000e+04 5.411400000000000000e+04 4.825294450891669840e+01 7.620000000000000000e+02
-1.600000000000000000e+01 1.900000000000000000e+01 -7.000000000000000000e+00 5.290900000000000000e+04 5.489800000000000000e+04 5.469300000000000000e+04 5.419500000000000000e+04 4.826214832998812199e+01 7.620000000000000000e+02
-2.000000000000000000e+00 2.100000000000000000e+01 -1.400000000000000000e+01 5.364300000000000000e+04 5.485400000000000000e+04 5.420900000000000000e+04 5.402200000000000000e+04 4.827176534791942686e+01 7.610000000000000000e+02
-1.000000000000000000e+01 6.200000000000000000e+01 -1.100000000000000000e+01 5.355600000000000000e+04 5.479100000000000000e+04 5.380200000000000000e+04 5.464700000000000000e+04 4.828195641993079334e+01 7.610000000000000000e+02
1.000000000000000000e+00 6.000000000000000000e+01 -1.300000000000000000e+01 5.340200000000000000e+04 5.444500000000000000e+04 5.397600000000000000e+04 5.460200000000000000e+04 4.829151961090974510e+01 7.610000000000000000e+02
-1.500000000000000000e+01 6.100000000000000000e+01 0.000000000000000000e+00 5.333200000000000000e+04 5.462500000000000000e+04 5.402600000000000000e+04 5.441800000000000000e+04 4.830884680291637778e+01 7.610000000000000000e+02
5.000000000000000000e+00 5.300000000000000000e+01 -4.000000000000000000e+00 5.343900000000000000e+04 5.431000000000000000e+04 5.370900000000000000e+04 5.492700000000000000e+04 4.831953144189901650e+01 7.610000000000000000e+02
2.400000000000000000e+01 5.500000000000000000e+01 -2.000000000000000000e+00 5.336800000000000000e+04 5.376600000000000000e+04 5.392400000000000000e+04 5.527800000000000000e+04 4.832592390093486756e+01 7.610000000000000000e+02
2.900000000000000000e+01 -1.000000000000000000e+00 1.500000000000000000e+01 5.355500000000000000e+04 5.409200000000000000e+04 5.410400000000000000e+04 5.464200000000000000e+04 4.833538569894153625e+01 7.630000000000000000e+02
1.080000000000000000e+02 -2.400000000000000000e+01 1.800000000000000000e+01 5.339600000000000000e+04 5.464500000000000000e+04 5.417500000000000000e+04 5.391600000000000000e+04 4.834152350900694728e+01 7.630000000000000000e+02
8.900000000000000000e+01 -5.200000000000000000e+01 1.300000000000000000e+01 5.382900000000000000e+04 5.475600000000000000e+04 5.423100000000000000e+04 5.363900000000000000e+04 4.842412180791143328e+01 7.630000000000000000e+02
1.480000000000000000e+02 -9.500000000000000000e+01 3.000000000000000000e+01 5.381500000000000000e+04 5.551900000000000000e+04 5.428400000000000000e+04 5.266400000000000000e+04 4.842563693597912788e+01 7.630000000000000000e+02
9.600000000000000000e+01 -1.280000000000000000e+02 1.600000000000000000e+01 5.324900000000000000e+04 5.503100000000000000e+04 5.425200000000000000e+04 5.344700000000000000e+04 4.842734955996274948e+01 7.620000000000000000e+02
1.100000000000000000e+02 -1.290000000000000000e+02 1.700000000000000000e+01 5.329400000000000000e+04 5.566200000000000000e+04 5.459400000000000000e+04 5.245200000000000000e+04 4.842949316697195172e+01 7.620000000000000000e+02
8.800000000000000000e+01 -1.420000000000000000e+02 2.400000000000000000e+01 5.328000000000000000e+04 5.531100000000000000e+04 5.442500000000000000e+04 5.263100000000000000e+04 4.843097669992130250e+01 7.620000000000000000e+02
6.100000000000000000e+01 -1.540000000000000000e+02 3.200000000000000000e+01 5.273300000000000000e+04 5.512200000000000000e+04 5.472500000000000000e+04 5.307400000000000000e+04 4.843312748393509537e+01 7.620000000000000000e+02
2.500000000000000000e+01 -1.160000000000000000e+02 3.000000000000000000e+01 5.312800000000000000e+04 5.467100000000000000e+04 5.477700000000000000e+04 5.315000000000000000e+04 4.843661914591211826e+01 7.620000000000000000e+02
3.200000000000000000e+01 -1.090000000000000000e+02 4.600000000000000000e+01 5.331600000000000000e+04 5.453300000000000000e+04 5.486500000000000000e+04 5.302900000000000000e+04 4.843900256394408643e+01 7.620000000000000000e+02
-2.000000000000000000e+00 -4.500000000000000000e+01 5.600000000000000000e+01 5.303400000000000000e+04 5.448900000000000000e+04 5.467300000000000000e+04 5.358200000000000000e+04 4.844113697099965066e+01 7.630000000000000000e+02
7.000000000000000000e+00 -5.900000000000000000e+01 5.200000000000000000e+01 5.328300000000000000e+04 5.426100000000000000e+04 5.455800000000000000e+04 5.367500000000000000e+04 4.844500938197597861e+01 7.630000000000000000e+02
-1.000000000000000000e+01 -5.400000000000000000e+01 5.300000000000000000e+01 5.334700000000000000e+04 5.428500000000000000e+04 5.474000000000000000e+04 5.378000000000000000e+04 4.845256856794003397e+01 7.630000000000000000e+02
-3.500000000000000000e+01 2.900000000000000000e+01 5.600000000000000000e+01 5.356000000000000000e+04 5.438800000000000000e+04 5.463100000000000000e+04 5.360100000000000000e+04 4.846422157494816929e+01 7.630000000000000000e+02
-1.400000000000000000e+01 -2.000000000000000000e+00 6.700000000000000000e+01 5.374800000000000000e+04 5.442900000000000000e+04 5.456500000000000000e+04 5.348000000000000000e+04 4.847087485296651721e+01 7.640000000000000000e+02
-8.000000000000000000e+00 5.300000000000000000e+01 6.300000000000000000e+01 5.383100000000000000e+04 5.448100000000000000e+04 5.420600000000000000e+04 5.318700000000000000e+04 4.848511213890742511e+01 7.640000000000000000e+02
-4.100000000000000000e+01 2.500000000000000000e+01 7.000000000000000000e+01 5.362400000000000000e+04 5.412500000000000000e+04 5.442900000000000000e+04 5.355000000000000000e+04 4.849221832293551415e+01 7.640000000000000000e+02
-2.600000000000000000e+01 7.400000000000000000e+01 6.700000000000000000e+01 5.376100000000000000e+04 5.437700000000000000e+04 5.437200000000000000e+04 5.327900000000000000e+04 4.850107744894921780e+01 7.640000000000000000e+02
-2.200000000000000000e+01 2.000000000000000000e+01 6.800000000000000000e+01 5.384900000000000000e+04 5.402400000000000000e+04 5.436700000000000000e+04 5.359300000000000000e+04 4.851219656399916857e+01 7.640000000000000000e+02
-6.000000000000000000e+00 5.000000000000000000e+01 7.100000000000000000e+01 5.404700000000000000e+04 5.436400000000000000e+04 5.442900000000000000e+04 5.333400000000000000e+04 4.852089459192939103e+01 7.640000000000000000e+02
-1.800000000000000000e+01 -1.000000000000000000e+00 7.100000000000000000e+01 5.396700000000000000e+04 5.415300000000000000e+04 5.453400000000000000e+04 5.355400000000000000e+04 4.853135432896669954e+01 7.650000000000000000e+02
-1.500000000000000000e+01 1.900000000000000000e+01 7.400000000000000000e+01 5.375800000000000000e+04 5.478700000000000000e+04 5.468200000000000000e+04 5.269900000000000000e+04 4.854203055996913463e+01 7.650000000000000000e+02
-7.000000000000000000e+00 -1.300000000000000000e+01 7.500000000000000000e+01 5.379000000000000000e+04 5.432700000000000000e+04 5.495100000000000000e+04 5.326900000000000000e+04 4.855316684290301055e+01 7.650000000000000000e+02
-2.100000000000000000e+01 -1.500000000000000000e+01 8.800000000000000000e+01 5.333400000000000000e+04 5.492900000000000000e+04 5.543400000000000000e+04 5.259200000000000000e+04 4.856223267095629126e+01 7.650000000000000000e+02
-2.600000000000000000e+01 -3.100000000000000000e+01 8.700000000000000000e+01 5.408400000000000000e+04 5.456000000000000000e+04 5.480400000000000000e+04 5.295200000000000000e+04 4.857212884898763150e+01 7.640000000000000000e+02
-2.700000000000000000e+01 4.000000000000000000e+00 9.200000000000000000e+01 5.381600000000000000e+04 5.442300000000000000e+04 5.505200000000000000e+04 5.287100000000000000e+04 4.858168222592212260e+01 7.640000000000000000e+02
-4.400000000000000000e+01 -2.400000000000000000e+01 8.700000000000000000e+01 5.387900000000000000e+04 5.426700000000000000e+04 5.509900000000000000e+04 5.299100000000000000e+04 4.859144132095389068e+01 7.640000000000000000e+02
-4.600000000000000000e+01 1.000000000000000000e+01 1.010000000000000000e+02 5.398100000000000000e+04 5.434100000000000000e+04 5.506700000000000000e+04 5.285900000000000000e+04 4.860140216990839690e+01 7.640000000000000000e+02
-1.800000000000000000e+01 -3.200000000000000000e+01 8.800000000000000000e+01 5.471800000000000000e+04 5.363000000000000000e+04 5.641200000000000000e+04 5.121500000000000000e+04 4.861103102599736303e+01 7.640000000000000000e+02
-6.300000000000000000e+01 -9.000000000000000000e+00 1.010000000000000000e+02 5.462400000000000000e+04 5.360000000000000000e+04 5.613200000000000000e+04 5.172600000000000000e+04 4.862140068795997649e+01 7.640000000000000000e+02
-4.300000000000000000e+01 1.000000000000000000e+00 1.020000000000000000e+02 5.494500000000000000e+04 5.306300000000000000e+04 5.615100000000000000e+04 5.193900000000000000e+04 4.863101079489570111e+01 7.620000000000000000e+02
-9.000000000000000000e+01 -8.000000000000000000e+00 1.070000000000000000e+02 5.486500000000000000e+04 5.309600000000000000e+04 5.647700000000000000e+04 5.218300000000000000e+04 4.864132532291114330e+01 7.620000000000000000e+02
-6.300000000000000000e+01 3.000000000000000000e+00 1.030000000000000000e+02 5.491400000000000000e+04 5.330200000000000000e+04 5.660200000000000000e+04 5.219400000000000000e+04 4.865300990897230804e+01 7.620000000000000000e+02
-8.800000000000000000e+01 6.000000000000000000e+00 1.030000000000000000e+02 5.490900000000000000e+04 5.316200000000000000e+04 5.665200000000000000e+04 5.229500000000000000e+04 4.866255155589897186e+01 7.620000000000000000e+02
-7.500000000000000000e+01 6.000000000000000000e+00 8.600000000000000000e+01 5.455900000000000000e+04 5.337400000000000000e+04 5.703300000000000000e+04 5.204000000000000000e+04 4.867208479996770620e+01 7.630000000000000000e+02
-7.100000000000000000e+01 2.800000000000000000e+01 1.160000000000000000e+02 5.516700000000000000e+04 5.275500000000000000e+04 5.685800000000000000e+04 5.226500000000000000e+04 4.868138779292348772e+01 7.630000000000000000e+02
-1.800000000000000000e+01 3.100000000000000000e+01 9.800000000000000000e+01 5.556100000000000000e+04 5.345300000000000000e+04 5.637600000000000000e+04 5.170100000000000000e+04 4.869112379092257470e+01 7.630000000000000000e+02
-5.600000000000000000e+01 3.100000000000000000e+01 1.100000000000000000e+02 5.538100000000000000e+04 5.294200000000000000e+04 5.655900000000000000e+04 5.188100000000000000e+04 4.870197802293114364e+01 7.630000000000000000e+02
-3.300000000000000000e+01 8.200000000000000000e+01 9.800000000000000000e+01 5.556400000000000000e+04 5.290000000000000000e+04 5.635600000000000000e+04 5.193700000000000000e+04 4.871156371489632875e+01 7.630000000000000000e+02
-1.600000000000000000e+01 5.400000000000000000e+01 7.700000000000000000e+01 5.444000000000000000e+04 5.413900000000000000e+04 5.628300000000000000e+04 5.193400000000000000e+04 4.872144126589410007e+01 7.630000000000000000e+02
-2.800000000000000000e+01 6.000000000000000000e+01 8.800000000000000000e+01 5.464300000000000000e+04 5.450800000000000000e+04 5.550400000000000000e+04 5.271200000000000000e+04 4.873094995890278369e+01 7.650000000000000000e+02
-1.000000000000000000e+01 5.500000000000000000e+01 8.000000000000000000e+01 5.454600000000000000e+04 5.433500000000000000e+04 5.547300000000000000e+04 5.245300000000000000e+04 4.874132146697957069e+01 7.650000000000000000e+02
-2.200000000000000000e+01 4.900000000000000000e+01 6.100000000000000000e+01 5.413800000000000000e+04 5.413300000000000000e+04 5.586500000000000000e+04 5.263800000000000000e+04 4.875730429100804031e+01 7.650000000000000000e+02
-4.200000000000000000e+01 1.900000000000000000e+01 4.000000000000000000e+01 5.396800000000000000e+04 5.463400000000000000e+04 5.565000000000000000e+04 5.249800000000000000e+04 4.876182260294444859e+01 7.650000000000000000e+02
-1.000000000000000000e+01 -5.000000000000000000e+00 6.400000000000000000e+01 5.410300000000000000e+04 5.467000000000000000e+04 5.573700000000000000e+04 5.219400000000000000e+04 4.877306101296562701e+01 7.600000000000000000e+02
-3.700000000000000000e+01 -2.700000000000000000e+01 4.900000000000000000e+01 5.408400000000000000e+04 5.421500000000000000e+04 5.611300000000000000e+04 5.307400000000000000e+04 4.878132674295920879e+01 7.600000000000000000e+02
-5.900000000000000000e+01 -9.000000000000000000e+00 5.100000000000000000e+01 5.382100000000000000e+04 5.428200000000000000e+04 5.632800000000000000e+04 5.263400000000000000e+04 4.879091197089292109e+01 7.600000000000000000e+02
-2.500000000000000000e+01 -2.300000000000000000e+01 5.200000000000000000e+01 5.372100000000000000e+04 5.481500000000000000e+04 5.634300000000000000e+04 5.211900000000000000e+04 4.880121101299300790e+01 7.600000000000000000e+02
-2.800000000000000000e+01 1.400000000000000000e+01 4.300000000000000000e+01 5.399300000000000000e+04 5.453200000000000000e+04 5.603100000000000000e+04 5.251900000000000000e+04 4.881093947496265173e+01 7.600000000000000000e+02
-2.300000000000000000e+01 3.300000000000000000e+01 5.000000000000000000e+01 5.397400000000000000e+04 5.407300000000000000e+04 5.576800000000000000e+04 5.328700000000000000e+04 4.882145573699381202e+01 7.600000000000000000e+02
-4.100000000000000000e+01 2.700000000000000000e+01 3.700000000000000000e+01 5.396400000000000000e+04 5.336700000000000000e+04 5.589300000000000000e+04 5.382700000000000000e+04 4.883108552091289312e+01 7.640000000000000000e+02
-2.500000000000000000e+01 4.300000000000000000e+01 2.900000000000000000e+01 5.427200000000000000e+04 5.351700000000000000e+04 5.575400000000000000e+04 5.335000000000000000e+04 4.884269498300272971e+01 7.640000000000000000e+02
1.300000000000000000e+01 3.400000000000000000e+01 1.300000000000000000e+01 5.426300000000000000e+04 5.425900000000000000e+04 5.578400000000000000e+04 5.250700000000000000e+04 4.885229415399953723e+01 7.640000000000000000e+02
-1.000000000000000000e+00 2.900000000000000000e+01 1.000000000000000000e+01 5.431800000000000000e+04 5.481300000000000000e+04 5.530800000000000000e+04 5.235700000000000000e+04 4.886099021590780467e+01 7.640000000000000000e+02
1.200000000000000000e+01 -1.300000000000000000e+01 3.000000000000000000e+01 5.423100000000000000e+04 5.424400000000000000e+04 5.570500000000000000e+04 5.253200000000000000e+04 4.887113905593287200e+01 7.620000000000000000e+02
4.900000000000000000e+01 -4.000000000000000000e+01 3.100000000000000000e+01 5.427200000000000000e+04 5.464300000000000000e+04 5.544000000000000000e+04 5.204200000000000000e+04 4.888225042296107858e+01 7.620000000000000000e+02
3.100000000000000000e+01 -2.300000000000000000e+01 2.200000000000000000e+01 5.405000000000000000e+04 5.451800000000000000e+04 5.568100000000000000e+04 5.216700000000000000e+04 4.889142261689994484e+01 7.620000000000000000e+02
0.000000000000000000e+00 -3.700000000000000000e+01 3.100000000000000000e+01 5.377500000000000000e+04 5.422400000000000000e+04 5.574400000000000000e+04 5.226500000000000000e+04 4.890112462791148573e+01 7.620000000000000000e+02
-2.600000000000000000e+01 -3.000000000000000000e+01 2.600000000000000000e+01 5.348300000000000000e+04 5.411900000000000000e+04 5.590300000000000000e+04 5.244600000000000000e+04 4.891097162291407585e+01 7.620000000000000000e+02
-5.500000000000000000e+01 -3.100000000000000000e+01 4.000000000000000000e+00 5.323000000000000000e+04 5.436100000000000000e+04 5.602300000000000000e+04 5.229700000000000000e+04 4.892349059192929417e+01 7.620000000000000000e+02
-6.400000000000000000e+01 1.000000000000000000e+00 2.200000000000000000e+01 5.351000000000000000e+04 5.368700000000000000e+04 5.572800000000000000e+04 5.303800000000000000e+04 4.893217089399695396e+01 7.610000000000000000e+02
-8.900000000000000000e+01 -1.700000000000000000e+01 9.000000000000000000e+00 5.321900000000000000e+04 5.374600000000000000e+04 5.621100000000000000e+04 5.301000000000000000e+04 4.894511202489957213e+01 7.610000000000000000e+02
-8.900000000000000000e+01 2.100000000000000000e+01 2.200000000000000000e+01 5.383900000000000000e+04 5.378800000000000000e+04 5.591400000000000000e+04 5.307700000000000000e+04 4.895538138889241964e+01 7.610000000000000000e+02
-7.400000000000000000e+01 2.000000000000000000e+01 2.500000000000000000e+01 5.282000000000000000e+04 5.384700000000000000e+04 5.653500000000000000e+04 5.332800000000000000e+04 4.896483119495678693e+01 7.610000000000000000e+02
-6.400000000000000000e+01 2.400000000000000000e+01 3.900000000000000000e+01 5.387900000000000000e+04 5.381500000000000000e+04 5.626300000000000000e+04 5.264800000000000000e+04 4.897695731499698013e+01 7.640000000000000000e+02
-3.000000000000000000e+00 2.400000000000000000e+01 3.700000000000000000e+01 5.386100000000000000e+04 5.406900000000000000e+04 5.567900000000000000e+04 5.257000000000000000e+04 4.899568794993683696e+01 7.640000000000000000e+02
4.200000000000000000e+01 4.800000000000000000e+01 3.000000000000000000e+01 5.362100000000000000e+04 5.388500000000000000e+04 5.608600000000000000e+04 5.255200000000000000e+04 4.900379776395857334e+01 7.640000000000000000e+02
6.600000000000000000e+01 3.200000000000000000e+01 3.700000000000000000e+01 5.378700000000000000e+04 5.397900000000000000e+04 5.566000000000000000e+04 5.242800000000000000e+04 4.900768199190497398e+01 7.640000000000000000e+02
1.000000000000000000e+02 8.100000000000000000e+01 2.600000000000000000e+01 5.416500000000000000e+04 5.407200000000000000e+04 5.548500000000000000e+04 5.206400000000000000e+04 4.901134220289532095e+01 7.640000000000000000e+02
1.420000000000000000e+02 7.700000000000000000e+01 2.100000000000000000e+01 5.458400000000000000e+04 5.432400000000000000e+04 5.512400000000000000e+04 5.173100000000000000e+04 4.902627285500057042e+01 7.640000000000000000e+02
1.210000000000000000e+02 9.700000000000000000e+01 2.000000000000000000e+01 5.471400000000000000e+04 5.403600000000000000e+04 5.464600000000000000e+04 5.239000000000000000e+04 4.903119007393252105e+01 7.590000000000000000e+02
1.080000000000000000e+02 1.240000000000000000e+02 3.000000000000000000e+01 5.503300000000000000e+04 5.392700000000000000e+04 5.512800000000000000e+04 5.243600000000000000e+04 4.904080835997592658e+01 7.590000000000000000e+02
6.200000000000000000e+01 7.600000000000000000e+01 3.100000000000000000e+01 5.486600000000000000e+04 5.439400000000000000e+04 5.520300000000000000e+04 5.244400000000000000e+04 4.905131833092309535e+01 7.590000000000000000e+02
2.700000000000000000e+01 8.800000000000000000e+01 4.100000000000000000e+01 5.441100000000000000e+04 5.390200000000000000e+04 5.565800000000000000e+04 5.298900000000000000e+04 4.906089313398115337e+01 7.590000000000000000e+02
-1.200000000000000000e+01 -4.000000000000000000e+00 5.000000000000000000e+01 5.413400000000000000e+04 5.349700000000000000e+04 5.627400000000000000e+04 5.339700000000000000e+04 4.907151233800686896e+01 7.610000000000000000e+02
-6.500000000000000000e+01 0.000000000000000000e+00 3.200000000000000000e+01 5.378100000000000000e+04 5.355800000000000000e+04 5.663700000000000000e+04 5.294800000000000000e+04 4.908323790191207081e+01 7.610000000000000000e+02
-7.400000000000000000e+01 -7.000000000000000000e+01 4.900000000000000000e+01 5.363500000000000000e+04 5.388000000000000000e+04 5.671500000000000000e+04 5.273200000000000000e+04 4.909151856391690671e+01 7.610000000000000000e+02
-7.700000000000000000e+01 -8.700000000000000000e+01 5.900000000000000000e+01 5.352100000000000000e+04 5.384700000000000000e+04 5.688900000000000000e+04 5.267000000000000000e+04 4.910422387695871294e+01 7.610000000000000000e+02
-7.700000000000000000e+01 -9.800000000000000000e+01 3.700000000000000000e+01 5.364100000000000000e+04 5.392500000000000000e+04 5.675700000000000000e+04 5.269400000000000000e+04 4.911231061897706240e+01 7.610000000000000000e+02
-6.500000000000000000e+01 -1.030000000000000000e+02 5.500000000000000000e+01 5.378900000000000000e+04 5.419800000000000000e+04 5.683400000000000000e+04 5.216500000000000000e+04 4.912132525793276727e+01 7.610000000000000000e+02
-2.000000000000000000e+00 -7.900000000000000000e+01 4.700000000000000000e+01 5.389300000000000000e+04 5.396000000000000000e+04 5.652100000000000000e+04 5.268000000000000000e+04 4.913569082389585674e+01 7.620000000000000000e+02
-8.000000000000000000e+00 -7.600000000000000000e+01 5.000000000000000000e+01 5.405500000000000000e+04 5.408700000000000000e+04 5.648100000000000000e+04 5.203100000000000000e+04 4.914805525797419250e+01 7.620000000000000000e+02
5.900000000000000000e+01 -1.300000000000000000e+01 5.200000000000000000e+01 5.441300000000000000e+04 5.430000000000000000e+04 5.619000000000000000e+04 5.212200000000000000e+04 4.915336972591467202e+01 7.620000000000000000e+02
5.600000000000000000e+01 3.000000000000000000e+00 5.500000000000000000e+01 5.469100000000000000e+04 5.430800000000000000e+04 5.601200000000000000e+04 5.202500000000000000e+04 4.916302751295734197e+01 7.620000000000000000e+02
6.200000000000000000e+01 6.000000000000000000e+01 5.900000000000000000e+01 5.490800000000000000e+04 5.429900000000000000e+04 5.575900000000000000e+04 5.202500000000000000e+04 4.917379472195170820e+01 7.610000000000000000e+02
6.200000000000000000e+01 9.400000000000000000e+01 4.500000000000000000e+01 5.494500000000000000e+04 5.391000000000000000e+04 5.559200000000000000e+04 5.213800000000000000e+04 4.918198168289382011e+01 7.610000000000000000e+02
4.000000000000000000e+01 1.310000000000000000e+02 5.400000000000000000e+01 5.505200000000000000e+04 5.318300000000000000e+04 5.526800000000000000e+04 5.274300000000000000e+04 4.919176646799314767e+01 7.610000000000000000e+02
3.300000000000000000e+01 1.040000000000000000e+02 3.600000000000000000e+01 5.471700000000000000e+04 5.327100000000000000e+04 5.559900000000000000e+04 5.265400000000000000e+04 4.920194160297978669e+01 7.610000000000000000e+02
1.000000000000000000e+00 8.000000000000000000e+01 1.800000000000000000e+01 5.455200000000000000e+04 5.325300000000000000e+04 5.573500000000000000e+04 5.271800000000000000e+04 4.921097159490454942e+01 7.610000000000000000e+02
-1.400000000000000000e+01 6.800000000000000000e+01 3.800000000000000000e+01 5.427400000000000000e+04 5.366600000000000000e+04 5.605000000000000000e+04 5.219500000000000000e+04 4.922140563500579447e+01 7.610000000000000000e+02
-1.600000000000000000e+01 4.100000000000000000e+01 3.300000000000000000e+01 5.438700000000000000e+04 5.350300000000000000e+04 5.583900000000000000e+04 5.246400000000000000e+04 4.923143412196077406e+01 7.610000000000000000e+02
-3.900000000000000000e+01 8.800000000000000000e+01 4.500000000000000000e+01 5.464800000000000000e+04 5.308100000000000000e+04 5.582700000000000000e+04 5.303800000000000000e+04 4.924099843995645642e+01 7.610000000000000000e+02
-6.600000000000000000e+01 7.100000000000000000e+01 4.000000000000000000e+01 5.429900000000000000e+04 5.297900000000000000e+04 5.621100000000000000e+04 5.297800000000000000e+04 4.925197195494547486e+01 7.610000000000000000e+02
-4.700000000000000000e+01 7.200000000000000000e+01 2.300000000000000000e+01 5.457400000000000000e+04 5.310100000000000000e+04 5.595300000000000000e+04 5.316600000000000000e+04 4.926586317992769182e+01 7.610000000000000000e+02
-2.400000000000000000e+01 2.400000000000000000e+01 1.600000000000000000e+01 5.435100000000000000e+04 5.327500000000000000e+04 5.591800000000000000e+04 5.283000000000000000e+04 4.927155314793344587e+01 3.630000000000000000e+02
-6.000000000000000000e+00 0.000000000000000000e+00 3.300000000000000000e+01 5.439400000000000000e+04 5.338900000000000000e+04 5.598700000000000000e+04 5.249900000000000000e+04 4.928286585793830454e+01 3.630000000000000000e+02
6.300000000000000000e+01 1.100000000000000000e+01 4.400000000000000000e+01 5.456500000000000000e+04 5.330200000000000000e+04 5.592900000000000000e+04 5.233200000000000000e+04 4.930140178289730102e+01 3.630000000000000000e+02
8.800000000000000000e+01 -8.000000000000000000e+00 7.000000000000000000e+01 5.515100000000000000e+04 5.314600000000000000e+04 5.525600000000000000e+04 5.203100000000000000e+04 4.931183195591438562e+01 3.630000000000000000e+02
9.800000000000000000e+01 6.800000000000000000e+01 1.040000000000000000e+02 5.537200000000000000e+04 5.280800000000000000e+04 5.530500000000000000e+04 5.177300000000000000e+04 4.931390580092556775e+01 3.630000000000000000e+02
8.000000000000000000e+01 1.040000000000000000e+02 9.200000000000000000e+01 5.560500000000000000e+04 5.214200000000000000e+04 5.493400000000000000e+04 5.235400000000000000e+04 4.932350839499849826e+01 3.630000000000000000e+02
9.000000000000000000e+00 1.240000000000000000e+02 9.200000000000000000e+01 5.513100000000000000e+04 5.157800000000000000e+04 5.516800000000000000e+04 5.290200000000000000e+04 4.933196053991559893e+01 0.000000000000000000e+00
-5.200000000000000000e+01 1.110000000000000000e+02 8.000000000000000000e+01 5.542700000000000000e+04 5.226200000000000000e+04 5.602700000000000000e+04 5.323400000000000000e+04 4.934109935595188290e+01 0.000000000000000000e+00
-4.900000000000000000e+01 9.600000000000000000e+01 4.900000000000000000e+01 5.560200000000000000e+04 5.252200000000000000e+04 5.550400000000000000e+04 5.317200000000000000e+04 4.935255597194191068e+01 0.000000000000000000e+00
-2.600000000000000000e+01 7.500000000000000000e+01 1.400000000000000000e+01 5.527600000000000000e+04 5.260000000000000000e+04 5.563300000000000000e+04 5.348500000000000000e+04 4.936199298989959061e+01 0.000000000000000000e+00
-1.020000000000000000e+02 1.180000000000000000e+02 -5.000000000000000000e+00 5.518700000000000000e+04 5.124900000000000000e+04 5.569000000000000000e+04 5.482000000000000000e+04 4.937255627196282148e+01 2.000000000000000000e+00
-8.700000000000000000e+01 7.900000000000000000e+01 1.100000000000000000e+01 5.442100000000000000e+04 5.243400000000000000e+04 5.659200000000000000e+04 5.379200000000000000e+04 4.938054498797282577e+01 2.000000000000000000e+00
-3.800000000000000000e+01 4.000000000000000000e+01 1.300000000000000000e+01 5.493500000000000000e+04 5.260100000000000000e+04 5.591900000000000000e+04 5.354000000000000000e+04 4.939194307895377278e+01 2.000000000000000000e+00
-5.800000000000000000e+01 5.900000000000000000e+01 -6.000000000000000000e+00 5.519300000000000000e+04 5.205100000000000000e+04 5.554300000000000000e+04 5.379900000000000000e+04 4.940240975189954042e+01 2.000000000000000000e+00
-1.210000000000000000e+02 1.760000000000000000e+02 6.000000000000000000e+00 5.550900000000000000e+04 5.014700000000000000e+04 5.499000000000000000e+04 5.523000000000000000e+04 4.941081154497805983e+01 2.000000000000000000e+00
-9.700000000000000000e+01 2.040000000000000000e+02 7.000000000000000000e+00 5.552600000000000000e+04 5.029100000000000000e+04 5.472800000000000000e+04 5.491500000000000000e+04 4.942560332792345434e+01 2.000000000000000000e+00
-1.100000000000000000e+01 1.580000000000000000e+02 -2.800000000000000000e+01 5.546200000000000000e+04 5.113700000000000000e+04 5.444200000000000000e+04 5.427700000000000000e+04 4.943297397997230291e+01 5.000000000000000000e+00
6.700000000000000000e+01 1.900000000000000000e+01 -6.500000000000000000e+01 5.498700000000000000e+04 5.296000000000000000e+04 5.429600000000000000e+04 5.275600000000000000e+04 4.944402517192065716e+01 5.000000000000000000e+00
1.710000000000000000e+02 -1.260000000000000000e+02 -3.400000000000000000e+01 5.400100000000000000e+04 5.345200000000000000e+04 5.499400000000000000e+04 5.200100000000000000e+04 4.945096745400223881e+01 5.000000000000000000e+00
1.440000000000000000e+02 -3.540000000000000000e+02 -1.900000000000000000e+01 5.288000000000000000e+04 5.399100000000000000e+04 5.608700000000000000e+04 5.072800000000000000e+04 4.946212912490591407e+01 5.000000000000000000e+00
1.240000000000000000e+02 -4.600000000000000000e+02 -4.000000000000000000e+01 5.190300000000000000e+04 5.520400000000000000e+04 5.670900000000000000e+04 4.856400000000000000e+04 4.947487401496618986e+01 8.000000000000000000e+00
8.100000000000000000e+01 -6.100000000000000000e+02 -3.000000000000000000e+01 5.052600000000000000e+04 5.571900000000000000e+04 5.717900000000000000e+04 4.761000000000000000e+04 4.948395740194246173e+01 8.000000000000000000e+00
1.900000000000000000e+01 -5.920000000000000000e+02 -3.200000000000000000e+01 4.992800000000000000e+04 5.475200000000000000e+04 5.720000000000000000e+04 4.855500000000000000e+04 4.949262728600297123e+01 8.000000000000000000e+00
-8.300000000000000000e+01 -4.170000000000000000e+02 -1.500000000000000000e+01 5.043700000000000000e+04 5.283300000000000000e+04 5.654600000000000000e+04 5.033300000000000000e+04 4.950056355993729085e+01 8.000000000000000000e+00
-1.770000000000000000e+02 -1.650000000000000000e+02 -4.000000000000000000e+00 5.069900000000000000e+04 5.110000000000000000e+04 5.590000000000000000e+04 5.192500000000000000e+04 4.952056554995942861e+01 8.000000000000000000e+00
-2.740000000000000000e+02 1.000000000000000000e+00 1.500000000000000000e+01 5.078000000000000000e+04 4.907400000000000000e+04 5.607000000000000000e+04 5.314400000000000000e+04 4.952682954992633313e+01 8.000000000000000000e+00
-2.890000000000000000e+02 1.960000000000000000e+02 1.000000000000000000e+01 5.131200000000000000e+04 4.821800000000000000e+04 5.488700000000000000e+04 5.391400000000000000e+04 4.953772585897240788e+01 1.400000000000000000e+01
-2.090000000000000000e+02 3.470000000000000000e+02 1.000000000000000000e+00 5.267400000000000000e+04 4.772300000000000000e+04 5.404000000000000000e+04 5.383000000000000000e+04 4.954789159295614809e+01 1.400000000000000000e+01
-3.000000000000000000e+01 4.100000000000000000e+02 2.300000000000000000e+01 5.337100000000000000e+04 4.932900000000000000e+04 5.306400000000000000e+04 5.261100000000000000e+04 4.955554037797264755e+01 1.400000000000000000e+01
1.060000000000000000e+02 4.600000000000000000e+02 4.000000000000000000e+00 5.468200000000000000e+04 4.937000000000000000e+04 5.228900000000000000e+04 5.166100000000000000e+04 4.957625710696447641e+01 1.400000000000000000e+01
1.610000000000000000e+02 4.430000000000000000e+02 7.000000000000000000e+00 5.416400000000000000e+04 4.934200000000000000e+04 5.174800000000000000e+04 5.219700000000000000e+04 4.958387959492392838e+01 2.400000000000000000e+01
2.310000000000000000e+02 3.610000000000000000e+02 8.000000000000000000e+00 5.426000000000000000e+04 4.916300000000000000e+04 5.115000000000000000e+04 5.102300000000000000e+04 4.958788034389726818e+01 2.400000000000000000e+01
2.590000000000000000e+02 2.960000000000000000e+02 0.000000000000000000e+00 5.394400000000000000e+04 4.947200000000000000e+04 5.096500000000000000e+04 5.076100000000000000e+04 4.959122221195138991e+01 2.400000000000000000e+01
2.460000000000000000e+02 1.610000000000000000e+02 -1.300000000000000000e+01 5.350900000000000000e+04 5.005300000000000000e+04 5.103500000000000000e+04 5.011300000000000000e+04 4.960221093893051147e+01 2.400000000000000000e+01
1.920000000000000000e+02 7.400000000000000000e+01 1.000000000000000000e+01 5.269000000000000000e+04 4.974100000000000000e+04 5.211200000000000000e+04 4.968500000000000000e+04 4.961308068793732673e+01 2.400000000000000000e+01
1.470000000000000000e+02 7.100000000000000000e+01 -1.200000000000000000e+01 5.276200000000000000e+04 4.936300000000000000e+04 5.196700000000000000e+04 5.006500000000000000e+04 4.962120614398736507e+01 2.400000000000000000e+01
9.400000000000000000e+01 -3.900000000000000000e+01 -8.000000000000000000e+00 5.181000000000000000e+04 4.989700000000000000e+04 5.243200000000000000e+04 4.953000000000000000e+04 4.963019369600806385e+01 2.700000000000000000e+01
5.000000000000000000e+01 -8.400000000000000000e+01 -2.200000000000000000e+01 5.131800000000000000e+04 5.022700000000000000e+04 5.256600000000000000e+04 4.959400000000000000e+04 4.964046708494424820e+01 2.700000000000000000e+01
-3.300000000000000000e+01 -1.740000000000000000e+02 -3.600000000000000000e+01 5.016900000000000000e+04 4.987900000000000000e+04 5.373700000000000000e+04 4.987600000000000000e+04 4.965033387800212950e+01 2.700000000000000000e+01
-1.010000000000000000e+02 -2.900000000000000000e+02 -3.200000000000000000e+01 4.816300000000000000e+04 5.129000000000000000e+04 5.463000000000000000e+04 4.948600000000000000e+04 4.966116479900665581e+01 2.700000000000000000e+01
-3.300000000000000000e+01 -4.530000000000000000e+02 -1.400000000000000000e+01 4.829700000000000000e+04 5.275100000000000000e+04 5.527100000000000000e+04 4.712600000000000000e+04 4.967202790791634470e+01 3.200000000000000000e+01
1.400000000000000000e+01 -5.130000000000000000e+02 -3.000000000000000000e+00 4.713400000000000000e+04 5.382600000000000000e+04 5.595600000000000000e+04 4.575300000000000000e+04 4.968236388196237385e+01 3.200000000000000000e+01
5.100000000000000000e+01 -4.560000000000000000e+02 -3.000000000000000000e+00 4.879300000000000000e+04 5.292700000000000000e+04 5.537000000000000000e+04 4.627200000000000000e+04 4.969096614199224859e+01 3.200000000000000000e+01
3.800000000000000000e+01 -3.330000000000000000e+02 -1.000000000000000000e+01 5.035300000000000000e+04 5.128600000000000000e+04 5.418300000000000000e+04 4.830400000000000000e+04 4.970150078891310841e+01 3.200000000000000000e+01
4.800000000000000000e+01 -1.510000000000000000e+02 -1.400000000000000000e+01 5.064700000000000000e+04 5.150000000000000000e+04 5.368200000000000000e+04 4.857200000000000000e+04 4.971087961189914495e+01 3.200000000000000000e+01
3.400000000000000000e+01 1.300000000000000000e+01 0.000000000000000000e+00 5.222200000000000000e+04 4.972200000000000000e+04 5.226400000000000000e+04 5.062700000000000000e+04 4.972031099896412343e+01 3.200000000000000000e+01
1.400000000000000000e+01 2.060000000000000000e+02 -3.000000000000000000e+00 5.267500000000000000e+04 4.831900000000000000e+04 5.175800000000000000e+04 5.123700000000000000e+04 4.973017108091153204e+01 3.900000000000000000e+01
8.000000000000000000e+00 3.260000000000000000e+02 4.000000000000000000e+00 5.361600000000000000e+04 4.789600000000000000e+04 5.112900000000000000e+04 5.179400000000000000e+04 4.974127480690367520e+01 3.900000000000000000e+01
3.600000000000000000e+01 4.140000000000000000e+02 2.000000000000000000e+00 5.470200000000000000e+04 4.738700000000000000e+04 5.044600000000000000e+04 5.230500000000000000e+04 4.975193791894707829e+01 3.900000000000000000e+01
4.000000000000000000e+01 3.900000000000000000e+02 0.000000000000000000e+00 5.454200000000000000e+04 4.842400000000000000e+04 5.012500000000000000e+04 5.207700000000000000e+04 4.976308837300166488e+01 3.900000000000000000e+01
5.100000000000000000e+01 2.670000000000000000e+02 4.000000000000000000e+00 5.381700000000000000e+04 4.870000000000000000e+04 5.150900000000000000e+04 5.147500000000000000e+04 4.977153584989719093e+01 3.900000000000000000e+01
-2.100000000000000000e+01 1.420000000000000000e+02 3.000000000000000000e+00 5.261000000000000000e+04 4.896400000000000000e+04 5.247000000000000000e+04 5.189000000000000000e+04 4.978098873991984874e+01 3.900000000000000000e+01
-4.100000000000000000e+01 -2.900000000000000000e+01 1.300000000000000000e+01 5.196400000000000000e+04 4.986800000000000000e+04 5.382400000000000000e+04 5.021600000000000000e+04 4.979132505995221436e+01 3.900000000000000000e+01
-6.200000000000000000e+01 -2.560000000000000000e+02 -1.000000000000000000e+00 5.044000000000000000e+04 5.142000000000000000e+04 5.482000000000000000e+04 4.941200000000000000e+04 4.980245463992469013e+01 3.900000000000000000e+01
-8.700000000000000000e+01 -4.170000000000000000e+02 1.100000000000000000e+01 4.940300000000000000e+04 5.263900000000000000e+04 5.585500000000000000e+04 4.813500000000000000e+04 4.981245300592854619e+01 3.900000000000000000e+01
-6.900000000000000000e+01 -4.820000000000000000e+02 0.000000000000000000e+00 4.951100000000000000e+04 5.299900000000000000e+04 5.595600000000000000e+04 4.786700000000000000e+04 4.984271547291427851e+01 3.900000000000000000e+01
-4.300000000000000000e+01 -4.220000000000000000e+02 1.700000000000000000e+01 4.996900000000000000e+04 5.276200000000000000e+04 5.550000000000000000e+04 4.842700000000000000e+04 4.984430095891002566e+01 4.300000000000000000e+01
1.600000000000000000e+01 -2.640000000000000000e+02 2.400000000000000000e+01 5.191300000000000000e+04 5.150600000000000000e+04 5.466200000000000000e+04 4.960600000000000000e+04 4.984581926593091339e+01 4.300000000000000000e+01
4.900000000000000000e+01 -1.500000000000000000e+02 2.800000000000000000e+01 5.282800000000000000e+04 5.193500000000000000e+04 5.402500000000000000e+04 4.967000000000000000e+04 4.985521070298273116e+01 4.300000000000000000e+01
7.300000000000000000e+01 -2.200000000000000000e+01 2.500000000000000000e+01 5.318400000000000000e+04 5.109600000000000000e+04 5.386500000000000000e+04 5.066400000000000000e+04 4.986312423599883914e+01 4.300000000000000000e+01
5.700000000000000000e+01 9.500000000000000000e+01 4.100000000000000000e+01 5.365400000000000000e+04 5.084300000000000000e+04 5.348600000000000000e+04 5.114600000000000000e+04 4.987017722893506289e+01 4.000000000000000000e+01
4.100000000000000000e+01 1.260000000000000000e+02 5.800000000000000000e+01 5.401000000000000000e+04 5.053000000000000000e+04 5.376500000000000000e+04 5.140300000000000000e+04 4.988136921497061849e+01 4.000000000000000000e+01
6.700000000000000000e+01 2.610000000000000000e+02 5.600000000000000000e+01 5.502400000000000000e+04 5.026700000000000000e+04 5.290900000000000000e+04 5.169600000000000000e+04 4.989038422994781286e+01 4.000000000000000000e+01
9.300000000000000000e+01 2.720000000000000000e+02 5.400000000000000000e+01 5.532200000000000000e+04 5.044200000000000000e+04 5.271000000000000000e+04 5.166600000000000000e+04 4.990032392099965364e+01 4.000000000000000000e+01
9.300000000000000000e+01 3.100000000000000000e+02 4.700000000000000000e+01 5.566000000000000000e+04 5.033000000000000000e+04 5.265100000000000000e+04 5.214800000000000000e+04 4.991086428589187562e+01 4.000000000000000000e+01
1.140000000000000000e+02 2.610000000000000000e+02 4.000000000000000000e+01 5.568200000000000000e+04 5.098600000000000000e+04 5.266300000000000000e+04 5.182100000000000000e+04 4.992053562495857477e+01 4.000000000000000000e+01
1.130000000000000000e+02 2.250000000000000000e+02 2.800000000000000000e+01 5.580200000000000000e+04 5.158200000000000000e+04 5.306300000000000000e+04 5.172500000000000000e+04 4.993314282200299203e+01 3.800000000000000000e+01
2.900000000000000000e+01 1.100000000000000000e+02 2.200000000000000000e+01 5.439100000000000000e+04 5.153400000000000000e+04 5.466400000000000000e+04 5.200000000000000000e+04 4.994129498698748648e+01 3.800000000000000000e+01
-4.600000000000000000e+01 -8.900000000000000000e+01 9.000000000000000000e+00 5.251900000000000000e+04 5.265400000000000000e+04 5.647100000000000000e+04 5.133500000000000000e+04 4.995232016593217850e+01 3.800000000000000000e+01
-6.900000000000000000e+01 -2.360000000000000000e+02 1.500000000000000000e+01 5.280600000000000000e+04 5.348200000000000000e+04 5.655400000000000000e+04 5.067500000000000000e+04 4.996048283693380654e+01 3.800000000000000000e+01
-4.100000000000000000e+01 -2.740000000000000000e+02 -4.000000000000000000e+00 5.286300000000000000e+04 5.390900000000000000e+04 5.650700000000000000e+04 5.037400000000000000e+04 4.997141964989714324e+01 3.400000000000000000e+01
-4.900000000000000000e+01 -3.230000000000000000e+02 8.000000000000000000e+00 5.254500000000000000e+04 5.393800000000000000e+04 5.683600000000000000e+04 5.053900000000000000e+04 4.997981878393329680e+01 3.400000000000000000e+01
-1.800000000000000000e+01 -2.680000000000000000e+02 4.000000000000000000e+00 5.355000000000000000e+04 5.428600000000000000e+04 5.616000000000000000e+04 5.006500000000000000e+04 4.999086917389649898e+01 3.400000000000000000e+01
1.700000000000000000e+01 -1.880000000000000000e+02 1.600000000000000000e+01 5.417100000000000000e+04 5.358600000000000000e+04 5.574300000000000000e+04 5.089300000000000000e+04 4.999976514989975840e+01 3.400000000000000000e+01
-2.200000000000000000e+01 -1.150000000000000000e+02 -1.200000000000000000e+01 5.370700000000000000e+04 5.326000000000000000e+04 5.606100000000000000e+04 5.151600000000000000e+04 5.001055752695538104e+01 3.400000000000000000e+01
-3.400000000000000000e+01 -3.000000000000000000e+01 -1.200000000000000000e+01 5.460600000000000000e+04 5.337600000000000000e+04 5.542500000000000000e+04 5.170700000000000000e+04 5.002006418595556170e+01 3.400000000000000000e+01
6.700000000000000000e+01 1.300000000000000000e+02 -4.400000000000000000e+01 5.567400000000000000e+04 5.312000000000000000e+04 5.420900000000000000e+04 5.250100000000000000e+04 5.003138581290841103e+01 3.100000000000000000e+01
1.310000000000000000e+02 1.650000000000000000e+02 -4.100000000000000000e+01 5.606300000000000000e+04 5.396600000000000000e+04 5.392900000000000000e+04 5.183100000000000000e+04 5.004103963694069535e+01 3.100000000000000000e+01
1.410000000000000000e+02 1.920000000000000000e+02 -5.400000000000000000e+01 5.575500000000000000e+04 5.417900000000000000e+04 5.432900000000000000e+04 5.180900000000000000e+04 5.005025247693993151e+01 3.100000000000000000e+01
1.830000000000000000e+02 1.080000000000000000e+02 -3.700000000000000000e+01 5.578000000000000000e+04 5.449800000000000000e+04 5.427900000000000000e+04 5.147500000000000000e+04 5.006010538793634623e+01 3.100000000000000000e+01
7.500000000000000000e+01 -5.400000000000000000e+01 -3.900000000000000000e+01 5.388300000000000000e+04 5.469300000000000000e+04 5.615900000000000000e+04 5.115300000000000000e+04 5.007217850792221725e+01 2.700000000000000000e+01
-6.100000000000000000e+01 -2.820000000000000000e+02 -9.000000000000000000e+00 5.167400000000000000e+04 5.561300000000000000e+04 5.824400000000000000e+04 4.997200000000000000e+04 5.008016278897412121e+01 2.700000000000000000e+01
-2.020000000000000000e+02 -3.560000000000000000e+02 -4.000000000000000000e+00 5.100100000000000000e+04 5.462100000000000000e+04 5.853800000000000000e+04 5.088700000000000000e+04 5.009267056593671441e+01 2.700000000000000000e+01
-3.110000000000000000e+02 -2.750000000000000000e+02 9.000000000000000000e+00 5.149700000000000000e+04 5.349800000000000000e+04 5.832300000000000000e+04 5.197800000000000000e+04 5.010208430199418217e+01 2.700000000000000000e+01
-3.250000000000000000e+02 -9.500000000000000000e+01 4.800000000000000000e+01 5.267100000000000000e+04 5.220800000000000000e+04 5.763500000000000000e+04 5.297400000000000000e+04 5.011113007797393948e+01 2.700000000000000000e+01
-2.270000000000000000e+02 9.300000000000000000e+01 6.500000000000000000e+01 5.476300000000000000e+04 5.174000000000000000e+04 5.605900000000000000e+04 5.309200000000000000e+04 5.012004251789767295e+01 2.700000000000000000e+01
-1.940000000000000000e+02 2.210000000000000000e+02 7.900000000000000000e+01 5.503600000000000000e+04 5.130300000000000000e+04 5.599700000000000000e+04 5.346200000000000000e+04 5.013112518389243633e+01 2.400000000000000000e+01
-1.910000000000000000e+02 2.380000000000000000e+02 1.060000000000000000e+02 5.424500000000000000e+04 5.067000000000000000e+04 5.697600000000000000e+04 5.362100000000000000e+04 5.013989191094879061e+01 2.400000000000000000e+01
-1.640000000000000000e+02 2.640000000000000000e+02 1.160000000000000000e+02 5.524800000000000000e+04 5.083000000000000000e+04 5.640700000000000000e+04 5.332100000000000000e+04 5.015021182899363339e+01 2.400000000000000000e+01
-1.220000000000000000e+02 3.080000000000000000e+02 1.320000000000000000e+02 5.648000000000000000e+04 4.855700000000000000e+04 5.704900000000000000e+04 5.301400000000000000e+04 5.016073787899222225e+01 2.400000000000000000e+01
-1.520000000000000000e+02 2.610000000000000000e+02 1.140000000000000000e+02 5.658500000000000000e+04 4.732500000000000000e+04 5.707100000000000000e+04 5.351200000000000000e+04 5.017131253192201257e+01 2.600000000000000000e+01
-1.460000000000000000e+02 2.360000000000000000e+02 8.100000000000000000e+01 5.539200000000000000e+04 4.853200000000000000e+04 5.735000000000000000e+04 5.292700000000000000e+04 5.018150405993219465e+01 2.600000000000000000e+01
-9.400000000000000000e+01 1.210000000000000000e+02 9.700000000000000000e+01 5.555900000000000000e+04 4.896500000000000000e+04 5.721900000000000000e+04 5.275500000000000000e+04 5.018993889796547592e+01 2.600000000000000000e+01
-4.300000000000000000e+01 8.100000000000000000e+01 7.900000000000000000e+01 5.592100000000000000e+04 5.024700000000000000e+04 5.687300000000000000e+04 5.142500000000000000e+04 5.020039360295049846e+01 2.600000000000000000e+01
3.300000000000000000e+01 -5.000000000000000000e+00 8.400000000000000000e+01 5.695400000000000000e+04 5.159400000000000000e+04 5.600700000000000000e+04 5.011900000000000000e+04 5.021050168992951512e+01 1.124000000000000000e+03
5.000000000000000000e+01 -1.320000000000000000e+02 7.500000000000000000e+01 5.591600000000000000e+04 5.333300000000000000e+04 5.648000000000000000e+04 4.842100000000000000e+04 5.022017789096571505e+01 1.124000000000000000e+03
-1.900000000000000000e+01 -2.400000000000000000e+02 3.500000000000000000e+01 5.437700000000000000e+04 5.385900000000000000e+04 5.780800000000000000e+04 4.847800000000000000e+04 5.022994911996647716e+01 1.124000000000000000e+03
-1.040000000000000000e+02 -3.560000000000000000e+02 4.000000000000000000e+01 5.294300000000000000e+04 5.473400000000000000e+04 5.855900000000000000e+04 4.806300000000000000e+04 5.024043842789251357e+01 1.124000000000000000e+03
-1.080000000000000000e+02 -3.490000000000000000e+02 2.300000000000000000e+01 5.406200000000000000e+04 5.520300000000000000e+04 5.818100000000000000e+04 4.691800000000000000e+04 5.027244850690476596e+01 1.124000000000000000e+03
-1.730000000000000000e+02 -3.630000000000000000e+02 3.600000000000000000e+01 5.361600000000000000e+04 5.588500000000000000e+04 5.817500000000000000e+04 4.710700000000000000e+04 5.028651138697750866e+01 7.710000000000000000e+02
-2.240000000000000000e+02 -3.180000000000000000e+02 5.200000000000000000e+01 5.339000000000000000e+04 5.485100000000000000e+04 5.852900000000000000e+04 4.852300000000000000e+04 5.028827054798603058e+01 7.710000000000000000e+02
-2.980000000000000000e+02 -2.620000000000000000e+02 5.300000000000000000e+01 5.337100000000000000e+04 5.393000000000000000e+04 5.906800000000000000e+04 4.950700000000000000e+04 5.029355054500047117e+01 7.710000000000000000e+02
-4.220000000000000000e+02 -1.990000000000000000e+02 9.800000000000000000e+01 5.317800000000000000e+04 5.245600000000000000e+04 5.931600000000000000e+04 5.073700000000000000e+04 5.030610520497430116e+01 7.710000000000000000e+02
-5.470000000000000000e+02 -9.200000000000000000e+01 1.110000000000000000e+02 5.330300000000000000e+04 5.007300000000000000e+04 5.981200000000000000e+04 5.225000000000000000e+04 5.031033177394419909e+01 7.710000000000000000e+02
-5.680000000000000000e+02 -9.000000000000000000e+01 1.290000000000000000e+02 5.298700000000000000e+04 4.982200000000000000e+04 6.047300000000000000e+04 5.180000000000000000e+04 5.031330453895498067e+01 7.690000000000000000e+02
-6.040000000000000000e+02 -1.220000000000000000e+02 1.470000000000000000e+02 5.278800000000000000e+04 4.882900000000000000e+04 6.093200000000000000e+04 5.204500000000000000e+04 5.032051097997464240e+01 7.690000000000000000e+02
-5.280000000000000000e+02 -1.240000000000000000e+02 1.430000000000000000e+02 5.311900000000000000e+04 4.888300000000000000e+04 6.103200000000000000e+04 5.164900000000000000e+04 5.033148870395962149e+01 7.690000000000000000e+02
-3.980000000000000000e+02 -1.530000000000000000e+02 1.290000000000000000e+02 5.397200000000000000e+04 5.000700000000000000e+04 6.082200000000000000e+04 5.076600000000000000e+04 5.034046023897826672e+01 7.690000000000000000e+02
-2.330000000000000000e+02 -1.800000000000000000e+02 1.150000000000000000e+02 5.484300000000000000e+04 5.167500000000000000e+04 6.030100000000000000e+04 4.915900000000000000e+04 5.035032987990416586e+01 7.690000000000000000e+02
-3.600000000000000000e+01 -2.100000000000000000e+02 1.240000000000000000e+02 5.581000000000000000e+04 5.312300000000000000e+04 5.975100000000000000e+04 4.794200000000000000e+04 5.036135440994985402e+01 7.640000000000000000e+02
8.400000000000000000e+01 -1.880000000000000000e+02 1.240000000000000000e+02 5.664600000000000000e+04 5.386100000000000000e+04 5.924100000000000000e+04 4.734400000000000000e+04 5.036998183489777148e+01 7.640000000000000000e+02
1.780000000000000000e+02 -1.460000000000000000e+02 1.030000000000000000e+02 5.713400000000000000e+04 5.390300000000000000e+04 5.891300000000000000e+04 4.718800000000000000e+04 5.037994330597575754e+01 7.640000000000000000e+02
2.040000000000000000e+02 -1.050000000000000000e+02 1.090000000000000000e+02 5.745000000000000000e+04 5.342900000000000000e+04 5.863200000000000000e+04 4.783400000000000000e+04 5.039015738293528557e+01 7.640000000000000000e+02
1.550000000000000000e+02 -5.800000000000000000e+01 1.140000000000000000e+02 5.760800000000000000e+04 5.283100000000000000e+04 5.836400000000000000e+04 4.881300000000000000e+04 5.039999300998169929e+01 7.640000000000000000e+02
1.400000000000000000e+02 -3.000000000000000000e+00 1.040000000000000000e+02 5.777800000000000000e+04 5.204700000000000000e+04 5.819300000000000000e+04 4.978700000000000000e+04 5.041339853394310921e+01 7.620000000000000000e+02
5.800000000000000000e+01 4.400000000000000000e+01 7.400000000000000000e+01 5.727600000000000000e+04 5.143700000000000000e+04 5.845900000000000000e+04 5.082300000000000000e+04 5.041988173592835665e+01 7.620000000000000000e+02
-3.900000000000000000e+01 3.200000000000000000e+01 6.700000000000000000e+01 5.684200000000000000e+04 5.100400000000000000e+04 5.867000000000000000e+04 5.159400000000000000e+04 5.043007097591180354e+01 7.620000000000000000e+02
-4.700000000000000000e+01 5.100000000000000000e+01 6.000000000000000000e+01 5.670600000000000000e+04 5.124700000000000000e+04 5.864400000000000000e+04 5.212800000000000000e+04 5.046817613800521940e+01 7.620000000000000000e+02
-9.000000000000000000e+00 2.800000000000000000e+01 4.300000000000000000e+01 5.661700000000000000e+04 5.105800000000000000e+04 5.875700000000000000e+04 5.233100000000000000e+04 5.047544123290572315e+01 7.620000000000000000e+02
2.900000000000000000e+01 -1.900000000000000000e+01 2.100000000000000000e+01 5.652800000000000000e+04 5.194300000000000000e+04 5.886500000000000000e+04 5.220400000000000000e+04 5.047709699696861207e+01 7.560000000000000000e+02
9.400000000000000000e+01 -6.800000000000000000e+01 2.700000000000000000e+01 5.677100000000000000e+04 5.340900000000000000e+04 5.831900000000000000e+04 5.120600000000000000e+04 5.047976509097497910e+01 7.560000000000000000e+02
1.690000000000000000e+02 -1.050000000000000000e+02 4.000000000000000000e+01 5.673200000000000000e+04 5.385800000000000000e+04 5.826000000000000000e+04 5.076500000000000000e+04 5.048136375390458852e+01 7.560000000000000000e+02
2.030000000000000000e+02 -1.320000000000000000e+02 2.000000000000000000e+00 5.679700000000000000e+04 5.381600000000000000e+04 5.817100000000000000e+04 5.079700000000000000e+04 5.049063482100609690e+01 7.560000000000000000e+02
2.290000000000000000e+02 -1.840000000000000000e+02 -1.000000000000000000e+01 5.656700000000000000e+04 5.464600000000000000e+04 5.804700000000000000e+04 5.025300000000000000e+04 5.050160943495575339e+01 7.560000000000000000e+02
2.460000000000000000e+02 -2.680000000000000000e+02 -1.000000000000000000e+01 5.627800000000000000e+04 5.562200000000000000e+04 5.825100000000000000e+04 4.908300000000000000e+04 5.051104643498547375e+01 7.530000000000000000e+02
3.450000000000000000e+02 -2.460000000000000000e+02 -1.100000000000000000e+01 5.673700000000000000e+04 5.625300000000000000e+04 5.764200000000000000e+04 4.886800000000000000e+04 5.052129953296389431e+01 7.530000000000000000e+02
4.030000000000000000e+02 -1.850000000000000000e+02 -5.100000000000000000e+01 5.759300000000000000e+04 5.629400000000000000e+04 5.674600000000000000e+04 4.892300000000000000e+04 5.053285276098176837e+01 7.530000000000000000e+02
3.790000000000000000e+02 -1.740000000000000000e+02 -7.300000000000000000e+01 5.725800000000000000e+04 5.621100000000000000e+04 5.638900000000000000e+04 5.001700000000000000e+04 5.057179640093818307e+01 7.530000000000000000e+02
3.490000000000000000e+02 -1.580000000000000000e+02 -7.400000000000000000e+01 5.698300000000000000e+04 5.651600000000000000e+04 5.628700000000000000e+04 5.059000000000000000e+04 5.057880453590769321e+01 7.530000000000000000e+02
2.870000000000000000e+02 -1.700000000000000000e+02 -5.700000000000000000e+01 5.657300000000000000e+04 5.637600000000000000e+04 5.685000000000000000e+04 5.111900000000000000e+04 5.058122720592655241e+01 7.490000000000000000e+02
2.260000000000000000e+02 -1.630000000000000000e+02 -6.100000000000000000e+01 5.618800000000000000e+04 5.620000000000000000e+04 5.718200000000000000e+04 5.131000000000000000e+04 5.058575673494488001e+01 7.490000000000000000e+02
1.110000000000000000e+02 -1.910000000000000000e+02 -4.700000000000000000e+01 5.580800000000000000e+04 5.557400000000000000e+04 5.761000000000000000e+04 5.187200000000000000e+04 5.058758108294568956e+01 7.490000000000000000e+02
-6.000000000000000000e+00 -1.280000000000000000e+02 -5.300000000000000000e+01 5.526300000000000000e+04 5.436100000000000000e+04 5.816300000000000000e+04 5.300800000000000000e+04 5.059249343397095799e+01 7.490000000000000000e+02
-4.800000000000000000e+01 -1.200000000000000000e+02 -6.200000000000000000e+01 5.479000000000000000e+04 5.405300000000000000e+04 5.853600000000000000e+04 5.327300000000000000e+04 5.060042136791162193e+01 7.490000000000000000e+02
-2.300000000000000000e+01 -1.280000000000000000e+02 -5.600000000000000000e+01 5.513300000000000000e+04 5.408700000000000000e+04 5.801500000000000000e+04 5.306300000000000000e+04 5.061083821789361537e+01 7.470000000000000000e+02
8.000000000000000000e+00 -1.310000000000000000e+02 -4.800000000000000000e+01 5.487700000000000000e+04 5.468300000000000000e+04 5.828000000000000000e+04 5.241400000000000000e+04 5.062150406197179109e+01 7.470000000000000000e+02
3.300000000000000000e+01 -1.810000000000000000e+02 -2.500000000000000000e+01 5.527300000000000000e+04 5.493600000000000000e+04 5.835200000000000000e+04 5.191500000000000000e+04 5.063004071498289704e+01 7.470000000000000000e+02
9.400000000000000000e+01 -1.950000000000000000e+02 -1.600000000000000000e+01 5.545100000000000000e+04 5.562300000000000000e+04 5.840100000000000000e+04 5.064200000000000000e+04 5.063997720798943192e+01 7.470000000000000000e+02
1.630000000000000000e+02 -2.150000000000000000e+02 -1.800000000000000000e+01 5.565400000000000000e+04 5.571200000000000000e+04 5.831700000000000000e+04 5.026200000000000000e+04 5.065055540692992508e+01 7.470000000000000000e+02
1.370000000000000000e+02 -2.310000000000000000e+02 -4.000000000000000000e+00 5.564000000000000000e+04 5.546700000000000000e+04 5.854400000000000000e+04 5.034900000000000000e+04 5.065963488491252065e+01 7.450000000000000000e+02
1.120000000000000000e+02 -1.950000000000000000e+02 -7.000000000000000000e+00 5.542700000000000000e+04 5.521600000000000000e+04 5.853700000000000000e+04 5.073600000000000000e+04 5.066981562098953873e+01 7.450000000000000000e+02
8.900000000000000000e+01 -1.510000000000000000e+02 -2.000000000000000000e+01 5.529600000000000000e+04 5.493700000000000000e+04 5.858500000000000000e+04 5.106800000000000000e+04 5.068013006495311856e+01 7.450000000000000000e+02
4.800000000000000000e+01 -7.600000000000000000e+01 -2.800000000000000000e+01 5.549600000000000000e+04 5.368900000000000000e+04 5.815100000000000000e+04 5.232600000000000000e+04 5.069024606992024928e+01 7.450000000000000000e+02
-2.100000000000000000e+01 -3.600000000000000000e+01 -2.000000000000000000e+01 5.550300000000000000e+04 5.316400000000000000e+04 5.806700000000000000e+04 5.287700000000000000e+04 5.070272272196598351e+01 7.450000000000000000e+02
-5.500000000000000000e+01 1.100000000000000000e+01 -3.100000000000000000e+01 5.512400000000000000e+04 5.264800000000000000e+04 5.820300000000000000e+04 5.357500000000000000e+04 5.071026785089634359e+01 7.420000000000000000e+02
-7.200000000000000000e+01 3.600000000000000000e+01 -6.400000000000000000e+01 5.502400000000000000e+04 5.255700000000000000e+04 5.817400000000000000e+04 5.422200000000000000e+04 5.072078922390937805e+01 7.420000000000000000e+02
-7.400000000000000000e+01 6.600000000000000000e+01 -7.700000000000000000e+01 5.473600000000000000e+04 5.259400000000000000e+04 5.781500000000000000e+04 5.450000000000000000e+04 5.073079926089849323e+01 7.420000000000000000e+02
-4.300000000000000000e+01 3.600000000000000000e+01 -7.600000000000000000e+01 5.517100000000000000e+04 5.303500000000000000e+04 5.734400000000000000e+04 5.458700000000000000e+04 5.074088644993025810e+01 7.420000000000000000e+02
7.300000000000000000e+01 9.100000000000000000e+01 -7.600000000000000000e+01 5.583600000000000000e+04 5.382000000000000000e+04 5.639100000000000000e+04 5.418600000000000000e+04 5.075616984895896167e+01 7.420000000000000000e+02
1.410000000000000000e+02 1.290000000000000000e+02 -9.900000000000000000e+01 5.643000000000000000e+04 5.440400000000000000e+04 5.607800000000000000e+04 5.449400000000000000e+04 5.075999952899292111e+01 7.380000000000000000e+02
1.360000000000000000e+02 1.620000000000000000e+02 -7.500000000000000000e+01 5.672800000000000000e+04 5.377700000000000000e+04 5.585600000000000000e+04 5.460900000000000000e+04 5.077504495892208070e+01 7.380000000000000000e+02
1.260000000000000000e+02 1.420000000000000000e+02 -6.100000000000000000e+01 5.644600000000000000e+04 5.388900000000000000e+04 5.622400000000000000e+04 5.438100000000000000e+04 5.077977418992668390e+01 7.380000000000000000e+02
1.130000000000000000e+02 1.290000000000000000e+02 -6.800000000000000000e+01 5.659000000000000000e+04 5.309400000000000000e+04 5.670100000000000000e+04 5.484700000000000000e+04 5.079320095898583531e+01 7.380000000000000000e+02
7.900000000000000000e+01 3.300000000000000000e+01 -9.400000000000000000e+01 5.570900000000000000e+04 5.394800000000000000e+04 5.704000000000000000e+04 5.459400000000000000e+04 5.080569519998971373e+01 7.380000000000000000e+02
5.000000000000000000e+01 -8.000000000000000000e+01 -6.300000000000000000e+01 5.497500000000000000e+04 5.504100000000000000e+04 5.755000000000000000e+04 5.319700000000000000e+04 5.084081275889184326e+01 7.450000000000000000e+02
5.000000000000000000e+01 -8.500000000000000000e+01 -6.500000000000000000e+01 5.449100000000000000e+04 5.431800000000000000e+04 5.759300000000000000e+04 5.346500000000000000e+04 5.084490484092384577e+01 7.450000000000000000e+02
4.700000000000000000e+01 -1.080000000000000000e+02 -7.500000000000000000e+01 5.445700000000000000e+04 5.443800000000000000e+04 5.759400000000000000e+04 5.323300000000000000e+04 5.085299973899964243e+01 7.450000000000000000e+02
1.000000000000000000e+01 -1.600000000000000000e+02 -7.300000000000000000e+01 5.431800000000000000e+04 5.418600000000000000e+04 5.756200000000000000e+04 5.356400000000000000e+04 5.085454396798741072e+01 7.450000000000000000e+02
6.200000000000000000e+01 -1.380000000000000000e+02 -8.000000000000000000e+01 5.416400000000000000e+04 5.502900000000000000e+04 5.725500000000000000e+04 5.264900000000000000e+04 5.085609411797486246e+01 7.450000000000000000e+02
1.190000000000000000e+02 -1.080000000000000000e+02 -1.000000000000000000e+02 5.433800000000000000e+04 5.540300000000000000e+04 5.697600000000000000e+04 5.259700000000000000e+04 5.086154010496102273e+01 7.400000000000000000e+02
1.170000000000000000e+02 -9.100000000000000000e+01 -8.500000000000000000e+01 5.492100000000000000e+04 5.529300000000000000e+04 5.622500000000000000e+04 5.281400000000000000e+04 5.087018320790957659e+01 7.400000000000000000e+02
1.150000000000000000e+02 -3.300000000000000000e+01 -1.060000000000000000e+02 5.503000000000000000e+04 5.472300000000000000e+04 5.566600000000000000e+04 5.336200000000000000e+04 5.088052205590065569e+01 7.400000000000000000e+02
8.000000000000000000e+01 2.300000000000000000e+01 -1.090000000000000000e+02 5.520100000000000000e+04 5.342800000000000000e+04 5.682700000000000000e+04 5.293100000000000000e+04 5.088941148889716715e+01 7.400000000000000000e+02
5.200000000000000000e+01 1.100000000000000000e+01 -9.900000000000000000e+01 5.545000000000000000e+04 5.318100000000000000e+04 5.655100000000000000e+04 5.306800000000000000e+04 5.090125225798692554e+01 7.400000000000000000e+02
-3.600000000000000000e+01 3.000000000000000000e+00 -9.600000000000000000e+01 5.458300000000000000e+04 5.290100000000000000e+04 5.715000000000000000e+04 5.345000000000000000e+04 5.090978509094566107e+01 7.410000000000000000e+02
-6.800000000000000000e+01 2.500000000000000000e+01 -1.010000000000000000e+02 5.556500000000000000e+04 5.122400000000000000e+04 5.649300000000000000e+04 5.468200000000000000e+04 5.092205807194113731e+01 7.410000000000000000e+02
-6.100000000000000000e+01 -2.900000000000000000e+01 -8.700000000000000000e+01 5.429100000000000000e+04 5.270500000000000000e+04 5.734000000000000000e+04 5.356700000000000000e+04 5.092933110892772675e+01 7.410000000000000000e+02
-5.900000000000000000e+01 -5.900000000000000000e+01 -1.010000000000000000e+02 5.456500000000000000e+04 5.306100000000000000e+04 5.701000000000000000e+04 5.322500000000000000e+04 5.094009381893556565e+01 7.410000000000000000e+02
-1.300000000000000000e+01 -7.500000000000000000e+01 -1.240000000000000000e+02 5.419000000000000000e+04 5.359900000000000000e+04 5.710200000000000000e+04 5.285700000000000000e+04 5.095259728492237628e+01 7.410000000000000000e+02
3.900000000000000000e+01 -1.150000000000000000e+02 -1.300000000000000000e+02 5.365400000000000000e+04 5.431800000000000000e+04 5.719000000000000000e+04 5.197100000000000000e+04 5.096159393992275000e+01 7.440000000000000000e+02
6.200000000000000000e+01 -1.100000000000000000e+02 -1.550000000000000000e+02 5.340800000000000000e+04 5.508100000000000000e+04 5.706800000000000000e+04 5.136300000000000000e+04 5.097260942100547254e+01 7.440000000000000000e+02
7.800000000000000000e+01 -1.290000000000000000e+02 -1.450000000000000000e+02 5.603800000000000000e+04 5.253300000000000000e+04 5.474800000000000000e+04 5.376000000000000000e+04 5.098324405692983419e+01 7.440000000000000000e+02
1.020000000000000000e+02 -1.100000000000000000e+02 -1.670000000000000000e+02 5.397000000000000000e+04 5.467400000000000000e+04 5.591000000000000000e+04 5.195000000000000000e+04 5.099144006089773029e+01 7.440000000000000000e+02
7.400000000000000000e+01 -8.800000000000000000e+01 -1.750000000000000000e+02 5.325200000000000000e+04 5.487300000000000000e+04 5.629400000000000000e+04 5.186900000000000000e+04 5.100447839091066271e+01 7.440000000000000000e+02
4.200000000000000000e+01 -8.100000000000000000e+01 -1.610000000000000000e+02 5.392100000000000000e+04 5.326600000000000000e+04 5.551400000000000000e+04 5.329100000000000000e+04 5.101152984600048512e+01 7.460000000000000000e+02
0.000000000000000000e+00 -5.100000000000000000e+01 -1.810000000000000000e+02 5.192900000000000000e+04 5.353200000000000000e+04 5.710000000000000000e+04 5.272700000000000000e+04 5.102062766591552645e+01 7.460000000000000000e+02
-4.500000000000000000e+01 -1.200000000000000000e+01 -1.740000000000000000e+02 5.346900000000000000e+04 5.249900000000000000e+04 5.550800000000000000e+04 5.407300000000000000e+04 5.103164871293120086e+01 7.460000000000000000e+02
-1.050000000000000000e+02 -1.800000000000000000e+01 -1.710000000000000000e+02 5.293200000000000000e+04 5.247800000000000000e+04 5.608400000000000000e+04 5.427600000000000000e+04 5.104025607299990952e+01 7.460000000000000000e+02
-1.140000000000000000e+02 1.100000000000000000e+01 -1.690000000000000000e+02 5.231300000000000000e+04 5.304700000000000000e+04 5.633500000000000000e+04 5.363300000000000000e+04 5.105187903891783208e+01 7.460000000000000000e+02
-9.300000000000000000e+01 -2.400000000000000000e+01 -1.620000000000000000e+02 5.210100000000000000e+04 5.347900000000000000e+04 5.632500000000000000e+04 5.329100000000000000e+04 5.106022701296024024e+01 7.490000000000000000e+02
-1.500000000000000000e+01 -1.100000000000000000e+01 -1.650000000000000000e+02 5.278200000000000000e+04 5.400700000000000000e+04 5.549100000000000000e+04 5.271500000000000000e+04 5.107140085089486092e+01 7.490000000000000000e+02
3.000000000000000000e+01 -2.500000000000000000e+01 -1.660000000000000000e+02 5.348300000000000000e+04 5.293700000000000000e+04 5.517800000000000000e+04 5.343900000000000000e+04 5.108021800592541695e+01 7.490000000000000000e+02
1.280000000000000000e+02 -1.800000000000000000e+01 -1.650000000000000000e+02 5.418900000000000000e+04 5.419100000000000000e+04 5.398700000000000000e+04 5.260300000000000000e+04 5.108994444098789245e+01 7.490000000000000000e+02
1.810000000000000000e+02 -2.000000000000000000e+01 -1.590000000000000000e+02 5.305400000000000000e+04 5.521800000000000000e+04 5.484000000000000000e+04 5.127200000000000000e+04 5.110151081893127412e+01 7.490000000000000000e+02
2.080000000000000000e+02 -2.600000000000000000e+01 -1.600000000000000000e+02 5.210300000000000000e+04 5.663100000000000000e+04 5.284300000000000000e+04 5.268700000000000000e+04 5.111031394894234836e+01 7.520000000000000000e+02
2.010000000000000000e+02 -2.000000000000000000e+01 -1.630000000000000000e+02 5.336600000000000000e+04 5.415400000000000000e+04 5.431400000000000000e+04 5.227900000000000000e+04 5.111922325997147709e+01 7.520000000000000000e+02
1.750000000000000000e+02 -2.600000000000000000e+01 -1.460000000000000000e+02 5.273200000000000000e+04 5.635300000000000000e+04 5.204200000000000000e+04 5.321300000000000000e+04 5.112990295898634940e+01 7.520000000000000000e+02
1.260000000000000000e+02 1.400000000000000000e+01 -1.430000000000000000e+02 5.362400000000000000e+04 5.379500000000000000e+04 5.412000000000000000e+04 5.306500000000000000e+04 5.114090928691439331e+01 7.520000000000000000e+02
4.400000000000000000e+01 7.000000000000000000e+00 -1.240000000000000000e+02 5.146000000000000000e+04 5.546900000000000000e+04 5.390600000000000000e+04 5.378100000000000000e+04 5.114972076797857881e+01 7.520000000000000000e+02
1.000000000000000000e+00 5.000000000000000000e+00 -1.170000000000000000e+02 5.261800000000000000e+04 5.375700000000000000e+04 5.516800000000000000e+04 5.304800000000000000e+04 5.115908750495873392e+01 7.530000000000000000e+02
-7.300000000000000000e+01 8.000000000000000000e+00 -1.060000000000000000e+02 5.111600000000000000e+04 5.502200000000000000e+04 5.460200000000000000e+04 5.394200000000000000e+04 5.117103909794241190e+01 7.530000000000000000e+02
-7.700000000000000000e+01 3.900000000000000000e+01 -1.040000000000000000e+02 5.244800000000000000e+04 5.247600000000000000e+04 5.575500000000000000e+04 5.402300000000000000e+04 5.117908272892236710e+01 7.530000000000000000e+02
-6.600000000000000000e+01 1.400000000000000000e+01 -9.000000000000000000e+01 5.333000000000000000e+04 5.295900000000000000e+04 5.450500000000000000e+04 5.376600000000000000e+04 5.118924359593074769e+01 7.530000000000000000e+02
-3.600000000000000000e+01 2.800000000000000000e+01 -8.500000000000000000e+01 5.266800000000000000e+04 5.388100000000000000e+04 5.517500000000000000e+04 5.280400000000000000e+04 5.119925900397356600e+01 7.530000000000000000e+02
-1.000000000000000000e+01 2.100000000000000000e+01 -7.900000000000000000e+01 5.292200000000000000e+04 5.402800000000000000e+04 5.497700000000000000e+04 5.268600000000000000e+04 5.120955916191451252e+01 7.520000000000000000e+02
-1.600000000000000000e+01 3.000000000000000000e+00 -6.000000000000000000e+01 5.309400000000000000e+04 5.429500000000000000e+04 5.509800000000000000e+04 5.272600000000000000e+04 5.121919618896208704e+01 7.520000000000000000e+02
3.200000000000000000e+01 3.000000000000000000e+00 -5.700000000000000000e+01 5.344300000000000000e+04 5.425100000000000000e+04 5.502200000000000000e+04 5.296200000000000000e+04 5.123012845893390477e+01 7.520000000000000000e+02
1.100000000000000000e+01 -3.000000000000000000e+00 -5.000000000000000000e+01 5.232600000000000000e+04 5.498100000000000000e+04 5.631300000000000000e+04 5.223300000000000000e+04 5.124015748489182442e+01 7.520000000000000000e+02
3.500000000000000000e+01 -3.000000000000000000e+00 -4.300000000000000000e+01 5.318600000000000000e+04 5.354100000000000000e+04 5.594100000000000000e+04 5.350800000000000000e+04 5.124903343396726996e+01 7.520000000000000000e+02
9.000000000000000000e+00 -1.600000000000000000e+01 -5.000000000000000000e+01 5.346500000000000000e+04 5.350900000000000000e+04 5.550000000000000000e+04 5.368200000000000000e+04 5.125954610994085670e+01 7.550000000000000000e+02
3.000000000000000000e+00 1.300000000000000000e+01 -3.900000000000000000e+01 5.311200000000000000e+04 5.451900000000000000e+04 5.564900000000000000e+04 5.285000000000000000e+04 5.126908201794140041e+01 7.550000000000000000e+02
6.000000000000000000e+00 -3.400000000000000000e+01 -3.900000000000000000e+01 5.341100000000000000e+04 5.528000000000000000e+04 5.506800000000000000e+04 5.246700000000000000e+04 5.128016529197338969e+01 7.550000000000000000e+02
3.000000000000000000e+00 3.000000000000000000e+00 -2.300000000000000000e+01 5.322200000000000000e+04 5.483100000000000000e+04 5.571100000000000000e+04 5.249600000000000000e+04 5.128981753892730922e+01 7.550000000000000000e+02
4.000000000000000000e+00 -4.000000000000000000e+01 0.000000000000000000e+00 5.324700000000000000e+04 5.372800000000000000e+04 5.582200000000000000e+04 5.359600000000000000e+04 5.129996755695901811e+01 7.550000000000000000e+02
-1.800000000000000000e+01 1.100000000000000000e+01 -1.200000000000000000e+01 5.316900000000000000e+04 5.429100000000000000e+04 5.596300000000000000e+04 5.303700000000000000e+04 5.130913542199414223e+01 7.520000000000000000e+02
-1.000000000000000000e+01 -1.800000000000000000e+01 -3.000000000000000000e+00 5.379800000000000000e+04 5.421900000000000000e+04 5.568000000000000000e+04 5.352400000000000000e+04 5.132091838598717004e+01 7.520000000000000000e+02
0.000000000000000000e+00 4.000000000000000000e+00 -6.000000000000000000e+00 5.425600000000000000e+04 5.411800000000000000e+04 5.531100000000000000e+04 5.362300000000000000e+04 5.132891210692469031e+01 7.520000000000000000e+02
-1.100000000000000000e+01 3.000000000000000000e+00 -2.000000000000000000e+00 5.398000000000000000e+04 5.451300000000000000e+04 5.563100000000000000e+04 5.321200000000000000e+04 5.134183156199287623e+01 7.520000000000000000e+02
-3.000000000000000000e+00 4.000000000000000000e+01 -9.000000000000000000e+00 5.423000000000000000e+04 5.416500000000000000e+04 5.567000000000000000e+04 5.369400000000000000e+04 5.135048118699342012e+01 7.520000000000000000e+02
2.000000000000000000e+00 9.000000000000000000e+00 1.100000000000000000e+01 5.421500000000000000e+04 5.477400000000000000e+04 5.567700000000000000e+04 5.287700000000000000e+04 5.136152454791590571e+01 7.550000000000000000e+02
1.400000000000000000e+01 7.000000000000000000e+00 4.000000000000000000e+00 5.337300000000000000e+04 5.524100000000000000e+04 5.629800000000000000e+04 5.256400000000000000e+04 5.136937935091555119e+01 7.550000000000000000e+02
-1.800000000000000000e+01 2.200000000000000000e+01 8.000000000000000000e+00 5.400100000000000000e+04 5.431200000000000000e+04 5.592700000000000000e+04 5.342100000000000000e+04 5.138150312192738056e+01 7.550000000000000000e+02
1.000000000000000000e+00 1.900000000000000000e+01 1.600000000000000000e+01 5.399400000000000000e+04 5.473200000000000000e+04 5.590300000000000000e+04 5.310900000000000000e+04 5.139025810000021011e+01 7.550000000000000000e+02
-2.800000000000000000e+01 1.800000000000000000e+01 3.000000000000000000e+01 5.338200000000000000e+04 5.358300000000000000e+04 5.651300000000000000e+04 5.385900000000000000e+04 5.140363241697195917e+01 7.550000000000000000e+02
-2.700000000000000000e+01 4.100000000000000000e+01 2.300000000000000000e+01 5.468700000000000000e+04 5.372300000000000000e+04 5.525100000000000000e+04 5.386500000000000000e+04 5.140973910898901522e+01 7.550000000000000000e+02
-2.600000000000000000e+01 5.000000000000000000e+01 6.000000000000000000e+00 5.357700000000000000e+04 5.397000000000000000e+04 5.621400000000000000e+04 5.353100000000000000e+04 5.142107768100686371e+01 7.550000000000000000e+02
-5.300000000000000000e+01 6.300000000000000000e+01 3.400000000000000000e+01 5.446500000000000000e+04 5.402000000000000000e+04 5.561500000000000000e+04 5.364100000000000000e+04 5.142894762195646763e+01 7.550000000000000000e+02
0.000000000000000000e+00 5.100000000000000000e+01 2.300000000000000000e+01 5.407800000000000000e+04 5.446000000000000000e+04 5.605500000000000000e+04 5.306300000000000000e+04 5.144002560991793871e+01 7.550000000000000000e+02
-2.900000000000000000e+01 3.900000000000000000e+01 1.900000000000000000e+01 5.473900000000000000e+04 5.462500000000000000e+04 5.554600000000000000e+04 5.314600000000000000e+04 5.144964766397606581e+01 7.550000000000000000e+02
-7.000000000000000000e+00 7.800000000000000000e+01 1.900000000000000000e+01 5.424800000000000000e+04 5.357400000000000000e+04 5.601700000000000000e+04 5.430000000000000000e+04 5.145985802297946066e+01 7.540000000000000000e+02
-2.700000000000000000e+01 2.500000000000000000e+01 3.800000000000000000e+01 5.381400000000000000e+04 5.420100000000000000e+04 5.635900000000000000e+04 5.338400000000000000e+04 5.146888990199659020e+01 7.540000000000000000e+02
