-1.060000000000000000e+02 -9.600000000000000000e+01 -3.100000000000000000e+01 5.105400000000000000e+04 4.648400000000000000e+04 5.231900000000000000e+04 4.786600000000000000e+04 2.000553337996825576e+01 7.670000000000000000e+02
-7.300000000000000000e+01 -2.800000000000000000e+01 -5.000000000000000000e+01 5.130300000000000000e+04 4.688000000000000000e+04 5.188900000000000000e+04 4.770400000000000000e+04 2.001593264902476221e+01 7.670000000000000000e+02
-5.800000000000000000e+01 2.000000000000000000e+01 -6.500000000000000000e+01 5.137100000000000000e+04 4.625500000000000000e+04 5.165300000000000000e+04 4.800000000000000000e+04 2.002576727396808565e+01 7.710000000000000000e+02
-3.500000000000000000e+01 4.500000000000000000e+01 -5.000000000000000000e+01 5.120900000000000000e+04 4.619000000000000000e+04 5.175100000000000000e+04 4.805700000000000000e+04 2.003610043600201607e+01 7.710000000000000000e+02
1.700000000000000000e+01 5.400000000000000000e+01 -6.400000000000000000e+01 5.157200000000000000e+04 4.630400000000000000e+04 5.124700000000000000e+04 4.807200000000000000e+04 2.004606251895893365e+01 7.710000000000000000e+02
9.800000000000000000e+01 5.500000000000000000e+01 -7.800000000000000000e+01 5.178900000000000000e+04 4.695400000000000000e+04 5.088900000000000000e+04 4.753900000000000000e+04 2.005621048400644213e+01 7.710000000000000000e+02
9.200000000000000000e+01 5.100000000000000000e+01 -7.500000000000000000e+01 5.161300000000000000e+04 4.686900000000000000e+04 5.108200000000000000e+04 4.784000000000000000e+04 2.006588229199405760e+01 7.670000000000000000e+02
1.180000000000000000e+02 5.000000000000000000e+00 -8.700000000000000000e+01 5.120500000000000000e+04 4.747800000000000000e+04 5.142200000000000000e+04 4.724800000000000000e+04 2.007608969800639898e+01 7.670000000000000000e+02
1.390000000000000000e+02 -1.300000000000000000e+01 -9.900000000000000000e+01 5.120300000000000000e+04 4.758000000000000000e+04 5.116800000000000000e+04 4.704000000000000000e+04 2.008580203098244965e+01 7.670000000000000000e+02
1.130000000000000000e+02 -5.100000000000000000e+01 -1.050000000000000000e+02 5.105800000000000000e+04 4.780800000000000000e+04 5.121600000000000000e+04 4.684700000000000000e+04 2.009622727101668715e+01 7.670000000000000000e+02
1.150000000000000000e+02 2.000000000000000000e+00 -1.090000000000000000e+02 5.116200000000000000e+04 4.755900000000000000e+04 5.102800000000000000e+04 4.715400000000000000e+04 2.010588802094571292e+01 7.670000000000000000e+02
7.100000000000000000e+01 -3.300000000000000000e+01 -8.800000000000000000e+01 5.070600000000000000e+04 4.758000000000000000e+04 5.139900000000000000e+04 4.715300000000000000e+04 2.011595509294420481e+01 7.670000000000000000e+02
5.900000000000000000e+01 6.000000000000000000e+00 -9.300000000000000000e+01 5.090000000000000000e+04 4.741900000000000000e+04 5.122800000000000000e+04 4.740500000000000000e+04 2.012613682297524065e+01 7.670000000000000000e+02
1.900000000000000000e+01 1.100000000000000000e+01 -9.000000000000000000e+01 5.048100000000000000e+04 4.744600000000000000e+04 5.157100000000000000e+04 4.741300000000000000e+04 2.013678857695776969e+01 7.670000000000000000e+02
-1.100000000000000000e+01 2.200000000000000000e+01 -8.800000000000000000e+01 5.048700000000000000e+04 4.723900000000000000e+04 5.170300000000000000e+04 4.770600000000000000e+04 2.014608503098133951e+01 7.670000000000000000e+02
-2.900000000000000000e+01 7.100000000000000000e+01 -9.400000000000000000e+01 5.010700000000000000e+04 4.755900000000000000e+04 5.077200000000000000e+04 4.889500000000000000e+04 2.015578975400421768e+01 7.670000000000000000e+02
-4.500000000000000000e+01 7.100000000000000000e+01 -8.400000000000000000e+01 5.055100000000000000e+04 4.664200000000000000e+04 5.164600000000000000e+04 4.825200000000000000e+04 2.016568145796190947e+01 7.670000000000000000e+02
-5.900000000000000000e+01 9.600000000000000000e+01 -7.800000000000000000e+01 4.976300000000000000e+04 4.718500000000000000e+04 5.105600000000000000e+04 4.893500000000000000e+04 2.017600598197896034e+01 7.670000000000000000e+02
-2.000000000000000000e+01 1.140000000000000000e+02 -7.500000000000000000e+01 5.042100000000000000e+04 4.658800000000000000e+04 5.151100000000000000e+04 4.814600000000000000e+04 2.018579174601472914e+01 7.670000000000000000e+02
-3.400000000000000000e+01 8.000000000000000000e+01 -7.300000000000000000e+01 4.992100000000000000e+04 4.724600000000000000e+04 5.089900000000000000e+04 4.881600000000000000e+04 2.019568112294655293e+01 7.670000000000000000e+02
-1.500000000000000000e+01 8.700000000000000000e+01 -6.600000000000000000e+01 5.041600000000000000e+04 4.682900000000000000e+04 5.139300000000000000e+04 4.775000000000000000e+04 2.020568395499140024e+01 7.670000000000000000e+02
2.600000000000000000e+01 7.500000000000000000e+01 -6.300000000000000000e+01 5.020200000000000000e+04 4.759600000000000000e+04 5.074300000000000000e+04 4.829500000000000000e+04 2.021626302495133132e+01 7.670000000000000000e+02
4.800000000000000000e+01 7.500000000000000000e+01 -7.200000000000000000e+01 5.066300000000000000e+04 4.698500000000000000e+04 5.117600000000000000e+04 4.771200000000000000e+04 2.022617571498267353e+01 7.680000000000000000e+02
7.900000000000000000e+01 6.000000000000000000e+01 -7.700000000000000000e+01 5.039500000000000000e+04 4.777200000000000000e+04 5.129000000000000000e+04 4.704900000000000000e+04 2.023555980797391385e+01 7.680000000000000000e+02
7.700000000000000000e+01 6.600000000000000000e+01 -6.900000000000000000e+01 5.053200000000000000e+04 4.741400000000000000e+04 5.127500000000000000e+04 4.758600000000000000e+04 2.024629338597878814e+01 7.680000000000000000e+02
8.400000000000000000e+01 5.400000000000000000e+01 -8.500000000000000000e+01 5.074600000000000000e+04 4.741800000000000000e+04 5.098100000000000000e+04 4.763400000000000000e+04 2.025656843895558268e+01 7.680000000000000000e+02
4.400000000000000000e+01 3.900000000000000000e+01 -8.400000000000000000e+01 5.034800000000000000e+04 4.740500000000000000e+04 5.122000000000000000e+04 4.760500000000000000e+04 2.026612618297804147e+01 7.690000000000000000e+02
2.600000000000000000e+01 2.600000000000000000e+01 -8.800000000000000000e+01 4.976900000000000000e+04 4.710600000000000000e+04 5.155300000000000000e+04 4.779400000000000000e+04 2.027578406501561403e+01 7.690000000000000000e+02
2.000000000000000000e+01 4.400000000000000000e+01 -9.900000000000000000e+01 5.004900000000000000e+04 4.697100000000000000e+04 5.123100000000000000e+04 4.801700000000000000e+04 2.028627184091601521e+01 7.690000000000000000e+02
-1.700000000000000000e+01 9.000000000000000000e+00 -1.020000000000000000e+02 4.950400000000000000e+04 4.710200000000000000e+04 5.147100000000000000e+04 4.783300000000000000e+04 2.029644777392968535e+01 7.690000000000000000e+02
1.500000000000000000e+01 1.200000000000000000e+01 -1.140000000000000000e+02 4.932700000000000000e+04 4.745000000000000000e+04 5.149700000000000000e+04 4.760400000000000000e+04 2.030985866999253631e+01 7.690000000000000000e+02
8.000000000000000000e+00 -1.800000000000000000e+01 -1.080000000000000000e+02 4.922900000000000000e+04 4.740100000000000000e+04 5.149200000000000000e+04 4.772500000000000000e+04 2.031577039393596351e+01 7.690000000000000000e+02
1.300000000000000000e+01 -2.000000000000000000e+01 -1.190000000000000000e+02 4.912000000000000000e+04 4.803800000000000000e+04 5.163800000000000000e+04 4.740300000000000000e+04 2.032563947094604373e+01 7.670000000000000000e+02
8.000000000000000000e+00 -3.400000000000000000e+01 -1.130000000000000000e+02 4.901700000000000000e+04 4.772700000000000000e+04 5.180200000000000000e+04 4.790400000000000000e+04 2.033645023696590215e+01 7.670000000000000000e+02
-8.000000000000000000e+00 0.000000000000000000e+00 -1.140000000000000000e+02 4.946000000000000000e+04 4.749700000000000000e+04 5.141900000000000000e+04 4.809600000000000000e+04 2.034576680895406753e+01 7.670000000000000000e+02
0.000000000000000000e+00 1.100000000000000000e+01 -1.080000000000000000e+02 4.936100000000000000e+04 4.770700000000000000e+04 5.150100000000000000e+04 4.823500000000000000e+04 2.035547399299684912e+01 7.670000000000000000e+02
-2.700000000000000000e+01 3.900000000000000000e+01 -1.200000000000000000e+02 4.925400000000000000e+04 4.769200000000000000e+04 5.161900000000000000e+04 4.834600000000000000e+04 2.036569538991898298e+01 7.660000000000000000e+02
1.000000000000000000e+01 7.900000000000000000e+01 -1.150000000000000000e+02 4.935700000000000000e+04 4.734300000000000000e+04 5.146500000000000000e+04 4.878100000000000000e+04 2.037549503392074257e+01 7.660000000000000000e+02
8.000000000000000000e+00 8.500000000000000000e+01 -1.300000000000000000e+02 4.964700000000000000e+04 4.739800000000000000e+04 5.109500000000000000e+04 4.883300000000000000e+04 2.038562914100475609e+01 7.660000000000000000e+02
3.200000000000000000e+01 1.100000000000000000e+02 -1.440000000000000000e+02 4.987600000000000000e+04 4.759800000000000000e+04 5.074600000000000000e+04 4.877700000000000000e+04 2.039616840099915862e+01 7.660000000000000000e+02
6.600000000000000000e+01 1.340000000000000000e+02 -1.420000000000000000e+02 5.018300000000000000e+04 4.737400000000000000e+04 5.033700000000000000e+04 4.909400000000000000e+04 2.040596527291927487e+01 7.660000000000000000e+02
7.900000000000000000e+01 1.440000000000000000e+02 -1.580000000000000000e+02 5.013000000000000000e+04 4.796300000000000000e+04 5.027000000000000000e+04 4.863900000000000000e+04 2.041682890197262168e+01 7.660000000000000000e+02
1.100000000000000000e+02 1.480000000000000000e+02 -1.540000000000000000e+02 4.968900000000000000e+04 4.776800000000000000e+04 5.029800000000000000e+04 4.857900000000000000e+04 2.042542646091897041e+01 7.710000000000000000e+02
9.200000000000000000e+01 1.100000000000000000e+02 -1.490000000000000000e+02 4.940400000000000000e+04 4.756900000000000000e+04 5.037800000000000000e+04 4.887300000000000000e+04 2.043560514494311064e+01 7.710000000000000000e+02
8.300000000000000000e+01 8.800000000000000000e+01 -1.460000000000000000e+02 4.955000000000000000e+04 4.811300000000000000e+04 5.030900000000000000e+04 4.853300000000000000e+04 2.044622993795201182e+01 7.710000000000000000e+02
6.800000000000000000e+01 5.700000000000000000e+01 -1.400000000000000000e+02 4.943700000000000000e+04 4.773500000000000000e+04 5.029100000000000000e+04 4.900200000000000000e+04 2.045858964894432575e+01 7.710000000000000000e+02
3.700000000000000000e+01 6.000000000000000000e+01 -1.640000000000000000e+02 4.873000000000000000e+04 4.778300000000000000e+04 5.038100000000000000e+04 4.848700000000000000e+04 2.046580428793095052e+01 7.740000000000000000e+02
3.700000000000000000e+01 4.300000000000000000e+01 -1.550000000000000000e+02 4.844600000000000000e+04 4.711900000000000000e+04 5.052200000000000000e+04 4.920400000000000000e+04 2.047643671894911677e+01 7.740000000000000000e+02
4.400000000000000000e+01 8.000000000000000000e+00 -1.640000000000000000e+02 4.823400000000000000e+04 4.760600000000000000e+04 5.045900000000000000e+04 4.870900000000000000e+04 2.048849550797604024e+01 7.740000000000000000e+02
4.800000000000000000e+01 2.000000000000000000e+00 -1.490000000000000000e+02 4.837000000000000000e+04 4.781400000000000000e+04 5.030500000000000000e+04 4.852100000000000000e+04 2.049655325396452099e+01 7.740000000000000000e+02
8.200000000000000000e+01 1.200000000000000000e+01 -1.410000000000000000e+02 4.856200000000000000e+04 4.775800000000000000e+04 5.009300000000000000e+04 4.853400000000000000e+04 2.050571178295649588e+01 7.740000000000000000e+02
1.060000000000000000e+02 3.100000000000000000e+01 -1.480000000000000000e+02 4.768800000000000000e+04 4.913600000000000000e+04 4.855500000000000000e+04 4.958600000000000000e+04 2.051586055301595479e+01 7.740000000000000000e+02
1.190000000000000000e+02 6.200000000000000000e+01 -1.300000000000000000e+02 4.874900000000000000e+04 4.759900000000000000e+04 4.973400000000000000e+04 4.862800000000000000e+04 2.052616816898807883e+01 7.740000000000000000e+02
1.260000000000000000e+02 6.600000000000000000e+01 -1.380000000000000000e+02 4.814900000000000000e+04 4.866400000000000000e+04 4.802300000000000000e+04 4.985200000000000000e+04 2.053706691099796444e+01 7.740000000000000000e+02
1.220000000000000000e+02 9.500000000000000000e+01 -1.220000000000000000e+02 4.923900000000000000e+04 4.756100000000000000e+04 4.929700000000000000e+04 4.890000000000000000e+04 2.054610131192021072e+01 7.740000000000000000e+02
1.130000000000000000e+02 8.300000000000000000e+01 -1.370000000000000000e+02 4.817800000000000000e+04 4.857500000000000000e+04 4.827800000000000000e+04 4.998600000000000000e+04 2.055600108392536640e+01 7.740000000000000000e+02
8.000000000000000000e+01 5.700000000000000000e+01 -1.140000000000000000e+02 4.858200000000000000e+04 4.763400000000000000e+04 4.977700000000000000e+04 4.873600000000000000e+04 2.056659724691417068e+01 7.760000000000000000e+02
6.700000000000000000e+01 6.200000000000000000e+01 -1.210000000000000000e+02 4.787400000000000000e+04 4.831800000000000000e+04 4.832800000000000000e+04 4.993100000000000000e+04 2.057641365402378142e+01 7.760000000000000000e+02
2.600000000000000000e+01 3.300000000000000000e+01 -1.190000000000000000e+02 4.778600000000000000e+04 4.816000000000000000e+04 4.842700000000000000e+04 5.011200000000000000e+04 2.058684616198297590e+01 7.760000000000000000e+02
3.500000000000000000e+01 2.500000000000000000e+01 -1.340000000000000000e+02 4.733600000000000000e+04 4.837300000000000000e+04 4.854500000000000000e+04 5.000900000000000000e+04 2.059639729699119925e+01 7.760000000000000000e+02
1.000000000000000000e+01 -2.800000000000000000e+01 -1.310000000000000000e+02 4.705900000000000000e+04 4.853700000000000000e+04 4.861700000000000000e+04 5.003700000000000000e+04 2.060669365397188812e+01 7.760000000000000000e+02
1.500000000000000000e+01 -1.300000000000000000e+01 -1.250000000000000000e+02 4.679400000000000000e+04 4.892600000000000000e+04 4.878600000000000000e+04 4.981500000000000000e+04 2.061547609895933419e+01 7.760000000000000000e+02
1.500000000000000000e+01 -4.800000000000000000e+01 -1.400000000000000000e+02 4.690000000000000000e+04 4.904700000000000000e+04 4.862300000000000000e+04 5.000500000000000000e+04 2.062587796000298113e+01 7.750000000000000000e+02
4.000000000000000000e+01 -2.600000000000000000e+01 -1.460000000000000000e+02 4.721500000000000000e+04 4.934500000000000000e+04 4.809700000000000000e+04 4.998400000000000000e+04 2.063680277601815760e+01 7.750000000000000000e+02
1.500000000000000000e+01 -4.500000000000000000e+01 -1.370000000000000000e+02 4.658700000000000000e+04 4.943800000000000000e+04 4.878200000000000000e+04 5.014100000000000000e+04 2.064557740301825106e+01 7.750000000000000000e+02
3.700000000000000000e+01 -1.400000000000000000e+01 -1.340000000000000000e+02 4.853500000000000000e+04 4.818000000000000000e+04 4.924600000000000000e+04 4.924100000000000000e+04 2.065584021399263293e+01 7.750000000000000000e+02
7.000000000000000000e+00 -1.200000000000000000e+01 -1.280000000000000000e+02 4.716600000000000000e+04 4.935200000000000000e+04 4.856000000000000000e+04 5.041900000000000000e+04 2.066643648699391633e+01 7.740000000000000000e+02
1.400000000000000000e+01 1.100000000000000000e+01 -1.270000000000000000e+02 4.848300000000000000e+04 4.810500000000000000e+04 4.944800000000000000e+04 4.965100000000000000e+04 2.067591054202057421e+01 7.740000000000000000e+02
-4.200000000000000000e+01 -3.000000000000000000e+00 -1.180000000000000000e+02 4.859900000000000000e+04 4.797300000000000000e+04 4.946700000000000000e+04 4.978900000000000000e+04 2.068553363892715424e+01 7.740000000000000000e+02
-5.500000000000000000e+01 4.000000000000000000e+00 -1.050000000000000000e+02 4.818300000000000000e+04 4.767500000000000000e+04 4.989400000000000000e+04 5.010700000000000000e+04 2.069545597699470818e+01 7.740000000000000000e+02
-1.070000000000000000e+02 -2.700000000000000000e+01 -9.100000000000000000e+01 4.698900000000000000e+04 4.725100000000000000e+04 5.093600000000000000e+04 5.053000000000000000e+04 2.070544085197616369e+01 7.740000000000000000e+02
-1.030000000000000000e+02 1.200000000000000000e+01 -9.100000000000000000e+01 4.807800000000000000e+04 4.722800000000000000e+04 5.010900000000000000e+04 5.060500000000000000e+04 2.071551072294823825e+01 7.740000000000000000e+02
-1.010000000000000000e+02 4.000000000000000000e+00 -9.600000000000000000e+01 4.792500000000000000e+04 4.834800000000000000e+04 5.035700000000000000e+04 4.964400000000000000e+04 2.072716662299353629e+01 7.760000000000000000e+02
-6.800000000000000000e+01 8.000000000000000000e+00 -7.500000000000000000e+01 4.811300000000000000e+04 4.778000000000000000e+04 5.024000000000000000e+04 5.020700000000000000e+04 2.073625621502287686e+01 7.760000000000000000e+02
-4.900000000000000000e+01 3.000000000000000000e+00 -7.900000000000000000e+01 4.773400000000000000e+04 4.762000000000000000e+04 5.066400000000000000e+04 5.038600000000000000e+04 2.074577279598452151e+01 7.760000000000000000e+02
-1.000000000000000000e+00 -6.000000000000000000e+00 -6.900000000000000000e+01 4.843600000000000000e+04 4.915500000000000000e+04 5.013200000000000000e+04 4.899000000000000000e+04 2.075608627602923661e+01 7.760000000000000000e+02
5.300000000000000000e+01 -5.100000000000000000e+01 -5.500000000000000000e+01 4.827800000000000000e+04 4.937200000000000000e+04 4.968800000000000000e+04 5.006600000000000000e+04 2.076621525699738413e+01 7.720000000000000000e+02
6.800000000000000000e+01 -4.600000000000000000e+01 -6.100000000000000000e+01 4.870900000000000000e+04 4.866700000000000000e+04 5.023100000000000000e+04 4.976700000000000000e+04 2.077627852396108210e+01 7.720000000000000000e+02
9.200000000000000000e+01 -5.100000000000000000e+01 -5.600000000000000000e+01 4.829300000000000000e+04 4.907700000000000000e+04 5.053000000000000000e+04 4.956200000000000000e+04 2.078538624395150691e+01 7.720000000000000000e+02
1.020000000000000000e+02 -4.300000000000000000e+01 -5.300000000000000000e+01 4.733400000000000000e+04 4.789400000000000000e+04 5.135800000000000000e+04 5.070000000000000000e+04 2.079539940902031958e+01 7.720000000000000000e+02
6.200000000000000000e+01 -4.700000000000000000e+01 -5.700000000000000000e+01 4.941800000000000000e+04 4.818100000000000000e+04 4.955700000000000000e+04 5.048200000000000000e+04 2.080582461995072663e+01 7.720000000000000000e+02
9.900000000000000000e+01 -4.500000000000000000e+01 -4.300000000000000000e+01 4.867800000000000000e+04 4.885000000000000000e+04 5.027700000000000000e+04 4.994000000000000000e+04 2.081584152299910784e+01 7.720000000000000000e+02
9.800000000000000000e+01 -2.300000000000000000e+01 -5.100000000000000000e+01 4.898700000000000000e+04 4.894800000000000000e+04 5.012900000000000000e+04 4.994700000000000000e+04 2.082570223894435912e+01 7.710000000000000000e+02
9.000000000000000000e+01 9.000000000000000000e+00 -5.000000000000000000e+01 4.777800000000000000e+04 4.869300000000000000e+04 5.119700000000000000e+04 5.023800000000000000e+04 2.083579065697267652e+01 7.710000000000000000e+02
6.600000000000000000e+01 -1.200000000000000000e+01 -4.000000000000000000e+01 4.885100000000000000e+04 4.887000000000000000e+04 5.040600000000000000e+04 5.024900000000000000e+04 2.084635834395885468e+01 7.710000000000000000e+02
8.000000000000000000e+01 1.300000000000000000e+01 -3.400000000000000000e+01 4.856200000000000000e+04 4.945300000000000000e+04 5.037900000000000000e+04 5.027900000000000000e+04 2.085646754794288427e+01 7.710000000000000000e+02
1.000000000000000000e+02 4.000000000000000000e+00 -3.000000000000000000e+01 4.914000000000000000e+04 4.885100000000000000e+04 5.022300000000000000e+04 5.025600000000000000e+04 2.086507509695366025e+01 7.720000000000000000e+02
7.100000000000000000e+01 4.000000000000000000e+01 -1.000000000000000000e+01 4.959700000000000000e+04 4.834100000000000000e+04 4.969800000000000000e+04 5.051200000000000000e+04 2.087581159896217287e+01 7.720000000000000000e+02
4.500000000000000000e+01 -1.000000000000000000e+01 -8.000000000000000000e+00 4.894700000000000000e+04 4.878400000000000000e+04 5.035400000000000000e+04 5.007900000000000000e+04 2.088482446002308279e+01 7.720000000000000000e+02
1.800000000000000000e+01 1.700000000000000000e+01 -1.100000000000000000e+01 4.876800000000000000e+04 4.834300000000000000e+04 5.037900000000000000e+04 5.036000000000000000e+04 2.089561387302819639e+01 7.720000000000000000e+02
2.500000000000000000e+01 -3.600000000000000000e+01 6.000000000000000000e+00 4.868300000000000000e+04 4.859800000000000000e+04 5.052700000000000000e+04 5.005500000000000000e+04 2.090558534092269838e+01 7.720000000000000000e+02
-1.000000000000000000e+00 -3.700000000000000000e+01 -3.000000000000000000e+00 4.865800000000000000e+04 4.852100000000000000e+04 5.057600000000000000e+04 5.007800000000000000e+04 2.091539810702670366e+01 7.720000000000000000e+02
3.800000000000000000e+01 -5.500000000000000000e+01 1.700000000000000000e+01 4.888800000000000000e+04 4.911700000000000000e+04 5.078900000000000000e+04 4.990600000000000000e+04 2.092527472891379148e+01 7.650000000000000000e+02
3.300000000000000000e+01 -7.000000000000000000e+01 1.000000000000000000e+00 4.911900000000000000e+04 4.927900000000000000e+04 5.076800000000000000e+04 4.986200000000000000e+04 2.093535745202098042e+01 7.650000000000000000e+02
7.400000000000000000e+01 -4.400000000000000000e+01 1.100000000000000000e+01 4.926400000000000000e+04 4.947400000000000000e+04 5.068600000000000000e+04 4.966300000000000000e+04 2.094529681501444429e+01 7.650000000000000000e+02
9.800000000000000000e+01 -7.100000000000000000e+01 1.000000000000000000e+00 4.985600000000000000e+04 4.966400000000000000e+04 5.028100000000000000e+04 4.961900000000000000e+04 2.095540194900240749e+01 7.650000000000000000e+02
1.130000000000000000e+02 -5.100000000000000000e+01 2.400000000000000000e+01 4.966600000000000000e+04 4.974100000000000000e+04 5.077300000000000000e+04 4.978300000000000000e+04 2.096599849697668105e+01 7.630000000000000000e+02
9.500000000000000000e+01 -4.900000000000000000e+01 8.000000000000000000e+00 4.731700000000000000e+04 4.776300000000000000e+04 5.257700000000000000e+04 5.171500000000000000e+04 2.097581302898470312e+01 7.630000000000000000e+02
6.400000000000000000e+01 -1.300000000000000000e+01 1.300000000000000000e+01 4.978600000000000000e+04 4.804600000000000000e+04 5.051600000000000000e+04 5.126700000000000000e+04 2.098588022100739181e+01 7.630000000000000000e+02
6.200000000000000000e+01 -2.000000000000000000e+01 2.200000000000000000e+01 4.984900000000000000e+04 4.963200000000000000e+04 5.061400000000000000e+04 5.004700000000000000e+04 2.099521701596677303e+01 7.630000000000000000e+02
8.200000000000000000e+01 3.100000000000000000e+01 3.000000000000000000e+00 4.994600000000000000e+04 4.905800000000000000e+04 5.041200000000000000e+04 5.045100000000000000e+04 2.100605286192148924e+01 7.630000000000000000e+02
4.500000000000000000e+01 2.800000000000000000e+01 3.300000000000000000e+01 4.937500000000000000e+04 4.892200000000000000e+04 5.100900000000000000e+04 5.047000000000000000e+04 2.101518679992295802e+01 7.630000000000000000e+02
6.300000000000000000e+01 2.500000000000000000e+01 3.600000000000000000e+01 4.989100000000000000e+04 4.897500000000000000e+04 5.051000000000000000e+04 5.032400000000000000e+04 2.102612548694014549e+01 7.650000000000000000e+02
4.600000000000000000e+01 4.100000000000000000e+01 7.000000000000000000e+00 5.023200000000000000e+04 5.103800000000000000e+04 5.014800000000000000e+04 4.821800000000000000e+04 2.103622563893441111e+01 7.650000000000000000e+02
2.200000000000000000e+01 6.200000000000000000e+01 1.300000000000000000e+01 4.995800000000000000e+04 4.801200000000000000e+04 5.031500000000000000e+04 5.127300000000000000e+04 2.104596133192535490e+01 7.650000000000000000e+02
3.700000000000000000e+01 7.200000000000000000e+01 -8.000000000000000000e+00 4.910600000000000000e+04 4.793500000000000000e+04 5.107900000000000000e+04 5.128300000000000000e+04 2.105482174293138087e+01 7.650000000000000000e+02
7.000000000000000000e+01 1.080000000000000000e+02 2.400000000000000000e+01 4.947900000000000000e+04 4.799600000000000000e+04 4.798100000000000000e+04 4.847800000000000000e+04 2.106604155898094177e+01 4.200000000000000000e+01
1.210000000000000000e+02 1.160000000000000000e+02 3.900000000000000000e+01 4.897900000000000000e+04 4.721500000000000000e+04 4.850400000000000000e+04 4.871000000000000000e+04 2.107502663100603968e+01 4.200000000000000000e+01
7.800000000000000000e+01 9.700000000000000000e+01 5.300000000000000000e+01 4.913100000000000000e+04 4.745400000000000000e+04 4.806800000000000000e+04 4.793700000000000000e+04 2.108484998496714979e+01 4.200000000000000000e+01
4.800000000000000000e+01 9.100000000000000000e+01 5.100000000000000000e+01 4.863100000000000000e+04 4.666100000000000000e+04 4.839700000000000000e+04 4.865900000000000000e+04 2.109598832402843982e+01 4.200000000000000000e+01
1.000000000000000000e+00 -1.000000000000000000e+00 4.800000000000000000e+01 4.819400000000000000e+04 4.759100000000000000e+04 4.836300000000000000e+04 4.722200000000000000e+04 2.110575808398425579e+01 4.200000000000000000e+01
-2.200000000000000000e+01 -3.600000000000000000e+01 5.400000000000000000e+01 4.691600000000000000e+04 4.646600000000000000e+04 4.955400000000000000e+04 4.824000000000000000e+04 2.111469255900010467e+01 4.200000000000000000e+01
-4.500000000000000000e+01 -3.800000000000000000e+01 5.200000000000000000e+01 5.126600000000000000e+04 4.548900000000000000e+04 4.754100000000000000e+04 5.138500000000000000e+04 2.112639835802838206e+01 0.000000000000000000e+00
-3.400000000000000000e+01 -3.100000000000000000e+01 5.800000000000000000e+01 4.949200000000000000e+04 4.548000000000000000e+04 4.957600000000000000e+04 5.134900000000000000e+04 2.113571782095823437e+01 0.000000000000000000e+00
1.500000000000000000e+01 -4.200000000000000000e+01 7.300000000000000000e+01 5.011100000000000000e+04 4.777500000000000000e+04 4.952200000000000000e+04 4.980100000000000000e+04 2.114531022496521473e+01 0.000000000000000000e+00
4.400000000000000000e+01 -2.100000000000000000e+01 6.700000000000000000e+01 5.219400000000000000e+04 5.004300000000000000e+04 4.706600000000000000e+04 4.741900000000000000e+04 2.115459844993893057e+01 0.000000000000000000e+00
5.600000000000000000e+01 -2.400000000000000000e+01 6.800000000000000000e+01 5.182400000000000000e+04 4.970300000000000000e+04 4.888600000000000000e+04 4.902900000000000000e+04 2.116594138101208955e+01 3.000000000000000000e+00
5.700000000000000000e+01 -1.400000000000000000e+01 7.600000000000000000e+01 4.887100000000000000e+04 4.642600000000000000e+04 5.204800000000000000e+04 5.191400000000000000e+04 2.117521110002417117e+01 3.000000000000000000e+00
6.100000000000000000e+01 3.300000000000000000e+01 7.000000000000000000e+01 5.284900000000000000e+04 4.996700000000000000e+04 4.755400000000000000e+04 4.870600000000000000e+04 2.118592098297085613e+01 3.000000000000000000e+00
2.300000000000000000e+01 1.000000000000000000e+00 6.500000000000000000e+01 5.153900000000000000e+04 4.953900000000000000e+04 4.945800000000000000e+04 4.919900000000000000e+04 2.119578648300375789e+01 3.000000000000000000e+00
-4.000000000000000000e+01 -1.600000000000000000e+01 7.500000000000000000e+01 5.127700000000000000e+04 4.755700000000000000e+04 4.991900000000000000e+04 5.105600000000000000e+04 2.120500963600352407e+01 3.000000000000000000e+00
-7.100000000000000000e+01 2.000000000000000000e+01 7.600000000000000000e+01 5.019400000000000000e+04 4.359800000000000000e+04 5.106500000000000000e+04 5.361800000000000000e+04 2.121549461293034256e+01 3.000000000000000000e+00
-1.160000000000000000e+02 -5.300000000000000000e+01 6.600000000000000000e+01 5.004600000000000000e+04 4.899600000000000000e+04 5.182700000000000000e+04 5.028800000000000000e+04 2.122484818391967565e+01 0.000000000000000000e+00
-6.100000000000000000e+01 -1.220000000000000000e+02 7.400000000000000000e+01 5.036500000000000000e+04 4.924800000000000000e+04 5.147500000000000000e+04 4.998800000000000000e+04 2.123511868598870933e+01 0.000000000000000000e+00
1.500000000000000000e+01 -1.530000000000000000e+02 6.500000000000000000e+01 4.979000000000000000e+04 5.119000000000000000e+04 5.193800000000000000e+04 4.774200000000000000e+04 2.124482164101209491e+01 0.000000000000000000e+00
7.100000000000000000e+01 -1.890000000000000000e+02 6.400000000000000000e+01 5.218800000000000000e+04 5.025500000000000000e+04 4.948100000000000000e+04 4.892200000000000000e+04 2.125542434095405042e+01 0.000000000000000000e+00
5.600000000000000000e+01 -1.690000000000000000e+02 7.400000000000000000e+01 5.205800000000000000e+04 4.719600000000000000e+04 4.960300000000000000e+04 5.150600000000000000e+04 2.126482768601272255e+01 3.000000000000000000e+00
-1.000000000000000000e+01 -1.750000000000000000e+02 8.200000000000000000e+01 4.793300000000000000e+04 4.658500000000000000e+04 5.324300000000000000e+04 5.174300000000000000e+04 2.127522159495856613e+01 3.000000000000000000e+00
-4.500000000000000000e+01 -1.130000000000000000e+02 6.200000000000000000e+01 5.114500000000000000e+04 4.932300000000000000e+04 5.018400000000000000e+04 4.903900000000000000e+04 2.128521457500755787e+01 3.000000000000000000e+00
-4.000000000000000000e+00 -2.300000000000000000e+01 6.800000000000000000e+01 5.000500000000000000e+04 5.123900000000000000e+04 5.113600000000000000e+04 4.667600000000000000e+04 2.129534468194469810e+01 3.000000000000000000e+00
6.400000000000000000e+01 7.700000000000000000e+01 6.300000000000000000e+01 5.131800000000000000e+04 4.739800000000000000e+04 4.960000000000000000e+04 5.051600000000000000e+04 2.130497574293985963e+01 3.000000000000000000e+00
5.700000000000000000e+01 1.440000000000000000e+02 2.100000000000000000e+01 5.335600000000000000e+04 4.918100000000000000e+04 4.660700000000000000e+04 4.878700000000000000e+04 2.131557555298786610e+01 3.000000000000000000e+00
4.200000000000000000e+01 1.940000000000000000e+02 2.100000000000000000e+01 5.120000000000000000e+04 4.887600000000000000e+04 4.890000000000000000e+04 4.891600000000000000e+04 2.132501868496183306e+01 3.000000000000000000e+00
2.500000000000000000e+01 1.620000000000000000e+02 -4.000000000000000000e+00 4.886800000000000000e+04 4.958200000000000000e+04 5.094200000000000000e+04 4.814000000000000000e+04 2.133527911291457713e+01 3.000000000000000000e+00
-3.000000000000000000e+01 1.550000000000000000e+02 -1.000000000000000000e+00 4.803600000000000000e+04 4.907800000000000000e+04 5.143800000000000000e+04 4.855400000000000000e+04 2.134517953393515199e+01 3.000000000000000000e+00
-1.060000000000000000e+02 1.290000000000000000e+02 -1.700000000000000000e+01 4.960800000000000000e+04 4.785600000000000000e+04 4.998300000000000000e+04 4.979100000000000000e+04 2.135496724897529930e+01 3.000000000000000000e+00
-1.920000000000000000e+02 1.200000000000000000e+02 -1.700000000000000000e+01 4.608900000000000000e+04 4.561300000000000000e+04 5.185600000000000000e+04 5.062300000000000000e+04 2.136558006494306028e+01 1.100000000000000000e+01
-1.750000000000000000e+02 1.280000000000000000e+02 -3.300000000000000000e+01 4.872500000000000000e+04 4.655000000000000000e+04 4.947300000000000000e+04 4.980700000000000000e+04 2.137549311202019453e+01 1.100000000000000000e+01
-2.450000000000000000e+02 1.020000000000000000e+02 -3.100000000000000000e+01 4.648300000000000000e+04 4.621000000000000000e+04 5.089400000000000000e+04 4.964900000000000000e+04 2.138546860299538821e+01 1.100000000000000000e+01
-2.030000000000000000e+02 8.700000000000000000e+01 -4.500000000000000000e+01 4.721400000000000000e+04 4.671000000000000000e+04 5.072400000000000000e+04 4.875700000000000000e+04 2.139489542902447283e+01 1.100000000000000000e+01
-1.520000000000000000e+02 2.500000000000000000e+01 -7.300000000000000000e+01 4.649800000000000000e+04 4.796200000000000000e+04 5.052700000000000000e+04 4.796700000000000000e+04 2.140476354293059558e+01 1.100000000000000000e+01
-4.800000000000000000e+01 5.600000000000000000e+01 -7.100000000000000000e+01 4.693800000000000000e+04 4.854200000000000000e+04 4.977000000000000000e+04 4.750900000000000000e+04 2.141545090102590621e+01 1.100000000000000000e+01
2.100000000000000000e+01 1.220000000000000000e+02 -8.600000000000000000e+01 4.793800000000000000e+04 4.841700000000000000e+04 4.861000000000000000e+04 4.756900000000000000e+04 2.142605748400092125e+01 1.500000000000000000e+01
6.700000000000000000e+01 2.850000000000000000e+02 -1.070000000000000000e+02 4.372300000000000000e+04 5.165300000000000000e+04 5.118700000000000000e+04 4.291000000000000000e+04 2.143542232201434672e+01 1.500000000000000000e+01
7.400000000000000000e+01 4.510000000000000000e+02 -1.150000000000000000e+02 4.879300000000000000e+04 4.750900000000000000e+04 4.651500000000000000e+04 4.826800000000000000e+04 2.144462152395863086e+01 1.500000000000000000e+01
1.200000000000000000e+02 6.540000000000000000e+02 -1.160000000000000000e+02 5.029000000000000000e+04 4.657800000000000000e+04 4.474200000000000000e+04 4.885200000000000000e+04 2.145512283092830330e+01 1.500000000000000000e+01
1.010000000000000000e+02 8.260000000000000000e+02 -1.120000000000000000e+02 5.032200000000000000e+04 4.524700000000000000e+04 4.401500000000000000e+04 5.026500000000000000e+04 2.146535340498667210e+01 2.700000000000000000e+01
4.600000000000000000e+01 8.170000000000000000e+02 -1.160000000000000000e+02 4.957900000000000000e+04 4.451900000000000000e+04 4.398800000000000000e+04 4.964400000000000000e+04 2.147554666595533490e+01 2.700000000000000000e+01
-5.200000000000000000e+01 6.740000000000000000e+02 -1.080000000000000000e+02 4.763900000000000000e+04 4.656200000000000000e+04 4.599900000000000000e+04 4.791300000000000000e+04 2.148461689194664359e+01 2.700000000000000000e+01
-9.600000000000000000e+01 4.620000000000000000e+02 -9.100000000000000000e+01 4.689200000000000000e+04 4.688300000000000000e+04 4.674700000000000000e+04 4.722300000000000000e+04 2.149786894698627293e+01 2.700000000000000000e+01
-1.710000000000000000e+02 2.860000000000000000e+02 -8.700000000000000000e+01 4.561900000000000000e+04 4.746000000000000000e+04 4.780300000000000000e+04 4.641700000000000000e+04 2.150624173192773014e+01 2.700000000000000000e+01
-2.730000000000000000e+02 1.800000000000000000e+02 -7.000000000000000000e+01 4.489200000000000000e+04 4.739600000000000000e+04 4.851200000000000000e+04 4.632600000000000000e+04 2.151656537898816168e+01 2.700000000000000000e+01
-3.630000000000000000e+02 9.200000000000000000e+01 -6.800000000000000000e+01 4.402100000000000000e+04 4.703000000000000000e+04 4.913200000000000000e+04 4.669500000000000000e+04 2.152622168092057109e+01 3.400000000000000000e+01
-4.210000000000000000e+02 2.700000000000000000e+01 -7.100000000000000000e+01 4.372200000000000000e+04 4.700400000000000000e+04 4.879700000000000000e+04 4.614800000000000000e+04 2.153562664694618434e+01 3.400000000000000000e+01
-4.900000000000000000e+02 2.000000000000000000e+01 -6.200000000000000000e+01 4.375600000000000000e+04 4.644900000000000000e+04 4.873400000000000000e+04 4.674400000000000000e+04 2.154636988800484687e+01 3.400000000000000000e+01
-4.890000000000000000e+02 6.500000000000000000e+01 -5.800000000000000000e+01 4.427400000000000000e+04 4.628300000000000000e+04 4.836500000000000000e+04 4.696600000000000000e+04 2.155619025602936745e+01 3.400000000000000000e+01
-4.740000000000000000e+02 1.670000000000000000e+02 -6.300000000000000000e+01 4.515700000000000000e+04 4.570000000000000000e+04 4.755900000000000000e+04 4.758800000000000000e+04 2.156574871798511595e+01 4.400000000000000000e+01
-4.390000000000000000e+02 2.110000000000000000e+02 -7.500000000000000000e+01 4.404600000000000000e+04 4.516000000000000000e+04 4.765400000000000000e+04 4.741300000000000000e+04 2.157860444497782737e+01 4.400000000000000000e+01
-3.870000000000000000e+02 2.660000000000000000e+02 -7.200000000000000000e+01 4.560200000000000000e+04 4.457200000000000000e+04 4.608000000000000000e+04 4.794800000000000000e+04 2.158558045001700521e+01 4.400000000000000000e+01
-3.120000000000000000e+02 3.040000000000000000e+02 -7.200000000000000000e+01 4.618500000000000000e+04 4.468900000000000000e+04 4.543700000000000000e+04 4.782100000000000000e+04 2.159573589300271124e+01 4.400000000000000000e+01
-1.780000000000000000e+02 3.090000000000000000e+02 -8.800000000000000000e+01 4.675000000000000000e+04 4.521600000000000000e+04 4.463200000000000000e+04 4.742900000000000000e+04 2.160467108502052724e+01 4.400000000000000000e+01
-9.600000000000000000e+01 3.030000000000000000e+02 -8.600000000000000000e+01 4.703700000000000000e+04 4.549000000000000000e+04 4.448200000000000000e+04 4.747300000000000000e+04 2.161589420598465949e+01 4.400000000000000000e+01
-1.200000000000000000e+01 2.760000000000000000e+02 -9.300000000000000000e+01 4.673800000000000000e+04 4.589600000000000000e+04 4.475000000000000000e+04 4.732500000000000000e+04 2.162482618098147213e+01 4.800000000000000000e+01
6.200000000000000000e+01 2.950000000000000000e+02 -1.060000000000000000e+02 4.740400000000000000e+04 4.592200000000000000e+04 4.360400000000000000e+04 4.721300000000000000e+04 2.163456069398671389e+01 4.800000000000000000e+01
8.300000000000000000e+01 2.470000000000000000e+02 -1.030000000000000000e+02 4.757900000000000000e+04 4.543600000000000000e+04 4.361000000000000000e+04 4.805800000000000000e+04 2.164438305899966508e+01 4.800000000000000000e+01
1.010000000000000000e+02 1.370000000000000000e+02 -1.120000000000000000e+02 4.731100000000000000e+04 4.618800000000000000e+04 4.388800000000000000e+04 4.773200000000000000e+04 2.165424684097524732e+01 4.800000000000000000e+01
1.560000000000000000e+02 -4.800000000000000000e+01 -1.100000000000000000e+02 4.627400000000000000e+04 4.770300000000000000e+04 4.518600000000000000e+04 4.646900000000000000e+04 2.166529081796761602e+01 5.300000000000000000e+01
1.670000000000000000e+02 -2.040000000000000000e+02 -1.080000000000000000e+02 4.561700000000000000e+04 4.853500000000000000e+04 4.574200000000000000e+04 4.544700000000000000e+04 2.167429686500690877e+01 5.300000000000000000e+01
1.080000000000000000e+02 -3.420000000000000000e+02 -1.120000000000000000e+02 4.513100000000000000e+04 4.827400000000000000e+04 4.645600000000000000e+04 4.603600000000000000e+04 2.168616907193791121e+01 5.300000000000000000e+01
3.100000000000000000e+01 -4.890000000000000000e+02 -1.080000000000000000e+02 4.381000000000000000e+04 4.925000000000000000e+04 4.779300000000000000e+04 4.519500000000000000e+04 2.169428923598024994e+01 5.300000000000000000e+01
-7.200000000000000000e+01 -5.060000000000000000e+02 -1.110000000000000000e+02 4.302700000000000000e+04 4.880800000000000000e+04 4.854600000000000000e+04 4.609400000000000000e+04 2.170466375094838440e+01 5.300000000000000000e+01
-1.510000000000000000e+02 -4.900000000000000000e+02 -1.050000000000000000e+02 4.343800000000000000e+04 4.842400000000000000e+04 4.848000000000000000e+04 4.704900000000000000e+04 2.171468183898832649e+01 5.300000000000000000e+01
-1.780000000000000000e+02 -3.690000000000000000e+02 -9.600000000000000000e+01 4.355900000000000000e+04 4.841800000000000000e+04 4.861000000000000000e+04 4.733500000000000000e+04 2.172519616398494691e+01 5.400000000000000000e+01
-1.120000000000000000e+02 -2.080000000000000000e+02 -9.000000000000000000e+01 4.504600000000000000e+04 4.792500000000000000e+04 4.766500000000000000e+04 4.811900000000000000e+04 2.173476678691804409e+01 5.400000000000000000e+01
-7.000000000000000000e+01 -7.500000000000000000e+01 -8.100000000000000000e+01 4.648200000000000000e+04 4.765500000000000000e+04 4.671600000000000000e+04 4.874500000000000000e+04 2.174469145596958697e+01 5.400000000000000000e+01
-1.200000000000000000e+01 3.000000000000000000e+01 -8.200000000000000000e+01 4.719300000000000000e+04 4.730700000000000000e+04 4.629900000000000000e+04 4.922300000000000000e+04 2.175476394698489457e+01 5.400000000000000000e+01
5.800000000000000000e+01 6.800000000000000000e+01 -7.000000000000000000e+01 4.792400000000000000e+04 4.796900000000000000e+04 4.579700000000000000e+04 4.901500000000000000e+04 2.176485253695864230e+01 5.300000000000000000e+01
1.470000000000000000e+02 6.800000000000000000e+01 -5.400000000000000000e+01 4.790000000000000000e+04 4.876100000000000000e+04 4.630700000000000000e+04 4.830000000000000000e+04 2.177542863402049989e+01 5.300000000000000000e+01
2.560000000000000000e+02 4.200000000000000000e+01 -3.200000000000000000e+01 4.879200000000000000e+04 4.932100000000000000e+04 4.557300000000000000e+04 4.782900000000000000e+04 2.178483627398964018e+01 5.300000000000000000e+01
2.620000000000000000e+02 -4.700000000000000000e+01 -1.600000000000000000e+01 4.765000000000000000e+04 4.976800000000000000e+04 4.716900000000000000e+04 4.743400000000000000e+04 2.179466177697759122e+01 5.300000000000000000e+01
3.500000000000000000e+02 -1.090000000000000000e+02 -8.000000000000000000e+00 4.857900000000000000e+04 5.078700000000000000e+04 4.649300000000000000e+04 4.633800000000000000e+04 2.180582787096500397e+01 5.300000000000000000e+01
3.290000000000000000e+02 -1.650000000000000000e+02 -1.600000000000000000e+01 4.809500000000000000e+04 5.078400000000000000e+04 4.725400000000000000e+04 4.656000000000000000e+04 2.181472692894749343e+01 5.300000000000000000e+01
2.250000000000000000e+02 -1.540000000000000000e+02 -4.000000000000000000e+00 4.665800000000000000e+04 5.084800000000000000e+04 4.906100000000000000e+04 4.679100000000000000e+04 2.182797515299171209e+01 4.600000000000000000e+01
9.100000000000000000e+01 -1.020000000000000000e+02 -1.500000000000000000e+01 4.770000000000000000e+04 5.067900000000000000e+04 4.870900000000000000e+04 4.778200000000000000e+04 2.183563131291884929e+01 4.600000000000000000e+01
-7.100000000000000000e+01 5.600000000000000000e+01 -1.000000000000000000e+01 4.801200000000000000e+04 4.952400000000000000e+04 4.868500000000000000e+04 4.944100000000000000e+04 2.184592442994471639e+01 4.600000000000000000e+01
-2.460000000000000000e+02 1.330000000000000000e+02 1.000000000000000000e+01 4.718000000000000000e+04 4.863100000000000000e+04 4.984300000000000000e+04 5.049700000000000000e+04 2.186195265094283968e+01 4.600000000000000000e+01
-3.430000000000000000e+02 2.100000000000000000e+02 2.000000000000000000e+01 4.663900000000000000e+04 4.709900000000000000e+04 5.048300000000000000e+04 5.183100000000000000e+04 2.186555916594807059e+01 3.700000000000000000e+01
-4.200000000000000000e+02 2.060000000000000000e+02 2.000000000000000000e+01 4.659000000000000000e+04 4.668800000000000000e+04 5.138400000000000000e+04 5.280400000000000000e+04 2.187467165791895241e+01 3.700000000000000000e+01
-3.280000000000000000e+02 1.420000000000000000e+02 1.900000000000000000e+01 4.705700000000000000e+04 4.744500000000000000e+04 5.113800000000000000e+04 5.238000000000000000e+04 2.188434084493201226e+01 3.700000000000000000e+01
-2.030000000000000000e+02 3.400000000000000000e+01 2.400000000000000000e+01 4.780700000000000000e+04 4.886500000000000000e+04 5.052400000000000000e+04 5.140900000000000000e+04 2.189499220100697130e+01 3.700000000000000000e+01
-2.800000000000000000e+01 -7.400000000000000000e+01 2.800000000000000000e+01 4.761400000000000000e+04 4.902500000000000000e+04 5.098300000000000000e+04 5.142300000000000000e+04 2.190473068493884057e+01 3.700000000000000000e+01
2.150000000000000000e+02 -9.200000000000000000e+01 6.500000000000000000e+01 4.869100000000000000e+04 5.037400000000000000e+04 5.031100000000000000e+04 5.003500000000000000e+04 2.191603150800801814e+01 3.700000000000000000e+01
5.340000000000000000e+02 -1.710000000000000000e+02 7.600000000000000000e+01 4.992600000000000000e+04 5.173700000000000000e+04 4.957100000000000000e+04 4.879200000000000000e+04 2.192441151500679553e+01 3.300000000000000000e+01
7.670000000000000000e+02 -1.490000000000000000e+02 8.500000000000000000e+01 5.072700000000000000e+04 5.235300000000000000e+04 4.896000000000000000e+04 4.791000000000000000e+04 2.193453426100313663e+01 3.300000000000000000e+01
9.840000000000000000e+02 -1.750000000000000000e+02 9.400000000000000000e+01 5.157900000000000000e+04 5.269800000000000000e+04 4.833000000000000000e+04 4.742500000000000000e+04 2.194519114994909614e+01 3.300000000000000000e+01
1.010000000000000000e+03 -9.900000000000000000e+01 1.110000000000000000e+02 5.275500000000000000e+04 5.313400000000000000e+04 4.702100000000000000e+04 4.675200000000000000e+04 2.195415492297615856e+01 3.300000000000000000e+01
9.780000000000000000e+02 -4.100000000000000000e+01 1.250000000000000000e+02 5.346700000000000000e+04 5.165000000000000000e+04 4.597100000000000000e+04 4.823200000000000000e+04 2.196458761300891638e+01 2.000000000000000000e+01
7.600000000000000000e+02 6.000000000000000000e+00 1.380000000000000000e+02 5.370300000000000000e+04 5.181300000000000000e+04 4.671400000000000000e+04 4.872500000000000000e+04 2.197425101196859032e+01 2.000000000000000000e+01
4.260000000000000000e+02 1.000000000000000000e+01 1.600000000000000000e+02 5.259600000000000000e+04 5.012700000000000000e+04 4.854000000000000000e+04 5.027300000000000000e+04 2.198472008598037064e+01 2.000000000000000000e+01
1.230000000000000000e+02 -1.100000000000000000e+01 1.700000000000000000e+02 5.145400000000000000e+04 4.937000000000000000e+04 5.008500000000000000e+04 5.072400000000000000e+04 2.199454749701544642e+01 2.000000000000000000e+01
-1.680000000000000000e+02 -6.800000000000000000e+01 1.830000000000000000e+02 5.075400000000000000e+04 4.843000000000000000e+04 5.086900000000000000e+04 5.139300000000000000e+04 2.200462121400050819e+01 2.000000000000000000e+01
-3.700000000000000000e+02 -1.710000000000000000e+02 1.780000000000000000e+02 4.946000000000000000e+04 4.766000000000000000e+04 5.208900000000000000e+04 5.185900000000000000e+04 2.201412881398573518e+01 2.000000000000000000e+01
-4.880000000000000000e+02 -2.870000000000000000e+02 1.870000000000000000e+02 4.820500000000000000e+04 4.832700000000000000e+04 5.364200000000000000e+04 5.169800000000000000e+04 2.202402085391804576e+01 1.400000000000000000e+01
-5.940000000000000000e+02 -3.980000000000000000e+02 1.690000000000000000e+02 4.736100000000000000e+04 4.808600000000000000e+04 5.406600000000000000e+04 5.186200000000000000e+04 2.203465806401800364e+01 1.400000000000000000e+01
-5.110000000000000000e+02 -5.200000000000000000e+02 1.880000000000000000e+02 4.712400000000000000e+04 4.933500000000000000e+04 5.423500000000000000e+04 5.056900000000000000e+04 2.204491878999397159e+01 1.400000000000000000e+01
-4.520000000000000000e+02 -4.800000000000000000e+02 2.230000000000000000e+02 4.710300000000000000e+04 4.785800000000000000e+04 5.439400000000000000e+04 5.142400000000000000e+04 2.205431641300674528e+01 1.400000000000000000e+01
-3.230000000000000000e+02 -4.380000000000000000e+02 2.740000000000000000e+02 4.775900000000000000e+04 4.755400000000000000e+04 5.419600000000000000e+04 5.112200000000000000e+04 2.206595670699607581e+01 5.000000000000000000e+00
-1.030000000000000000e+02 -3.700000000000000000e+02 2.690000000000000000e+02 5.012300000000000000e+04 4.787700000000000000e+04 5.301900000000000000e+04 5.107700000000000000e+04 2.207427665102295578e+01 5.000000000000000000e+00
2.270000000000000000e+02 -3.260000000000000000e+02 2.500000000000000000e+02 5.204300000000000000e+04 4.763900000000000000e+04 5.413400000000000000e+04 4.685200000000000000e+04 2.208529280591756105e+01 5.000000000000000000e+00
5.470000000000000000e+02 -2.560000000000000000e+02 2.360000000000000000e+02 5.370300000000000000e+04 4.910300000000000000e+04 5.271100000000000000e+04 4.494500000000000000e+04 2.209431009797845036e+01 5.000000000000000000e+00
7.730000000000000000e+02 -2.930000000000000000e+02 2.160000000000000000e+02 5.432200000000000000e+04 5.115000000000000000e+04 5.150800000000000000e+04 4.238800000000000000e+04 2.210500031500123441e+01 5.000000000000000000e+00
6.950000000000000000e+02 -3.070000000000000000e+02 2.470000000000000000e+02 5.424100000000000000e+04 5.146600000000000000e+04 5.118500000000000000e+04 4.201100000000000000e+04 2.211405915999785066e+01 5.000000000000000000e+00
5.130000000000000000e+02 -3.940000000000000000e+02 2.360000000000000000e+02 5.289800000000000000e+04 5.080500000000000000e+04 5.251800000000000000e+04 4.268500000000000000e+04 2.212549003097228706e+01 6.000000000000000000e+00
2.530000000000000000e+02 -3.450000000000000000e+02 2.290000000000000000e+02 5.022600000000000000e+04 4.926200000000000000e+04 5.252400000000000000e+04 4.831100000000000000e+04 2.213501363701652735e+01 6.000000000000000000e+00
3.300000000000000000e+01 -3.080000000000000000e+02 2.510000000000000000e+02 5.114400000000000000e+04 4.786600000000000000e+04 5.423800000000000000e+04 4.571800000000000000e+04 2.214477770694065839e+01 6.000000000000000000e+00
-2.100000000000000000e+02 -2.110000000000000000e+02 2.340000000000000000e+02 5.001500000000000000e+04 4.564900000000000000e+04 5.497600000000000000e+04 4.723300000000000000e+04 2.215411810693331063e+01 6.000000000000000000e+00
-3.980000000000000000e+02 -1.220000000000000000e+02 2.500000000000000000e+02 4.936900000000000000e+04 4.353000000000000000e+04 5.521100000000000000e+04 4.864800000000000000e+04 2.216482424992136657e+01 6.000000000000000000e+00
-5.410000000000000000e+02 -4.600000000000000000e+01 2.390000000000000000e+02 4.762700000000000000e+04 4.422700000000000000e+04 5.395400000000000000e+04 5.099500000000000000e+04 2.217452779994346201e+01 6.000000000000000000e+00
-5.360000000000000000e+02 1.000000000000000000e+01 2.310000000000000000e+02 4.736300000000000000e+04 4.476200000000000000e+04 5.391300000000000000e+04 5.026900000000000000e+04 2.218448231695219874e+01 6.000000000000000000e+00
-4.320000000000000000e+02 7.800000000000000000e+01 2.300000000000000000e+02 4.831900000000000000e+04 4.641400000000000000e+04 5.305300000000000000e+04 4.858300000000000000e+04 2.219371066696476191e+01 6.000000000000000000e+00
-2.610000000000000000e+02 2.320000000000000000e+02 1.970000000000000000e+02 4.963300000000000000e+04 4.554600000000000000e+04 5.174000000000000000e+04 4.903900000000000000e+04 2.220524291892070323e+01 6.000000000000000000e+00
-5.500000000000000000e+01 2.490000000000000000e+02 1.720000000000000000e+02 5.033800000000000000e+04 4.703400000000000000e+04 5.100600000000000000e+04 4.770900000000000000e+04 2.221474694996140897e+01 6.000000000000000000e+00
1.590000000000000000e+02 2.250000000000000000e+02 2.000000000000000000e+02 4.987600000000000000e+04 4.800900000000000000e+04 5.135500000000000000e+04 4.642100000000000000e+04 2.222570411593187600e+01 5.000000000000000000e+00
2.870000000000000000e+02 2.180000000000000000e+02 2.060000000000000000e+02 5.063800000000000000e+04 4.804100000000000000e+04 5.061000000000000000e+04 4.600900000000000000e+04 2.223701921792235225e+01 5.000000000000000000e+00
3.070000000000000000e+02 2.110000000000000000e+02 1.930000000000000000e+02 5.037800000000000000e+04 4.780100000000000000e+04 5.069400000000000000e+04 4.604300000000000000e+04 2.224426982097793370e+01 5.000000000000000000e+00
3.040000000000000000e+02 2.490000000000000000e+02 1.660000000000000000e+02 4.994500000000000000e+04 4.751500000000000000e+04 5.098700000000000000e+04 4.614800000000000000e+04 2.225461383699439466e+01 5.000000000000000000e+00
2.420000000000000000e+02 3.010000000000000000e+02 1.580000000000000000e+02 5.219000000000000000e+04 4.563200000000000000e+04 5.126200000000000000e+04 4.401200000000000000e+04 2.226488084602169693e+01 1.400000000000000000e+01
8.000000000000000000e+01 3.440000000000000000e+02 1.480000000000000000e+02 5.127000000000000000e+04 4.468100000000000000e+04 5.124600000000000000e+04 4.413500000000000000e+04 2.227522618102375418e+01 1.400000000000000000e+01
-4.200000000000000000e+01 4.290000000000000000e+02 1.210000000000000000e+02 4.934100000000000000e+04 4.563700000000000000e+04 5.029100000000000000e+04 4.669300000000000000e+04 2.228474437096156180e+01 1.400000000000000000e+01
-1.970000000000000000e+02 5.180000000000000000e+02 1.190000000000000000e+02 4.918200000000000000e+04 4.366200000000000000e+04 5.035100000000000000e+04 4.836700000000000000e+04 2.229419377702288330e+01 1.400000000000000000e+01
-2.930000000000000000e+02 5.010000000000000000e+02 1.090000000000000000e+02 4.809300000000000000e+04 4.363400000000000000e+04 5.110400000000000000e+04 4.817500000000000000e+04 2.230417476396542042e+01 1.400000000000000000e+01
-3.700000000000000000e+02 4.580000000000000000e+02 9.800000000000000000e+01 4.726700000000000000e+04 4.351400000000000000e+04 5.165400000000000000e+04 4.831700000000000000e+04 2.231575124198570848e+01 1.400000000000000000e+01
-4.690000000000000000e+02 3.840000000000000000e+02 8.400000000000000000e+01 4.573700000000000000e+04 4.281100000000000000e+04 5.224900000000000000e+04 4.819600000000000000e+04 2.232413161394651979e+01 1.900000000000000000e+01
-5.110000000000000000e+02 3.180000000000000000e+02 8.400000000000000000e+01 4.500000000000000000e+04 4.229500000000000000e+04 5.263900000000000000e+04 4.861700000000000000e+04 2.233565725700464100e+01 1.900000000000000000e+01
-4.590000000000000000e+02 2.850000000000000000e+02 9.000000000000000000e+01 4.589200000000000000e+04 4.227100000000000000e+04 5.209400000000000000e+04 4.849100000000000000e+04 2.234394802397582680e+01 1.900000000000000000e+01
-3.080000000000000000e+02 2.540000000000000000e+02 9.500000000000000000e+01 4.705300000000000000e+04 4.279300000000000000e+04 5.119600000000000000e+04 4.803500000000000000e+04 2.235441673302557319e+01 1.900000000000000000e+01
-9.300000000000000000e+01 2.700000000000000000e+02 7.800000000000000000e+01 4.797800000000000000e+04 4.403900000000000000e+04 5.035000000000000000e+04 4.671100000000000000e+04 2.236437008995562792e+01 2.800000000000000000e+01
1.130000000000000000e+02 2.100000000000000000e+02 5.100000000000000000e+01 4.873500000000000000e+04 4.419400000000000000e+04 4.968900000000000000e+04 4.453000000000000000e+04 2.237555205100215971e+01 2.800000000000000000e+01
1.990000000000000000e+02 9.100000000000000000e+01 5.400000000000000000e+01 4.867700000000000000e+04 4.515200000000000000e+04 4.929000000000000000e+04 4.369500000000000000e+04 2.238453197001945227e+01 2.800000000000000000e+01
2.880000000000000000e+02 1.040000000000000000e+02 3.300000000000000000e+01 4.926200000000000000e+04 4.516600000000000000e+04 4.848500000000000000e+04 4.351200000000000000e+04 2.239464552002027631e+01 2.800000000000000000e+01
3.460000000000000000e+02 7.600000000000000000e+01 2.000000000000000000e+01 4.801800000000000000e+04 4.631800000000000000e+04 4.881000000000000000e+04 4.342100000000000000e+04 2.240418057492934167e+01 2.800000000000000000e+01
2.650000000000000000e+02 9.600000000000000000e+01 6.000000000000000000e+00 4.775400000000000000e+04 4.544800000000000000e+04 4.893600000000000000e+04 4.454000000000000000e+04 2.241438964800909162e+01 2.800000000000000000e+01
1.810000000000000000e+02 1.170000000000000000e+02 -2.100000000000000000e+01 4.752800000000000000e+04 4.495300000000000000e+04 4.874900000000000000e+04 4.486000000000000000e+04 2.242428657296113670e+01 3.200000000000000000e+01
1.000000000000000000e+02 1.000000000000000000e+02 -3.200000000000000000e+01 4.753000000000000000e+04 4.497400000000000000e+04 4.863400000000000000e+04 4.506400000000000000e+04 2.243866200500633568e+01 3.200000000000000000e+01
3.300000000000000000e+01 9.700000000000000000e+01 -5.000000000000000000e+01 4.705400000000000000e+04 4.420800000000000000e+04 4.910100000000000000e+04 4.597100000000000000e+04 2.244739174202550203e+01 3.200000000000000000e+01
-7.700000000000000000e+01 2.000000000000000000e+00 -6.600000000000000000e+01 4.670000000000000000e+04 4.456400000000000000e+04 4.914900000000000000e+04 4.591200000000000000e+04 2.245498594699893147e+01 3.200000000000000000e+01
-2.100000000000000000e+02 -1.600000000000000000e+01 -6.900000000000000000e+01 4.556400000000000000e+04 4.343300000000000000e+04 5.019900000000000000e+04 4.730700000000000000e+04 2.246778567391447723e+01 4.100000000000000000e+01
-3.200000000000000000e+02 -8.000000000000000000e+01 -7.500000000000000000e+01 4.351600000000000000e+04 4.300500000000000000e+04 5.107800000000000000e+04 4.714600000000000000e+04 2.247792449197731912e+01 4.100000000000000000e+01
-3.150000000000000000e+02 -7.300000000000000000e+01 -9.800000000000000000e+01 4.443000000000000000e+04 4.352600000000000000e+04 5.031100000000000000e+04 4.691900000000000000e+04 2.248403160402085632e+01 4.100000000000000000e+01
-2.510000000000000000e+02 -7.900000000000000000e+01 -1.120000000000000000e+02 4.486000000000000000e+04 4.402900000000000000e+04 5.000700000000000000e+04 4.676800000000000000e+04 2.249437999399378896e+01 4.100000000000000000e+01
-1.700000000000000000e+02 -5.300000000000000000e+01 -1.330000000000000000e+02 4.527600000000000000e+04 4.437900000000000000e+04 4.943800000000000000e+04 4.676800000000000000e+04 2.250414386892225593e+01 4.100000000000000000e+01
0.000000000000000000e+00 -4.400000000000000000e+01 -1.390000000000000000e+02 4.610900000000000000e+04 4.552500000000000000e+04 4.879500000000000000e+04 4.618200000000000000e+04 2.251422937598545104e+01 4.100000000000000000e+01
2.010000000000000000e+02 -8.300000000000000000e+01 -1.410000000000000000e+02 4.717500000000000000e+04 4.701300000000000000e+04 4.765300000000000000e+04 4.478600000000000000e+04 2.252418773202225566e+01 4.300000000000000000e+01
3.710000000000000000e+02 -1.170000000000000000e+02 -1.320000000000000000e+02 4.799500000000000000e+04 4.822700000000000000e+04 4.699000000000000000e+04 4.354900000000000000e+04 2.253459456993732601e+01 4.300000000000000000e+01
4.570000000000000000e+02 -9.600000000000000000e+01 -1.550000000000000000e+02 4.806900000000000000e+04 4.854000000000000000e+04 4.695300000000000000e+04 4.349700000000000000e+04 2.254598032601643354e+01 4.300000000000000000e+01
4.520000000000000000e+02 -1.000000000000000000e+02 -1.640000000000000000e+02 4.836400000000000000e+04 4.849900000000000000e+04 4.665000000000000000e+04 4.423600000000000000e+04 2.255458909599110484e+01 4.300000000000000000e+01
3.580000000000000000e+02 -1.020000000000000000e+02 -1.690000000000000000e+02 4.740200000000000000e+04 4.811500000000000000e+04 4.773200000000000000e+04 4.508500000000000000e+04 2.256411203800234944e+01 4.500000000000000000e+01
1.950000000000000000e+02 -1.340000000000000000e+02 -1.710000000000000000e+02 4.658100000000000000e+04 4.791000000000000000e+04 4.843600000000000000e+04 4.547000000000000000e+04 2.257395934802480042e+01 4.500000000000000000e+01
-6.000000000000000000e+00 -9.900000000000000000e+01 -1.670000000000000000e+02 4.579900000000000000e+04 4.642900000000000000e+04 4.931400000000000000e+04 4.729600000000000000e+04 2.258379683794919401e+01 4.500000000000000000e+01
-1.440000000000000000e+02 -4.700000000000000000e+01 -1.520000000000000000e+02 4.588400000000000000e+04 4.597400000000000000e+04 4.944300000000000000e+04 4.795500000000000000e+04 2.259380930499173701e+01 4.500000000000000000e+01
-2.200000000000000000e+02 2.300000000000000000e+01 -1.510000000000000000e+02 4.647600000000000000e+04 4.501800000000000000e+04 4.908300000000000000e+04 4.910700000000000000e+04 2.260457617696374655e+01 4.500000000000000000e+01
-2.760000000000000000e+02 7.000000000000000000e+01 -1.560000000000000000e+02 4.598500000000000000e+04 4.512700000000000000e+04 4.973800000000000000e+04 4.945300000000000000e+04 2.261423417401965708e+01 4.500000000000000000e+01
-2.580000000000000000e+02 6.400000000000000000e+01 -1.590000000000000000e+02 4.648700000000000000e+04 4.612400000000000000e+04 4.989400000000000000e+04 4.938800000000000000e+04 2.262474391493014991e+01 3.900000000000000000e+01
-2.420000000000000000e+02 7.200000000000000000e+01 -1.650000000000000000e+02 4.651000000000000000e+04 4.633000000000000000e+04 5.019100000000000000e+04 4.966700000000000000e+04 2.263392460299655795e+01 3.900000000000000000e+01
-1.230000000000000000e+02 -3.000000000000000000e+00 -1.380000000000000000e+02 4.778800000000000000e+04 4.811000000000000000e+04 4.948400000000000000e+04 4.845900000000000000e+04 2.264425957296043634e+01 3.900000000000000000e+01
2.300000000000000000e+01 -1.080000000000000000e+02 -1.260000000000000000e+02 4.750200000000000000e+04 4.914900000000000000e+04 5.007500000000000000e+04 4.756300000000000000e+04 2.265495463192928582e+01 3.900000000000000000e+01
2.510000000000000000e+02 -2.460000000000000000e+02 -1.250000000000000000e+02 4.824500000000000000e+04 5.088800000000000000e+04 4.975400000000000000e+04 4.595800000000000000e+04 2.266376230795867741e+01 3.400000000000000000e+01
4.730000000000000000e+02 -3.640000000000000000e+02 -1.200000000000000000e+02 4.913200000000000000e+04 5.287800000000000000e+04 4.955200000000000000e+04 4.403400000000000000e+04 2.267499028902966529e+01 3.400000000000000000e+01
5.200000000000000000e+02 -4.330000000000000000e+02 -1.180000000000000000e+02 4.925100000000000000e+04 5.311000000000000000e+04 4.976800000000000000e+04 4.387100000000000000e+04 2.268468146899249405e+01 3.400000000000000000e+01
5.330000000000000000e+02 -4.870000000000000000e+02 -1.170000000000000000e+02 4.895400000000000000e+04 5.350400000000000000e+04 5.038900000000000000e+04 4.381900000000000000e+04 2.269603875093162060e+01 3.400000000000000000e+01
4.560000000000000000e+02 -5.050000000000000000e+02 -1.260000000000000000e+02 4.830400000000000000e+04 5.388200000000000000e+04 5.120200000000000000e+04 4.392500000000000000e+04 2.270405003393534571e+01 3.400000000000000000e+01
3.210000000000000000e+02 -4.900000000000000000e+02 -1.170000000000000000e+02 4.837100000000000000e+04 5.384500000000000000e+04 5.131400000000000000e+04 4.447900000000000000e+04 2.271535019692964852e+01 1.214000000000000000e+03
1.240000000000000000e+02 -4.210000000000000000e+02 -7.700000000000000000e+01 4.764700000000000000e+04 5.299800000000000000e+04 5.237500000000000000e+04 4.586000000000000000e+04 2.272556846402585506e+01 1.214000000000000000e+03
-6.800000000000000000e+01 -3.240000000000000000e+02 -1.400000000000000000e+01 4.734900000000000000e+04 5.214200000000000000e+04 5.304200000000000000e+04 4.693700000000000000e+04 2.273432179098017514e+01 1.214000000000000000e+03
-2.640000000000000000e+02 -2.610000000000000000e+02 2.700000000000000000e+01 4.720300000000000000e+04 5.152300000000000000e+04 5.368600000000000000e+04 4.773800000000000000e+04 2.274781367892865092e+01 1.214000000000000000e+03
-2.880000000000000000e+02 -1.790000000000000000e+02 8.500000000000000000e+01 4.800800000000000000e+04 5.103000000000000000e+04 5.368000000000000000e+04 4.788200000000000000e+04 2.275514956994447857e+01 7.700000000000000000e+02
-3.010000000000000000e+02 -4.600000000000000000e+01 1.510000000000000000e+02 4.918300000000000000e+04 5.084300000000000000e+04 5.375100000000000000e+04 4.845600000000000000e+04 2.276477439701557159e+01 7.700000000000000000e+02
-2.710000000000000000e+02 1.530000000000000000e+02 1.730000000000000000e+02 5.042600000000000000e+04 4.996500000000000000e+04 5.332000000000000000e+04 4.913700000000000000e+04 2.277431527897715569e+01 7.700000000000000000e+02
-2.430000000000000000e+02 4.150000000000000000e+02 1.870000000000000000e+02 5.223400000000000000e+04 4.808800000000000000e+04 5.201700000000000000e+04 5.084300000000000000e+04 2.278590062900912017e+01 7.700000000000000000e+02
-1.920000000000000000e+02 6.090000000000000000e+02 2.210000000000000000e+02 5.342300000000000000e+04 4.824000000000000000e+04 5.120000000000000000e+04 5.075700000000000000e+04 2.279606424598023295e+01 7.700000000000000000e+02
-1.010000000000000000e+02 6.560000000000000000e+02 2.330000000000000000e+02 5.435000000000000000e+04 4.943000000000000000e+04 5.040800000000000000e+04 4.942900000000000000e+04 2.280568843602668494e+01 7.700000000000000000e+02
-2.700000000000000000e+01 5.680000000000000000e+02 2.590000000000000000e+02 5.427500000000000000e+04 4.936800000000000000e+04 5.087500000000000000e+04 4.924800000000000000e+04 2.281623199197929353e+01 7.540000000000000000e+02
-3.200000000000000000e+01 4.890000000000000000e+02 2.500000000000000000e+02 5.645600000000000000e+04 4.715700000000000000e+04 5.229000000000000000e+04 4.869100000000000000e+04 2.282549007295165211e+01 7.540000000000000000e+02
-1.000000000000000000e+01 3.170000000000000000e+02 2.350000000000000000e+02 5.609900000000000000e+04 4.818100000000000000e+04 5.297200000000000000e+04 4.771500000000000000e+04 2.283363286696840078e+01 7.540000000000000000e+02
-8.900000000000000000e+01 1.810000000000000000e+02 2.170000000000000000e+02 5.567500000000000000e+04 4.848100000000000000e+04 5.368800000000000000e+04 4.778800000000000000e+04 2.284477280301507562e+01 7.540000000000000000e+02
-1.830000000000000000e+02 -7.000000000000000000e+00 1.680000000000000000e+02 5.438600000000000000e+04 4.907600000000000000e+04 5.474000000000000000e+04 4.784300000000000000e+04 2.285376505798194557e+01 7.430000000000000000e+02
-3.790000000000000000e+02 -1.220000000000000000e+02 1.450000000000000000e+02 5.311100000000000000e+04 4.950400000000000000e+04 5.587000000000000000e+04 4.922300000000000000e+04 2.286485512799117714e+01 7.430000000000000000e+02
-5.470000000000000000e+02 -3.030000000000000000e+02 1.060000000000000000e+02 5.113800000000000000e+04 4.992100000000000000e+04 5.660600000000000000e+04 4.969400000000000000e+04 2.287398017500527203e+01 7.430000000000000000e+02
-6.560000000000000000e+02 -4.370000000000000000e+02 9.200000000000000000e+01 4.940000000000000000e+04 4.994100000000000000e+04 5.720700000000000000e+04 5.042600000000000000e+04 2.288362333597615361e+01 7.430000000000000000e+02
-7.680000000000000000e+02 -5.520000000000000000e+02 8.200000000000000000e+01 4.773000000000000000e+04 5.005700000000000000e+04 5.767300000000000000e+04 5.045400000000000000e+04 2.289407675294205546e+01 7.430000000000000000e+02
-7.710000000000000000e+02 -6.230000000000000000e+02 6.700000000000000000e+01 4.690800000000000000e+04 5.015400000000000000e+04 5.783400000000000000e+04 5.047700000000000000e+04 2.290383463096804917e+01 7.430000000000000000e+02
-7.730000000000000000e+02 -7.020000000000000000e+02 5.500000000000000000e+01 4.616200000000000000e+04 5.051900000000000000e+04 5.795000000000000000e+04 5.018700000000000000e+04 2.291380657698027790e+01 7.440000000000000000e+02
-7.000000000000000000e+02 -7.550000000000000000e+02 5.500000000000000000e+01 4.523500000000000000e+04 5.048900000000000000e+04 5.789700000000000000e+04 4.966800000000000000e+04 2.292372106201946735e+01 7.440000000000000000e+02
-5.700000000000000000e+02 -6.850000000000000000e+02 2.500000000000000000e+01 4.651300000000000000e+04 5.116300000000000000e+04 5.761600000000000000e+04 4.913400000000000000e+04 2.293356198701076210e+01 7.440000000000000000e+02
-4.160000000000000000e+02 -6.840000000000000000e+02 2.200000000000000000e+01 4.700500000000000000e+04 5.191200000000000000e+04 5.713500000000000000e+04 4.850300000000000000e+04 2.294354921195190400e+01 7.440000000000000000e+02
-2.700000000000000000e+02 -5.410000000000000000e+02 2.000000000000000000e+01 4.783500000000000000e+04 5.193700000000000000e+04 5.677400000000000000e+04 4.831900000000000000e+04 2.295399453700520098e+01 7.470000000000000000e+02
-1.020000000000000000e+02 -4.710000000000000000e+02 1.000000000000000000e+01 4.891500000000000000e+04 5.134000000000000000e+04 5.570600000000000000e+04 4.760600000000000000e+04 2.296383887098636478e+01 7.470000000000000000e+02
5.700000000000000000e+01 -2.850000000000000000e+02 2.800000000000000000e+01 5.035300000000000000e+04 5.172800000000000000e+04 5.444400000000000000e+04 4.696100000000000000e+04 2.297375059197656810e+01 7.470000000000000000e+02
1.840000000000000000e+02 -1.220000000000000000e+02 2.000000000000000000e+00 5.150900000000000000e+04 5.115800000000000000e+04 5.300600000000000000e+04 4.763900000000000000e+04 2.298378333996515721e+01 7.470000000000000000e+02
2.570000000000000000e+02 2.200000000000000000e+01 -3.000000000000000000e+01 5.234600000000000000e+04 5.075000000000000000e+04 5.152700000000000000e+04 4.853300000000000000e+04 2.299401087302248925e+01 7.470000000000000000e+02
2.960000000000000000e+02 2.110000000000000000e+02 -5.200000000000000000e+01 5.270700000000000000e+04 5.047500000000000000e+04 5.004600000000000000e+04 4.926300000000000000e+04 2.300474352901801467e+01 7.470000000000000000e+02
2.820000000000000000e+02 3.090000000000000000e+02 -7.400000000000000000e+01 5.303400000000000000e+04 4.978900000000000000e+04 4.872100000000000000e+04 5.046400000000000000e+04 2.301347192295361310e+01 7.490000000000000000e+02
2.910000000000000000e+02 3.350000000000000000e+02 -7.100000000000000000e+01 5.262500000000000000e+04 4.898100000000000000e+04 4.767400000000000000e+04 5.027300000000000000e+04 2.302400460292119533e+01 7.490000000000000000e+02
2.330000000000000000e+02 2.760000000000000000e+02 -3.100000000000000000e+01 5.207100000000000000e+04 4.935600000000000000e+04 4.847100000000000000e+04 4.953900000000000000e+04 2.303331805800553411e+01 7.490000000000000000e+02
1.970000000000000000e+02 1.240000000000000000e+02 -2.500000000000000000e+01 5.116700000000000000e+04 4.890000000000000000e+04 4.969700000000000000e+04 4.917900000000000000e+04 2.304333614895585924e+01 7.490000000000000000e+02
1.150000000000000000e+02 -7.000000000000000000e+00 1.000000000000000000e+00 5.028400000000000000e+04 4.829900000000000000e+04 5.087400000000000000e+04 4.888800000000000000e+04 2.305439864192157984e+01 7.480000000000000000e+02
5.200000000000000000e+01 -2.190000000000000000e+02 1.800000000000000000e+01 4.868800000000000000e+04 4.888700000000000000e+04 5.206400000000000000e+04 4.685200000000000000e+04 2.306397253798786551e+01 7.480000000000000000e+02
-3.500000000000000000e+01 -2.870000000000000000e+02 2.200000000000000000e+01 4.766800000000000000e+04 4.848500000000000000e+04 5.305700000000000000e+04 4.672800000000000000e+04 2.307341907301452011e+01 7.480000000000000000e+02
-1.360000000000000000e+02 -3.680000000000000000e+02 1.000000000000000000e+00 4.662200000000000000e+04 4.800600000000000000e+04 5.372400000000000000e+04 4.674200000000000000e+04 2.308385148493107408e+01 7.480000000000000000e+02
-1.200000000000000000e+02 -4.180000000000000000e+02 3.800000000000000000e+01 4.661200000000000000e+04 4.854400000000000000e+04 5.363000000000000000e+04 4.618300000000000000e+04 2.309313338191714138e+01 7.480000000000000000e+02
-1.430000000000000000e+02 -4.730000000000000000e+02 3.400000000000000000e+01 4.576700000000000000e+04 4.778000000000000000e+04 5.407300000000000000e+04 4.657900000000000000e+04 2.310519678797572851e+01 7.480000000000000000e+02
-1.100000000000000000e+02 -4.250000000000000000e+02 2.500000000000000000e+01 4.621600000000000000e+04 4.819200000000000000e+04 5.396700000000000000e+04 4.591600000000000000e+04 2.311413398198783398e+01 7.470000000000000000e+02
-1.290000000000000000e+02 -4.340000000000000000e+02 4.100000000000000000e+01 4.620000000000000000e+04 4.746200000000000000e+04 5.402100000000000000e+04 4.648300000000000000e+04 2.312471498793456703e+01 7.470000000000000000e+02
-9.300000000000000000e+01 -3.450000000000000000e+02 2.100000000000000000e+01 4.681100000000000000e+04 4.748600000000000000e+04 5.354000000000000000e+04 4.655900000000000000e+04 2.313375237095169723e+01 7.470000000000000000e+02
-3.600000000000000000e+01 -2.780000000000000000e+02 -8.000000000000000000e+00 4.688300000000000000e+04 4.722600000000000000e+04 5.325900000000000000e+04 4.716700000000000000e+04 2.314701193501241505e+01 7.470000000000000000e+02
1.600000000000000000e+01 -1.660000000000000000e+02 -2.600000000000000000e+01 4.782500000000000000e+04 4.737200000000000000e+04 5.216300000000000000e+04 4.761700000000000000e+04 2.315605808491818607e+01 7.470000000000000000e+02
8.400000000000000000e+01 -1.120000000000000000e+02 -5.200000000000000000e+01 4.782100000000000000e+04 4.782100000000000000e+04 5.163700000000000000e+04 4.786700000000000000e+04 2.316402972000651062e+01 7.470000000000000000e+02
1.470000000000000000e+02 -9.000000000000000000e+01 -7.500000000000000000e+01 4.795700000000000000e+04 4.829800000000000000e+04 5.101700000000000000e+04 4.802900000000000000e+04 2.317358826799318194e+01 7.470000000000000000e+02
2.120000000000000000e+02 -9.600000000000000000e+01 -8.000000000000000000e+01 4.826800000000000000e+04 4.894900000000000000e+04 5.037200000000000000e+04 4.777500000000000000e+04 2.318326347798574716e+01 7.470000000000000000e+02
2.110000000000000000e+02 -1.480000000000000000e+02 -8.500000000000000000e+01 4.776200000000000000e+04 4.956200000000000000e+04 5.042100000000000000e+04 4.762300000000000000e+04 2.319374079594854265e+01 7.470000000000000000e+02
2.730000000000000000e+02 -1.280000000000000000e+02 -1.010000000000000000e+02 4.792100000000000000e+04 4.977800000000000000e+04 5.019300000000000000e+04 4.754500000000000000e+04 2.320368956902530044e+01 7.470000000000000000e+02
2.600000000000000000e+02 -1.460000000000000000e+02 -1.090000000000000000e+02 4.804300000000000000e+04 5.000700000000000000e+04 4.994600000000000000e+04 4.795700000000000000e+04 2.321348990197293460e+01 7.490000000000000000e+02
2.910000000000000000e+02 -8.000000000000000000e+01 -1.350000000000000000e+02 4.838200000000000000e+04 5.053200000000000000e+04 4.932300000000000000e+04 4.777800000000000000e+04 2.322383808693848550e+01 7.490000000000000000e+02
2.750000000000000000e+02 -6.900000000000000000e+01 -1.590000000000000000e+02 4.730800000000000000e+04 5.039300000000000000e+04 4.983800000000000000e+04 4.877200000000000000e+04 2.323397431592456996e+01 7.490000000000000000e+02
2.030000000000000000e+02 -8.200000000000000000e+01 -1.470000000000000000e+02 4.738900000000000000e+04 5.049400000000000000e+04 4.938400000000000000e+04 4.912500000000000000e+04 2.324439396301750094e+01 7.490000000000000000e+02
1.450000000000000000e+02 -9.800000000000000000e+01 -1.410000000000000000e+02 4.684000000000000000e+04 5.056700000000000000e+04 4.996200000000000000e+04 4.901600000000000000e+04 2.325624611100647599e+01 7.490000000000000000e+02
5.900000000000000000e+01 -1.480000000000000000e+02 -1.390000000000000000e+02 4.593300000000000000e+04 5.001700000000000000e+04 5.083800000000000000e+04 4.979600000000000000e+04 2.326340204302687198e+01 7.490000000000000000e+02
6.700000000000000000e+01 -1.440000000000000000e+02 -1.500000000000000000e+02 4.602100000000000000e+04 5.014200000000000000e+04 5.088400000000000000e+04 4.965800000000000000e+04 2.327305815601721406e+01 7.490000000000000000e+02
1.000000000000000000e+00 -1.900000000000000000e+02 -1.300000000000000000e+02 4.520000000000000000e+04 4.996700000000000000e+04 5.151400000000000000e+04 4.985800000000000000e+04 2.328391051199287176e+01 7.490000000000000000e+02
2.900000000000000000e+01 -2.360000000000000000e+02 -1.330000000000000000e+02 4.469500000000000000e+04 5.057600000000000000e+04 5.192400000000000000e+04 4.919700000000000000e+04 2.329315241798758507e+01 7.490000000000000000e+02
6.000000000000000000e+01 -2.680000000000000000e+02 -1.200000000000000000e+02 4.475800000000000000e+04 5.070300000000000000e+04 5.207400000000000000e+04 4.890100000000000000e+04 2.330359872593544424e+01 7.490000000000000000e+02
1.120000000000000000e+02 -2.780000000000000000e+02 -1.070000000000000000e+02 4.591900000000000000e+04 5.110500000000000000e+04 5.161600000000000000e+04 4.867500000000000000e+04 2.331352992902975529e+01 7.470000000000000000e+02
1.730000000000000000e+02 -2.330000000000000000e+02 -1.130000000000000000e+02 4.631300000000000000e+04 5.146500000000000000e+04 5.138400000000000000e+04 4.813700000000000000e+04 2.332325825898442417e+01 7.470000000000000000e+02
2.140000000000000000e+02 -2.120000000000000000e+02 -1.070000000000000000e+02 4.712100000000000000e+04 5.122900000000000000e+04 5.077500000000000000e+04 4.865300000000000000e+04 2.333363933302462101e+01 7.470000000000000000e+02
2.100000000000000000e+02 -1.480000000000000000e+02 -1.180000000000000000e+02 4.722600000000000000e+04 5.134900000000000000e+04 5.067000000000000000e+04 4.873000000000000000e+04 2.334398052794858813e+01 7.470000000000000000e+02
2.620000000000000000e+02 -1.010000000000000000e+02 -1.210000000000000000e+02 4.759500000000000000e+04 5.103700000000000000e+04 5.024600000000000000e+04 4.912200000000000000e+04 2.335354096395894885e+01 7.480000000000000000e+02
2.200000000000000000e+02 -2.800000000000000000e+01 -1.060000000000000000e+02 4.815400000000000000e+04 5.090700000000000000e+04 4.983700000000000000e+04 4.929900000000000000e+04 2.336914412002079189e+01 7.480000000000000000e+02
2.300000000000000000e+02 1.700000000000000000e+01 -1.160000000000000000e+02 4.789100000000000000e+04 5.032400000000000000e+04 4.994600000000000000e+04 4.960500000000000000e+04 2.337541648501064628e+01 7.480000000000000000e+02
1.840000000000000000e+02 1.050000000000000000e+02 -1.080000000000000000e+02 4.835400000000000000e+04 4.945500000000000000e+04 4.944900000000000000e+04 5.039800000000000000e+04 2.338338597200345248e+01 7.480000000000000000e+02
1.760000000000000000e+02 1.180000000000000000e+02 -1.060000000000000000e+02 4.825300000000000000e+04 4.975800000000000000e+04 4.929100000000000000e+04 5.023100000000000000e+04 2.339351114397868514e+01 7.480000000000000000e+02
1.830000000000000000e+02 1.410000000000000000e+02 -1.170000000000000000e+02 4.841500000000000000e+04 4.974200000000000000e+04 4.891800000000000000e+04 5.026600000000000000e+04 2.340351721295155585e+01 7.480000000000000000e+02
1.710000000000000000e+02 9.600000000000000000e+01 -1.330000000000000000e+02 4.813000000000000000e+04 4.994900000000000000e+04 4.877100000000000000e+04 5.016300000000000000e+04 2.341353344800882041e+01 7.500000000000000000e+02
1.440000000000000000e+02 6.500000000000000000e+01 -1.390000000000000000e+02 4.722400000000000000e+04 5.012200000000000000e+04 4.911300000000000000e+04 5.029800000000000000e+04 2.342374444101005793e+01 7.500000000000000000e+02
9.000000000000000000e+01 4.000000000000000000e+01 -1.550000000000000000e+02 4.695800000000000000e+04 4.977000000000000000e+04 4.890200000000000000e+04 5.092900000000000000e+04 2.343307238002307713e+01 7.500000000000000000e+02
6.800000000000000000e+01 3.900000000000000000e+01 -1.640000000000000000e+02 4.588200000000000000e+04 5.031200000000000000e+04 4.949200000000000000e+04 5.059500000000000000e+04 2.344412752799689770e+01 7.500000000000000000e+02
4.700000000000000000e+01 -1.300000000000000000e+01 -1.720000000000000000e+02 4.582800000000000000e+04 5.026600000000000000e+04 4.917100000000000000e+04 5.081900000000000000e+04 2.345358945499174297e+01 7.480000000000000000e+02
1.000000000000000000e+02 6.000000000000000000e+00 -1.970000000000000000e+02 4.590900000000000000e+04 5.111400000000000000e+04 4.870500000000000000e+04 5.035400000000000000e+04 2.346357677096966654e+01 7.480000000000000000e+02
1.460000000000000000e+02 -4.200000000000000000e+01 -2.030000000000000000e+02 4.583300000000000000e+04 5.137700000000000000e+04 4.817400000000000000e+04 5.050200000000000000e+04 2.347357432998251170e+01 7.480000000000000000e+02
2.020000000000000000e+02 -4.700000000000000000e+01 -2.100000000000000000e+02 4.564400000000000000e+04 5.227000000000000000e+04 4.789100000000000000e+04 4.974000000000000000e+04 2.348303580202627927e+01 7.480000000000000000e+02
2.460000000000000000e+02 -9.300000000000000000e+01 -2.110000000000000000e+02 4.546800000000000000e+04 5.277400000000000000e+04 4.728600000000000000e+04 4.967500000000000000e+04 2.349286474299151450e+01 7.480000000000000000e+02
2.620000000000000000e+02 -7.100000000000000000e+01 -2.220000000000000000e+02 4.572800000000000000e+04 5.288700000000000000e+04 4.708200000000000000e+04 4.937800000000000000e+04 2.350302375992760062e+01 7.480000000000000000e+02
2.140000000000000000e+02 -8.900000000000000000e+01 -2.140000000000000000e+02 4.515900000000000000e+04 5.285600000000000000e+04 4.746600000000000000e+04 4.982500000000000000e+04 2.351349916995968670e+01 7.490000000000000000e+02
1.960000000000000000e+02 -7.100000000000000000e+01 -2.170000000000000000e+02 4.500600000000000000e+04 5.276300000000000000e+04 4.739800000000000000e+04 5.002600000000000000e+04 2.352315312100108713e+01 7.490000000000000000e+02
1.100000000000000000e+02 -4.000000000000000000e+01 -1.990000000000000000e+02 4.484200000000000000e+04 5.275200000000000000e+04 4.770200000000000000e+04 5.012700000000000000e+04 2.353323192393872887e+01 7.490000000000000000e+02
8.100000000000000000e+01 -3.900000000000000000e+01 -2.010000000000000000e+02 4.673100000000000000e+04 5.051600000000000000e+04 4.973100000000000000e+04 4.908300000000000000e+04 2.354317456693388522e+01 7.490000000000000000e+02
5.400000000000000000e+01 1.800000000000000000e+01 -1.830000000000000000e+02 4.712200000000000000e+04 5.044100000000000000e+04 4.932600000000000000e+04 4.919900000000000000e+04 2.355362777900882065e+01 7.500000000000000000e+02
6.000000000000000000e+00 2.600000000000000000e+01 -1.740000000000000000e+02 4.650000000000000000e+04 5.036600000000000000e+04 4.977900000000000000e+04 4.964500000000000000e+04 2.356339887797366828e+01 7.500000000000000000e+02
3.300000000000000000e+01 2.800000000000000000e+01 -1.600000000000000000e+02 4.516600000000000000e+04 5.150600000000000000e+04 4.803800000000000000e+04 5.059400000000000000e+04 2.357377394591458142e+01 7.500000000000000000e+02
0.000000000000000000e+00 2.700000000000000000e+01 -1.300000000000000000e+02 4.686200000000000000e+04 5.020400000000000000e+04 4.935600000000000000e+04 4.939600000000000000e+04 2.358276514394674450e+01 7.500000000000000000e+02
3.200000000000000000e+01 7.000000000000000000e+00 -1.250000000000000000e+02 4.573700000000000000e+04 5.137400000000000000e+04 4.831200000000000000e+04 5.007600000000000000e+04 2.359327262896113098e+01 7.500000000000000000e+02
2.100000000000000000e+01 -1.100000000000000000e+01 -9.800000000000000000e+01 4.670000000000000000e+04 5.037600000000000000e+04 4.954300000000000000e+04 4.918500000000000000e+04 2.360305519902613014e+01 7.500000000000000000e+02
-2.200000000000000000e+01 -1.500000000000000000e+01 -7.900000000000000000e+01 4.670500000000000000e+04 5.050400000000000000e+04 4.973000000000000000e+04 4.895600000000000000e+04 2.361342121195048094e+01 7.520000000000000000e+02
-3.700000000000000000e+01 -4.400000000000000000e+01 -8.000000000000000000e+01 4.649900000000000000e+04 5.029200000000000000e+04 5.035900000000000000e+04 4.899800000000000000e+04 2.362337623594794422e+01 7.520000000000000000e+02
-7.200000000000000000e+01 -4.900000000000000000e+01 -6.300000000000000000e+01 4.642200000000000000e+04 5.043100000000000000e+04 5.020800000000000000e+04 4.910400000000000000e+04 2.363394099194556475e+01 7.520000000000000000e+02
-1.150000000000000000e+02 -5.300000000000000000e+01 -6.900000000000000000e+01 4.588500000000000000e+04 5.050900000000000000e+04 5.058100000000000000e+04 4.909300000000000000e+04 2.364361476793419570e+01 7.520000000000000000e+02
-1.290000000000000000e+02 -1.700000000000000000e+01 -5.300000000000000000e+01 4.576500000000000000e+04 5.029300000000000000e+04 5.075600000000000000e+04 4.926100000000000000e+04 2.365309628495015204e+01 7.530000000000000000e+02
-9.500000000000000000e+01 -4.800000000000000000e+01 -4.300000000000000000e+01 4.619500000000000000e+04 5.061500000000000000e+04 5.038400000000000000e+04 4.900500000000000000e+04 2.366334857791662216e+01 7.530000000000000000e+02
-6.100000000000000000e+01 -3.200000000000000000e+01 -5.100000000000000000e+01 4.647700000000000000e+04 5.050700000000000000e+04 5.026600000000000000e+04 4.896700000000000000e+04 2.367400501493830234e+01 7.530000000000000000e+02
-3.800000000000000000e+01 1.100000000000000000e+01 -4.400000000000000000e+01 4.686400000000000000e+04 5.035100000000000000e+04 4.984400000000000000e+04 4.889700000000000000e+04 2.368336120597086847e+01 7.530000000000000000e+02
3.000000000000000000e+00 5.000000000000000000e+01 -4.100000000000000000e+01 4.671300000000000000e+04 5.024300000000000000e+04 4.983000000000000000e+04 4.916000000000000000e+04 2.369329565099906176e+01 7.530000000000000000e+02
3.400000000000000000e+01 6.900000000000000000e+01 -4.100000000000000000e+01 4.695900000000000000e+04 5.023300000000000000e+04 4.962200000000000000e+04 4.913400000000000000e+04 2.370472173998132348e+01 7.530000000000000000e+02
4.500000000000000000e+01 1.180000000000000000e+02 -5.200000000000000000e+01 4.758800000000000000e+04 5.038700000000000000e+04 4.911100000000000000e+04 4.928800000000000000e+04 2.371437259495723993e+01 7.520000000000000000e+02
7.300000000000000000e+01 1.380000000000000000e+02 -5.500000000000000000e+01 4.792500000000000000e+04 5.008400000000000000e+04 4.909300000000000000e+04 4.932200000000000000e+04 2.372414943098556250e+01 7.520000000000000000e+02
2.900000000000000000e+01 2.250000000000000000e+02 -3.700000000000000000e+01 4.821400000000000000e+04 4.974500000000000000e+04 4.858600000000000000e+04 5.014600000000000000e+04 2.373360247595701367e+01 7.520000000000000000e+02
5.000000000000000000e+01 2.370000000000000000e+02 -6.300000000000000000e+01 4.848800000000000000e+04 4.987700000000000000e+04 4.824300000000000000e+04 5.008900000000000000e+04 2.374301380501128733e+01 7.520000000000000000e+02
2.900000000000000000e+01 2.710000000000000000e+02 -3.900000000000000000e+01 4.879800000000000000e+04 4.970700000000000000e+04 4.795500000000000000e+04 5.021200000000000000e+04 2.375376710691489279e+01 7.600000000000000000e+02
3.900000000000000000e+01 2.330000000000000000e+02 -4.900000000000000000e+01 4.830700000000000000e+04 4.972600000000000000e+04 4.828600000000000000e+04 4.927300000000000000e+04 2.376341008197050542e+01 7.600000000000000000e+02
5.300000000000000000e+01 1.870000000000000000e+02 -4.600000000000000000e+01 4.761500000000000000e+04 4.988700000000000000e+04 4.836800000000000000e+04 4.932300000000000000e+04 2.377376732195261866e+01 7.600000000000000000e+02
4.400000000000000000e+01 1.150000000000000000e+02 -1.200000000000000000e+01 4.744000000000000000e+04 5.017300000000000000e+04 4.859400000000000000e+04 4.888900000000000000e+04 2.378310061199590564e+01 7.600000000000000000e+02
6.300000000000000000e+01 3.300000000000000000e+01 -6.000000000000000000e+00 4.730300000000000000e+04 5.043000000000000000e+04 4.888300000000000000e+04 4.841000000000000000e+04 2.379387180099729449e+01 7.600000000000000000e+02
5.300000000000000000e+01 -2.400000000000000000e+01 3.000000000000000000e+01 4.710500000000000000e+04 5.079300000000000000e+04 4.911000000000000000e+04 4.761300000000000000e+04 2.380331362597644329e+01 7.600000000000000000e+02
4.900000000000000000e+01 -4.700000000000000000e+01 1.700000000000000000e+01 4.722400000000000000e+04 5.048600000000000000e+04 4.921600000000000000e+04 4.806100000000000000e+04 2.381340212794020772e+01 7.560000000000000000e+02
9.000000000000000000e+00 -4.700000000000000000e+01 4.600000000000000000e+01 4.716200000000000000e+04 4.975000000000000000e+04 4.954100000000000000e+04 4.889400000000000000e+04 2.382394178898539394e+01 7.560000000000000000e+02
-2.000000000000000000e+00 -3.200000000000000000e+01 4.500000000000000000e+01 4.759800000000000000e+04 5.000200000000000000e+04 4.919100000000000000e+04 4.860000000000000000e+04 2.383347575995139778e+01 7.560000000000000000e+02
2.100000000000000000e+01 -6.000000000000000000e+00 6.800000000000000000e+01 4.780500000000000000e+04 5.018900000000000000e+04 4.914000000000000000e+04 4.827300000000000000e+04 2.384289855696260929e+01 7.560000000000000000e+02
1.400000000000000000e+01 5.300000000000000000e+01 6.900000000000000000e+01 4.833500000000000000e+04 5.009500000000000000e+04 4.886800000000000000e+04 4.849300000000000000e+04 2.385359665192663670e+01 7.550000000000000000e+02
3.200000000000000000e+01 8.200000000000000000e+01 7.100000000000000000e+01 4.864500000000000000e+04 5.001800000000000000e+04 4.877200000000000000e+04 4.863300000000000000e+04 2.386332154402043670e+01 7.550000000000000000e+02
2.000000000000000000e+01 1.530000000000000000e+02 9.500000000000000000e+01 4.927400000000000000e+04 4.956000000000000000e+04 4.830700000000000000e+04 4.903300000000000000e+04 2.387308530195150524e+01 7.550000000000000000e+02
5.000000000000000000e+00 1.570000000000000000e+02 1.050000000000000000e+02 4.910100000000000000e+04 4.998100000000000000e+04 4.871200000000000000e+04 4.847000000000000000e+04 2.388402122701518238e+01 7.550000000000000000e+02
2.300000000000000000e+01 1.570000000000000000e+02 1.240000000000000000e+02 4.933700000000000000e+04 4.952600000000000000e+04 4.892600000000000000e+04 4.856100000000000000e+04 2.389324199000839144e+01 7.550000000000000000e+02
-1.800000000000000000e+01 1.370000000000000000e+02 1.470000000000000000e+02 4.903400000000000000e+04 4.977100000000000000e+04 4.925500000000000000e+04 4.835800000000000000e+04 2.390301095298491418e+01 7.550000000000000000e+02
-3.200000000000000000e+01 9.800000000000000000e+01 1.280000000000000000e+02 4.945700000000000000e+04 4.890700000000000000e+04 4.954300000000000000e+04 4.861400000000000000e+04 2.391323596902657300e+01 7.550000000000000000e+02
-7.300000000000000000e+01 9.500000000000000000e+01 1.350000000000000000e+02 4.917500000000000000e+04 4.934100000000000000e+04 4.924800000000000000e+04 4.859400000000000000e+04 2.392364480195101351e+01 7.600000000000000000e+02
-8.400000000000000000e+01 5.600000000000000000e+01 1.270000000000000000e+02 4.880000000000000000e+04 4.963800000000000000e+04 4.967700000000000000e+04 4.827200000000000000e+04 2.393304012296721339e+01 7.600000000000000000e+02
-1.060000000000000000e+02 9.000000000000000000e+00 1.350000000000000000e+02 4.859000000000000000e+04 4.941800000000000000e+04 4.992700000000000000e+04 4.849000000000000000e+04 2.394426316197495908e+01 7.600000000000000000e+02
-1.080000000000000000e+02 -8.000000000000000000e+00 1.290000000000000000e+02 4.871100000000000000e+04 4.990000000000000000e+04 4.995200000000000000e+04 4.792000000000000000e+04 2.395382209098897874e+01 7.600000000000000000e+02
-6.200000000000000000e+01 -7.100000000000000000e+01 1.250000000000000000e+02 4.849600000000000000e+04 5.060900000000000000e+04 5.049100000000000000e+04 4.738900000000000000e+04 2.396366238791961223e+01 7.560000000000000000e+02
-4.000000000000000000e+01 -9.100000000000000000e+01 1.400000000000000000e+02 4.899800000000000000e+04 5.004200000000000000e+04 5.003300000000000000e+04 4.780600000000000000e+04 2.397347509197425097e+01 7.560000000000000000e+02
-8.700000000000000000e+01 -4.300000000000000000e+01 1.550000000000000000e+02 4.939000000000000000e+04 4.995100000000000000e+04 4.983600000000000000e+04 4.783000000000000000e+04 2.398268186498899013e+01 7.560000000000000000e+02
-1.050000000000000000e+02 -4.100000000000000000e+01 1.620000000000000000e+02 4.917500000000000000e+04 4.992700000000000000e+04 5.019300000000000000e+04 4.776200000000000000e+04 2.399434615799691528e+01 7.560000000000000000e+02
