-5.200000000000000000e+01 -2.500000000000000000e+01 6.200000000000000000e+01 5.153500000000000000e+04 4.759700000000000000e+04 5.253700000000000000e+04 4.753400000000000000e+04 2.450185384007636458e+01 7.680000000000000000e+02
-4.000000000000000000e+01 -3.500000000000000000e+01 7.500000000000000000e+01 5.118300000000000000e+04 4.810500000000000000e+04 5.201400000000000000e+04 4.823400000000000000e+04 2.451164781302213669e+01 7.640000000000000000e+02
-4.400000000000000000e+01 -7.000000000000000000e+01 8.400000000000000000e+01 5.170600000000000000e+04 4.788600000000000000e+04 5.304900000000000000e+04 4.752000000000000000e+04 2.452245424711145461e+01 7.640000000000000000e+02
-4.600000000000000000e+01 -5.200000000000000000e+01 6.600000000000000000e+01 5.155500000000000000e+04 4.793400000000000000e+04 5.328600000000000000e+04 4.741900000000000000e+04 2.453266442602034658e+01 7.640000000000000000e+02
-2.000000000000000000e+01 -5.700000000000000000e+01 8.100000000000000000e+01 5.147200000000000000e+04 4.859800000000000000e+04 5.252800000000000000e+04 4.829800000000000000e+04 2.454402363102417439e+01 7.640000000000000000e+02
-1.500000000000000000e+01 -5.500000000000000000e+01 7.000000000000000000e+01 5.098900000000000000e+04 4.895600000000000000e+04 5.301200000000000000e+04 4.792400000000000000e+04 2.455168175103608519e+01 7.640000000000000000e+02
-3.200000000000000000e+01 -1.300000000000000000e+01 6.500000000000000000e+01 5.147000000000000000e+04 4.818000000000000000e+04 5.256900000000000000e+04 4.856200000000000000e+04 2.456187695299740881e+01 7.660000000000000000e+02
-3.300000000000000000e+01 2.000000000000000000e+00 6.700000000000000000e+01 5.170100000000000000e+04 4.845100000000000000e+04 5.218100000000000000e+04 4.821500000000000000e+04 2.457211260602343827e+01 7.660000000000000000e+02
-1.600000000000000000e+01 3.900000000000000000e+01 6.700000000000000000e+01 5.180500000000000000e+04 4.812700000000000000e+04 5.216500000000000000e+04 4.848600000000000000e+04 2.458200096606742591e+01 7.660000000000000000e+02
-1.100000000000000000e+01 4.300000000000000000e+01 6.400000000000000000e+01 5.156200000000000000e+04 4.801100000000000000e+04 5.228600000000000000e+04 4.841900000000000000e+04 2.459188866603653878e+01 7.660000000000000000e+02
-3.900000000000000000e+01 5.500000000000000000e+01 6.200000000000000000e+01 5.190000000000000000e+04 4.786500000000000000e+04 5.209500000000000000e+04 4.876200000000000000e+04 2.460120780509896576e+01 7.660000000000000000e+02
-2.600000000000000000e+01 4.500000000000000000e+01 7.200000000000000000e+01 5.179400000000000000e+04 4.802000000000000000e+04 5.223800000000000000e+04 4.855400000000000000e+04 2.461120836110785604e+01 7.700000000000000000e+02
-3.700000000000000000e+01 8.000000000000000000e+00 7.400000000000000000e+01 5.097500000000000000e+04 4.717900000000000000e+04 5.263000000000000000e+04 4.865900000000000000e+04 2.462127106206025928e+01 7.700000000000000000e+02
-5.100000000000000000e+01 -2.000000000000000000e+00 6.600000000000000000e+01 4.982100000000000000e+04 4.941200000000000000e+04 5.265700000000000000e+04 4.788600000000000000e+04 2.463152044906746596e+01 7.700000000000000000e+02
-2.800000000000000000e+01 -6.000000000000000000e+00 6.000000000000000000e+01 5.084600000000000000e+04 4.789400000000000000e+04 5.271500000000000000e+04 4.797700000000000000e+04 2.464218427008017898e+01 7.700000000000000000e+02
-1.300000000000000000e+01 6.000000000000000000e+00 5.600000000000000000e+01 5.156800000000000000e+04 4.706400000000000000e+04 5.202900000000000000e+04 4.877100000000000000e+04 2.465166316705290228e+01 7.700000000000000000e+02
-2.300000000000000000e+01 1.000000000000000000e+01 4.700000000000000000e+01 5.111000000000000000e+04 4.754100000000000000e+04 5.248000000000000000e+04 4.820800000000000000e+04 2.466115585307125002e+01 7.650000000000000000e+02
-2.000000000000000000e+00 2.900000000000000000e+01 4.200000000000000000e+01 5.241600000000000000e+04 4.746200000000000000e+04 5.110700000000000000e+04 4.835000000000000000e+04 2.467232532205525786e+01 7.650000000000000000e+02
3.000000000000000000e+00 1.700000000000000000e+01 4.200000000000000000e+01 4.960200000000000000e+04 4.757700000000000000e+04 5.362800000000000000e+04 4.827200000000000000e+04 2.468165238900110126e+01 7.650000000000000000e+02
1.000000000000000000e+00 7.000000000000000000e+00 3.700000000000000000e+01 5.016600000000000000e+04 4.815000000000000000e+04 5.315800000000000000e+04 4.775700000000000000e+04 2.469110076804645360e+01 7.650000000000000000e+02
1.900000000000000000e+01 2.500000000000000000e+01 4.000000000000000000e+01 5.104500000000000000e+04 4.835800000000000000e+04 5.246200000000000000e+04 4.744700000000000000e+04 2.470154261204879731e+01 7.650000000000000000e+02
4.000000000000000000e+01 3.800000000000000000e+01 3.300000000000000000e+01 5.301000000000000000e+04 4.753700000000000000e+04 5.034100000000000000e+04 4.837400000000000000e+04 2.471214108809363097e+01 7.660000000000000000e+02
4.300000000000000000e+01 3.600000000000000000e+01 2.300000000000000000e+01 5.164000000000000000e+04 4.779200000000000000e+04 5.199000000000000000e+04 4.816700000000000000e+04 2.472203209204599261e+01 7.660000000000000000e+02
5.100000000000000000e+01 4.300000000000000000e+01 3.200000000000000000e+01 5.063500000000000000e+04 4.831100000000000000e+04 5.290100000000000000e+04 4.769800000000000000e+04 2.473104164900723845e+01 7.660000000000000000e+02
3.500000000000000000e+01 2.100000000000000000e+01 2.700000000000000000e+01 5.136700000000000000e+04 4.659100000000000000e+04 5.235300000000000000e+04 4.920800000000000000e+04 2.474206050706561655e+01 7.660000000000000000e+02
9.000000000000000000e+00 -4.000000000000000000e+00 3.500000000000000000e+01 5.157700000000000000e+04 4.827100000000000000e+04 5.210300000000000000e+04 4.766200000000000000e+04 2.475158169900532812e+01 7.660000000000000000e+02
2.900000000000000000e+01 1.500000000000000000e+01 2.600000000000000000e+01 5.169100000000000000e+04 4.832500000000000000e+04 5.222000000000000000e+04 4.781200000000000000e+04 2.476177286100573838e+01 7.630000000000000000e+02
2.500000000000000000e+01 -4.800000000000000000e+01 3.800000000000000000e+01 5.019000000000000000e+04 4.872800000000000000e+04 5.338700000000000000e+04 4.728800000000000000e+04 2.477133799309376627e+01 7.630000000000000000e+02
-2.000000000000000000e+00 -3.100000000000000000e+01 1.800000000000000000e+01 5.113800000000000000e+04 4.788500000000000000e+04 5.260800000000000000e+04 4.819800000000000000e+04 2.478129198402166367e+01 7.630000000000000000e+02
3.000000000000000000e+00 9.000000000000000000e+00 8.000000000000000000e+00 5.138400000000000000e+04 4.785600000000000000e+04 5.235100000000000000e+04 4.829200000000000000e+04 2.479117586300708354e+01 7.630000000000000000e+02
9.000000000000000000e+00 -1.600000000000000000e+01 1.600000000000000000e+01 5.130100000000000000e+04 4.782100000000000000e+04 5.245400000000000000e+04 4.831500000000000000e+04 2.480117005109786987e+01 7.630000000000000000e+02
-3.000000000000000000e+00 2.800000000000000000e+01 8.000000000000000000e+00 5.185400000000000000e+04 4.716100000000000000e+04 5.203900000000000000e+04 4.917400000000000000e+04 2.481093385710846633e+01 7.650000000000000000e+02
1.000000000000000000e+00 1.700000000000000000e+01 0.000000000000000000e+00 5.093500000000000000e+04 4.741000000000000000e+04 5.281800000000000000e+04 4.885000000000000000e+04 2.482141439709812403e+01 7.650000000000000000e+02
4.000000000000000000e+00 8.000000000000000000e+00 1.000000000000000000e+01 5.125300000000000000e+04 4.811000000000000000e+04 5.266200000000000000e+04 4.836900000000000000e+04 2.483139741304330528e+01 7.650000000000000000e+02
2.900000000000000000e+01 -3.000000000000000000e+00 2.000000000000000000e+00 5.129000000000000000e+04 4.804600000000000000e+04 5.260000000000000000e+04 4.850200000000000000e+04 2.484136383607983589e+01 7.650000000000000000e+02
1.200000000000000000e+01 -3.100000000000000000e+01 1.100000000000000000e+01 5.144600000000000000e+04 4.813900000000000000e+04 5.242800000000000000e+04 4.847100000000000000e+04 2.485164443205576390e+01 7.650000000000000000e+02
1.000000000000000000e+01 -2.200000000000000000e+01 1.000000000000000000e+01 5.149100000000000000e+04 4.810600000000000000e+04 5.223100000000000000e+04 4.817700000000000000e+04 2.486197265400551260e+01 7.650000000000000000e+02
6.900000000000000000e+01 -3.000000000000000000e+01 -1.200000000000000000e+01 5.184400000000000000e+04 4.928200000000000000e+04 5.188100000000000000e+04 4.698900000000000000e+04 2.487094677705317736e+01 7.650000000000000000e+02
4.700000000000000000e+01 -6.100000000000000000e+01 -1.700000000000000000e+01 5.115400000000000000e+04 4.832300000000000000e+04 5.231800000000000000e+04 4.795900000000000000e+04 2.488230610708706081e+01 7.650000000000000000e+02
3.200000000000000000e+01 -3.300000000000000000e+01 -1.300000000000000000e+01 5.120200000000000000e+04 4.819100000000000000e+04 5.233800000000000000e+04 4.797400000000000000e+04 2.489100565004628152e+01 7.650000000000000000e+02
4.900000000000000000e+01 -2.700000000000000000e+01 -2.100000000000000000e+01 5.113800000000000000e+04 4.814500000000000000e+04 5.227500000000000000e+04 4.818000000000000000e+04 2.490180125704500824e+01 7.650000000000000000e+02
2.000000000000000000e+01 -4.100000000000000000e+01 -1.600000000000000000e+01 5.134900000000000000e+04 4.813100000000000000e+04 5.210800000000000000e+04 4.820400000000000000e+04 2.491115307901054621e+01 7.670000000000000000e+02
-6.000000000000000000e+00 -8.000000000000000000e+00 -2.100000000000000000e+01 5.106900000000000000e+04 4.780400000000000000e+04 5.228200000000000000e+04 4.835800000000000000e+04 2.492215286009013653e+01 7.670000000000000000e+02
8.000000000000000000e+00 -2.300000000000000000e+01 -2.000000000000000000e+01 5.103100000000000000e+04 4.791700000000000000e+04 5.232600000000000000e+04 4.826200000000000000e+04 2.493183724302798510e+01 7.670000000000000000e+02
-3.700000000000000000e+01 -3.200000000000000000e+01 -1.700000000000000000e+01 5.180700000000000000e+04 4.932500000000000000e+04 5.166400000000000000e+04 4.703600000000000000e+04 2.494127473409753293e+01 7.670000000000000000e+02
-3.600000000000000000e+01 -3.800000000000000000e+01 -1.600000000000000000e+01 4.746400000000000000e+04 4.904200000000000000e+04 5.489400000000000000e+04 4.720500000000000000e+04 2.495107050810474902e+01 7.670000000000000000e+02
-3.600000000000000000e+01 -1.000000000000000000e+01 -3.000000000000000000e+01 5.077800000000000000e+04 4.816300000000000000e+04 5.269900000000000000e+04 4.845600000000000000e+04 2.496122954599559307e+01 7.620000000000000000e+02
-3.300000000000000000e+01 3.100000000000000000e+01 -2.500000000000000000e+01 5.163600000000000000e+04 4.757500000000000000e+04 5.195600000000000000e+04 4.898400000000000000e+04 2.497079998103436083e+01 7.620000000000000000e+02
-1.000000000000000000e+01 4.900000000000000000e+01 -3.600000000000000000e+01 5.064500000000000000e+04 4.970900000000000000e+04 5.266300000000000000e+04 4.669600000000000000e+04 2.498139560408890247e+01 7.620000000000000000e+02
0.000000000000000000e+00 5.300000000000000000e+01 -1.300000000000000000e+01 5.008400000000000000e+04 4.780100000000000000e+04 5.310000000000000000e+04 4.876300000000000000e+04 2.499150771507993340e+01 7.620000000000000000e+02
2.100000000000000000e+01 7.800000000000000000e+01 -2.300000000000000000e+01 5.108700000000000000e+04 4.815600000000000000e+04 5.235100000000000000e+04 4.860200000000000000e+04 2.500299331999849528e+01 7.620000000000000000e+02
2.100000000000000000e+01 9.500000000000000000e+01 -3.200000000000000000e+01 5.199700000000000000e+04 4.748200000000000000e+04 5.146300000000000000e+04 4.924200000000000000e+04 2.501111334410961717e+01 7.640000000000000000e+02
1.100000000000000000e+01 7.700000000000000000e+01 -1.600000000000000000e+01 5.252300000000000000e+04 4.663200000000000000e+04 5.083200000000000000e+04 4.990900000000000000e+04 2.502073493599891663e+01 7.640000000000000000e+02
3.400000000000000000e+01 7.200000000000000000e+01 -2.000000000000000000e+01 5.148400000000000000e+04 4.766000000000000000e+04 5.191200000000000000e+04 4.895400000000000000e+04 2.503187228110618889e+01 7.640000000000000000e+02
3.600000000000000000e+01 3.900000000000000000e+01 -2.600000000000000000e+01 5.105200000000000000e+04 5.150100000000000000e+04 5.244500000000000000e+04 4.476100000000000000e+04 2.504132461000699550e+01 7.640000000000000000e+02
3.500000000000000000e+01 1.700000000000000000e+01 -3.100000000000000000e+01 5.051500000000000000e+04 4.696100000000000000e+04 5.286300000000000000e+04 4.979500000000000000e+04 2.505166141199879348e+01 7.640000000000000000e+02
-5.000000000000000000e+00 -2.900000000000000000e+01 -1.800000000000000000e+01 5.119200000000000000e+04 4.843000000000000000e+04 5.210900000000000000e+04 4.815200000000000000e+04 2.506143133004661649e+01 7.640000000000000000e+02
3.000000000000000000e+00 -4.400000000000000000e+01 -2.500000000000000000e+01 5.144700000000000000e+04 4.784900000000000000e+04 5.181900000000000000e+04 4.880200000000000000e+04 2.507197782699950039e+01 7.640000000000000000e+02
1.600000000000000000e+01 -5.900000000000000000e+01 -2.100000000000000000e+01 5.072200000000000000e+04 4.884600000000000000e+04 5.235700000000000000e+04 4.763600000000000000e+04 2.508169907808769494e+01 7.640000000000000000e+02
-1.900000000000000000e+01 -9.400000000000000000e+01 -9.000000000000000000e+00 4.915000000000000000e+04 4.906100000000000000e+04 5.369400000000000000e+04 4.729200000000000000e+04 2.509128016408067197e+01 7.640000000000000000e+02
-3.000000000000000000e+01 -3.700000000000000000e+01 -1.700000000000000000e+01 5.155300000000000000e+04 4.787200000000000000e+04 5.164800000000000000e+04 4.852000000000000000e+04 2.510122487402986735e+01 7.640000000000000000e+02
-1.800000000000000000e+01 -4.600000000000000000e+01 -2.500000000000000000e+01 5.133500000000000000e+04 4.918400000000000000e+04 5.181500000000000000e+04 4.730400000000000000e+04 2.511145891307387501e+01 7.630000000000000000e+02
-4.500000000000000000e+01 -2.400000000000000000e+01 -2.900000000000000000e+01 5.009400000000000000e+04 4.772200000000000000e+04 5.304500000000000000e+04 4.896800000000000000e+04 2.512203733308706433e+01 7.630000000000000000e+02
-4.400000000000000000e+01 9.000000000000000000e+00 -3.000000000000000000e+01 4.845700000000000000e+04 4.999900000000000000e+04 5.420100000000000000e+04 4.665300000000000000e+04 2.513123891304712743e+01 7.630000000000000000e+02
-1.400000000000000000e+01 -1.400000000000000000e+01 -2.500000000000000000e+01 5.201200000000000000e+04 4.838800000000000000e+04 5.143200000000000000e+04 4.847200000000000000e+04 2.514107730099931359e+01 7.630000000000000000e+02
-3.500000000000000000e+01 4.800000000000000000e+01 -2.200000000000000000e+01 5.006300000000000000e+04 4.743000000000000000e+04 5.321200000000000000e+04 4.942700000000000000e+04 2.515088435402140021e+01 7.630000000000000000e+02
5.000000000000000000e+00 7.100000000000000000e+01 -2.200000000000000000e+01 5.236600000000000000e+04 4.807800000000000000e+04 5.115200000000000000e+04 4.891000000000000000e+04 2.516205939301289618e+01 7.620000000000000000e+02
1.100000000000000000e+01 5.000000000000000000e+01 -1.200000000000000000e+01 5.015700000000000000e+04 4.827200000000000000e+04 5.314200000000000000e+04 4.853200000000000000e+04 2.517151371703948826e+01 7.620000000000000000e+02
1.100000000000000000e+01 7.800000000000000000e+01 -2.200000000000000000e+01 5.141800000000000000e+04 4.789800000000000000e+04 5.197800000000000000e+04 4.898400000000000000e+04 2.518157325009815395e+01 7.620000000000000000e+02
1.800000000000000000e+01 5.100000000000000000e+01 -1.300000000000000000e+01 5.068700000000000000e+04 4.866900000000000000e+04 5.270600000000000000e+04 4.815400000000000000e+04 2.519124999607447535e+01 7.620000000000000000e+02
2.700000000000000000e+01 2.900000000000000000e+01 -6.000000000000000000e+00 5.082000000000000000e+04 4.777800000000000000e+04 5.261300000000000000e+04 4.904300000000000000e+04 2.520119804108981043e+01 7.620000000000000000e+02
4.700000000000000000e+01 2.100000000000000000e+01 -1.600000000000000000e+01 4.958200000000000000e+04 4.971300000000000000e+04 5.355300000000000000e+04 4.692900000000000000e+04 2.521195540204644203e+01 7.630000000000000000e+02
3.800000000000000000e+01 4.000000000000000000e+00 -9.000000000000000000e+00 5.230100000000000000e+04 4.741500000000000000e+04 5.118300000000000000e+04 4.948800000000000000e+04 2.522122991504147649e+01 7.630000000000000000e+02
4.100000000000000000e+01 -1.100000000000000000e+01 -7.000000000000000000e+00 5.095300000000000000e+04 4.857400000000000000e+04 5.257800000000000000e+04 4.828000000000000000e+04 2.523096520802937448e+01 7.630000000000000000e+02
5.400000000000000000e+01 -2.400000000000000000e+01 -1.400000000000000000e+01 5.155600000000000000e+04 4.910500000000000000e+04 5.204400000000000000e+04 4.771800000000000000e+04 2.524085926101543009e+01 7.630000000000000000e+02
2.500000000000000000e+01 -1.200000000000000000e+01 -8.000000000000000000e+00 5.060600000000000000e+04 4.845900000000000000e+04 5.279900000000000000e+04 4.855100000000000000e+04 2.525063998310361058e+01 7.630000000000000000e+02
4.700000000000000000e+01 -1.800000000000000000e+01 -2.100000000000000000e+01 5.016400000000000000e+04 4.940000000000000000e+04 5.329400000000000000e+04 4.762900000000000000e+04 2.526200137310661376e+01 7.610000000000000000e+02
4.000000000000000000e+00 -3.000000000000000000e+00 -1.700000000000000000e+01 5.067800000000000000e+04 4.737500000000000000e+04 5.281000000000000000e+04 4.969700000000000000e+04 2.527106957905925810e+01 7.610000000000000000e+02
0.000000000000000000e+00 1.000000000000000000e+00 5.000000000000000000e+00 5.131100000000000000e+04 4.909000000000000000e+04 5.217800000000000000e+04 4.772200000000000000e+04 2.528153588401619345e+01 7.610000000000000000e+02
7.000000000000000000e+00 1.600000000000000000e+01 -2.300000000000000000e+01 4.855500000000000000e+04 4.609800000000000000e+04 5.426300000000000000e+04 5.064600000000000000e+04 2.529155759606510401e+01 7.610000000000000000e+02
9.000000000000000000e+00 1.600000000000000000e+01 -1.300000000000000000e+01 4.967400000000000000e+04 4.842300000000000000e+04 5.351200000000000000e+04 4.856000000000000000e+04 2.530136591207701713e+01 7.610000000000000000e+02
1.900000000000000000e+01 1.100000000000000000e+01 -1.500000000000000000e+01 5.107400000000000000e+04 4.719000000000000000e+04 5.219900000000000000e+04 4.956200000000000000e+04 2.531240298401098698e+01 7.630000000000000000e+02
7.000000000000000000e+01 2.500000000000000000e+01 -1.300000000000000000e+01 5.155100000000000000e+04 4.826100000000000000e+04 5.195000000000000000e+04 4.863800000000000000e+04 2.532129405706655234e+01 7.630000000000000000e+02
7.600000000000000000e+01 -2.000000000000000000e+00 3.000000000000000000e+00 5.127700000000000000e+04 4.827700000000000000e+04 5.221300000000000000e+04 4.858700000000000000e+04 2.533131581707857549e+01 7.630000000000000000e+02
1.220000000000000000e+02 -4.000000000000000000e+00 -1.000000000000000000e+01 5.096900000000000000e+04 4.870900000000000000e+04 5.249900000000000000e+04 4.814800000000000000e+04 2.534041596809402108e+01 7.630000000000000000e+02
1.620000000000000000e+02 -2.800000000000000000e+01 -3.000000000000000000e+00 5.105800000000000000e+04 4.888900000000000000e+04 5.238800000000000000e+04 4.800600000000000000e+04 2.535305605304893106e+01 7.630000000000000000e+02
1.390000000000000000e+02 -6.900000000000000000e+01 1.000000000000000000e+01 5.086000000000000000e+04 4.889400000000000000e+04 5.260200000000000000e+04 4.795900000000000000e+04 2.536135461507365108e+01 7.610000000000000000e+02
1.540000000000000000e+02 -1.600000000000000000e+01 -1.300000000000000000e+01 5.105700000000000000e+04 4.869200000000000000e+04 5.232600000000000000e+04 4.812800000000000000e+04 2.537053645006380975e+01 7.610000000000000000e+02
1.530000000000000000e+02 -3.800000000000000000e+01 -5.000000000000000000e+00 5.087200000000000000e+04 4.883800000000000000e+04 5.255900000000000000e+04 4.785100000000000000e+04 2.538136361702345312e+01 7.610000000000000000e+02
9.600000000000000000e+01 -5.700000000000000000e+01 -2.000000000000000000e+00 5.078000000000000000e+04 4.869000000000000000e+04 5.255600000000000000e+04 4.810100000000000000e+04 2.539059333608020097e+01 7.610000000000000000e+02
9.200000000000000000e+01 -6.400000000000000000e+01 -2.000000000000000000e+00 5.067200000000000000e+04 4.895800000000000000e+04 5.261800000000000000e+04 4.787100000000000000e+04 2.540440094901714474e+01 7.610000000000000000e+02
6.400000000000000000e+01 -1.700000000000000000e+01 -2.400000000000000000e+01 5.053300000000000000e+04 4.889700000000000000e+04 5.272800000000000000e+04 4.795800000000000000e+04 2.541072662000078708e+01 7.670000000000000000e+02
2.900000000000000000e+01 -1.800000000000000000e+01 -6.000000000000000000e+00 5.027600000000000000e+04 4.818300000000000000e+04 5.266300000000000000e+04 4.824600000000000000e+04 2.542341040901374072e+01 7.670000000000000000e+02
-8.000000000000000000e+00 -5.000000000000000000e+00 -1.300000000000000000e+01 5.016400000000000000e+04 4.843600000000000000e+04 5.273200000000000000e+04 4.800000000000000000e+04 2.543060857104137540e+01 7.670000000000000000e+02
-4.100000000000000000e+01 2.000000000000000000e+01 -1.900000000000000000e+01 5.030500000000000000e+04 4.811700000000000000e+04 5.258300000000000000e+04 4.837000000000000000e+04 2.544196060299873352e+01 7.670000000000000000e+02
-3.400000000000000000e+01 5.100000000000000000e+01 -1.200000000000000000e+01 5.059300000000000000e+04 4.802500000000000000e+04 5.230800000000000000e+04 4.847900000000000000e+04 2.545051285705994815e+01 7.670000000000000000e+02
-3.400000000000000000e+01 5.500000000000000000e+01 -1.700000000000000000e+01 5.094900000000000000e+04 4.756000000000000000e+04 5.184500000000000000e+04 4.878100000000000000e+04 2.546063220803625882e+01 7.610000000000000000e+02
-3.200000000000000000e+01 7.700000000000000000e+01 -2.500000000000000000e+01 5.160700000000000000e+04 4.675400000000000000e+04 5.144800000000000000e+04 4.986200000000000000e+04 2.547045414405874908e+01 7.610000000000000000e+02
0.000000000000000000e+00 -2.000000000000000000e+01 -8.000000000000000000e+00 5.120800000000000000e+04 4.787400000000000000e+04 5.183400000000000000e+04 4.888200000000000000e+04 2.548100382008124143e+01 7.610000000000000000e+02
3.700000000000000000e+01 -1.120000000000000000e+02 -8.000000000000000000e+00 5.123600000000000000e+04 4.807400000000000000e+04 5.188700000000000000e+04 4.862200000000000000e+04 2.549100091808941215e+01 7.610000000000000000e+02
7.600000000000000000e+01 -2.150000000000000000e+02 -2.300000000000000000e+01 5.086200000000000000e+04 4.896100000000000000e+04 5.214700000000000000e+04 4.783600000000000000e+04 2.550112955900840461e+01 7.610000000000000000e+02
9.800000000000000000e+01 -2.790000000000000000e+02 -2.200000000000000000e+01 5.058900000000000000e+04 4.956900000000000000e+04 5.243300000000000000e+04 4.713700000000000000e+04 2.551063135603908449e+01 7.610000000000000000e+02
1.520000000000000000e+02 -3.060000000000000000e+02 -3.500000000000000000e+01 5.073700000000000000e+04 4.991800000000000000e+04 5.248400000000000000e+04 4.719400000000000000e+04 2.552037833200301975e+01 7.610000000000000000e+02
1.640000000000000000e+02 -3.610000000000000000e+02 -3.600000000000000000e+01 5.081500000000000000e+04 5.017600000000000000e+04 5.238800000000000000e+04 4.692900000000000000e+04 2.553166668210178614e+01 7.610000000000000000e+02
1.120000000000000000e+02 -3.260000000000000000e+02 -4.000000000000000000e+01 5.079500000000000000e+04 4.997800000000000000e+04 5.249100000000000000e+04 4.743300000000000000e+04 2.554091456509195268e+01 7.610000000000000000e+02
5.600000000000000000e+01 -3.270000000000000000e+02 -2.400000000000000000e+01 5.040500000000000000e+04 4.963900000000000000e+04 5.282100000000000000e+04 4.747600000000000000e+04 2.555071901308838278e+01 7.610000000000000000e+02
-3.200000000000000000e+01 -2.870000000000000000e+02 -1.900000000000000000e+01 5.049000000000000000e+04 4.917900000000000000e+04 5.270100000000000000e+04 4.802000000000000000e+04 2.556070185406133533e+01 5.360000000000000000e+02
-1.300000000000000000e+02 -1.680000000000000000e+02 -2.000000000000000000e+01 5.057800000000000000e+04 4.853400000000000000e+04 5.266800000000000000e+04 4.868200000000000000e+04 2.557070909906178713e+01 5.360000000000000000e+02
-1.730000000000000000e+02 -2.500000000000000000e+01 -2.900000000000000000e+01 5.080700000000000000e+04 4.771800000000000000e+04 5.240000000000000000e+04 4.943900000000000000e+04 2.558033060503657907e+01 5.360000000000000000e+02
-2.340000000000000000e+02 9.600000000000000000e+01 -2.400000000000000000e+01 5.118600000000000000e+04 4.708300000000000000e+04 5.171000000000000000e+04 5.000900000000000000e+04 2.559087282000109553e+01 5.360000000000000000e+02
-1.670000000000000000e+02 2.580000000000000000e+02 -1.700000000000000000e+01 5.212000000000000000e+04 4.638600000000000000e+04 5.075700000000000000e+04 5.044900000000000000e+04 2.560083905607461929e+01 5.360000000000000000e+02
-1.340000000000000000e+02 3.030000000000000000e+02 -1.800000000000000000e+01 5.254800000000000000e+04 4.604400000000000000e+04 5.020100000000000000e+04 5.056900000000000000e+04 2.561191011499613523e+01 0.000000000000000000e+00
-9.900000000000000000e+01 3.900000000000000000e+02 -3.600000000000000000e+01 5.236100000000000000e+04 4.637500000000000000e+04 5.014600000000000000e+04 5.034000000000000000e+04 2.562080898706335574e+01 0.000000000000000000e+00
-4.200000000000000000e+01 2.860000000000000000e+02 -2.900000000000000000e+01 5.205500000000000000e+04 4.643000000000000000e+04 5.028600000000000000e+04 5.018800000000000000e+04 2.563064690399914980e+01 0.000000000000000000e+00
-3.400000000000000000e+01 1.760000000000000000e+02 -5.800000000000000000e+01 5.177500000000000000e+04 4.737000000000000000e+04 5.058500000000000000e+04 4.933700000000000000e+04 2.564078131108544767e+01 0.000000000000000000e+00
2.000000000000000000e+00 6.700000000000000000e+01 -6.700000000000000000e+01 5.088600000000000000e+04 4.820100000000000000e+04 5.098200000000000000e+04 4.838900000000000000e+04 2.565082648408133537e+01 0.000000000000000000e+00
3.000000000000000000e+01 -6.400000000000000000e+01 -6.300000000000000000e+01 5.075700000000000000e+04 4.879000000000000000e+04 5.076500000000000000e+04 4.775000000000000000e+04 2.566045173304155469e+01 0.000000000000000000e+00
1.400000000000000000e+01 -1.100000000000000000e+02 -1.020000000000000000e+02 5.033600000000000000e+04 4.873100000000000000e+04 5.083800000000000000e+04 4.761700000000000000e+04 2.567195734509732574e+01 0.000000000000000000e+00
-4.100000000000000000e+01 -2.080000000000000000e+02 -9.700000000000000000e+01 4.938500000000000000e+04 4.921300000000000000e+04 5.126700000000000000e+04 4.713700000000000000e+04 2.568118473608046770e+01 0.000000000000000000e+00
-3.400000000000000000e+01 -2.490000000000000000e+02 -1.140000000000000000e+02 4.923400000000000000e+04 4.933900000000000000e+04 5.112000000000000000e+04 4.680200000000000000e+04 2.569094866199884564e+01 0.000000000000000000e+00
-4.200000000000000000e+01 -2.790000000000000000e+02 -9.800000000000000000e+01 4.829400000000000000e+04 4.965200000000000000e+04 5.152900000000000000e+04 4.611800000000000000e+04 2.570180825807619840e+01 0.000000000000000000e+00
-1.380000000000000000e+02 -2.470000000000000000e+02 -9.900000000000000000e+01 4.796300000000000000e+04 4.850600000000000000e+04 5.171300000000000000e+04 4.704200000000000000e+04 2.571033090108539909e+01 5.000000000000000000e+00
-2.270000000000000000e+02 -1.110000000000000000e+02 -9.400000000000000000e+01 4.856300000000000000e+04 4.690000000000000000e+04 5.131500000000000000e+04 4.884000000000000000e+04 2.572226832702290267e+01 5.000000000000000000e+00
-3.090000000000000000e+02 -1.500000000000000000e+01 -1.040000000000000000e+02 4.802000000000000000e+04 4.671300000000000000e+04 5.142300000000000000e+04 4.902500000000000000e+04 2.573038394609466195e+01 5.000000000000000000e+00
-3.350000000000000000e+02 1.410000000000000000e+02 -1.070000000000000000e+02 4.892300000000000000e+04 4.547100000000000000e+04 5.050400000000000000e+04 4.989900000000000000e+04 2.574089613906107843e+01 5.000000000000000000e+00
-3.180000000000000000e+02 1.940000000000000000e+02 -8.500000000000000000e+01 4.916800000000000000e+04 4.545600000000000000e+04 4.998700000000000000e+04 4.991800000000000000e+04 2.575107284600380808e+01 5.000000000000000000e+00
-2.420000000000000000e+02 1.920000000000000000e+02 -5.100000000000000000e+01 4.971800000000000000e+04 4.681300000000000000e+04 4.963100000000000000e+04 4.829300000000000000e+04 2.576069842407014221e+01 7.000000000000000000e+00
-2.310000000000000000e+02 1.800000000000000000e+02 -5.700000000000000000e+01 4.925500000000000000e+04 4.702600000000000000e+04 5.032600000000000000e+04 4.807400000000000000e+04 2.577069334208499640e+01 7.000000000000000000e+00
-2.390000000000000000e+02 1.250000000000000000e+02 -3.500000000000000000e+01 4.870400000000000000e+04 4.734000000000000000e+04 5.054800000000000000e+04 4.746500000000000000e+04 2.578062446601688862e+01 7.000000000000000000e+00
-2.480000000000000000e+02 8.300000000000000000e+01 -1.500000000000000000e+01 4.836800000000000000e+04 4.665500000000000000e+04 5.087500000000000000e+04 4.785200000000000000e+04 2.579041889205109328e+01 7.000000000000000000e+00
-2.570000000000000000e+02 8.200000000000000000e+01 -1.500000000000000000e+01 4.677500000000000000e+04 4.637600000000000000e+04 5.209700000000000000e+04 4.793100000000000000e+04 2.580147255107294768e+01 7.000000000000000000e+00
-2.330000000000000000e+02 1.410000000000000000e+02 1.000000000000000000e+00 4.704800000000000000e+04 4.636700000000000000e+04 5.179100000000000000e+04 4.780700000000000000e+04 2.581053221307229251e+01 1.100000000000000000e+01
-1.380000000000000000e+02 2.120000000000000000e+02 1.600000000000000000e+01 4.858300000000000000e+04 4.701600000000000000e+04 5.124900000000000000e+04 4.744400000000000000e+04 2.582013816805556417e+01 1.100000000000000000e+01
-6.500000000000000000e+01 3.180000000000000000e+02 2.000000000000000000e+01 4.927300000000000000e+04 4.775800000000000000e+04 5.073100000000000000e+04 4.674800000000000000e+04 2.583069336903281510e+01 1.100000000000000000e+01
2.000000000000000000e+00 4.450000000000000000e+02 1.400000000000000000e+01 5.008100000000000000e+04 4.788500000000000000e+04 5.001700000000000000e+04 4.666700000000000000e+04 2.584023941704072058e+01 1.100000000000000000e+01
1.900000000000000000e+01 5.780000000000000000e+02 6.000000000000000000e+00 5.095900000000000000e+04 4.638300000000000000e+04 4.896900000000000000e+04 4.816400000000000000e+04 2.585063369409181178e+01 1.100000000000000000e+01
2.000000000000000000e+01 6.720000000000000000e+02 5.000000000000000000e+00 5.092900000000000000e+04 4.618700000000000000e+04 4.886400000000000000e+04 4.802400000000000000e+04 2.586120378109626472e+01 1.800000000000000000e+01
5.000000000000000000e+00 7.230000000000000000e+02 1.000000000000000000e+00 5.091300000000000000e+04 4.753900000000000000e+04 4.933600000000000000e+04 4.746900000000000000e+04 2.587017324403859675e+01 1.800000000000000000e+01
-6.400000000000000000e+01 7.340000000000000000e+02 1.200000000000000000e+01 5.079400000000000000e+04 4.626600000000000000e+04 4.950900000000000000e+04 4.850300000000000000e+04 2.588192676706239581e+01 1.800000000000000000e+01
-1.170000000000000000e+02 7.320000000000000000e+02 1.500000000000000000e+01 5.052900000000000000e+04 4.590900000000000000e+04 4.970500000000000000e+04 4.885500000000000000e+04 2.589158145606052130e+01 1.800000000000000000e+01
-1.370000000000000000e+02 6.700000000000000000e+02 9.000000000000000000e+00 5.077800000000000000e+04 4.516300000000000000e+04 4.932500000000000000e+04 4.952500000000000000e+04 2.590066424000542611e+01 1.800000000000000000e+01
-1.910000000000000000e+02 6.260000000000000000e+02 -3.000000000000000000e+00 5.048600000000000000e+04 4.521000000000000000e+04 4.969600000000000000e+04 4.970700000000000000e+04 2.591036422702018172e+01 2.500000000000000000e+01
-1.910000000000000000e+02 5.090000000000000000e+02 -1.900000000000000000e+01 5.030700000000000000e+04 4.650800000000000000e+04 5.033200000000000000e+04 4.939000000000000000e+04 2.592060837207827717e+01 2.500000000000000000e+01
-1.470000000000000000e+02 3.820000000000000000e+02 -2.900000000000000000e+01 4.979800000000000000e+04 4.679600000000000000e+04 5.084800000000000000e+04 4.911900000000000000e+04 2.593045228801202029e+01 2.500000000000000000e+01
-9.700000000000000000e+01 2.210000000000000000e+02 -2.300000000000000000e+01 5.000700000000000000e+04 4.739700000000000000e+04 5.071800000000000000e+04 4.878000000000000000e+04 2.594034749804995954e+01 2.500000000000000000e+01
-5.500000000000000000e+01 6.300000000000000000e+01 -1.800000000000000000e+01 4.936300000000000000e+04 4.764700000000000000e+04 5.132900000000000000e+04 4.857900000000000000e+04 2.595076166302897036e+01 2.500000000000000000e+01
1.300000000000000000e+01 -4.900000000000000000e+01 -1.200000000000000000e+01 4.978400000000000000e+04 4.888700000000000000e+04 5.150300000000000000e+04 4.767300000000000000e+04 2.596056563209276646e+01 3.400000000000000000e+01
6.900000000000000000e+01 -8.300000000000000000e+01 1.100000000000000000e+01 5.024700000000000000e+04 4.897400000000000000e+04 5.121100000000000000e+04 4.751500000000000000e+04 2.597003621410112828e+01 3.400000000000000000e+01
1.110000000000000000e+02 -5.600000000000000000e+01 -5.000000000000000000e+00 5.058600000000000000e+04 4.849400000000000000e+04 5.080300000000000000e+04 4.820800000000000000e+04 2.598014315904583782e+01 3.400000000000000000e+01
1.560000000000000000e+02 -9.200000000000000000e+01 -5.000000000000000000e+00 5.074600000000000000e+04 4.920200000000000000e+04 5.071500000000000000e+04 4.752500000000000000e+04 2.599092621204908937e+01 3.400000000000000000e+01
1.950000000000000000e+02 -1.980000000000000000e+02 -1.100000000000000000e+01 5.033600000000000000e+04 5.041000000000000000e+04 5.112600000000000000e+04 4.630300000000000000e+04 2.600107661704532802e+01 3.400000000000000000e+01
1.880000000000000000e+02 -3.050000000000000000e+02 -3.100000000000000000e+01 4.951900000000000000e+04 5.103200000000000000e+04 5.195800000000000000e+04 4.588000000000000000e+04 2.601123551104683429e+01 4.100000000000000000e+01
1.060000000000000000e+02 -3.740000000000000000e+02 4.000000000000000000e+00 4.881000000000000000e+04 5.058400000000000000e+04 5.297100000000000000e+04 4.671400000000000000e+04 2.602050526801031083e+01 4.100000000000000000e+01
5.900000000000000000e+01 -3.770000000000000000e+02 -4.000000000000000000e+00 4.915200000000000000e+04 5.027200000000000000e+04 5.292500000000000000e+04 4.724600000000000000e+04 2.603026498202234507e+01 4.100000000000000000e+01
-1.000000000000000000e+01 -2.730000000000000000e+02 6.000000000000000000e+00 4.991900000000000000e+04 4.944200000000000000e+04 5.233300000000000000e+04 4.815800000000000000e+04 2.604078114405274391e+01 4.100000000000000000e+01
-7.400000000000000000e+01 -1.760000000000000000e+02 1.800000000000000000e+01 4.887300000000000000e+04 4.955600000000000000e+04 5.327900000000000000e+04 4.782900000000000000e+04 2.605064439703710377e+01 4.100000000000000000e+01
-1.560000000000000000e+02 -4.000000000000000000e+01 1.400000000000000000e+01 4.933700000000000000e+04 4.743000000000000000e+04 5.321200000000000000e+04 4.985900000000000000e+04 2.606032148702070117e+01 4.500000000000000000e+01
-1.960000000000000000e+02 8.700000000000000000e+01 2.100000000000000000e+01 4.992400000000000000e+04 4.644200000000000000e+04 5.264900000000000000e+04 5.054400000000000000e+04 2.606983606505673379e+01 4.500000000000000000e+01
-1.150000000000000000e+02 2.230000000000000000e+02 2.600000000000000000e+01 5.091300000000000000e+04 4.549400000000000000e+04 5.181000000000000000e+04 5.122800000000000000e+04 2.608050033310428262e+01 4.500000000000000000e+01
-5.800000000000000000e+01 2.520000000000000000e+02 3.300000000000000000e+01 5.174100000000000000e+04 4.555900000000000000e+04 5.098500000000000000e+04 5.114200000000000000e+04 2.609003467799630016e+01 4.500000000000000000e+01
4.500000000000000000e+01 3.050000000000000000e+02 3.200000000000000000e+01 5.239200000000000000e+04 4.575200000000000000e+04 5.036600000000000000e+04 5.085300000000000000e+04 2.610071999707724899e+01 4.500000000000000000e+01
1.460000000000000000e+02 1.640000000000000000e+02 3.600000000000000000e+01 5.284000000000000000e+04 4.720600000000000000e+04 5.004700000000000000e+04 4.941900000000000000e+04 2.611068248504307121e+01 4.900000000000000000e+01
1.830000000000000000e+02 5.200000000000000000e+01 3.600000000000000000e+01 5.206000000000000000e+04 4.850100000000000000e+04 5.100900000000000000e+04 4.817200000000000000e+04 2.612041349802166224e+01 4.900000000000000000e+01
2.260000000000000000e+02 -1.720000000000000000e+02 6.300000000000000000e+01 5.162900000000000000e+04 4.974200000000000000e+04 5.179800000000000000e+04 4.679800000000000000e+04 2.613140504201874137e+01 4.900000000000000000e+01
2.130000000000000000e+02 -2.440000000000000000e+02 5.100000000000000000e+01 5.151300000000000000e+04 4.989100000000000000e+04 5.230000000000000000e+04 4.607800000000000000e+04 2.614039355400018394e+01 4.900000000000000000e+01
1.700000000000000000e+02 -3.990000000000000000e+02 4.800000000000000000e+01 5.037800000000000000e+04 5.074300000000000000e+04 5.324800000000000000e+04 4.510900000000000000e+04 2.614990978501737118e+01 4.900000000000000000e+01
9.600000000000000000e+01 -4.750000000000000000e+02 4.200000000000000000e+01 4.893200000000000000e+04 5.085600000000000000e+04 5.409300000000000000e+04 4.495800000000000000e+04 2.616053231409750879e+01 5.500000000000000000e+01
2.300000000000000000e+01 -4.680000000000000000e+02 3.200000000000000000e+01 4.806500000000000000e+04 5.052200000000000000e+04 5.463600000000000000e+04 4.543200000000000000e+04 2.616994689707644284e+01 5.500000000000000000e+01
-3.500000000000000000e+01 -4.270000000000000000e+02 3.800000000000000000e+01 4.837100000000000000e+04 5.015300000000000000e+04 5.438400000000000000e+04 4.602200000000000000e+04 2.618109433411154896e+01 5.500000000000000000e+01
-2.200000000000000000e+01 -2.830000000000000000e+02 3.600000000000000000e+01 4.891400000000000000e+04 4.926900000000000000e+04 5.404400000000000000e+04 4.709000000000000000e+04 2.619089134002570063e+01 5.500000000000000000e+01
-4.800000000000000000e+01 -1.820000000000000000e+02 4.900000000000000000e+01 4.961900000000000000e+04 4.818900000000000000e+04 5.369100000000000000e+04 4.813600000000000000e+04 2.620043310208711773e+01 5.500000000000000000e+01
-3.600000000000000000e+01 -3.900000000000000000e+01 4.100000000000000000e+01 5.011700000000000000e+04 4.790100000000000000e+04 5.333000000000000000e+04 4.843200000000000000e+04 2.621145888802129775e+01 5.900000000000000000e+01
5.000000000000000000e+00 4.500000000000000000e+01 1.100000000000000000e+01 5.089600000000000000e+04 4.767700000000000000e+04 5.258400000000000000e+04 4.893600000000000000e+04 2.622193631809204817e+01 5.900000000000000000e+01
2.000000000000000000e+00 1.360000000000000000e+02 2.900000000000000000e+01 5.133300000000000000e+04 4.741100000000000000e+04 5.191300000000000000e+04 4.956900000000000000e+04 2.623367470200173557e+01 5.900000000000000000e+01
5.000000000000000000e+01 1.670000000000000000e+02 1.100000000000000000e+01 5.170200000000000000e+04 4.747300000000000000e+04 5.158200000000000000e+04 4.954900000000000000e+04 2.624214405403472483e+01 5.900000000000000000e+01
9.100000000000000000e+01 2.020000000000000000e+02 0.000000000000000000e+00 5.178900000000000000e+04 4.770500000000000000e+04 5.132300000000000000e+04 4.963000000000000000e+04 2.625016526610124856e+01 5.900000000000000000e+01
9.700000000000000000e+01 1.790000000000000000e+02 -1.000000000000000000e+01 5.201700000000000000e+04 4.753300000000000000e+04 5.069900000000000000e+04 5.013000000000000000e+04 2.626327919110190123e+01 6.000000000000000000e+01
1.300000000000000000e+02 6.700000000000000000e+01 -2.900000000000000000e+01 5.086500000000000000e+04 4.907900000000000000e+04 5.139600000000000000e+04 4.895300000000000000e+04 2.627339298906736076e+01 6.000000000000000000e+01
1.640000000000000000e+02 -4.400000000000000000e+01 -2.000000000000000000e+00 5.100900000000000000e+04 4.991200000000000000e+04 5.137900000000000000e+04 4.804200000000000000e+04 2.628354866208974272e+01 6.000000000000000000e+01
1.900000000000000000e+02 -1.630000000000000000e+02 1.200000000000000000e+01 5.088100000000000000e+04 5.016900000000000000e+04 5.197600000000000000e+04 4.728700000000000000e+04 2.629225521406624466e+01 6.000000000000000000e+01
2.250000000000000000e+02 -2.120000000000000000e+02 6.000000000000000000e+00 5.089800000000000000e+04 5.055000000000000000e+04 5.214900000000000000e+04 4.670900000000000000e+04 2.630089371406938881e+01 6.000000000000000000e+01
1.930000000000000000e+02 -2.640000000000000000e+02 1.000000000000000000e+01 5.109300000000000000e+04 5.121700000000000000e+04 5.206500000000000000e+04 4.620100000000000000e+04 2.631102410808671266e+01 6.900000000000000000e+01
1.950000000000000000e+02 -2.900000000000000000e+02 8.000000000000000000e+00 5.006100000000000000e+04 5.173000000000000000e+04 5.299900000000000000e+04 4.520300000000000000e+04 2.632253477303311229e+01 6.900000000000000000e+01
1.610000000000000000e+02 -2.910000000000000000e+02 1.800000000000000000e+01 4.992400000000000000e+04 5.162000000000000000e+04 5.335500000000000000e+04 4.509500000000000000e+04 2.633062593406066298e+01 6.900000000000000000e+01
5.100000000000000000e+01 -2.480000000000000000e+02 2.600000000000000000e+01 5.003900000000000000e+04 5.062200000000000000e+04 5.347400000000000000e+04 4.658900000000000000e+04 2.634187393100000918e+01 6.900000000000000000e+01
3.000000000000000000e+01 -1.280000000000000000e+02 2.000000000000000000e+01 5.051900000000000000e+04 4.967400000000000000e+04 5.308500000000000000e+04 4.787000000000000000e+04 2.635019142902456224e+01 6.900000000000000000e+01
-6.000000000000000000e+01 -1.160000000000000000e+02 3.500000000000000000e+01 5.014000000000000000e+04 4.921400000000000000e+04 5.325400000000000000e+04 4.801200000000000000e+04 2.636055132106412202e+01 7.500000000000000000e+01
-1.390000000000000000e+02 -1.400000000000000000e+01 3.200000000000000000e+01 4.954300000000000000e+04 4.858700000000000000e+04 5.391400000000000000e+04 4.840500000000000000e+04 2.637078623007982969e+01 7.500000000000000000e+01
-1.650000000000000000e+02 2.200000000000000000e+01 2.800000000000000000e+01 4.998600000000000000e+04 4.759100000000000000e+04 5.352300000000000000e+04 4.921800000000000000e+04 2.638011586002539843e+01 7.500000000000000000e+01
-1.920000000000000000e+02 5.700000000000000000e+01 4.200000000000000000e+01 5.025300000000000000e+04 4.751100000000000000e+04 5.347000000000000000e+04 4.955400000000000000e+04 2.639045387809164822e+01 7.500000000000000000e+01
-1.970000000000000000e+02 7.200000000000000000e+01 4.900000000000000000e+01 5.041000000000000000e+04 4.754400000000000000e+04 5.351100000000000000e+04 4.943400000000000000e+04 2.640029540599789470e+01 7.500000000000000000e+01
-9.800000000000000000e+01 1.070000000000000000e+02 5.300000000000000000e+01 5.079300000000000000e+04 4.740900000000000000e+04 5.360200000000000000e+04 4.915100000000000000e+04 2.641004725906532258e+01 8.100000000000000000e+01
-2.600000000000000000e+01 1.210000000000000000e+02 5.900000000000000000e+01 5.176600000000000000e+04 4.750900000000000000e+04 5.265100000000000000e+04 4.881000000000000000e+04 2.642097174003720284e+01 8.100000000000000000e+01
8.000000000000000000e+01 1.130000000000000000e+02 5.400000000000000000e+01 5.183200000000000000e+04 4.853100000000000000e+04 5.271600000000000000e+04 4.799700000000000000e+04 2.643113578506745398e+01 8.100000000000000000e+01
1.670000000000000000e+02 1.130000000000000000e+02 2.600000000000000000e+01 5.257800000000000000e+04 4.870300000000000000e+04 5.184600000000000000e+04 4.805200000000000000e+04 2.644018231309019029e+01 8.100000000000000000e+01
2.000000000000000000e+02 8.100000000000000000e+01 2.900000000000000000e+01 5.257600000000000000e+04 4.952800000000000000e+04 5.160900000000000000e+04 4.753700000000000000e+04 2.645140632404945791e+01 8.100000000000000000e+01
2.330000000000000000e+02 6.100000000000000000e+01 2.500000000000000000e+01 5.250300000000000000e+04 4.976000000000000000e+04 5.129900000000000000e+04 4.706400000000000000e+04 2.645965635310858488e+01 8.200000000000000000e+01
1.940000000000000000e+02 7.300000000000000000e+01 4.000000000000000000e+00 5.215500000000000000e+04 4.958200000000000000e+04 5.156200000000000000e+04 4.744200000000000000e+04 2.646998716809321195e+01 8.200000000000000000e+01
1.390000000000000000e+02 7.000000000000000000e+01 3.000000000000000000e+00 5.191600000000000000e+04 4.921100000000000000e+04 5.157200000000000000e+04 4.818800000000000000e+04 2.647975535609293729e+01 8.200000000000000000e+01
1.160000000000000000e+02 1.000000000000000000e+00 -8.000000000000000000e+00 5.128000000000000000e+04 4.983500000000000000e+04 5.197400000000000000e+04 4.789700000000000000e+04 2.648979596002027392e+01 8.200000000000000000e+01
5.800000000000000000e+01 -8.100000000000000000e+01 -7.000000000000000000e+00 5.067900000000000000e+04 4.994300000000000000e+04 5.252200000000000000e+04 4.787800000000000000e+04 2.650022252299822867e+01 8.200000000000000000e+01
8.300000000000000000e+01 -7.700000000000000000e+01 -3.000000000000000000e+00 5.071400000000000000e+04 5.017100000000000000e+04 5.244900000000000000e+04 4.776200000000000000e+04 2.650963072304148227e+01 8.400000000000000000e+01
2.400000000000000000e+01 -1.760000000000000000e+02 -6.000000000000000000e+00 4.966600000000000000e+04 5.055500000000000000e+04 5.329100000000000000e+04 4.723900000000000000e+04 2.652020137303043157e+01 8.400000000000000000e+01
-7.300000000000000000e+01 -1.250000000000000000e+02 -5.000000000000000000e+00 4.933100000000000000e+04 5.020800000000000000e+04 5.350800000000000000e+04 4.767300000000000000e+04 2.652998749201651663e+01 8.400000000000000000e+01
-8.200000000000000000e+01 -1.320000000000000000e+02 -1.100000000000000000e+01 4.927700000000000000e+04 4.997900000000000000e+04 5.363800000000000000e+04 4.790900000000000000e+04 2.654045205900911242e+01 8.400000000000000000e+01
-1.370000000000000000e+02 -7.100000000000000000e+01 -3.000000000000000000e+00 4.993100000000000000e+04 4.913000000000000000e+04 5.305800000000000000e+04 4.870100000000000000e+04 2.655050223204307258e+01 8.400000000000000000e+01
-1.650000000000000000e+02 -3.500000000000000000e+01 -1.000000000000000000e+01 4.962900000000000000e+04 4.864500000000000000e+04 5.319600000000000000e+04 4.913400000000000000e+04 2.656030840205494314e+01 8.600000000000000000e+01
-1.470000000000000000e+02 2.400000000000000000e+01 -7.000000000000000000e+00 4.936200000000000000e+04 4.845700000000000000e+04 5.335200000000000000e+04 4.921500000000000000e+04 2.657040051009971648e+01 8.600000000000000000e+01
-1.570000000000000000e+02 4.700000000000000000e+01 -3.000000000000000000e+00 5.002900000000000000e+04 4.771100000000000000e+04 5.297800000000000000e+04 4.978600000000000000e+04 2.658153360302094370e+01 8.600000000000000000e+01
-1.480000000000000000e+02 6.400000000000000000e+01 1.000000000000000000e+01 5.007100000000000000e+04 4.810300000000000000e+04 5.311000000000000000e+04 4.932700000000000000e+04 2.658991482201963663e+01 8.600000000000000000e+01
-1.090000000000000000e+02 3.800000000000000000e+01 7.000000000000000000e+00 4.990600000000000000e+04 4.833500000000000000e+04 5.349500000000000000e+04 4.926000000000000000e+04 2.659997671609744430e+01 8.600000000000000000e+01
-8.800000000000000000e+01 2.000000000000000000e+00 3.900000000000000000e+01 5.008700000000000000e+04 4.873600000000000000e+04 5.355300000000000000e+04 4.873800000000000000e+04 2.661039934505242854e+01 9.400000000000000000e+01
-5.700000000000000000e+01 6.800000000000000000e+01 2.900000000000000000e+01 5.076500000000000000e+04 4.775800000000000000e+04 5.327900000000000000e+04 4.935200000000000000e+04 2.662382143305148929e+01 9.400000000000000000e+01
2.600000000000000000e+01 6.000000000000000000e+00 6.400000000000000000e+01 5.070100000000000000e+04 4.897900000000000000e+04 5.345000000000000000e+04 4.772100000000000000e+04 2.663226800307165831e+01 9.400000000000000000e+01
1.070000000000000000e+02 5.300000000000000000e+01 8.200000000000000000e+01 5.238300000000000000e+04 4.884600000000000000e+04 5.250500000000000000e+04 4.721500000000000000e+04 2.663992100604809821e+01 9.400000000000000000e+01
2.290000000000000000e+02 5.700000000000000000e+01 7.400000000000000000e+01 5.285100000000000000e+04 4.959800000000000000e+04 5.229100000000000000e+04 4.616100000000000000e+04 2.665029581706039608e+01 9.400000000000000000e+01
3.150000000000000000e+02 3.000000000000000000e+01 7.300000000000000000e+01 5.310800000000000000e+04 5.003100000000000000e+04 5.205200000000000000e+04 4.528900000000000000e+04 2.666007813601754606e+01 8.900000000000000000e+01
2.790000000000000000e+02 -6.400000000000000000e+01 1.000000000000000000e+02 5.295000000000000000e+04 5.030200000000000000e+04 5.237800000000000000e+04 4.488100000000000000e+04 2.666989413101691753e+01 8.900000000000000000e+01
2.240000000000000000e+02 -4.100000000000000000e+01 6.400000000000000000e+01 5.244600000000000000e+04 4.992600000000000000e+04 5.295900000000000000e+04 4.538700000000000000e+04 2.668050710810348392e+01 8.900000000000000000e+01
1.930000000000000000e+02 -9.800000000000000000e+01 6.300000000000000000e+01 5.206900000000000000e+04 5.026200000000000000e+04 5.319000000000000000e+04 4.534200000000000000e+04 2.668952812103088945e+01 8.900000000000000000e+01
7.300000000000000000e+01 -1.380000000000000000e+02 8.200000000000000000e+01 5.160200000000000000e+04 5.043400000000000000e+04 5.371000000000000000e+04 4.518300000000000000e+04 2.670006690907757729e+01 8.900000000000000000e+01
4.900000000000000000e+01 -1.060000000000000000e+02 5.500000000000000000e+01 5.112400000000000000e+04 5.025600000000000000e+04 5.400700000000000000e+04 4.578600000000000000e+04 2.671011923102196306e+01 4.360000000000000000e+02
-7.000000000000000000e+00 -1.220000000000000000e+02 6.200000000000000000e+01 5.061400000000000000e+04 5.016900000000000000e+04 5.364200000000000000e+04 4.712800000000000000e+04 2.671974376402795315e+01 4.360000000000000000e+02
-1.220000000000000000e+02 -1.400000000000000000e+02 7.600000000000000000e+01 5.007300000000000000e+04 4.952100000000000000e+04 5.431100000000000000e+04 4.763800000000000000e+04 2.673057983303442597e+01 4.360000000000000000e+02
-1.670000000000000000e+02 -1.100000000000000000e+02 3.500000000000000000e+01 4.986300000000000000e+04 4.989900000000000000e+04 5.442200000000000000e+04 4.735800000000000000e+04 2.674033060600049794e+01 4.360000000000000000e+02
-1.960000000000000000e+02 -5.800000000000000000e+01 3.500000000000000000e+01 4.977700000000000000e+04 4.907800000000000000e+04 5.449100000000000000e+04 4.831500000000000000e+04 2.675054500100668520e+01 4.360000000000000000e+02
-2.450000000000000000e+02 1.800000000000000000e+01 4.500000000000000000e+01 4.978500000000000000e+04 4.740500000000000000e+04 5.464700000000000000e+04 4.891500000000000000e+04 2.675978383410256356e+01 8.310000000000000000e+02
-2.590000000000000000e+02 1.260000000000000000e+02 3.500000000000000000e+01 5.010200000000000000e+04 4.691000000000000000e+04 5.433500000000000000e+04 4.960300000000000000e+04 2.677029368502553552e+01 8.310000000000000000e+02
-2.560000000000000000e+02 1.180000000000000000e+02 2.300000000000000000e+01 5.017300000000000000e+04 4.671100000000000000e+04 5.432100000000000000e+04 4.986100000000000000e+04 2.678005872608628124e+01 8.310000000000000000e+02
-2.700000000000000000e+02 9.800000000000000000e+01 2.000000000000000000e+01 4.982100000000000000e+04 4.712500000000000000e+04 5.447500000000000000e+04 4.972200000000000000e+04 2.678971207910217345e+01 8.310000000000000000e+02
-3.190000000000000000e+02 -6.500000000000000000e+01 -3.000000000000000000e+00 4.811500000000000000e+04 4.768400000000000000e+04 5.534800000000000000e+04 4.955900000000000000e+04 2.680027034506201744e+01 8.310000000000000000e+02
-3.510000000000000000e+02 -1.600000000000000000e+02 -4.200000000000000000e+01 4.636400000000000000e+04 4.885600000000000000e+04 5.602600000000000000e+04 4.923300000000000000e+04 2.680946887703612447e+01 8.380000000000000000e+02
-2.750000000000000000e+02 -2.300000000000000000e+02 -7.600000000000000000e+01 4.575700000000000000e+04 4.966800000000000000e+04 5.572500000000000000e+04 4.876000000000000000e+04 2.682076159201096743e+01 8.380000000000000000e+02
-2.320000000000000000e+02 -2.970000000000000000e+02 -6.700000000000000000e+01 4.550400000000000000e+04 5.033800000000000000e+04 5.555800000000000000e+04 4.847900000000000000e+04 2.683023143105674535e+01 8.380000000000000000e+02
-1.060000000000000000e+02 -2.440000000000000000e+02 -8.900000000000000000e+01 4.605800000000000000e+04 5.072800000000000000e+04 5.503100000000000000e+04 4.833100000000000000e+04 2.683947564905975014e+01 8.380000000000000000e+02
-1.100000000000000000e+01 -2.070000000000000000e+02 -9.000000000000000000e+01 4.578700000000000000e+04 5.127900000000000000e+04 5.489500000000000000e+04 4.767000000000000000e+04 2.685017126007005572e+01 8.410000000000000000e+02
7.200000000000000000e+01 -1.290000000000000000e+02 -6.400000000000000000e+01 4.721800000000000000e+04 5.123500000000000000e+04 5.392000000000000000e+04 4.739300000000000000e+04 2.685982987703755498e+01 8.410000000000000000e+02
1.210000000000000000e+02 1.600000000000000000e+01 -1.020000000000000000e+02 4.818300000000000000e+04 5.009600000000000000e+04 5.316000000000000000e+04 4.872900000000000000e+04 2.687205490306951106e+01 8.410000000000000000e+02
9.700000000000000000e+01 8.600000000000000000e+01 -1.050000000000000000e+02 4.820200000000000000e+04 4.988500000000000000e+04 5.244400000000000000e+04 4.943400000000000000e+04 2.688076081208419055e+01 8.410000000000000000e+02
1.120000000000000000e+02 2.250000000000000000e+02 -1.330000000000000000e+02 4.864000000000000000e+04 4.961200000000000000e+04 5.172600000000000000e+04 5.010300000000000000e+04 2.689047616510652006e+01 8.410000000000000000e+02
1.300000000000000000e+02 3.090000000000000000e+02 -1.260000000000000000e+02 4.969300000000000000e+04 4.885200000000000000e+04 5.029800000000000000e+04 5.123300000000000000e+04 2.689998129208106548e+01 8.410000000000000000e+02
1.340000000000000000e+02 3.590000000000000000e+02 -1.100000000000000000e+02 4.976800000000000000e+04 4.901100000000000000e+04 5.034400000000000000e+04 5.123900000000000000e+04 2.691117264109198004e+01 8.380000000000000000e+02
2.320000000000000000e+02 3.710000000000000000e+02 -9.700000000000000000e+01 5.100000000000000000e+04 4.928900000000000000e+04 4.907900000000000000e+04 5.067500000000000000e+04 2.691973251500166953e+01 8.380000000000000000e+02
3.450000000000000000e+02 3.910000000000000000e+02 -9.300000000000000000e+01 5.151900000000000000e+04 4.991100000000000000e+04 4.883800000000000000e+04 4.967600000000000000e+04 2.692993754404596984e+01 8.380000000000000000e+02
3.650000000000000000e+02 2.920000000000000000e+02 -7.300000000000000000e+01 5.200100000000000000e+04 4.987000000000000000e+04 4.854700000000000000e+04 4.944000000000000000e+04 2.694003664108458906e+01 8.380000000000000000e+02
3.530000000000000000e+02 2.620000000000000000e+02 -7.800000000000000000e+01 5.152700000000000000e+04 5.076200000000000000e+04 4.919100000000000000e+04 4.838300000000000000e+04 2.694957326701842248e+01 8.400000000000000000e+02
3.670000000000000000e+02 1.270000000000000000e+02 -7.700000000000000000e+01 5.122800000000000000e+04 5.123100000000000000e+04 4.955400000000000000e+04 4.771300000000000000e+04 2.696109032002277672e+01 8.400000000000000000e+02
2.890000000000000000e+02 5.500000000000000000e+01 -4.900000000000000000e+01 5.054600000000000000e+04 5.154200000000000000e+04 5.046500000000000000e+04 4.716400000000000000e+04 2.696984453406184912e+01 8.400000000000000000e+02
2.630000000000000000e+02 -1.200000000000000000e+01 -5.400000000000000000e+01 5.014900000000000000e+04 5.131700000000000000e+04 5.102400000000000000e+04 4.697100000000000000e+04 2.698010077001526952e+01 8.400000000000000000e+02
2.020000000000000000e+02 -2.300000000000000000e+01 -4.000000000000000000e+01 4.998700000000000000e+04 5.107000000000000000e+04 5.132200000000000000e+04 4.723100000000000000e+04 2.699106193403713405e+01 8.400000000000000000e+02
1.330000000000000000e+02 -4.300000000000000000e+01 -5.300000000000000000e+01 4.940500000000000000e+04 5.111200000000000000e+04 5.193200000000000000e+04 4.714700000000000000e+04 2.699956195405684412e+01 8.400000000000000000e+02
5.600000000000000000e+01 -8.900000000000000000e+01 -4.600000000000000000e+01 4.909000000000000000e+04 5.091100000000000000e+04 5.220600000000000000e+04 4.748600000000000000e+04 2.700953634304460138e+01 8.440000000000000000e+02
-5.200000000000000000e+01 -9.100000000000000000e+01 -4.400000000000000000e+01 4.827800000000000000e+04 5.022000000000000000e+04 5.296600000000000000e+04 4.857800000000000000e+04 2.701977602601982653e+01 8.440000000000000000e+02
-1.390000000000000000e+02 -7.200000000000000000e+01 -5.000000000000000000e+01 4.769200000000000000e+04 4.971500000000000000e+04 5.344700000000000000e+04 4.911200000000000000e+04 2.702950165106449276e+01 8.440000000000000000e+02
-1.550000000000000000e+02 -9.500000000000000000e+01 -1.300000000000000000e+01 4.814300000000000000e+04 4.941400000000000000e+04 5.332900000000000000e+04 4.923600000000000000e+04 2.703954662708565593e+01 8.440000000000000000e+02
-1.850000000000000000e+02 -2.600000000000000000e+01 -2.100000000000000000e+01 4.861400000000000000e+04 4.905500000000000000e+04 5.325000000000000000e+04 4.933100000000000000e+04 2.705038192309439182e+01 8.430000000000000000e+02
-1.140000000000000000e+02 2.500000000000000000e+01 -3.900000000000000000e+01 4.883300000000000000e+04 4.932500000000000000e+04 5.299600000000000000e+04 4.918800000000000000e+04 2.705997902899980545e+01 8.430000000000000000e+02
-8.800000000000000000e+01 5.000000000000000000e+01 -2.200000000000000000e+01 4.938200000000000000e+04 4.927800000000000000e+04 5.253000000000000000e+04 4.933900000000000000e+04 2.706972730800043792e+01 8.430000000000000000e+02
-5.000000000000000000e+00 1.020000000000000000e+02 -2.800000000000000000e+01 4.996800000000000000e+04 4.931600000000000000e+04 5.200900000000000000e+04 4.938800000000000000e+04 2.707946792803704739e+01 8.430000000000000000e+02
1.300000000000000000e+01 1.160000000000000000e+02 -2.800000000000000000e+01 4.993000000000000000e+04 4.918500000000000000e+04 5.210200000000000000e+04 4.944300000000000000e+04 2.709016172110568732e+01 8.430000000000000000e+02
-5.000000000000000000e+00 7.500000000000000000e+01 -1.400000000000000000e+01 4.972400000000000000e+04 4.934600000000000000e+04 5.241700000000000000e+04 4.913400000000000000e+04 2.710010300599969923e+01 8.430000000000000000e+02
1.700000000000000000e+01 4.700000000000000000e+01 -2.400000000000000000e+01 5.012200000000000000e+04 4.993900000000000000e+04 5.206300000000000000e+04 4.856500000000000000e+04 2.710996381007134914e+01 8.430000000000000000e+02
3.300000000000000000e+01 -8.000000000000000000e+00 -1.400000000000000000e+01 4.959200000000000000e+04 5.011600000000000000e+04 5.264200000000000000e+04 4.841700000000000000e+04 2.711946567706763744e+01 8.430000000000000000e+02
-1.200000000000000000e+01 -1.100000000000000000e+02 4.000000000000000000e+00 4.935500000000000000e+04 5.023700000000000000e+04 5.298800000000000000e+04 4.809400000000000000e+04 2.713009564799722284e+01 8.430000000000000000e+02
-7.000000000000000000e+00 -9.800000000000000000e+01 5.000000000000000000e+00 4.912100000000000000e+04 5.020600000000000000e+04 5.334900000000000000e+04 4.789300000000000000e+04 2.714046454906929284e+01 8.430000000000000000e+02
-2.400000000000000000e+01 -1.620000000000000000e+02 1.900000000000000000e+01 4.906800000000000000e+04 5.010100000000000000e+04 5.337500000000000000e+04 4.766800000000000000e+04 2.714944253303110600e+01 8.460000000000000000e+02
1.000000000000000000e+00 -1.300000000000000000e+02 3.200000000000000000e+01 4.942700000000000000e+04 5.041200000000000000e+04 5.319900000000000000e+04 4.707900000000000000e+04 2.715988378610927612e+01 8.460000000000000000e+02
7.100000000000000000e+01 -1.380000000000000000e+02 2.700000000000000000e+01 4.981100000000000000e+04 5.050000000000000000e+04 5.293100000000000000e+04 4.656000000000000000e+04 2.716931441600900143e+01 8.460000000000000000e+02
7.500000000000000000e+01 -7.300000000000000000e+01 4.300000000000000000e+01 5.009500000000000000e+04 5.008700000000000000e+04 5.294000000000000000e+04 4.667800000000000000e+04 2.717931912210769951e+01 8.460000000000000000e+02
7.100000000000000000e+01 -7.900000000000000000e+01 6.000000000000000000e+01 5.060800000000000000e+04 4.992100000000000000e+04 5.275500000000000000e+04 4.651200000000000000e+04 2.718958817608654499e+01 8.460000000000000000e+02
5.500000000000000000e+01 -3.600000000000000000e+01 9.400000000000000000e+01 5.085000000000000000e+04 4.957700000000000000e+04 5.284100000000000000e+04 4.643500000000000000e+04 2.719990952208172530e+01 8.460000000000000000e+02
3.000000000000000000e+01 2.900000000000000000e+01 1.120000000000000000e+02 5.143200000000000000e+04 4.849300000000000000e+04 5.278900000000000000e+04 4.699000000000000000e+04 2.720991037704516202e+01 8.490000000000000000e+02
1.400000000000000000e+01 1.310000000000000000e+02 1.170000000000000000e+02 5.178100000000000000e+04 4.790300000000000000e+04 5.307600000000000000e+04 4.708400000000000000e+04 2.721976333507336676e+01 8.490000000000000000e+02
-1.300000000000000000e+01 1.500000000000000000e+02 1.230000000000000000e+02 5.174600000000000000e+04 4.698400000000000000e+04 5.348000000000000000e+04 4.751100000000000000e+04 2.723219168605282903e+01 8.490000000000000000e+02
-8.700000000000000000e+01 1.260000000000000000e+02 1.470000000000000000e+02 5.157300000000000000e+04 4.645300000000000000e+04 5.380800000000000000e+04 4.777700000000000000e+04 2.723968022305052727e+01 8.490000000000000000e+02
-1.060000000000000000e+02 9.800000000000000000e+01 1.520000000000000000e+02 5.136600000000000000e+04 4.655600000000000000e+04 5.431600000000000000e+04 4.722400000000000000e+04 2.725004872505087405e+01 8.480000000000000000e+02
-1.380000000000000000e+02 1.400000000000000000e+01 1.800000000000000000e+02 5.093500000000000000e+04 4.615500000000000000e+04 5.481500000000000000e+04 4.688800000000000000e+04 2.725931689108256251e+01 8.480000000000000000e+02
-1.770000000000000000e+02 2.200000000000000000e+01 1.850000000000000000e+02 5.097100000000000000e+04 4.569000000000000000e+04 5.520100000000000000e+04 4.666700000000000000e+04 2.726915423106402159e+01 8.480000000000000000e+02
-1.990000000000000000e+02 -5.000000000000000000e+00 2.010000000000000000e+02 5.065700000000000000e+04 4.479600000000000000e+04 5.567200000000000000e+04 4.708600000000000000e+04 2.727913680707570165e+01 8.480000000000000000e+02
-2.360000000000000000e+02 -5.300000000000000000e+01 2.240000000000000000e+02 5.072100000000000000e+04 4.458200000000000000e+04 5.588200000000000000e+04 4.684000000000000000e+04 2.728943453903775662e+01 8.480000000000000000e+02
-2.270000000000000000e+02 -7.700000000000000000e+01 2.170000000000000000e+02 5.051100000000000000e+04 4.520900000000000000e+04 5.618800000000000000e+04 4.590700000000000000e+04 2.729957696702331305e+01 8.480000000000000000e+02
-1.940000000000000000e+02 -1.010000000000000000e+02 2.170000000000000000e+02 5.060000000000000000e+04 4.476100000000000000e+04 5.625100000000000000e+04 4.606900000000000000e+04 2.730899369507096708e+01 8.510000000000000000e+02
-2.100000000000000000e+02 -1.410000000000000000e+02 2.340000000000000000e+02 5.036800000000000000e+04 4.474700000000000000e+04 5.653600000000000000e+04 4.550300000000000000e+04 2.732099618704523891e+01 8.510000000000000000e+02
-2.070000000000000000e+02 -1.790000000000000000e+02 2.510000000000000000e+02 5.049100000000000000e+04 4.483600000000000000e+04 5.674300000000000000e+04 4.511200000000000000e+04 2.733000382606405765e+01 8.510000000000000000e+02
-2.110000000000000000e+02 -1.660000000000000000e+02 2.300000000000000000e+02 5.002700000000000000e+04 4.440300000000000000e+04 5.684600000000000000e+04 4.534800000000000000e+04 2.733957259706221521e+01 8.510000000000000000e+02
-1.560000000000000000e+02 -1.420000000000000000e+02 2.090000000000000000e+02 4.886300000000000000e+04 4.723600000000000000e+04 5.561800000000000000e+04 4.661100000000000000e+04 2.735100702510681003e+01 8.510000000000000000e+02
-5.900000000000000000e+01 -1.330000000000000000e+02 2.260000000000000000e+02 5.096100000000000000e+04 4.520700000000000000e+04 5.630300000000000000e+04 4.407100000000000000e+04 2.736623220599722117e+01 8.500000000000000000e+02
2.000000000000000000e+00 -7.500000000000000000e+01 2.240000000000000000e+02 5.146400000000000000e+04 4.496400000000000000e+04 5.596200000000000000e+04 4.436500000000000000e+04 2.739576078404206783e+01 8.500000000000000000e+02
1.240000000000000000e+02 -2.000000000000000000e+01 2.010000000000000000e+02 5.084400000000000000e+04 4.726500000000000000e+04 5.414600000000000000e+04 4.620700000000000000e+04 2.739723848109133542e+01 8.500000000000000000e+02
2.120000000000000000e+02 2.700000000000000000e+01 1.830000000000000000e+02 5.253000000000000000e+04 4.613400000000000000e+04 5.479700000000000000e+04 4.371100000000000000e+04 2.740828727302141488e+01 8.500000000000000000e+02
2.780000000000000000e+02 5.900000000000000000e+01 1.890000000000000000e+02 5.127500000000000000e+04 4.775600000000000000e+04 5.377700000000000000e+04 4.541000000000000000e+04 2.740970574808306992e+01 8.500000000000000000e+02
3.970000000000000000e+02 1.130000000000000000e+02 1.950000000000000000e+02 5.251900000000000000e+04 4.770900000000000000e+04 5.289000000000000000e+04 4.539700000000000000e+04 2.741130376304499805e+01 8.520000000000000000e+02
4.670000000000000000e+02 1.460000000000000000e+02 2.030000000000000000e+02 5.498300000000000000e+04 4.687100000000000000e+04 5.311100000000000000e+04 4.162900000000000000e+04 2.742003684409428388e+01 8.520000000000000000e+02
4.670000000000000000e+02 1.290000000000000000e+02 2.190000000000000000e+02 5.476100000000000000e+04 4.678600000000000000e+04 5.341100000000000000e+04 4.165800000000000000e+04 2.743019966501742601e+01 8.520000000000000000e+02
3.920000000000000000e+02 1.450000000000000000e+02 1.930000000000000000e+02 5.507200000000000000e+04 4.683600000000000000e+04 5.331300000000000000e+04 4.156700000000000000e+04 2.744091746408957988e+01 8.520000000000000000e+02
2.830000000000000000e+02 1.760000000000000000e+02 1.450000000000000000e+02 5.443900000000000000e+04 4.609400000000000000e+04 5.349200000000000000e+04 4.293500000000000000e+04 2.744988309510517865e+01 8.530000000000000000e+02
1.380000000000000000e+02 1.390000000000000000e+02 1.240000000000000000e+02 5.327800000000000000e+04 4.533900000000000000e+04 5.423000000000000000e+04 4.461800000000000000e+04 2.745906326605472714e+01 8.530000000000000000e+02
-4.400000000000000000e+01 8.600000000000000000e+01 8.200000000000000000e+01 5.217100000000000000e+04 4.528700000000000000e+04 5.457800000000000000e+04 4.574700000000000000e+04 2.747034069907385856e+01 8.530000000000000000e+02
-1.740000000000000000e+02 4.400000000000000000e+01 3.700000000000000000e+01 5.016600000000000000e+04 4.638100000000000000e+04 5.449200000000000000e+04 4.741100000000000000e+04 2.747896745603065938e+01 8.530000000000000000e+02
-2.240000000000000000e+02 -1.600000000000000000e+01 5.000000000000000000e+00 4.910800000000000000e+04 4.583400000000000000e+04 5.540500000000000000e+04 4.757500000000000000e+04 2.748958975507412106e+01 8.530000000000000000e+02
-1.930000000000000000e+02 -1.360000000000000000e+02 -1.000000000000000000e+00 4.899700000000000000e+04 4.753700000000000000e+04 5.498000000000000000e+04 4.684700000000000000e+04 2.750016795704141259e+01 8.530000000000000000e+02
-1.260000000000000000e+02 -2.230000000000000000e+02 -5.000000000000000000e+00 4.862800000000000000e+04 4.845200000000000000e+04 5.501900000000000000e+04 4.621000000000000000e+04 2.750950989208649844e+01 8.580000000000000000e+02
0.000000000000000000e+00 -2.240000000000000000e+02 -2.400000000000000000e+01 4.963800000000000000e+04 4.947300000000000000e+04 5.450300000000000000e+04 4.491000000000000000e+04 2.751976565609220415e+01 8.580000000000000000e+02
1.400000000000000000e+02 -2.300000000000000000e+02 -3.500000000000000000e+01 5.015400000000000000e+04 4.975600000000000000e+04 5.430600000000000000e+04 4.469600000000000000e+04 2.752904343302361667e+01 8.580000000000000000e+02
2.340000000000000000e+02 -2.290000000000000000e+02 -2.500000000000000000e+01 5.070500000000000000e+04 5.058100000000000000e+04 5.390000000000000000e+04 4.363500000000000000e+04 2.754133212601300329e+01 8.580000000000000000e+02
2.590000000000000000e+02 -1.630000000000000000e+02 -3.200000000000000000e+01 5.085900000000000000e+04 5.036000000000000000e+04 5.367400000000000000e+04 4.417000000000000000e+04 2.755111233901698142e+01 8.550000000000000000e+02
2.860000000000000000e+02 -7.500000000000000000e+01 -6.100000000000000000e+01 5.103300000000000000e+04 5.031400000000000000e+04 5.353600000000000000e+04 4.431800000000000000e+04 2.756048279406968504e+01 8.550000000000000000e+02
2.370000000000000000e+02 3.600000000000000000e+01 -6.100000000000000000e+01 5.112600000000000000e+04 5.052700000000000000e+04 5.250000000000000000e+04 4.514200000000000000e+04 2.757244461600203067e+01 8.550000000000000000e+02
1.500000000000000000e+02 1.200000000000000000e+02 -6.700000000000000000e+01 5.171700000000000000e+04 4.931400000000000000e+04 5.277600000000000000e+04 4.587900000000000000e+04 2.758190800400916487e+01 8.550000000000000000e+02
3.500000000000000000e+01 1.620000000000000000e+02 -7.900000000000000000e+01 5.088900000000000000e+04 4.874100000000000000e+04 5.333800000000000000e+04 4.641500000000000000e+04 2.758985007600858808e+01 8.550000000000000000e+02
-5.200000000000000000e+01 1.810000000000000000e+02 -5.900000000000000000e+01 5.077100000000000000e+04 4.845400000000000000e+04 5.353800000000000000e+04 4.698800000000000000e+04 2.759984571405220777e+01 8.550000000000000000e+02
-1.600000000000000000e+02 1.240000000000000000e+02 -6.100000000000000000e+01 5.037200000000000000e+04 4.802300000000000000e+04 5.389100000000000000e+04 4.745500000000000000e+04 2.761223754705861211e+01 8.560000000000000000e+02
-2.520000000000000000e+02 1.490000000000000000e+02 -6.800000000000000000e+01 4.970700000000000000e+04 4.765800000000000000e+04 5.438000000000000000e+04 4.790500000000000000e+04 2.762118215602822602e+01 8.560000000000000000e+02
-2.530000000000000000e+02 8.100000000000000000e+01 -6.500000000000000000e+01 4.980000000000000000e+04 4.812200000000000000e+04 5.433200000000000000e+04 4.753100000000000000e+04 2.762984245200641453e+01 8.560000000000000000e+02
-2.430000000000000000e+02 1.600000000000000000e+01 -5.900000000000000000e+01 4.971800000000000000e+04 4.864700000000000000e+04 5.445900000000000000e+04 4.693800000000000000e+04 2.763986945408396423e+01 8.560000000000000000e+02
-2.250000000000000000e+02 -3.300000000000000000e+01 -5.100000000000000000e+01 4.958600000000000000e+04 4.875200000000000000e+04 5.455300000000000000e+04 4.689000000000000000e+04 2.764957057300489396e+01 8.560000000000000000e+02
-1.820000000000000000e+02 -4.900000000000000000e+01 -5.500000000000000000e+01 4.928600000000000000e+04 4.886800000000000000e+04 5.463500000000000000e+04 4.654900000000000000e+04 2.766010882507544011e+01 8.560000000000000000e+02
-1.140000000000000000e+02 -4.700000000000000000e+01 -4.900000000000000000e+01 4.946300000000000000e+04 4.901100000000000000e+04 5.447600000000000000e+04 4.647100000000000000e+04 2.766999348206445575e+01 8.560000000000000000e+02
-6.100000000000000000e+01 -7.600000000000000000e+01 -3.700000000000000000e+01 4.985300000000000000e+04 4.936100000000000000e+04 5.419800000000000000e+04 4.609900000000000000e+04 2.768150103802327067e+01 8.560000000000000000e+02
4.000000000000000000e+00 -5.900000000000000000e+01 -4.400000000000000000e+01 5.003800000000000000e+04 4.986900000000000000e+04 5.405700000000000000e+04 4.551300000000000000e+04 2.768879777006804943e+01 8.560000000000000000e+02
3.700000000000000000e+01 -4.100000000000000000e+01 -6.900000000000000000e+01 5.021000000000000000e+04 4.976100000000000000e+04 5.391400000000000000e+04 4.573800000000000000e+04 2.769920163205824792e+01 8.560000000000000000e+02
7.500000000000000000e+01 1.100000000000000000e+01 -5.800000000000000000e+01 5.055000000000000000e+04 4.971200000000000000e+04 5.377900000000000000e+04 4.601600000000000000e+04 2.770900742302183062e+01 8.630000000000000000e+02
5.300000000000000000e+01 1.500000000000000000e+01 -4.700000000000000000e+01 5.043000000000000000e+04 4.937400000000000000e+04 5.380200000000000000e+04 4.640300000000000000e+04 2.771883466304279864e+01 8.630000000000000000e+02
3.100000000000000000e+01 6.200000000000000000e+01 -7.100000000000000000e+01 5.055200000000000000e+04 4.914700000000000000e+04 5.359600000000000000e+04 4.687600000000000000e+04 2.773084649001248181e+01 8.630000000000000000e+02
5.000000000000000000e+01 5.100000000000000000e+01 -9.000000000000000000e+01 4.974700000000000000e+04 4.994500000000000000e+04 5.326400000000000000e+04 4.743700000000000000e+04 2.774050245201215148e+01 8.630000000000000000e+02
1.100000000000000000e+01 3.000000000000000000e+01 -9.500000000000000000e+01 4.985700000000000000e+04 4.942700000000000000e+04 5.397500000000000000e+04 4.689700000000000000e+04 2.775492232607211918e+01 8.630000000000000000e+02
-1.200000000000000000e+01 1.500000000000000000e+01 -8.900000000000000000e+01 4.854900000000000000e+04 5.014600000000000000e+04 5.370600000000000000e+04 4.778100000000000000e+04 2.775967179704457521e+01 8.620000000000000000e+02
-1.800000000000000000e+01 -1.300000000000000000e+01 -1.000000000000000000e+02 4.900200000000000000e+04 5.037900000000000000e+04 5.308700000000000000e+04 4.757300000000000000e+04 2.776925091305747628e+01 8.620000000000000000e+02
3.000000000000000000e+01 4.500000000000000000e+01 -8.800000000000000000e+01 4.938700000000000000e+04 5.027900000000000000e+04 5.287000000000000000e+04 4.761900000000000000e+04 2.778059645602479577e+01 8.620000000000000000e+02
5.200000000000000000e+01 -2.000000000000000000e+00 -1.010000000000000000e+02 4.907300000000000000e+04 5.091100000000000000e+04 5.321500000000000000e+04 4.669200000000000000e+04 2.778951357200276107e+01 8.620000000000000000e+02
5.000000000000000000e+01 3.000000000000000000e+01 -9.700000000000000000e+01 4.952600000000000000e+04 5.098300000000000000e+04 5.272400000000000000e+04 4.711300000000000000e+04 2.779903580702375621e+01 8.620000000000000000e+02
6.700000000000000000e+01 3.500000000000000000e+01 -9.900000000000000000e+01 4.949300000000000000e+04 5.088700000000000000e+04 5.261000000000000000e+04 4.741800000000000000e+04 2.780967645708005875e+01 8.650000000000000000e+02
7.000000000000000000e+01 7.300000000000000000e+01 -1.070000000000000000e+02 4.948400000000000000e+04 5.076600000000000000e+04 5.259200000000000000e+04 4.740100000000000000e+04 2.782027651905082166e+01 8.650000000000000000e+02
4.600000000000000000e+01 2.900000000000000000e+01 -1.050000000000000000e+02 4.925100000000000000e+04 5.073600000000000000e+04 5.268000000000000000e+04 4.758300000000000000e+04 2.782988320000004023e+01 8.650000000000000000e+02
3.100000000000000000e+01 5.300000000000000000e+01 -1.060000000000000000e+02 4.932700000000000000e+04 5.081100000000000000e+04 5.249900000000000000e+04 4.765100000000000000e+04 2.784080939705017954e+01 8.650000000000000000e+02
-9.000000000000000000e+00 3.700000000000000000e+01 -1.140000000000000000e+02 4.905400000000000000e+04 5.068200000000000000e+04 5.258300000000000000e+04 4.794200000000000000e+04 2.785006948106456548e+01 8.650000000000000000e+02
1.100000000000000000e+01 4.700000000000000000e+01 -1.100000000000000000e+02 4.905300000000000000e+04 5.081200000000000000e+04 5.251000000000000000e+04 4.778300000000000000e+04 2.785909550404176116e+01 8.650000000000000000e+02
-4.900000000000000000e+01 -1.000000000000000000e+00 -9.800000000000000000e+01 4.838300000000000000e+04 5.078500000000000000e+04 5.293100000000000000e+04 4.759300000000000000e+04 2.786892381904181093e+01 8.650000000000000000e+02
-8.600000000000000000e+01 4.100000000000000000e+01 -9.400000000000000000e+01 4.833100000000000000e+04 5.037700000000000000e+04 5.304500000000000000e+04 4.793700000000000000e+04 2.787872524501290172e+01 8.650000000000000000e+02
-7.900000000000000000e+01 1.000000000000000000e+01 -1.030000000000000000e+02 4.821700000000000000e+04 5.019600000000000000e+04 5.314700000000000000e+04 4.817400000000000000e+04 2.788840050005819649e+01 8.650000000000000000e+02
-1.020000000000000000e+02 5.000000000000000000e+00 -8.000000000000000000e+01 4.799100000000000000e+04 5.037100000000000000e+04 5.332600000000000000e+04 4.800300000000000000e+04 2.789962568902410567e+01 8.650000000000000000e+02
-8.600000000000000000e+01 -2.700000000000000000e+01 -8.900000000000000000e+01 4.803100000000000000e+04 5.036700000000000000e+04 5.337800000000000000e+04 4.793200000000000000e+04 2.791062880307435989e+01 8.680000000000000000e+02
-8.600000000000000000e+01 -3.000000000000000000e+01 -8.000000000000000000e+01 4.839500000000000000e+04 5.033200000000000000e+04 5.308200000000000000e+04 4.797200000000000000e+04 2.791893423208966851e+01 8.680000000000000000e+02
-8.200000000000000000e+01 -5.000000000000000000e+00 -8.300000000000000000e+01 4.823000000000000000e+04 5.060900000000000000e+04 5.325700000000000000e+04 4.794900000000000000e+04 2.792888284102082253e+01 8.680000000000000000e+02
-5.600000000000000000e+01 -8.000000000000000000e+00 -8.500000000000000000e+01 4.649500000000000000e+04 5.099700000000000000e+04 5.433000000000000000e+04 4.766000000000000000e+04 2.793947027309332043e+01 8.680000000000000000e+02
5.000000000000000000e+00 5.300000000000000000e+01 -1.000000000000000000e+02 4.713800000000000000e+04 5.116700000000000000e+04 5.381100000000000000e+04 4.769900000000000000e+04 2.794962337508331984e+01 8.680000000000000000e+02
2.000000000000000000e+01 3.700000000000000000e+01 -8.800000000000000000e+01 4.760100000000000000e+04 5.129300000000000000e+04 5.334400000000000000e+04 4.730700000000000000e+04 2.795847181102726609e+01 8.690000000000000000e+02
6.400000000000000000e+01 1.140000000000000000e+02 -9.300000000000000000e+01 4.845600000000000000e+04 5.058100000000000000e+04 5.263100000000000000e+04 4.826500000000000000e+04 2.796954793203622103e+01 8.690000000000000000e+02
1.160000000000000000e+02 1.870000000000000000e+02 -1.120000000000000000e+02 4.916300000000000000e+04 5.095700000000000000e+04 5.205100000000000000e+04 4.788200000000000000e+04 2.798354527109768242e+01 8.690000000000000000e+02
1.830000000000000000e+02 1.880000000000000000e+02 -1.160000000000000000e+02 4.910800000000000000e+04 5.155900000000000000e+04 5.194500000000000000e+04 4.736400000000000000e+04 2.798988437803927809e+01 8.690000000000000000e+02
1.770000000000000000e+02 1.770000000000000000e+02 -1.160000000000000000e+02 4.985100000000000000e+04 5.174100000000000000e+04 5.099900000000000000e+04 4.782500000000000000e+04 2.799914191605057567e+01 8.690000000000000000e+02
2.230000000000000000e+02 2.190000000000000000e+02 -1.330000000000000000e+02 4.950800000000000000e+04 5.191300000000000000e+04 5.109200000000000000e+04 4.787400000000000000e+04 2.800919823010917753e+01 8.710000000000000000e+02
1.880000000000000000e+02 1.990000000000000000e+02 -1.410000000000000000e+02 4.937100000000000000e+04 5.177800000000000000e+04 5.101700000000000000e+04 4.813600000000000000e+04 2.802115557901561260e+01 8.710000000000000000e+02
1.680000000000000000e+02 1.850000000000000000e+02 -1.430000000000000000e+02 4.930400000000000000e+04 5.182700000000000000e+04 5.087600000000000000e+04 4.826200000000000000e+04 2.803056797303725034e+01 8.710000000000000000e+02
9.600000000000000000e+01 1.670000000000000000e+02 -1.370000000000000000e+02 4.886100000000000000e+04 5.201500000000000000e+04 5.109800000000000000e+04 4.823300000000000000e+04 2.803883680910803378e+01 8.710000000000000000e+02
9.500000000000000000e+01 1.490000000000000000e+02 -1.440000000000000000e+02 4.879300000000000000e+04 5.167100000000000000e+04 5.101700000000000000e+04 4.882800000000000000e+04 2.806383183400612324e+01 8.750000000000000000e+02
3.300000000000000000e+01 9.400000000000000000e+01 -1.200000000000000000e+02 4.819400000000000000e+04 5.189900000000000000e+04 5.138200000000000000e+04 4.832100000000000000e+04 2.807094756001606584e+01 8.750000000000000000e+02
7.000000000000000000e+00 3.000000000000000000e+01 -1.190000000000000000e+02 4.788400000000000000e+04 5.197700000000000000e+04 5.190800000000000000e+04 4.790300000000000000e+04 2.807450132106896490e+01 8.750000000000000000e+02
-5.000000000000000000e+00 -3.000000000000000000e+00 -1.090000000000000000e+02 4.751600000000000000e+04 5.184300000000000000e+04 5.232900000000000000e+04 4.791300000000000000e+04 2.807996710902079940e+01 8.750000000000000000e+02
-6.700000000000000000e+01 -8.900000000000000000e+01 -9.900000000000000000e+01 4.711900000000000000e+04 5.191900000000000000e+04 5.250700000000000000e+04 4.793400000000000000e+04 2.808933562808670104e+01 8.750000000000000000e+02
-4.500000000000000000e+01 -7.100000000000000000e+01 -1.030000000000000000e+02 4.755600000000000000e+04 5.143600000000000000e+04 5.375800000000000000e+04 4.636300000000000000e+04 2.809986956999637187e+01 8.750000000000000000e+02
-8.400000000000000000e+01 -1.070000000000000000e+02 -8.900000000000000000e+01 4.658200000000000000e+04 5.179800000000000000e+04 5.324500000000000000e+04 4.769900000000000000e+04 2.811078480910509825e+01 8.780000000000000000e+02
-9.900000000000000000e+01 -1.080000000000000000e+02 -8.100000000000000000e+01 4.661000000000000000e+04 5.156400000000000000e+04 5.352100000000000000e+04 4.788100000000000000e+04 2.812083452509250492e+01 8.780000000000000000e+02
-8.700000000000000000e+01 -2.800000000000000000e+01 -7.900000000000000000e+01 4.825900000000000000e+04 5.073600000000000000e+04 5.335100000000000000e+04 4.745300000000000000e+04 2.813015829899813980e+01 8.780000000000000000e+02
-5.000000000000000000e+00 -2.200000000000000000e+01 -8.200000000000000000e+01 4.759900000000000000e+04 5.151900000000000000e+04 5.273300000000000000e+04 4.802700000000000000e+04 2.814085544610861689e+01 8.780000000000000000e+02
3.200000000000000000e+01 2.400000000000000000e+01 -5.000000000000000000e+01 4.855900000000000000e+04 5.177200000000000000e+04 5.230300000000000000e+04 4.729300000000000000e+04 2.814918675401713699e+01 8.790000000000000000e+02
7.400000000000000000e+01 1.900000000000000000e+01 -6.700000000000000000e+01 4.885800000000000000e+04 5.144700000000000000e+04 5.208100000000000000e+04 4.758900000000000000e+04 2.815875979000702500e+01 8.790000000000000000e+02
9.400000000000000000e+01 6.700000000000000000e+01 -5.800000000000000000e+01 4.913800000000000000e+04 5.169000000000000000e+04 5.190400000000000000e+04 4.716200000000000000e+04 2.816990810306742787e+01 8.790000000000000000e+02
7.600000000000000000e+01 4.000000000000000000e+00 -4.000000000000000000e+01 4.921700000000000000e+04 5.182200000000000000e+04 5.201200000000000000e+04 4.676100000000000000e+04 2.817912142409477383e+01 8.790000000000000000e+02
7.000000000000000000e+01 6.400000000000000000e+01 -5.600000000000000000e+01 4.905700000000000000e+04 5.157500000000000000e+04 5.216700000000000000e+04 4.704500000000000000e+04 2.818971928104292601e+01 8.790000000000000000e+02
1.400000000000000000e+01 -3.000000000000000000e+00 -3.300000000000000000e+01 4.864700000000000000e+04 5.061600000000000000e+04 5.315500000000000000e+04 4.726200000000000000e+04 2.819876504910644144e+01 8.790000000000000000e+02
-7.700000000000000000e+01 -4.100000000000000000e+01 -4.000000000000000000e+01 4.777100000000000000e+04 5.063900000000000000e+04 5.373600000000000000e+04 4.728700000000000000e+04 2.820933540700934827e+01 8.800000000000000000e+02
-1.250000000000000000e+02 -2.000000000000000000e+00 -2.100000000000000000e+01 4.885000000000000000e+04 5.017100000000000000e+04 5.297200000000000000e+04 4.786000000000000000e+04 2.821912634302861989e+01 8.800000000000000000e+02
-1.360000000000000000e+02 -4.600000000000000000e+01 -2.900000000000000000e+01 4.857200000000000000e+04 5.017900000000000000e+04 5.322100000000000000e+04 4.786000000000000000e+04 2.822948564600665122e+01 8.800000000000000000e+02
-1.440000000000000000e+02 -3.100000000000000000e+01 -7.000000000000000000e+00 4.802800000000000000e+04 5.005200000000000000e+04 5.368500000000000000e+04 4.788700000000000000e+04 2.823901103599928319e+01 8.800000000000000000e+02
-1.180000000000000000e+02 -4.200000000000000000e+01 -2.300000000000000000e+01 4.894700000000000000e+04 5.106700000000000000e+04 5.292000000000000000e+04 4.675400000000000000e+04 2.824940709001384676e+01 8.880000000000000000e+02
-3.600000000000000000e+01 -3.200000000000000000e+01 -2.200000000000000000e+01 4.897100000000000000e+04 5.074300000000000000e+04 5.297300000000000000e+04 4.704000000000000000e+04 2.826226497301831841e+01 8.880000000000000000e+02
-1.500000000000000000e+01 -3.700000000000000000e+01 -1.700000000000000000e+01 4.907800000000000000e+04 5.090800000000000000e+04 5.280100000000000000e+04 4.692100000000000000e+04 2.826924683700781316e+01 8.880000000000000000e+02
2.500000000000000000e+01 -3.600000000000000000e+01 -2.000000000000000000e+00 4.948200000000000000e+04 5.154300000000000000e+04 5.242300000000000000e+04 4.577600000000000000e+04 2.827843990304972976e+01 8.880000000000000000e+02
1.000000000000000000e+01 -9.000000000000000000e+01 1.300000000000000000e+01 4.879000000000000000e+04 5.192000000000000000e+04 5.304300000000000000e+04 4.518800000000000000e+04 2.828993487299885601e+01 8.880000000000000000e+02
1.600000000000000000e+01 -3.400000000000000000e+01 -2.000000000000000000e+00 4.764100000000000000e+04 5.245600000000000000e+04 5.403200000000000000e+04 4.456700000000000000e+04 2.829955707211047411e+01 8.880000000000000000e+02
-3.300000000000000000e+01 -2.400000000000000000e+01 2.000000000000000000e+00 4.885200000000000000e+04 4.876700000000000000e+04 5.310100000000000000e+04 4.909800000000000000e+04 2.831068430002778769e+01 8.880000000000000000e+02
-3.800000000000000000e+01 -1.100000000000000000e+01 -1.000000000000000000e+00 4.906900000000000000e+04 5.017200000000000000e+04 5.296100000000000000e+04 4.757200000000000000e+04 2.831958618701901287e+01 8.880000000000000000e+02
-9.600000000000000000e+01 4.700000000000000000e+01 -6.000000000000000000e+00 4.845200000000000000e+04 4.998000000000000000e+04 5.335800000000000000e+04 4.787900000000000000e+04 2.832833889510948211e+01 8.880000000000000000e+02
-7.200000000000000000e+01 2.900000000000000000e+01 -2.300000000000000000e+01 4.881300000000000000e+04 4.999300000000000000e+04 5.310700000000000000e+04 4.782900000000000000e+04 2.835170682310126722e+01 8.880000000000000000e+02
-7.400000000000000000e+01 3.900000000000000000e+01 -4.000000000000000000e+00 4.897700000000000000e+04 5.042800000000000000e+04 5.297200000000000000e+04 4.729800000000000000e+04 2.835313839209266007e+01 8.900000000000000000e+02
-5.200000000000000000e+01 -3.000000000000000000e+01 0.000000000000000000e+00 4.828500000000000000e+04 5.300000000000000000e+04 5.347000000000000000e+04 4.382600000000000000e+04 2.835951791005209088e+01 8.900000000000000000e+02
-3.500000000000000000e+01 1.000000000000000000e+01 -1.000000000000000000e+00 4.838300000000000000e+04 4.995900000000000000e+04 5.330100000000000000e+04 4.765800000000000000e+04 2.836918520601466298e+01 8.900000000000000000e+02
-4.400000000000000000e+01 -5.000000000000000000e+01 1.300000000000000000e+01 4.855400000000000000e+04 5.077000000000000000e+04 5.322900000000000000e+04 4.660900000000000000e+04 2.837881783803459257e+01 8.900000000000000000e+02
-5.500000000000000000e+01 -2.000000000000000000e+01 1.300000000000000000e+01 4.862000000000000000e+04 5.061200000000000000e+04 5.311100000000000000e+04 4.685200000000000000e+04 2.839157006808090955e+01 8.900000000000000000e+02
-5.900000000000000000e+01 -6.000000000000000000e+00 4.000000000000000000e+00 4.892000000000000000e+04 4.946300000000000000e+04 5.292200000000000000e+04 4.809900000000000000e+04 2.839854199602268636e+01 8.900000000000000000e+02
-3.000000000000000000e+01 -1.700000000000000000e+01 5.000000000000000000e+00 4.936200000000000000e+04 5.109400000000000000e+04 5.270400000000000000e+04 4.639200000000000000e+04 2.840850745106581599e+01 8.950000000000000000e+02
-5.900000000000000000e+01 -1.500000000000000000e+01 1.800000000000000000e+01 4.824800000000000000e+04 5.006600000000000000e+04 5.353100000000000000e+04 4.766800000000000000e+04 2.841886204900220037e+01 8.950000000000000000e+02
-3.900000000000000000e+01 -3.000000000000000000e+00 -1.000000000000000000e+00 4.782000000000000000e+04 5.093700000000000000e+04 5.380700000000000000e+04 4.662800000000000000e+04 2.842825424601323903e+01 8.950000000000000000e+02
-2.000000000000000000e+01 7.000000000000000000e+00 1.300000000000000000e+01 4.959500000000000000e+04 5.048600000000000000e+04 5.255000000000000000e+04 4.707500000000000000e+04 2.843948213907424361e+01 8.950000000000000000e+02
-2.400000000000000000e+01 -1.900000000000000000e+01 1.300000000000000000e+01 4.815600000000000000e+04 5.065800000000000000e+04 5.363500000000000000e+04 4.684500000000000000e+04 2.845212655200157315e+01 8.950000000000000000e+02
-1.000000000000000000e+01 1.600000000000000000e+01 1.200000000000000000e+01 4.867200000000000000e+04 5.034600000000000000e+04 5.334300000000000000e+04 4.710600000000000000e+04 2.846194317110348493e+01 8.950000000000000000e+02
-7.000000000000000000e+00 -9.000000000000000000e+00 4.000000000000000000e+00 4.820900000000000000e+04 5.092800000000000000e+04 5.370500000000000000e+04 4.640600000000000000e+04 2.846866753406357020e+01 8.950000000000000000e+02
-1.000000000000000000e+00 -8.000000000000000000e+00 1.500000000000000000e+01 4.786800000000000000e+04 5.153200000000000000e+04 5.392000000000000000e+04 4.572800000000000000e+04 2.847920632211025804e+01 8.950000000000000000e+02
-1.900000000000000000e+01 3.000000000000000000e+00 2.100000000000000000e+01 4.764800000000000000e+04 4.933900000000000000e+04 5.406200000000000000e+04 4.833400000000000000e+04 2.848923252802342176e+01 8.950000000000000000e+02
