7.500000000000000000e+01 -4.000000000000000000e+01 -9.100000000000000000e+01 5.755800000000000000e+04 5.657900000000000000e+04 5.891300000000000000e+04 5.542500000000000000e+04 3.019708444701973349e+01 7.630000000000000000e+02
6.700000000000000000e+01 -3.800000000000000000e+01 -1.120000000000000000e+02 5.761900000000000000e+04 5.713200000000000000e+04 5.874100000000000000e+04 5.494500000000000000e+04 3.020947156602051109e+01 7.630000000000000000e+02
2.900000000000000000e+01 -2.300000000000000000e+01 -1.130000000000000000e+02 5.726200000000000000e+04 5.654700000000000000e+04 5.886900000000000000e+04 5.576700000000000000e+04 3.021452710300218314e+01 7.630000000000000000e+02
-5.000000000000000000e+00 7.000000000000000000e+00 -1.130000000000000000e+02 5.745900000000000000e+04 5.615500000000000000e+04 5.865400000000000000e+04 5.632300000000000000e+04 3.022906541498377919e+01 7.620000000000000000e+02
-4.600000000000000000e+01 6.500000000000000000e+01 -1.070000000000000000e+02 5.744800000000000000e+04 5.524400000000000000e+04 5.866600000000000000e+04 5.753700000000000000e+04 3.024133194400928915e+01 7.620000000000000000e+02
-4.900000000000000000e+01 4.400000000000000000e+01 -1.190000000000000000e+02 5.756600000000000000e+04 5.541700000000000000e+04 5.859100000000000000e+04 5.733400000000000000e+04 3.024619471700862050e+01 7.620000000000000000e+02
-3.400000000000000000e+01 6.000000000000000000e+01 -1.000000000000000000e+02 5.762700000000000000e+04 5.585100000000000000e+04 5.846700000000000000e+04 5.699600000000000000e+04 3.025630408606957644e+01 7.620000000000000000e+02
-4.000000000000000000e+01 4.700000000000000000e+01 -1.100000000000000000e+02 5.759300000000000000e+04 5.619400000000000000e+04 5.844800000000000000e+04 5.666300000000000000e+04 3.026954839099198580e+01 7.640000000000000000e+02
-1.500000000000000000e+01 5.900000000000000000e+01 -1.090000000000000000e+02 5.755400000000000000e+04 5.573500000000000000e+04 5.813500000000000000e+04 5.718000000000000000e+04 3.027509651007130742e+01 7.640000000000000000e+02
-9.000000000000000000e+00 4.200000000000000000e+01 -9.800000000000000000e+01 5.766900000000000000e+04 5.566600000000000000e+04 5.804400000000000000e+04 5.675300000000000000e+04 3.028652982797939330e+01 7.640000000000000000e+02
1.800000000000000000e+01 3.700000000000000000e+01 -1.000000000000000000e+02 5.768100000000000000e+04 5.625800000000000000e+04 5.793600000000000000e+04 5.619500000000000000e+04 3.029533543507568538e+01 7.640000000000000000e+02
5.100000000000000000e+01 4.000000000000000000e+00 -9.900000000000000000e+01 5.756600000000000000e+04 5.631700000000000000e+04 5.801700000000000000e+04 5.612200000000000000e+04 3.030477193300612271e+01 7.640000000000000000e+02
1.200000000000000000e+01 -1.100000000000000000e+01 -9.100000000000000000e+01 5.753800000000000000e+04 5.642600000000000000e+04 5.802600000000000000e+04 5.596100000000000000e+04 3.031697754201013595e+01 7.640000000000000000e+02
4.100000000000000000e+01 4.000000000000000000e+00 -8.800000000000000000e+01 5.773900000000000000e+04 5.637100000000000000e+04 5.814400000000000000e+04 5.615600000000000000e+04 3.032594574696850032e+01 7.620000000000000000e+02
1.700000000000000000e+01 -4.100000000000000000e+01 -9.800000000000000000e+01 5.751000000000000000e+04 5.653300000000000000e+04 5.817100000000000000e+04 5.614600000000000000e+04 3.034100777702406049e+01 7.620000000000000000e+02
-7.000000000000000000e+00 -2.100000000000000000e+01 -8.200000000000000000e+01 5.813700000000000000e+04 5.541400000000000000e+04 5.946500000000000000e+04 5.551000000000000000e+04 3.034533557796385139e+01 7.620000000000000000e+02
2.500000000000000000e+01 -2.300000000000000000e+01 -9.100000000000000000e+01 5.836100000000000000e+04 5.555400000000000000e+04 5.920700000000000000e+04 5.547000000000000000e+04 3.035621168406214565e+01 7.620000000000000000e+02
3.800000000000000000e+01 -2.800000000000000000e+01 -7.000000000000000000e+01 5.880200000000000000e+04 5.608500000000000000e+04 5.886200000000000000e+04 5.481400000000000000e+04 3.036584631900768727e+01 7.670000000000000000e+02
7.000000000000000000e+00 -2.400000000000000000e+01 -7.500000000000000000e+01 5.836500000000000000e+04 5.556200000000000000e+04 5.889000000000000000e+04 5.495300000000000000e+04 3.037806953198742121e+01 7.670000000000000000e+02
4.000000000000000000e+00 6.000000000000000000e+00 -7.500000000000000000e+01 5.788700000000000000e+04 5.557000000000000000e+04 5.910600000000000000e+04 5.472700000000000000e+04 3.038727045105770230e+01 7.670000000000000000e+02
-6.700000000000000000e+01 -7.000000000000000000e+00 -7.400000000000000000e+01 5.779600000000000000e+04 5.471000000000000000e+04 5.906200000000000000e+04 5.566200000000000000e+04 3.039803304406814277e+01 7.670000000000000000e+02
-8.200000000000000000e+01 3.900000000000000000e+01 -6.500000000000000000e+01 5.757100000000000000e+04 5.450900000000000000e+04 5.902100000000000000e+04 5.572000000000000000e+04 3.040583628905005753e+01 7.670000000000000000e+02
-7.300000000000000000e+01 4.000000000000000000e+00 -5.200000000000000000e+01 5.728500000000000000e+04 5.491800000000000000e+04 5.926300000000000000e+04 5.532400000000000000e+04 3.041464928106870502e+01 7.670000000000000000e+02
-9.400000000000000000e+01 2.800000000000000000e+01 -7.000000000000000000e+01 5.772700000000000000e+04 5.423800000000000000e+04 5.864700000000000000e+04 5.566200000000000000e+04 3.042562252399511635e+01 7.680000000000000000e+02
-5.300000000000000000e+01 2.900000000000000000e+01 -7.400000000000000000e+01 5.759200000000000000e+04 5.439800000000000000e+04 5.867400000000000000e+04 5.560200000000000000e+04 3.043497278797440231e+01 7.680000000000000000e+02
-3.300000000000000000e+01 7.000000000000000000e+00 -6.200000000000000000e+01 5.736200000000000000e+04 5.475500000000000000e+04 5.885100000000000000e+04 5.525500000000000000e+04 3.044787363207433373e+01 7.680000000000000000e+02
5.000000000000000000e+00 1.700000000000000000e+01 -7.600000000000000000e+01 5.799300000000000000e+04 5.513000000000000000e+04 5.817600000000000000e+04 5.495400000000000000e+04 3.045727635198272765e+01 7.680000000000000000e+02
2.900000000000000000e+01 -6.000000000000000000e+00 -5.800000000000000000e+01 5.775500000000000000e+04 5.508400000000000000e+04 5.832800000000000000e+04 5.508200000000000000e+04 3.046550245105754584e+01 7.650000000000000000e+02
4.400000000000000000e+01 -3.000000000000000000e+01 -6.900000000000000000e+01 5.745100000000000000e+04 5.519000000000000000e+04 5.889700000000000000e+04 5.525700000000000000e+04 3.047594147804193199e+01 7.650000000000000000e+02
6.800000000000000000e+01 -4.700000000000000000e+01 -6.500000000000000000e+01 5.742700000000000000e+04 5.635200000000000000e+04 5.880400000000000000e+04 5.417800000000000000e+04 3.048386889300309122e+01 7.650000000000000000e+02
7.100000000000000000e+01 -3.300000000000000000e+01 -7.200000000000000000e+01 5.751600000000000000e+04 5.630600000000000000e+04 5.863100000000000000e+04 5.430400000000000000e+04 3.049439598398748785e+01 7.650000000000000000e+02
9.600000000000000000e+01 -4.000000000000000000e+00 -7.500000000000000000e+01 5.786500000000000000e+04 5.582700000000000000e+04 5.825200000000000000e+04 5.486300000000000000e+04 3.050443663506302983e+01 7.650000000000000000e+02
9.600000000000000000e+01 2.400000000000000000e+01 -6.500000000000000000e+01 5.837500000000000000e+04 5.634400000000000000e+04 5.796700000000000000e+04 5.451200000000000000e+04 3.051383998198434711e+01 7.650000000000000000e+02
8.700000000000000000e+01 3.600000000000000000e+01 -7.900000000000000000e+01 5.812000000000000000e+04 5.581000000000000000e+04 5.840900000000000000e+04 5.544600000000000000e+04 3.052434819703921676e+01 7.650000000000000000e+02
4.900000000000000000e+01 5.700000000000000000e+01 -6.400000000000000000e+01 5.803700000000000000e+04 5.596700000000000000e+04 5.865000000000000000e+04 5.552100000000000000e+04 3.053399750706739724e+01 7.650000000000000000e+02
3.300000000000000000e+01 6.500000000000000000e+01 -7.500000000000000000e+01 5.831600000000000000e+04 5.588000000000000000e+04 5.855300000000000000e+04 5.585900000000000000e+04 3.054492729506455362e+01 7.650000000000000000e+02
-2.200000000000000000e+01 7.200000000000000000e+01 -7.000000000000000000e+01 5.834800000000000000e+04 5.543000000000000000e+04 5.849600000000000000e+04 5.630700000000000000e+04 3.055509546096436679e+01 7.650000000000000000e+02
-2.500000000000000000e+01 5.900000000000000000e+01 -6.200000000000000000e+01 5.796000000000000000e+04 5.550300000000000000e+04 5.858000000000000000e+04 5.605500000000000000e+04 3.056406027602497488e+01 7.690000000000000000e+02
-1.000000000000000000e+01 4.000000000000000000e+01 -7.500000000000000000e+01 5.756100000000000000e+04 5.611300000000000000e+04 5.874300000000000000e+04 5.529800000000000000e+04 3.057428003498353064e+01 7.690000000000000000e+02
-2.600000000000000000e+01 -5.000000000000000000e+00 -6.900000000000000000e+01 5.730300000000000000e+04 5.614500000000000000e+04 5.896900000000000000e+04 5.526400000000000000e+04 3.058495243906509131e+01 7.690000000000000000e+02
-4.700000000000000000e+01 1.300000000000000000e+01 -6.800000000000000000e+01 5.724400000000000000e+04 5.581500000000000000e+04 5.895000000000000000e+04 5.564900000000000000e+04 3.059444385103415698e+01 7.690000000000000000e+02
-1.600000000000000000e+01 -8.000000000000000000e+00 -6.300000000000000000e+01 5.750600000000000000e+04 5.625900000000000000e+04 5.865000000000000000e+04 5.520500000000000000e+04 3.060406566003803164e+01 7.690000000000000000e+02
-2.400000000000000000e+01 -4.000000000000000000e+00 -6.000000000000000000e+01 5.781300000000000000e+04 5.607200000000000000e+04 5.829200000000000000e+04 5.540200000000000000e+04 3.061573812400456518e+01 7.690000000000000000e+02
2.800000000000000000e+01 1.600000000000000000e+01 -6.200000000000000000e+01 5.778600000000000000e+04 5.607500000000000000e+04 5.842800000000000000e+04 5.559400000000000000e+04 3.062400460697244853e+01 7.670000000000000000e+02
7.000000000000000000e+00 1.100000000000000000e+01 -6.200000000000000000e+01 5.783500000000000000e+04 5.622900000000000000e+04 5.834100000000000000e+04 5.547500000000000000e+04 3.063463206507731229e+01 7.670000000000000000e+02
2.300000000000000000e+01 4.900000000000000000e+01 -6.400000000000000000e+01 5.781600000000000000e+04 5.561000000000000000e+04 5.850900000000000000e+04 5.628100000000000000e+04 3.064496340800542384e+01 7.670000000000000000e+02
1.700000000000000000e+01 2.800000000000000000e+01 -5.900000000000000000e+01 5.809900000000000000e+04 5.565100000000000000e+04 5.818200000000000000e+04 5.628300000000000000e+04 3.065372130798641592e+01 7.670000000000000000e+02
3.700000000000000000e+01 4.600000000000000000e+01 -7.000000000000000000e+01 5.797000000000000000e+04 5.615500000000000000e+04 5.833300000000000000e+04 5.600800000000000000e+04 3.066607958998065442e+01 7.670000000000000000e+02
3.400000000000000000e+01 4.000000000000000000e+00 -5.000000000000000000e+01 5.807900000000000000e+04 5.618800000000000000e+04 5.821400000000000000e+04 5.597200000000000000e+04 3.067414774198550731e+01 7.670000000000000000e+02
4.700000000000000000e+01 -6.000000000000000000e+00 -7.100000000000000000e+01 5.798600000000000000e+04 5.715700000000000000e+04 5.827600000000000000e+04 5.499300000000000000e+04 3.068412845302373171e+01 7.670000000000000000e+02
9.000000000000000000e+00 -1.100000000000000000e+01 -6.000000000000000000e+01 5.763500000000000000e+04 5.679900000000000000e+04 5.837000000000000000e+04 5.520000000000000000e+04 3.069405671197455376e+01 7.670000000000000000e+02
-3.500000000000000000e+01 1.000000000000000000e+00 -6.100000000000000000e+01 5.727100000000000000e+04 5.636300000000000000e+04 5.880100000000000000e+04 5.592000000000000000e+04 3.070366635604295880e+01 7.670000000000000000e+02
-7.500000000000000000e+01 1.600000000000000000e+01 -6.200000000000000000e+01 5.742300000000000000e+04 5.612200000000000000e+04 5.841100000000000000e+04 5.598700000000000000e+04 3.071406422497238964e+01 7.670000000000000000e+02
-8.800000000000000000e+01 -4.000000000000000000e+00 -5.200000000000000000e+01 5.808300000000000000e+04 5.646000000000000000e+04 5.776100000000000000e+04 5.557500000000000000e+04 3.072388854296877980e+01 7.700000000000000000e+02
-1.330000000000000000e+02 3.100000000000000000e+01 -5.100000000000000000e+01 5.762400000000000000e+04 5.564000000000000000e+04 5.826100000000000000e+04 5.627500000000000000e+04 3.073376855696551502e+01 7.700000000000000000e+02
-1.700000000000000000e+02 -4.500000000000000000e+01 -5.600000000000000000e+01 5.749600000000000000e+04 5.576700000000000000e+04 5.828500000000000000e+04 5.617200000000000000e+04 3.074383050797041506e+01 7.700000000000000000e+02
-2.000000000000000000e+02 -2.000000000000000000e+01 -3.300000000000000000e+01 5.692800000000000000e+04 5.543500000000000000e+04 5.887500000000000000e+04 5.641200000000000000e+04 3.075415063998661935e+01 7.700000000000000000e+02
-2.040000000000000000e+02 -8.600000000000000000e+01 -3.300000000000000000e+01 5.665200000000000000e+04 5.561200000000000000e+04 5.879800000000000000e+04 5.591900000000000000e+04 3.076386138296220452e+01 7.720000000000000000e+02
-2.010000000000000000e+02 -9.900000000000000000e+01 -3.600000000000000000e+01 5.658300000000000000e+04 5.582800000000000000e+04 5.862300000000000000e+04 5.548500000000000000e+04 3.077398248098324984e+01 7.720000000000000000e+02
-1.510000000000000000e+02 -1.310000000000000000e+02 -3.100000000000000000e+01 5.639700000000000000e+04 5.569200000000000000e+04 5.856600000000000000e+04 5.543400000000000000e+04 3.078436852199956775e+01 7.720000000000000000e+02
-1.150000000000000000e+02 -1.340000000000000000e+02 -3.200000000000000000e+01 5.666000000000000000e+04 5.625300000000000000e+04 5.828900000000000000e+04 5.481600000000000000e+04 3.079422904201783240e+01 7.720000000000000000e+02
-7.900000000000000000e+01 -1.310000000000000000e+02 -2.600000000000000000e+01 5.678400000000000000e+04 5.586200000000000000e+04 5.816400000000000000e+04 5.518800000000000000e+04 3.080429936305154115e+01 7.720000000000000000e+02
-2.000000000000000000e+01 -9.300000000000000000e+01 -1.600000000000000000e+01 5.729800000000000000e+04 5.631400000000000000e+04 5.776800000000000000e+04 5.461000000000000000e+04 3.081527839798945934e+01 7.720000000000000000e+02
-3.100000000000000000e+01 -4.600000000000000000e+01 -1.200000000000000000e+01 5.700600000000000000e+04 5.656800000000000000e+04 5.824700000000000000e+04 5.464200000000000000e+04 3.082371361099649221e+01 7.690000000000000000e+02
-5.000000000000000000e+00 -2.700000000000000000e+01 -1.400000000000000000e+01 5.786100000000000000e+04 5.621600000000000000e+04 5.764700000000000000e+04 5.511100000000000000e+04 3.083393852401059121e+01 7.690000000000000000e+02
4.000000000000000000e+00 6.100000000000000000e+01 4.000000000000000000e+00 5.778100000000000000e+04 5.524800000000000000e+04 5.802600000000000000e+04 5.617900000000000000e+04 3.084369253006298095e+01 7.690000000000000000e+02
-1.600000000000000000e+01 6.700000000000000000e+01 -5.000000000000000000e+00 5.780600000000000000e+04 5.575200000000000000e+04 5.802600000000000000e+04 5.567200000000000000e+04 3.085399872506968677e+01 7.690000000000000000e+02
-2.700000000000000000e+01 1.100000000000000000e+02 2.000000000000000000e+00 5.786100000000000000e+04 5.545300000000000000e+04 5.785600000000000000e+04 5.583800000000000000e+04 3.086373471305705607e+01 7.720000000000000000e+02
-4.200000000000000000e+01 1.240000000000000000e+02 1.400000000000000000e+01 5.814200000000000000e+04 5.487000000000000000e+04 5.747400000000000000e+04 5.612800000000000000e+04 3.087367691798135638e+01 7.720000000000000000e+02
-2.600000000000000000e+01 1.220000000000000000e+02 4.000000000000000000e+00 5.793200000000000000e+04 5.510300000000000000e+04 5.765200000000000000e+04 5.591000000000000000e+04 3.088373442401643842e+01 7.720000000000000000e+02
-5.500000000000000000e+01 8.300000000000000000e+01 1.100000000000000000e+01 5.731300000000000000e+04 5.494300000000000000e+04 5.804900000000000000e+04 5.587700000000000000e+04 3.089370889903511852e+01 7.720000000000000000e+02
-2.600000000000000000e+01 7.500000000000000000e+01 6.000000000000000000e+00 5.770500000000000000e+04 5.503600000000000000e+04 5.773800000000000000e+04 5.575200000000000000e+04 3.090355860197450966e+01 7.720000000000000000e+02
-3.300000000000000000e+01 1.300000000000000000e+01 6.000000000000000000e+00 5.709200000000000000e+04 5.504700000000000000e+04 5.831700000000000000e+04 5.574700000000000000e+04 3.091402766399551183e+01 7.720000000000000000e+02
-9.000000000000000000e+00 -6.000000000000000000e+00 1.300000000000000000e+01 5.704300000000000000e+04 5.563200000000000000e+04 5.858000000000000000e+04 5.538000000000000000e+04 3.092372548207640648e+01 7.700000000000000000e+02
2.100000000000000000e+01 -6.000000000000000000e+01 5.000000000000000000e+00 5.720900000000000000e+04 5.560600000000000000e+04 5.862600000000000000e+04 5.564700000000000000e+04 3.093413069203961641e+01 7.700000000000000000e+02
2.400000000000000000e+01 -5.500000000000000000e+01 1.500000000000000000e+01 5.727900000000000000e+04 5.602500000000000000e+04 5.858300000000000000e+04 5.520800000000000000e+04 3.094481920404359698e+01 7.700000000000000000e+02
3.500000000000000000e+01 -8.200000000000000000e+01 1.800000000000000000e+01 5.707300000000000000e+04 5.566900000000000000e+04 5.881100000000000000e+04 5.558600000000000000e+04 3.095335684507153928e+01 7.700000000000000000e+02
5.800000000000000000e+01 -6.900000000000000000e+01 1.500000000000000000e+01 5.794100000000000000e+04 5.617100000000000000e+04 5.793800000000000000e+04 5.473400000000000000e+04 3.096383829205296934e+01 7.730000000000000000e+02
7.700000000000000000e+01 -5.400000000000000000e+01 1.700000000000000000e+01 5.720600000000000000e+04 5.579200000000000000e+04 5.857400000000000000e+04 5.525100000000000000e+04 3.097493503906298429e+01 7.730000000000000000e+02
5.200000000000000000e+01 -4.900000000000000000e+01 1.300000000000000000e+01 5.712900000000000000e+04 5.593400000000000000e+04 5.868200000000000000e+04 5.514300000000000000e+04 3.098377187899313867e+01 7.730000000000000000e+02
5.400000000000000000e+01 -1.300000000000000000e+01 1.100000000000000000e+01 5.722700000000000000e+04 5.596800000000000000e+04 5.839600000000000000e+04 5.489700000000000000e+04 3.099402503599412739e+01 7.730000000000000000e+02
6.100000000000000000e+01 7.000000000000000000e+00 2.400000000000000000e+01 5.772000000000000000e+04 5.572800000000000000e+04 5.810500000000000000e+04 5.533600000000000000e+04 3.100503462203778327e+01 7.730000000000000000e+02
5.600000000000000000e+01 6.200000000000000000e+01 2.100000000000000000e+01 5.781300000000000000e+04 5.559000000000000000e+04 5.810000000000000000e+04 5.543600000000000000e+04 3.101509771798737347e+01 7.730000000000000000e+02
3.300000000000000000e+01 8.200000000000000000e+01 2.600000000000000000e+01 5.764400000000000000e+04 5.538400000000000000e+04 5.862400000000000000e+04 5.600400000000000000e+04 3.102449067006818950e+01 7.710000000000000000e+02
4.000000000000000000e+01 9.900000000000000000e+01 2.500000000000000000e+01 5.806600000000000000e+04 5.533100000000000000e+04 5.828800000000000000e+04 5.605500000000000000e+04 3.103596698306500912e+01 7.710000000000000000e+02
1.600000000000000000e+01 9.800000000000000000e+01 1.200000000000000000e+01 5.797600000000000000e+04 5.554700000000000000e+04 5.855600000000000000e+04 5.615900000000000000e+04 3.104440194997005165e+01 7.710000000000000000e+02
5.900000000000000000e+01 9.800000000000000000e+01 1.400000000000000000e+01 5.809400000000000000e+04 5.569100000000000000e+04 5.823200000000000000e+04 5.588100000000000000e+04 3.105394201097078621e+01 7.710000000000000000e+02
1.700000000000000000e+01 4.100000000000000000e+01 -4.000000000000000000e+00 5.773300000000000000e+04 5.593900000000000000e+04 5.866200000000000000e+04 5.599000000000000000e+04 3.106610112101770937e+01 7.720000000000000000e+02
1.200000000000000000e+01 2.700000000000000000e+01 1.500000000000000000e+01 5.730700000000000000e+04 5.583600000000000000e+04 5.902400000000000000e+04 5.581200000000000000e+04 3.107404856302309781e+01 7.720000000000000000e+02
3.000000000000000000e+00 -2.500000000000000000e+01 3.000000000000000000e+00 5.725000000000000000e+04 5.600100000000000000e+04 5.900100000000000000e+04 5.575700000000000000e+04 3.108557555102743208e+01 7.720000000000000000e+02
1.300000000000000000e+01 -2.800000000000000000e+01 9.000000000000000000e+00 5.722300000000000000e+04 5.642200000000000000e+04 5.912300000000000000e+04 5.529200000000000000e+04 3.109412943304050714e+01 7.720000000000000000e+02
3.900000000000000000e+01 -6.400000000000000000e+01 5.000000000000000000e+00 5.744400000000000000e+04 5.610200000000000000e+04 5.895200000000000000e+04 5.563500000000000000e+04 3.110501038003712893e+01 7.720000000000000000e+02
5.400000000000000000e+01 -6.100000000000000000e+01 -5.000000000000000000e+00 5.741700000000000000e+04 5.619600000000000000e+04 5.900000000000000000e+04 5.556500000000000000e+04 3.111323863500729203e+01 7.720000000000000000e+02
7.900000000000000000e+01 -8.800000000000000000e+01 1.100000000000000000e+01 5.793900000000000000e+04 5.662900000000000000e+04 5.875900000000000000e+04 5.540500000000000000e+04 3.112380373699124902e+01 7.710000000000000000e+02
6.500000000000000000e+01 -8.100000000000000000e+01 1.800000000000000000e+01 5.793000000000000000e+04 5.682300000000000000e+04 5.879500000000000000e+04 5.514700000000000000e+04 3.113496150297578424e+01 7.710000000000000000e+02
8.100000000000000000e+01 -6.200000000000000000e+01 9.000000000000000000e+00 5.760100000000000000e+04 5.687900000000000000e+04 5.927800000000000000e+04 5.530000000000000000e+04 3.114396110398229212e+01 7.710000000000000000e+02
2.400000000000000000e+01 -3.700000000000000000e+01 2.000000000000000000e+01 5.810300000000000000e+04 5.587100000000000000e+04 5.884700000000000000e+04 5.628500000000000000e+04 3.115348645602352917e+01 7.710000000000000000e+02
5.600000000000000000e+01 -1.800000000000000000e+01 2.000000000000000000e+00 5.781900000000000000e+04 5.662700000000000000e+04 5.888800000000000000e+04 5.529100000000000000e+04 3.116319811402354389e+01 4.120000000000000000e+02
1.000000000000000000e+01 2.000000000000000000e+00 1.900000000000000000e+01 5.797400000000000000e+04 5.681400000000000000e+04 5.876900000000000000e+04 5.511200000000000000e+04 3.117369618802331388e+01 4.120000000000000000e+02
7.000000000000000000e+00 5.400000000000000000e+01 1.500000000000000000e+01 5.793900000000000000e+04 5.538800000000000000e+04 5.853100000000000000e+04 5.638500000000000000e+04 3.118403625104110688e+01 4.120000000000000000e+02
-1.100000000000000000e+01 1.030000000000000000e+02 9.000000000000000000e+00 5.908500000000000000e+04 5.535700000000000000e+04 5.733900000000000000e+04 5.627300000000000000e+04 3.119326084607746452e+01 4.120000000000000000e+02
3.400000000000000000e+01 1.580000000000000000e+02 1.700000000000000000e+01 5.863000000000000000e+04 5.527700000000000000e+04 5.774800000000000000e+04 5.628200000000000000e+04 3.120348875399213284e+01 4.120000000000000000e+02
2.300000000000000000e+01 1.600000000000000000e+02 1.500000000000000000e+01 5.867400000000000000e+04 5.513100000000000000e+04 5.765000000000000000e+04 5.632000000000000000e+04 3.121402145898900926e+01 4.120000000000000000e+02
1.900000000000000000e+01 2.390000000000000000e+02 3.600000000000000000e+01 5.998100000000000000e+04 5.577800000000000000e+04 5.854200000000000000e+04 5.786900000000000000e+04 3.122297639900352806e+01 0.000000000000000000e+00
4.700000000000000000e+01 2.890000000000000000e+02 1.600000000000000000e+01 6.067800000000000000e+04 5.341000000000000000e+04 5.785500000000000000e+04 5.989600000000000000e+04 3.123358563799411058e+01 0.000000000000000000e+00
8.300000000000000000e+01 2.400000000000000000e+02 1.500000000000000000e+01 6.088400000000000000e+04 5.494800000000000000e+04 5.805700000000000000e+04 5.912500000000000000e+04 3.124351953598670661e+01 0.000000000000000000e+00
1.910000000000000000e+02 1.960000000000000000e+02 1.200000000000000000e+01 6.117800000000000000e+04 5.661600000000000000e+04 5.750100000000000000e+04 5.746400000000000000e+04 3.125391764007508755e+01 0.000000000000000000e+00
2.690000000000000000e+02 9.100000000000000000e+01 3.600000000000000000e+01 6.118200000000000000e+04 5.791500000000000000e+04 5.876200000000000000e+04 5.716200000000000000e+04 3.126521924498956650e+01 0.000000000000000000e+00
2.870000000000000000e+02 1.600000000000000000e+01 2.500000000000000000e+01 6.097500000000000000e+04 5.724700000000000000e+04 5.896200000000000000e+04 5.752800000000000000e+04 3.127526086801663041e+01 0.000000000000000000e+00
2.670000000000000000e+02 -1.490000000000000000e+02 2.700000000000000000e+01 5.989000000000000000e+04 5.885300000000000000e+04 5.979700000000000000e+04 5.562300000000000000e+04 3.128378331207204610e+01 0.000000000000000000e+00
2.330000000000000000e+02 -1.570000000000000000e+02 2.000000000000000000e+01 5.963200000000000000e+04 5.852500000000000000e+04 5.992800000000000000e+04 5.600500000000000000e+04 3.129462977207731456e+01 0.000000000000000000e+00
1.010000000000000000e+02 -1.400000000000000000e+02 2.800000000000000000e+01 5.921900000000000000e+04 5.714700000000000000e+04 6.009600000000000000e+04 5.708200000000000000e+04 3.130395658407360315e+01 0.000000000000000000e+00
8.100000000000000000e+01 -1.100000000000000000e+01 2.500000000000000000e+01 5.937600000000000000e+04 5.716400000000000000e+04 5.979500000000000000e+04 5.665500000000000000e+04 3.131338844099082053e+01 0.000000000000000000e+00
3.300000000000000000e+01 1.290000000000000000e+02 4.600000000000000000e+01 5.972500000000000000e+04 5.570600000000000000e+04 5.923700000000000000e+04 5.776500000000000000e+04 3.132351342600304633e+01 5.000000000000000000e+00
2.100000000000000000e+01 2.470000000000000000e+02 6.100000000000000000e+01 6.076600000000000000e+04 5.541500000000000000e+04 5.803800000000000000e+04 5.764300000000000000e+04 3.133301132800988853e+01 5.000000000000000000e+00
-1.800000000000000000e+01 2.800000000000000000e+02 5.000000000000000000e+01 5.967400000000000000e+04 5.524800000000000000e+04 5.889200000000000000e+04 5.711000000000000000e+04 3.134407141699921340e+01 5.000000000000000000e+00
-6.000000000000000000e+01 2.820000000000000000e+02 5.000000000000000000e+01 5.953500000000000000e+04 5.453200000000000000e+04 5.855400000000000000e+04 5.723000000000000000e+04 3.135302970197517425e+01 5.000000000000000000e+00
-1.100000000000000000e+02 2.340000000000000000e+02 7.400000000000000000e+01 5.818300000000000000e+04 5.412100000000000000e+04 5.876500000000000000e+04 5.630000000000000000e+04 3.136373566207475960e+01 1.200000000000000000e+01
-4.200000000000000000e+01 2.040000000000000000e+02 7.200000000000000000e+01 5.747500000000000000e+04 5.593800000000000000e+04 5.897400000000000000e+04 5.355300000000000000e+04 3.137319590803235769e+01 1.200000000000000000e+01
-1.320000000000000000e+02 1.940000000000000000e+02 7.700000000000000000e+01 5.645000000000000000e+04 5.436300000000000000e+04 5.934800000000000000e+04 5.438200000000000000e+04 3.138480547303333879e+01 1.200000000000000000e+01
-1.740000000000000000e+02 2.790000000000000000e+02 6.600000000000000000e+01 5.665500000000000000e+04 5.379200000000000000e+04 5.891200000000000000e+04 5.468000000000000000e+04 3.139406693307682872e+01 1.200000000000000000e+01
-1.990000000000000000e+02 3.960000000000000000e+02 7.600000000000000000e+01 5.691700000000000000e+04 5.157600000000000000e+04 5.800500000000000000e+04 5.612400000000000000e+04 3.140368381200823933e+01 1.200000000000000000e+01
-1.910000000000000000e+02 5.040000000000000000e+02 5.800000000000000000e+01 5.639200000000000000e+04 5.053400000000000000e+04 5.817400000000000000e+04 5.662300000000000000e+04 3.141389632399659604e+01 1.200000000000000000e+01
-8.500000000000000000e+01 5.860000000000000000e+02 6.800000000000000000e+01 5.691300000000000000e+04 4.986900000000000000e+04 5.654400000000000000e+04 5.597600000000000000e+04 3.142340110801160336e+01 2.000000000000000000e+01
5.400000000000000000e+01 6.330000000000000000e+02 5.800000000000000000e+01 5.788100000000000000e+04 5.213900000000000000e+04 5.517100000000000000e+04 5.358400000000000000e+04 3.143308046704623848e+01 2.000000000000000000e+01
1.560000000000000000e+02 6.420000000000000000e+02 3.700000000000000000e+01 5.835600000000000000e+04 5.270200000000000000e+04 5.406800000000000000e+04 5.279400000000000000e+04 3.144396343606058508e+01 2.000000000000000000e+01
2.640000000000000000e+02 6.030000000000000000e+02 4.900000000000000000e+01 5.885500000000000000e+04 5.342500000000000000e+04 5.336900000000000000e+04 5.174600000000000000e+04 3.145369116298388690e+01 2.000000000000000000e+01
2.790000000000000000e+02 5.230000000000000000e+02 6.500000000000000000e+01 5.761600000000000000e+04 5.218200000000000000e+04 5.275400000000000000e+04 5.049700000000000000e+04 3.146481626806780696e+01 3.300000000000000000e+01
1.940000000000000000e+02 4.650000000000000000e+02 7.000000000000000000e+01 5.692900000000000000e+04 5.136900000000000000e+04 5.327800000000000000e+04 5.092800000000000000e+04 3.147450757597107440e+01 3.300000000000000000e+01
1.240000000000000000e+02 4.120000000000000000e+02 7.400000000000000000e+01 5.662100000000000000e+04 5.091900000000000000e+04 5.296900000000000000e+04 5.075100000000000000e+04 3.148406071506906301e+01 3.300000000000000000e+01
2.500000000000000000e+01 3.240000000000000000e+02 8.700000000000000000e+01 5.555500000000000000e+04 4.974500000000000000e+04 5.415100000000000000e+04 5.139700000000000000e+04 3.149381304602138698e+01 3.300000000000000000e+01
-1.700000000000000000e+02 1.620000000000000000e+02 8.100000000000000000e+01 5.329800000000000000e+04 4.952800000000000000e+04 5.624500000000000000e+04 5.128900000000000000e+04 3.150392473407555372e+01 3.300000000000000000e+01
-2.990000000000000000e+02 -6.000000000000000000e+00 8.700000000000000000e+01 5.190800000000000000e+04 4.965000000000000000e+04 5.746800000000000000e+04 5.113900000000000000e+04 3.151314699498470873e+01 3.300000000000000000e+01
-4.050000000000000000e+02 -1.230000000000000000e+02 7.700000000000000000e+01 5.027200000000000000e+04 4.778300000000000000e+04 5.793100000000000000e+04 5.169200000000000000e+04 3.152353168104309589e+01 4.100000000000000000e+01
-4.410000000000000000e+02 -1.920000000000000000e+02 7.400000000000000000e+01 5.082800000000000000e+04 4.834300000000000000e+04 5.771700000000000000e+04 5.154100000000000000e+04 3.153319069405552000e+01 4.100000000000000000e+01
-3.750000000000000000e+02 -2.270000000000000000e+02 6.400000000000000000e+01 5.094700000000000000e+04 4.890700000000000000e+04 5.746800000000000000e+04 5.112200000000000000e+04 3.154336669703479856e+01 4.100000000000000000e+01
-2.600000000000000000e+02 -2.000000000000000000e+02 5.800000000000000000e+01 5.184000000000000000e+04 4.943800000000000000e+04 5.667900000000000000e+04 5.056500000000000000e+04 3.155326055607292801e+01 4.100000000000000000e+01
-7.800000000000000000e+01 -1.990000000000000000e+02 6.400000000000000000e+01 5.239200000000000000e+04 4.916700000000000000e+04 5.535000000000000000e+04 4.960700000000000000e+04 3.156375075201503932e+01 5.100000000000000000e+01
9.700000000000000000e+01 -1.260000000000000000e+02 5.800000000000000000e+01 5.427800000000000000e+04 5.051400000000000000e+04 5.373200000000000000e+04 4.836900000000000000e+04 3.157359144405927509e+01 5.100000000000000000e+01
2.640000000000000000e+02 -8.000000000000000000e+01 3.900000000000000000e+01 5.520700000000000000e+04 5.103500000000000000e+04 5.240700000000000000e+04 4.779100000000000000e+04 3.158366435102652758e+01 5.100000000000000000e+01
3.300000000000000000e+02 8.000000000000000000e+00 3.200000000000000000e+01 5.552900000000000000e+04 5.067000000000000000e+04 5.217400000000000000e+04 4.852700000000000000e+04 3.159360269596800208e+01 5.100000000000000000e+01
3.160000000000000000e+02 0.000000000000000000e+00 2.400000000000000000e+01 5.531000000000000000e+04 5.078500000000000000e+04 5.263900000000000000e+04 4.882000000000000000e+04 3.160316414700355381e+01 5.100000000000000000e+01
1.980000000000000000e+02 -2.600000000000000000e+01 3.000000000000000000e+01 5.390000000000000000e+04 4.925500000000000000e+04 5.468200000000000000e+04 5.084700000000000000e+04 3.161299524398054928e+01 5.100000000000000000e+01
7.700000000000000000e+01 -9.700000000000000000e+01 2.300000000000000000e+01 5.322000000000000000e+04 4.867900000000000000e+04 5.559700000000000000e+04 5.172500000000000000e+04 3.162299874506425112e+01 5.300000000000000000e+01
1.700000000000000000e+01 -1.470000000000000000e+02 3.600000000000000000e+01 5.295900000000000000e+04 4.992200000000000000e+04 5.620400000000000000e+04 5.088900000000000000e+04 3.163317351799923927e+01 5.300000000000000000e+01
-1.800000000000000000e+01 -2.340000000000000000e+02 4.400000000000000000e+01 5.306000000000000000e+04 5.086900000000000000e+04 5.694900000000000000e+04 5.052600000000000000e+04 3.164317291404586285e+01 5.300000000000000000e+01
-6.500000000000000000e+01 -2.820000000000000000e+02 3.000000000000000000e+01 5.304000000000000000e+04 5.081000000000000000e+04 5.738300000000000000e+04 5.091500000000000000e+04 3.165445408900268376e+01 5.300000000000000000e+01
-1.040000000000000000e+02 -3.670000000000000000e+02 4.100000000000000000e+01 5.198300000000000000e+04 5.129000000000000000e+04 5.842600000000000000e+04 5.092600000000000000e+04 3.166344134998507798e+01 5.600000000000000000e+01
-8.100000000000000000e+01 -3.760000000000000000e+02 3.500000000000000000e+01 5.265100000000000000e+04 5.202600000000000000e+04 5.827600000000000000e+04 5.051800000000000000e+04 3.167281924502458423e+01 5.600000000000000000e+01
-4.800000000000000000e+01 -3.020000000000000000e+02 2.700000000000000000e+01 5.372000000000000000e+04 5.154100000000000000e+04 5.790700000000000000e+04 5.163500000000000000e+04 3.168332234804984182e+01 5.600000000000000000e+01
2.100000000000000000e+01 -2.070000000000000000e+02 2.400000000000000000e+01 5.447600000000000000e+04 5.196300000000000000e+04 5.750400000000000000e+04 5.172300000000000000e+04 3.169302698003593832e+01 5.600000000000000000e+01
6.500000000000000000e+01 -9.800000000000000000e+01 2.700000000000000000e+01 5.597400000000000000e+04 5.178800000000000000e+04 5.664100000000000000e+04 5.247000000000000000e+04 3.170379175606649369e+01 5.600000000000000000e+01
9.600000000000000000e+01 -2.100000000000000000e+01 2.200000000000000000e+01 5.656600000000000000e+04 5.169500000000000000e+04 5.658400000000000000e+04 5.310100000000000000e+04 3.171390722098294646e+01 5.600000000000000000e+01
1.080000000000000000e+02 5.500000000000000000e+01 3.900000000000000000e+01 5.734400000000000000e+04 5.142100000000000000e+04 5.649500000000000000e+04 5.388900000000000000e+04 3.172316695703193545e+01 5.600000000000000000e+01
1.080000000000000000e+02 8.500000000000000000e+01 3.000000000000000000e+01 5.711600000000000000e+04 5.200200000000000000e+04 5.731600000000000000e+04 5.376900000000000000e+04 3.173397972702514380e+01 5.600000000000000000e+01
1.020000000000000000e+02 5.200000000000000000e+01 3.900000000000000000e+01 5.774800000000000000e+04 5.302700000000000000e+04 5.716800000000000000e+04 5.329100000000000000e+04 3.174287329299841076e+01 5.600000000000000000e+01
7.800000000000000000e+01 -1.400000000000000000e+01 2.000000000000000000e+01 5.730000000000000000e+04 5.329100000000000000e+04 5.788500000000000000e+04 5.332800000000000000e+04 3.175302656099665910e+01 5.600000000000000000e+01
7.500000000000000000e+01 -3.300000000000000000e+01 2.700000000000000000e+01 5.762900000000000000e+04 5.396200000000000000e+04 5.853900000000000000e+04 5.381300000000000000e+04 3.176345010602381080e+01 4.800000000000000000e+01
8.900000000000000000e+01 -4.000000000000000000e+01 1.700000000000000000e+01 5.850900000000000000e+04 5.401600000000000000e+04 5.788800000000000000e+04 5.406500000000000000e+04 3.177555041096638888e+01 4.800000000000000000e+01
9.400000000000000000e+01 -5.400000000000000000e+01 3.100000000000000000e+01 5.872200000000000000e+04 5.454500000000000000e+04 5.837500000000000000e+04 5.410400000000000000e+04 3.178353062400128692e+01 4.800000000000000000e+01
6.800000000000000000e+01 -1.120000000000000000e+02 2.500000000000000000e+01 5.747200000000000000e+04 5.598100000000000000e+04 5.981200000000000000e+04 5.279800000000000000e+04 3.179330913804005831e+01 4.800000000000000000e+01
1.800000000000000000e+01 -1.990000000000000000e+02 3.000000000000000000e+01 5.608400000000000000e+04 5.458700000000000000e+04 6.144100000000000000e+04 5.498100000000000000e+04 3.180316393997054547e+01 4.800000000000000000e+01
9.000000000000000000e+00 -2.860000000000000000e+02 2.100000000000000000e+01 5.676800000000000000e+04 5.635500000000000000e+04 6.107000000000000000e+04 5.323600000000000000e+04 3.181470843206625432e+01 4.800000000000000000e+01
-4.400000000000000000e+01 -3.590000000000000000e+02 1.200000000000000000e+01 5.816000000000000000e+04 5.466600000000000000e+04 6.072200000000000000e+04 5.619100000000000000e+04 3.182484532496891916e+01 3.900000000000000000e+01
-4.200000000000000000e+01 -3.720000000000000000e+02 2.000000000000000000e+01 5.919800000000000000e+04 5.921400000000000000e+04 6.026800000000000000e+04 5.170700000000000000e+04 3.183820376906078309e+01 3.900000000000000000e+01
2.300000000000000000e+01 -2.720000000000000000e+02 4.600000000000000000e+01 5.686900000000000000e+04 5.969200000000000000e+04 6.263500000000000000e+04 5.113800000000000000e+04 3.184436699899379164e+01 3.900000000000000000e+01
5.000000000000000000e+00 -1.140000000000000000e+02 5.500000000000000000e+01 5.900600000000000000e+04 5.729800000000000000e+04 6.139200000000000000e+04 5.406000000000000000e+04 3.185298811004031450e+01 3.900000000000000000e+01
-8.000000000000000000e+00 9.100000000000000000e+01 6.000000000000000000e+01 6.103300000000000000e+04 5.495400000000000000e+04 6.030300000000000000e+04 5.735900000000000000e+04 3.186372381099499762e+01 3.000000000000000000e+01
-8.800000000000000000e+01 2.380000000000000000e+02 5.600000000000000000e+01 6.412800000000000000e+04 5.410000000000000000e+04 5.635000000000000000e+04 5.806100000000000000e+04 3.187292278802487999e+01 3.000000000000000000e+01
-3.700000000000000000e+01 3.370000000000000000e+02 5.900000000000000000e+01 6.274400000000000000e+04 5.312800000000000000e+04 5.856000000000000000e+04 5.894900000000000000e+04 3.188267632806673646e+01 3.000000000000000000e+01
-3.500000000000000000e+01 3.850000000000000000e+02 4.100000000000000000e+01 6.252000000000000000e+04 5.355100000000000000e+04 5.893500000000000000e+04 5.869000000000000000e+04 3.189376771904062480e+01 3.000000000000000000e+01
-6.900000000000000000e+01 3.950000000000000000e+02 2.100000000000000000e+01 6.410600000000000000e+04 5.047900000000000000e+04 5.669000000000000000e+04 6.120900000000000000e+04 3.190380510396789759e+01 3.000000000000000000e+01
-1.290000000000000000e+02 3.340000000000000000e+02 3.000000000000000000e+00 6.141200000000000000e+04 5.467300000000000000e+04 5.989800000000000000e+04 5.796600000000000000e+04 3.191417983302380890e+01 3.000000000000000000e+01
-8.600000000000000000e+01 1.780000000000000000e+02 -1.400000000000000000e+01 6.119400000000000000e+04 5.420100000000000000e+04 6.042900000000000000e+04 5.909200000000000000e+04 3.192326177097856998e+01 2.300000000000000000e+01
-7.200000000000000000e+01 -8.900000000000000000e+01 3.000000000000000000e+00 5.999500000000000000e+04 5.671400000000000000e+04 6.158900000000000000e+04 5.652100000000000000e+04 3.193273090606089681e+01 2.300000000000000000e+01
0.000000000000000000e+00 -2.260000000000000000e+02 6.000000000000000000e+00 6.031200000000000000e+04 5.726000000000000000e+04 6.113200000000000000e+04 5.585600000000000000e+04 3.194270046299789101e+01 2.300000000000000000e+01
1.100000000000000000e+02 -2.910000000000000000e+02 -1.500000000000000000e+01 6.237800000000000000e+04 5.646900000000000000e+04 5.886100000000000000e+04 5.689500000000000000e+04 3.195274200697895139e+01 2.300000000000000000e+01
1.340000000000000000e+02 -3.260000000000000000e+02 -2.100000000000000000e+01 6.046100000000000000e+04 6.043200000000000000e+04 6.151900000000000000e+04 5.341500000000000000e+04 3.196252715401351452e+01 1.100000000000000000e+01
5.600000000000000000e+01 -3.530000000000000000e+02 -5.500000000000000000e+01 5.811600000000000000e+04 6.099400000000000000e+04 6.326500000000000000e+04 5.260900000000000000e+04 3.197297583706676960e+01 1.100000000000000000e+01
-9.700000000000000000e+01 -3.230000000000000000e+02 -4.900000000000000000e+01 5.472100000000000000e+04 6.152200000000000000e+04 6.535000000000000000e+04 5.206200000000000000e+04 3.198385534004773945e+01 1.100000000000000000e+01
-2.470000000000000000e+02 -2.650000000000000000e+02 -4.800000000000000000e+01 5.032800000000000000e+04 5.371800000000000000e+04 6.553500000000000000e+04 5.815700000000000000e+04 3.199294008302967995e+01 1.100000000000000000e+01
-3.540000000000000000e+02 -9.200000000000000000e+01 -4.400000000000000000e+01 4.861200000000000000e+04 4.786400000000000000e+04 6.553500000000000000e+04 6.151600000000000000e+04 3.200285834597889334e+01 1.100000000000000000e+01
-2.790000000000000000e+02 3.000000000000000000e+00 -4.200000000000000000e+01 5.981200000000000000e+04 5.786700000000000000e+04 6.122200000000000000e+04 5.587900000000000000e+04 3.201294614106882364e+01 1.100000000000000000e+01
-1.300000000000000000e+02 1.030000000000000000e+02 -2.300000000000000000e+01 5.875900000000000000e+04 5.334600000000000000e+04 6.251200000000000000e+04 6.090900000000000000e+04 3.202367988298647106e+01 2.000000000000000000e+00
-8.000000000000000000e+00 2.360000000000000000e+02 -2.400000000000000000e+01 5.108800000000000000e+04 5.187100000000000000e+04 6.553500000000000000e+04 6.033100000000000000e+04 3.203392769605852664e+01 2.000000000000000000e+00
1.360000000000000000e+02 3.410000000000000000e+02 -1.400000000000000000e+01 6.004300000000000000e+04 5.391400000000000000e+04 6.143500000000000000e+04 5.999000000000000000e+04 3.204356740100774914e+01 2.000000000000000000e+00
2.820000000000000000e+02 3.990000000000000000e+02 -2.200000000000000000e+01 6.190200000000000000e+04 5.526500000000000000e+04 5.915900000000000000e+04 5.860500000000000000e+04 3.205232538096606731e+01 2.000000000000000000e+00
3.370000000000000000e+02 5.130000000000000000e+02 -4.000000000000000000e+01 5.867700000000000000e+04 5.112500000000000000e+04 6.213700000000000000e+04 6.186200000000000000e+04 3.206294884602539241e+01 4.000000000000000000e+00
4.220000000000000000e+02 4.860000000000000000e+02 -3.300000000000000000e+01 6.180400000000000000e+04 5.191100000000000000e+04 5.844100000000000000e+04 6.104500000000000000e+04 3.207267249003052711e+01 4.000000000000000000e+00
5.480000000000000000e+02 4.040000000000000000e+02 -8.500000000000000000e+01 6.015900000000000000e+04 5.616000000000000000e+04 5.964400000000000000e+04 5.783300000000000000e+04 3.208303109800908715e+01 4.000000000000000000e+00
6.210000000000000000e+02 2.860000000000000000e+02 -9.500000000000000000e+01 6.316600000000000000e+04 5.702500000000000000e+04 5.496400000000000000e+04 5.659900000000000000e+04 3.209283177496399730e+01 4.000000000000000000e+00
8.300000000000000000e+02 -9.000000000000000000e+00 -1.200000000000000000e+02 6.067700000000000000e+04 6.249800000000000000e+04 5.778200000000000000e+04 4.947400000000000000e+04 3.210270659101661295e+01 4.000000000000000000e+00
8.900000000000000000e+02 -1.800000000000000000e+02 -1.330000000000000000e+02 6.101500000000000000e+04 6.209200000000000000e+04 5.686800000000000000e+04 5.024600000000000000e+04 3.211349071306176484e+01 4.000000000000000000e+00
7.940000000000000000e+02 -3.260000000000000000e+02 -1.560000000000000000e+02 6.229600000000000000e+04 6.312000000000000000e+04 5.475500000000000000e+04 4.826800000000000000e+04 3.212312330701388419e+01 5.000000000000000000e+00
5.030000000000000000e+02 -4.020000000000000000e+02 -1.690000000000000000e+02 5.620500000000000000e+04 5.508800000000000000e+04 6.051900000000000000e+04 5.848800000000000000e+04 3.213429619104135782e+01 5.000000000000000000e+00
1.330000000000000000e+02 -3.620000000000000000e+02 -1.880000000000000000e+02 5.373800000000000000e+04 5.845200000000000000e+04 6.209300000000000000e+04 5.533200000000000000e+04 3.214417696499731392e+01 5.000000000000000000e+00
-2.000000000000000000e+01 -3.090000000000000000e+02 -2.210000000000000000e+02 5.658700000000000000e+04 5.555600000000000000e+04 5.906000000000000000e+04 5.837000000000000000e+04 3.215413589298259467e+01 5.000000000000000000e+00
-1.780000000000000000e+02 -2.260000000000000000e+02 -1.770000000000000000e+02 5.505200000000000000e+04 5.904000000000000000e+04 5.911800000000000000e+04 5.301800000000000000e+04 3.216566196305211633e+01 1.500000000000000000e+01
-2.240000000000000000e+02 -1.400000000000000000e+02 -1.640000000000000000e+02 5.474100000000000000e+04 5.612600000000000000e+04 5.955300000000000000e+04 5.628400000000000000e+04 3.217500959697645158e+01 1.500000000000000000e+01
-1.110000000000000000e+02 -1.750000000000000000e+02 -1.450000000000000000e+02 5.657700000000000000e+04 5.978300000000000000e+04 5.779800000000000000e+04 5.154100000000000000e+04 3.218392213096376508e+01 1.500000000000000000e+01
-1.110000000000000000e+02 -2.750000000000000000e+02 -1.350000000000000000e+02 5.568500000000000000e+04 5.830500000000000000e+04 5.859200000000000000e+04 5.321700000000000000e+04 3.219232521601952612e+01 1.500000000000000000e+01
-1.400000000000000000e+01 -3.860000000000000000e+02 -1.170000000000000000e+02 5.931600000000000000e+04 6.343900000000000000e+04 5.410800000000000000e+04 4.355300000000000000e+04 3.220364321104716510e+01 1.097000000000000000e+03
-2.700000000000000000e+01 -4.650000000000000000e+02 -9.100000000000000000e+01 5.685900000000000000e+04 6.022200000000000000e+04 5.709500000000000000e+04 4.964600000000000000e+04 3.221275203197728842e+01 1.097000000000000000e+03
-1.160000000000000000e+02 -5.040000000000000000e+02 -5.200000000000000000e+01 5.349100000000000000e+04 6.063700000000000000e+04 6.027400000000000000e+04 4.852700000000000000e+04 3.222333170799538493e+01 1.097000000000000000e+03
-1.200000000000000000e+02 -3.500000000000000000e+02 -2.000000000000000000e+00 5.669300000000000000e+04 6.041500000000000000e+04 5.805000000000000000e+04 4.814300000000000000e+04 3.223299509496428072e+01 1.097000000000000000e+03
-1.740000000000000000e+02 4.000000000000000000e+00 7.300000000000000000e+01 5.975800000000000000e+04 5.668800000000000000e+04 5.510800000000000000e+04 5.225900000000000000e+04 3.224301180697511882e+01 7.450000000000000000e+02
-1.950000000000000000e+02 2.920000000000000000e+02 1.090000000000000000e+02 6.128400000000000000e+04 5.323000000000000000e+04 5.588700000000000000e+04 5.701200000000000000e+04 3.225406728999223560e+01 7.450000000000000000e+02
-2.600000000000000000e+02 5.950000000000000000e+02 1.390000000000000000e+02 6.356800000000000000e+04 5.085600000000000000e+04 5.282700000000000000e+04 5.869500000000000000e+04 3.226312814699485898e+01 7.450000000000000000e+02
-1.650000000000000000e+02 6.480000000000000000e+02 1.450000000000000000e+02 6.398200000000000000e+04 5.325600000000000000e+04 5.312900000000000000e+04 5.695000000000000000e+04 3.227296804403886199e+01 7.450000000000000000e+02
2.900000000000000000e+01 5.590000000000000000e+02 1.750000000000000000e+02 6.547900000000000000e+04 5.369900000000000000e+04 5.084100000000000000e+04 5.660300000000000000e+04 3.228287791099864990e+01 7.450000000000000000e+02
9.100000000000000000e+01 2.690000000000000000e+02 1.890000000000000000e+02 6.418900000000000000e+04 5.648700000000000000e+04 5.401800000000000000e+04 5.356900000000000000e+04 3.229413236107211560e+01 7.450000000000000000e+02
6.100000000000000000e+01 -4.000000000000000000e+01 2.120000000000000000e+02 6.185900000000000000e+04 5.813400000000000000e+04 5.816600000000000000e+04 5.167400000000000000e+04 3.230417287396267056e+01 7.450000000000000000e+02
-8.500000000000000000e+01 -4.270000000000000000e+02 2.400000000000000000e+02 6.012400000000000000e+04 5.968400000000000000e+04 6.025200000000000000e+04 4.850300000000000000e+04 3.231300913996528834e+01 7.600000000000000000e+02
-2.080000000000000000e+02 -7.700000000000000000e+02 2.470000000000000000e+02 5.859000000000000000e+04 5.904000000000000000e+04 6.213700000000000000e+04 4.954500000000000000e+04 3.232272080401889980e+01 7.600000000000000000e+02
-3.870000000000000000e+02 -1.027000000000000000e+03 2.100000000000000000e+02 5.677600000000000000e+04 6.026500000000000000e+04 6.356600000000000000e+04 4.791000000000000000e+04 3.233312595007009804e+01 7.600000000000000000e+02
-5.180000000000000000e+02 -1.151000000000000000e+03 1.660000000000000000e+02 5.364800000000000000e+04 5.954500000000000000e+04 6.516500000000000000e+04 4.968200000000000000e+04 3.234283044701442122e+01 7.600000000000000000e+02
-6.280000000000000000e+02 -1.003000000000000000e+03 1.510000000000000000e+02 5.418700000000000000e+04 5.784700000000000000e+04 6.337700000000000000e+04 4.853200000000000000e+04 3.235282056999858469e+01 7.790000000000000000e+02
-6.290000000000000000e+02 -7.590000000000000000e+02 1.280000000000000000e+02 5.429400000000000000e+04 5.474500000000000000e+04 6.278000000000000000e+04 5.244300000000000000e+04 3.236376945697702467e+01 7.790000000000000000e+02
-6.900000000000000000e+02 -3.900000000000000000e+02 1.160000000000000000e+02 5.558800000000000000e+04 5.189000000000000000e+04 6.109900000000000000e+04 5.481400000000000000e+04 3.237263241398613900e+01 7.790000000000000000e+02
-7.540000000000000000e+02 6.000000000000000000e+00 1.180000000000000000e+02 5.844600000000000000e+04 4.693300000000000000e+04 5.852500000000000000e+04 5.833700000000000000e+04 3.238286064506974071e+01 7.790000000000000000e+02
-6.620000000000000000e+02 2.350000000000000000e+02 1.360000000000000000e+02 5.757000000000000000e+04 4.849500000000000000e+04 5.922700000000000000e+04 5.686800000000000000e+04 3.239305202907416970e+01 7.790000000000000000e+02
-5.700000000000000000e+02 3.180000000000000000e+02 1.420000000000000000e+02 6.160400000000000000e+04 4.793100000000000000e+04 5.479600000000000000e+04 5.701200000000000000e+04 3.240292489004787058e+01 7.790000000000000000e+02
-4.520000000000000000e+02 3.030000000000000000e+02 1.490000000000000000e+02 5.871500000000000000e+04 4.930500000000000000e+04 5.749500000000000000e+04 5.476700000000000000e+04 3.241294758906587958e+01 7.750000000000000000e+02
-3.360000000000000000e+02 1.550000000000000000e+02 1.210000000000000000e+02 5.898000000000000000e+04 4.916800000000000000e+04 5.714000000000000000e+04 5.492800000000000000e+04 3.242301620100624859e+01 7.750000000000000000e+02
-3.010000000000000000e+02 -5.400000000000000000e+01 1.000000000000000000e+02 5.621400000000000000e+04 5.128700000000000000e+04 5.940000000000000000e+04 5.305800000000000000e+04 3.243256243900395930e+01 7.750000000000000000e+02
-2.650000000000000000e+02 -2.810000000000000000e+02 7.800000000000000000e+01 5.662000000000000000e+04 5.191800000000000000e+04 5.874000000000000000e+04 5.242400000000000000e+04 3.244249015196692199e+01 7.750000000000000000e+02
-2.000000000000000000e+02 -4.880000000000000000e+02 6.000000000000000000e+01 5.401900000000000000e+04 5.357900000000000000e+04 5.986300000000000000e+04 4.974000000000000000e+04 3.245300482597667724e+01 7.800000000000000000e+02
-1.580000000000000000e+02 -6.270000000000000000e+02 4.000000000000000000e+01 5.386000000000000000e+04 5.323500000000000000e+04 5.987900000000000000e+04 5.034100000000000000e+04 3.246275851305108517e+01 7.800000000000000000e+02
-1.150000000000000000e+02 -6.540000000000000000e+02 1.400000000000000000e+01 5.273800000000000000e+04 5.413000000000000000e+04 6.060700000000000000e+04 4.955200000000000000e+04 3.247273213800508529e+01 7.800000000000000000e+02
-6.900000000000000000e+01 -6.530000000000000000e+02 -1.000000000000000000e+00 5.449400000000000000e+04 5.388500000000000000e+04 5.883800000000000000e+04 4.972900000000000000e+04 3.248372256103903055e+01 7.800000000000000000e+02
-8.200000000000000000e+01 -5.760000000000000000e+02 1.000000000000000000e+00 5.444300000000000000e+04 5.299500000000000000e+04 5.887600000000000000e+04 5.087700000000000000e+04 3.249322935496456921e+01 7.800000000000000000e+02
-9.600000000000000000e+01 -4.460000000000000000e+02 -1.600000000000000000e+01 5.375700000000000000e+04 5.223100000000000000e+04 5.914200000000000000e+04 5.180800000000000000e+04 3.250688809307757765e+01 7.800000000000000000e+02
-7.300000000000000000e+01 -3.420000000000000000e+02 -2.700000000000000000e+01 5.427800000000000000e+04 5.235700000000000000e+04 5.898000000000000000e+04 5.201200000000000000e+04 3.252747211407404393e+01 7.800000000000000000e+02
-9.700000000000000000e+01 -2.560000000000000000e+02 -4.300000000000000000e+01 5.456600000000000000e+04 5.216100000000000000e+04 5.861200000000000000e+04 5.238000000000000000e+04 3.253339161898475140e+01 7.790000000000000000e+02
-7.400000000000000000e+01 -2.130000000000000000e+02 -3.600000000000000000e+01 5.518700000000000000e+04 5.219800000000000000e+04 5.797600000000000000e+04 5.266900000000000000e+04 3.253586193302180618e+01 7.790000000000000000e+02
-3.300000000000000000e+01 -1.770000000000000000e+02 -6.400000000000000000e+01 5.521900000000000000e+04 5.249500000000000000e+04 5.798700000000000000e+04 5.260600000000000000e+04 3.254599167802371085e+01 7.790000000000000000e+02
1.000000000000000000e+00 -2.020000000000000000e+02 -6.500000000000000000e+01 5.547900000000000000e+04 5.328200000000000000e+04 5.800300000000000000e+04 5.230900000000000000e+04 3.255275310098659247e+01 7.790000000000000000e+02
4.800000000000000000e+01 -2.070000000000000000e+02 -7.600000000000000000e+01 5.555100000000000000e+04 5.349500000000000000e+04 5.802500000000000000e+04 5.230500000000000000e+04 3.256317135307472199e+01 7.770000000000000000e+02
9.200000000000000000e+01 -2.640000000000000000e+02 -7.200000000000000000e+01 5.544200000000000000e+04 5.468200000000000000e+04 5.843600000000000000e+04 5.171200000000000000e+04 3.257222352107055485e+01 7.770000000000000000e+02
1.060000000000000000e+02 -3.170000000000000000e+02 -7.300000000000000000e+01 5.518500000000000000e+04 5.482000000000000000e+04 5.890800000000000000e+04 5.204500000000000000e+04 3.258417108596768230e+01 7.770000000000000000e+02
1.440000000000000000e+02 -3.470000000000000000e+02 -7.900000000000000000e+01 5.527200000000000000e+04 5.540500000000000000e+04 5.892600000000000000e+04 5.167500000000000000e+04 3.259279873699415475e+01 7.770000000000000000e+02
1.900000000000000000e+02 -3.150000000000000000e+02 -9.200000000000000000e+01 5.587600000000000000e+04 5.595300000000000000e+04 5.861000000000000000e+04 5.163300000000000000e+04 3.260187497304286808e+01 7.770000000000000000e+02
2.270000000000000000e+02 -2.660000000000000000e+02 -9.200000000000000000e+01 5.614800000000000000e+04 5.591000000000000000e+04 5.840300000000000000e+04 5.200600000000000000e+04 3.261815911799203604e+01 7.770000000000000000e+02
2.280000000000000000e+02 -2.170000000000000000e+02 -9.300000000000000000e+01 5.677200000000000000e+04 5.583100000000000000e+04 5.822600000000000000e+04 5.279600000000000000e+04 3.262329251202754676e+01 7.760000000000000000e+02
2.470000000000000000e+02 -1.890000000000000000e+02 -9.700000000000000000e+01 5.709000000000000000e+04 5.639400000000000000e+04 5.829600000000000000e+04 5.276900000000000000e+04 3.263406929105985910e+01 7.760000000000000000e+02
2.020000000000000000e+02 -1.780000000000000000e+02 -9.800000000000000000e+01 5.701600000000000000e+04 5.613800000000000000e+04 5.890300000000000000e+04 5.363100000000000000e+04 3.264457697304897010e+01 7.760000000000000000e+02
1.540000000000000000e+02 -1.990000000000000000e+02 -9.500000000000000000e+01 5.643000000000000000e+04 5.640600000000000000e+04 5.948300000000000000e+04 5.354200000000000000e+04 3.265235282806679606e+01 7.760000000000000000e+02
1.210000000000000000e+02 -1.690000000000000000e+02 -9.300000000000000000e+01 5.624500000000000000e+04 5.573700000000000000e+04 5.974100000000000000e+04 5.446500000000000000e+04 3.266332655004225671e+01 7.740000000000000000e+02
5.800000000000000000e+01 -1.800000000000000000e+02 -9.000000000000000000e+01 5.614700000000000000e+04 5.605400000000000000e+04 6.027400000000000000e+04 5.481800000000000000e+04 3.267336888704448938e+01 7.740000000000000000e+02
3.300000000000000000e+01 -1.480000000000000000e+02 -7.900000000000000000e+01 5.598400000000000000e+04 5.584000000000000000e+04 6.056800000000000000e+04 5.508200000000000000e+04 3.268332738999743015e+01 7.740000000000000000e+02
6.900000000000000000e+01 -1.840000000000000000e+02 -8.900000000000000000e+01 5.623100000000000000e+04 5.665500000000000000e+04 6.047100000000000000e+04 5.436200000000000000e+04 3.269286144105717540e+01 7.740000000000000000e+02
5.500000000000000000e+01 -1.220000000000000000e+02 -6.700000000000000000e+01 5.640200000000000000e+04 5.604800000000000000e+04 6.057200000000000000e+04 5.531300000000000000e+04 3.270332166098523885e+01 7.740000000000000000e+02
1.300000000000000000e+02 -1.110000000000000000e+02 -7.500000000000000000e+01 5.736600000000000000e+04 5.651300000000000000e+04 5.981600000000000000e+04 5.490300000000000000e+04 3.271216826804447919e+01 7.740000000000000000e+02
1.250000000000000000e+02 -6.200000000000000000e+01 -5.500000000000000000e+01 5.754400000000000000e+04 5.666900000000000000e+04 5.990100000000000000e+04 5.500400000000000000e+04 3.272511214204132557e+01 7.680000000000000000e+02
1.440000000000000000e+02 -3.700000000000000000e+01 -6.500000000000000000e+01 5.800600000000000000e+04 5.707600000000000000e+04 6.003100000000000000e+04 5.523700000000000000e+04 3.273677968303672969e+01 7.680000000000000000e+02
1.370000000000000000e+02 1.000000000000000000e+01 -4.900000000000000000e+01 5.821400000000000000e+04 5.720300000000000000e+04 6.011600000000000000e+04 5.541400000000000000e+04 3.274321723601315171e+01 7.680000000000000000e+02
1.720000000000000000e+02 -1.000000000000000000e+00 -6.300000000000000000e+01 5.876000000000000000e+04 5.725600000000000000e+04 5.983300000000000000e+04 5.566300000000000000e+04 3.275254342204425484e+01 7.680000000000000000e+02
1.260000000000000000e+02 4.500000000000000000e+01 -4.700000000000000000e+01 5.830300000000000000e+04 5.659500000000000000e+04 6.016000000000000000e+04 5.609100000000000000e+04 3.276455555798020214e+01 7.630000000000000000e+02
1.240000000000000000e+02 -1.000000000000000000e+01 -3.600000000000000000e+01 5.865800000000000000e+04 5.735600000000000000e+04 6.039000000000000000e+04 5.594900000000000000e+04 3.277282651606947184e+01 7.630000000000000000e+02
1.040000000000000000e+02 8.000000000000000000e+00 -3.400000000000000000e+01 5.859200000000000000e+04 5.756800000000000000e+04 6.072700000000000000e+04 5.589000000000000000e+04 3.278366440802346915e+01 7.630000000000000000e+02
1.130000000000000000e+02 -4.200000000000000000e+01 -3.300000000000000000e+01 5.847500000000000000e+04 5.751700000000000000e+04 6.086900000000000000e+04 5.592200000000000000e+04 3.279327413206920028e+01 7.630000000000000000e+02
1.090000000000000000e+02 -6.800000000000000000e+01 -2.600000000000000000e+01 5.835900000000000000e+04 5.820400000000000000e+04 6.118400000000000000e+04 5.541400000000000000e+04 3.280265794799197465e+01 7.630000000000000000e+02
5.700000000000000000e+01 -7.900000000000000000e+01 -3.000000000000000000e+01 5.793300000000000000e+04 5.795800000000000000e+04 6.151600000000000000e+04 5.574300000000000000e+04 3.281291318300645798e+01 7.630000000000000000e+02
6.700000000000000000e+01 -5.400000000000000000e+01 -2.200000000000000000e+01 5.804400000000000000e+04 5.777300000000000000e+04 6.157100000000000000e+04 5.616800000000000000e+04 3.282311879401095212e+01 7.620000000000000000e+02
3.900000000000000000e+01 -6.500000000000000000e+01 -3.800000000000000000e+01 5.799600000000000000e+04 5.790700000000000000e+04 6.158500000000000000e+04 5.605800000000000000e+04 3.283251305599696934e+01 7.620000000000000000e+02
8.900000000000000000e+01 -3.000000000000000000e+00 -3.300000000000000000e+01 5.811300000000000000e+04 5.785000000000000000e+04 6.142200000000000000e+04 5.619400000000000000e+04 3.284302294801454991e+01 7.620000000000000000e+02
7.900000000000000000e+01 3.200000000000000000e+01 -3.000000000000000000e+01 5.852800000000000000e+04 5.713700000000000000e+04 6.103500000000000000e+04 5.687200000000000000e+04 3.285262193297967315e+01 7.620000000000000000e+02
1.010000000000000000e+02 3.500000000000000000e+01 -2.600000000000000000e+01 5.858400000000000000e+04 5.770100000000000000e+04 6.093100000000000000e+04 5.618300000000000000e+04 3.286432558996602893e+01 7.550000000000000000e+02
1.070000000000000000e+02 7.700000000000000000e+01 -1.800000000000000000e+01 5.930300000000000000e+04 5.803100000000000000e+04 6.051000000000000000e+04 5.606900000000000000e+04 3.288869425898883492e+01 7.550000000000000000e+02
1.390000000000000000e+02 9.100000000000000000e+01 -2.900000000000000000e+01 5.929000000000000000e+04 5.785100000000000000e+04 6.051900000000000000e+04 5.615600000000000000e+04 3.290122267603874207e+01 7.550000000000000000e+02
1.540000000000000000e+02 1.150000000000000000e+02 0.000000000000000000e+00 5.943000000000000000e+04 5.774700000000000000e+04 6.036800000000000000e+04 5.615500000000000000e+04 3.290449442400131375e+01 7.550000000000000000e+02
1.190000000000000000e+02 8.200000000000000000e+01 -2.000000000000000000e+00 5.923700000000000000e+04 5.713100000000000000e+04 6.058400000000000000e+04 5.665200000000000000e+04 3.290704920096322894e+01 7.550000000000000000e+02
1.450000000000000000e+02 8.400000000000000000e+01 -2.000000000000000000e+00 5.920100000000000000e+04 5.775400000000000000e+04 6.056000000000000000e+04 5.596200000000000000e+04 3.291547209606505930e+01 7.550000000000000000e+02
9.900000000000000000e+01 3.100000000000000000e+01 4.000000000000000000e+00 5.888000000000000000e+04 5.785300000000000000e+04 6.084300000000000000e+04 5.567000000000000000e+04 3.292386072396766394e+01 7.540000000000000000e+02
7.800000000000000000e+01 3.900000000000000000e+01 4.000000000000000000e+00 5.891300000000000000e+04 5.747100000000000000e+04 6.107400000000000000e+04 5.612600000000000000e+04 3.293378777301404625e+01 7.540000000000000000e+02
7.000000000000000000e+00 3.900000000000000000e+01 7.000000000000000000e+00 5.851400000000000000e+04 5.715600000000000000e+04 6.142500000000000000e+04 5.634400000000000000e+04 3.294402902596630156e+01 7.540000000000000000e+02
-2.800000000000000000e+01 5.900000000000000000e+01 1.100000000000000000e+01 5.850100000000000000e+04 5.614100000000000000e+04 6.144100000000000000e+04 5.721200000000000000e+04 3.295519844803493470e+01 7.540000000000000000e+02
-2.300000000000000000e+01 5.500000000000000000e+01 1.300000000000000000e+01 5.849100000000000000e+04 5.665600000000000000e+04 6.110200000000000000e+04 5.649100000000000000e+04 3.296258812001906335e+01 7.530000000000000000e+02
-1.200000000000000000e+01 5.200000000000000000e+01 3.100000000000000000e+01 5.838900000000000000e+04 5.673500000000000000e+04 6.117200000000000000e+04 5.615200000000000000e+04 3.297727497003506869e+01 7.530000000000000000e+02
-7.000000000000000000e+00 4.800000000000000000e+01 4.000000000000000000e+00 5.838800000000000000e+04 5.679300000000000000e+04 6.090700000000000000e+04 5.583300000000000000e+04 3.298325576505158097e+01 7.530000000000000000e+02
7.000000000000000000e+01 7.000000000000000000e+01 2.600000000000000000e+01 5.864600000000000000e+04 5.685300000000000000e+04 6.055400000000000000e+04 5.574100000000000000e+04 3.299324260896537453e+01 7.530000000000000000e+02
1.060000000000000000e+02 7.500000000000000000e+01 2.300000000000000000e+01 5.890200000000000000e+04 5.719300000000000000e+04 6.021300000000000000e+04 5.523900000000000000e+04 3.300299654901027679e+01 7.530000000000000000e+02
1.310000000000000000e+02 6.500000000000000000e+01 5.000000000000000000e+00 5.906900000000000000e+04 5.738600000000000000e+04 5.997100000000000000e+04 5.495300000000000000e+04 3.301189689699094743e+01 7.530000000000000000e+02
1.070000000000000000e+02 7.800000000000000000e+01 2.600000000000000000e+01 5.878500000000000000e+04 5.697400000000000000e+04 6.029500000000000000e+04 5.518100000000000000e+04 3.302214658900629729e+01 7.510000000000000000e+02
1.310000000000000000e+02 6.200000000000000000e+01 1.900000000000000000e+01 5.917200000000000000e+04 5.723900000000000000e+04 6.014600000000000000e+04 5.496000000000000000e+04 3.303298288001678884e+01 7.510000000000000000e+02
5.300000000000000000e+01 8.400000000000000000e+01 2.500000000000000000e+01 5.851400000000000000e+04 5.648700000000000000e+04 6.050800000000000000e+04 5.540300000000000000e+04 3.304214941896498203e+01 7.510000000000000000e+02
8.200000000000000000e+01 1.190000000000000000e+02 2.700000000000000000e+01 5.864800000000000000e+04 5.647600000000000000e+04 6.029300000000000000e+04 5.537000000000000000e+04 3.305315898498520255e+01 7.510000000000000000e+02
2.800000000000000000e+01 1.150000000000000000e+02 2.300000000000000000e+01 5.860700000000000000e+04 5.621200000000000000e+04 6.006600000000000000e+04 5.528500000000000000e+04 3.306209932500496507e+01 7.490000000000000000e+02
2.000000000000000000e+00 1.320000000000000000e+02 1.100000000000000000e+01 5.857400000000000000e+04 5.641200000000000000e+04 6.014800000000000000e+04 5.528900000000000000e+04 3.307251457602251321e+01 7.490000000000000000e+02
-1.400000000000000000e+01 1.830000000000000000e+02 2.400000000000000000e+01 5.819100000000000000e+04 5.612700000000000000e+04 6.021400000000000000e+04 5.538000000000000000e+04 3.308257125597447157e+01 7.490000000000000000e+02
-5.600000000000000000e+01 1.610000000000000000e+02 2.100000000000000000e+01 5.780700000000000000e+04 5.572400000000000000e+04 6.056100000000000000e+04 5.561000000000000000e+04 3.309285471099428833e+01 7.490000000000000000e+02
-7.300000000000000000e+01 2.050000000000000000e+02 2.000000000000000000e+00 5.823600000000000000e+04 5.559100000000000000e+04 6.007100000000000000e+04 5.567000000000000000e+04 3.310247273102868348e+01 7.490000000000000000e+02
-6.100000000000000000e+01 1.960000000000000000e+02 3.000000000000000000e+00 5.744300000000000000e+04 5.577400000000000000e+04 6.062200000000000000e+04 5.550500000000000000e+04 3.311304245400242507e+01 7.490000000000000000e+02
-4.400000000000000000e+01 2.360000000000000000e+02 1.400000000000000000e+01 5.848400000000000000e+04 5.549600000000000000e+04 5.982000000000000000e+04 5.591400000000000000e+04 3.312231368897482753e+01 7.470000000000000000e+02
-4.800000000000000000e+01 2.430000000000000000e+02 -4.000000000000000000e+00 5.855300000000000000e+04 5.585900000000000000e+04 6.002600000000000000e+04 5.584000000000000000e+04 3.313318509398959577e+01 7.470000000000000000e+02
-1.000000000000000000e+01 2.690000000000000000e+02 0.000000000000000000e+00 5.848200000000000000e+04 5.575700000000000000e+04 5.990200000000000000e+04 5.613100000000000000e+04 3.314235491305589676e+01 7.470000000000000000e+02
3.000000000000000000e+00 2.260000000000000000e+02 3.000000000000000000e+00 5.904800000000000000e+04 5.643500000000000000e+04 5.966600000000000000e+04 5.544600000000000000e+04 3.315416574699338526e+01 7.470000000000000000e+02
-1.900000000000000000e+01 2.360000000000000000e+02 -2.000000000000000000e+00 5.836200000000000000e+04 5.594600000000000000e+04 6.005300000000000000e+04 5.567800000000000000e+04 3.316609482804778963e+01 7.470000000000000000e+02
5.200000000000000000e+01 2.200000000000000000e+02 -8.000000000000000000e+00 5.853700000000000000e+04 5.659400000000000000e+04 6.000400000000000000e+04 5.520600000000000000e+04 3.317384547600522637e+01 7.470000000000000000e+02
2.600000000000000000e+01 1.890000000000000000e+02 -4.000000000000000000e+00 5.908000000000000000e+04 5.616800000000000000e+04 5.945500000000000000e+04 5.558600000000000000e+04 3.318198731704615057e+01 7.470000000000000000e+02
2.900000000000000000e+01 2.040000000000000000e+02 -2.000000000000000000e+00 5.846600000000000000e+04 5.652100000000000000e+04 6.001800000000000000e+04 5.518200000000000000e+04 3.319273281504865736e+01 7.470000000000000000e+02
-9.000000000000000000e+00 1.910000000000000000e+02 4.000000000000000000e+00 5.823700000000000000e+04 5.618400000000000000e+04 6.023700000000000000e+04 5.545600000000000000e+04 3.320180002797860652e+01 7.470000000000000000e+02
-3.200000000000000000e+01 1.740000000000000000e+02 -7.000000000000000000e+00 5.842700000000000000e+04 5.625700000000000000e+04 5.999500000000000000e+04 5.533100000000000000e+04 3.321285421797074378e+01 7.470000000000000000e+02
-5.900000000000000000e+01 1.720000000000000000e+02 2.000000000000000000e+00 5.779700000000000000e+04 5.565800000000000000e+04 6.009800000000000000e+04 5.533700000000000000e+04 3.322260995500255376e+01 7.520000000000000000e+02
-3.500000000000000000e+01 1.460000000000000000e+02 3.000000000000000000e+00 5.771000000000000000e+04 5.563600000000000000e+04 6.000000000000000000e+04 5.545200000000000000e+04 3.323271409899462014e+01 7.520000000000000000e+02
-9.500000000000000000e+01 1.410000000000000000e+02 1.300000000000000000e+01 5.796300000000000000e+04 5.516900000000000000e+04 5.980500000000000000e+04 5.576700000000000000e+04 3.324213890207465738e+01 7.520000000000000000e+02
-2.900000000000000000e+01 1.480000000000000000e+02 5.000000000000000000e+00 5.797000000000000000e+04 5.541100000000000000e+04 5.992100000000000000e+04 5.531300000000000000e+04 3.325206932204309851e+01 7.520000000000000000e+02
-4.200000000000000000e+01 1.210000000000000000e+02 -1.000000000000000000e+00 5.791400000000000000e+04 5.512300000000000000e+04 5.953600000000000000e+04 5.561600000000000000e+04 3.326382856105919927e+01 7.490000000000000000e+02
-2.300000000000000000e+01 1.430000000000000000e+02 -5.000000000000000000e+00 5.824200000000000000e+04 5.553900000000000000e+04 5.927800000000000000e+04 5.543900000000000000e+04 3.327302148507442325e+01 7.490000000000000000e+02
-2.000000000000000000e+01 1.480000000000000000e+02 -8.000000000000000000e+00 5.836900000000000000e+04 5.535900000000000000e+04 5.912700000000000000e+04 5.561600000000000000e+04 3.328204506705515087e+01 7.490000000000000000e+02
-4.100000000000000000e+01 1.410000000000000000e+02 -5.000000000000000000e+00 5.825700000000000000e+04 5.552900000000000000e+04 5.918300000000000000e+04 5.548100000000000000e+04 3.329412942903582007e+01 7.490000000000000000e+02
-1.700000000000000000e+01 1.550000000000000000e+02 -1.900000000000000000e+01 5.790300000000000000e+04 5.533800000000000000e+04 5.944400000000000000e+04 5.568100000000000000e+04 3.330249912803992629e+01 7.490000000000000000e+02
-4.000000000000000000e+01 1.220000000000000000e+02 -1.800000000000000000e+01 5.762800000000000000e+04 5.551400000000000000e+04 5.948100000000000000e+04 5.574000000000000000e+04 3.331160765606909990e+01 7.490000000000000000e+02
-4.900000000000000000e+01 1.120000000000000000e+02 -2.800000000000000000e+01 5.754600000000000000e+04 5.476600000000000000e+04 5.941900000000000000e+04 5.629300000000000000e+04 3.332218874804675579e+01 7.520000000000000000e+02
-8.000000000000000000e+00 1.040000000000000000e+02 -2.400000000000000000e+01 5.760900000000000000e+04 5.564400000000000000e+04 5.920400000000000000e+04 5.553200000000000000e+04 3.333240025897976011e+01 7.520000000000000000e+02
4.900000000000000000e+01 1.200000000000000000e+02 -2.200000000000000000e+01 5.819600000000000000e+04 5.593800000000000000e+04 5.856200000000000000e+04 5.534100000000000000e+04 3.334264633303973824e+01 7.520000000000000000e+02
4.300000000000000000e+01 1.190000000000000000e+02 -1.100000000000000000e+01 5.748000000000000000e+04 5.596100000000000000e+04 5.930300000000000000e+04 5.524000000000000000e+04 3.335237073106691241e+01 7.520000000000000000e+02
4.800000000000000000e+01 1.170000000000000000e+02 -2.500000000000000000e+01 5.788000000000000000e+04 5.613500000000000000e+04 5.878600000000000000e+04 5.474900000000000000e+04 3.336218988301698118e+01 7.540000000000000000e+02
2.600000000000000000e+01 1.380000000000000000e+02 -3.100000000000000000e+01 5.786000000000000000e+04 5.574200000000000000e+04 5.851500000000000000e+04 5.502200000000000000e+04 3.337256894307211041e+01 7.540000000000000000e+02
4.500000000000000000e+01 1.440000000000000000e+02 -1.500000000000000000e+01 5.791100000000000000e+04 5.540400000000000000e+04 5.830400000000000000e+04 5.549400000000000000e+04 3.338215561397373676e+01 7.540000000000000000e+02
1.100000000000000000e+01 1.260000000000000000e+02 -2.500000000000000000e+01 5.775600000000000000e+04 5.531000000000000000e+04 5.823200000000000000e+04 5.541100000000000000e+04 3.339183751901146024e+01 7.540000000000000000e+02
3.000000000000000000e+01 1.430000000000000000e+02 -2.200000000000000000e+01 5.796100000000000000e+04 5.543900000000000000e+04 5.820400000000000000e+04 5.546600000000000000e+04 3.340301748900674284e+01 7.540000000000000000e+02
3.500000000000000000e+01 1.060000000000000000e+02 -2.900000000000000000e+01 5.766700000000000000e+04 5.524300000000000000e+04 5.815000000000000000e+04 5.553900000000000000e+04 3.341191022202838212e+01 7.540000000000000000e+02
-1.300000000000000000e+01 1.060000000000000000e+02 -2.200000000000000000e+01 5.730400000000000000e+04 5.527700000000000000e+04 5.821500000000000000e+04 5.535500000000000000e+04 3.342217184801120311e+01 7.580000000000000000e+02
2.900000000000000000e+01 8.100000000000000000e+01 -1.400000000000000000e+01 5.703600000000000000e+04 5.544200000000000000e+04 5.854200000000000000e+04 5.506000000000000000e+04 3.343222884600982070e+01 7.580000000000000000e+02
-3.300000000000000000e+01 4.900000000000000000e+01 -3.300000000000000000e+01 5.692500000000000000e+04 5.495600000000000000e+04 5.848600000000000000e+04 5.530400000000000000e+04 3.344194294407498091e+01 7.580000000000000000e+02
-1.700000000000000000e+01 5.100000000000000000e+01 -2.600000000000000000e+01 5.685500000000000000e+04 5.510000000000000000e+04 5.847200000000000000e+04 5.524600000000000000e+04 3.345168894703965634e+01 7.580000000000000000e+02
-4.000000000000000000e+01 1.300000000000000000e+01 -2.400000000000000000e+01 5.632700000000000000e+04 5.572800000000000000e+04 5.894800000000000000e+04 5.454300000000000000e+04 3.346210455801337957e+01 7.550000000000000000e+02
-3.200000000000000000e+01 3.000000000000000000e+01 -2.700000000000000000e+01 5.671800000000000000e+04 5.546800000000000000e+04 5.888600000000000000e+04 5.500500000000000000e+04 3.347162576601840556e+01 7.550000000000000000e+02
-2.400000000000000000e+01 1.100000000000000000e+01 -9.000000000000000000e+00 5.714700000000000000e+04 5.519300000000000000e+04 5.868300000000000000e+04 5.509400000000000000e+04 3.348219569597858936e+01 7.550000000000000000e+02
-3.700000000000000000e+01 2.600000000000000000e+01 -2.000000000000000000e+00 5.751400000000000000e+04 5.548100000000000000e+04 5.864800000000000000e+04 5.446100000000000000e+04 3.349168812204152346e+01 7.550000000000000000e+02
-3.000000000000000000e+01 3.600000000000000000e+01 -9.000000000000000000e+00 5.742500000000000000e+04 5.546500000000000000e+04 5.874100000000000000e+04 5.452500000000000000e+04 3.350529820099473000e+01 7.550000000000000000e+02
-4.000000000000000000e+01 5.000000000000000000e+01 -4.000000000000000000e+00 5.739100000000000000e+04 5.496700000000000000e+04 5.895800000000000000e+04 5.526200000000000000e+04 3.351186403597239405e+01 7.550000000000000000e+02
-5.500000000000000000e+01 5.800000000000000000e+01 -9.000000000000000000e+00 5.753000000000000000e+04 5.522500000000000000e+04 5.903500000000000000e+04 5.522200000000000000e+04 3.352196474804077297e+01 7.580000000000000000e+02
-5.800000000000000000e+01 4.100000000000000000e+01 3.000000000000000000e+00 5.763400000000000000e+04 5.549500000000000000e+04 5.903800000000000000e+04 5.493500000000000000e+04 3.353310435300227255e+01 7.580000000000000000e+02
-6.200000000000000000e+01 3.300000000000000000e+01 -1.000000000000000000e+01 5.749500000000000000e+04 5.507000000000000000e+04 5.941100000000000000e+04 5.558600000000000000e+04 3.354325612005777657e+01 7.580000000000000000e+02
-4.900000000000000000e+01 3.500000000000000000e+01 -2.000000000000000000e+00 5.752300000000000000e+04 5.521000000000000000e+04 5.946800000000000000e+04 5.542200000000000000e+04 3.355162416398525238e+01 7.580000000000000000e+02
-5.000000000000000000e+01 2.900000000000000000e+01 9.000000000000000000e+00 5.736800000000000000e+04 5.533600000000000000e+04 5.944500000000000000e+04 5.510800000000000000e+04 3.356252317398320884e+01 7.640000000000000000e+02
-3.400000000000000000e+01 1.800000000000000000e+01 2.000000000000000000e+00 5.697600000000000000e+04 5.533200000000000000e+04 5.931700000000000000e+04 5.441000000000000000e+04 3.357794040103908628e+01 7.640000000000000000e+02
-3.000000000000000000e+00 1.300000000000000000e+01 1.500000000000000000e+01 5.708600000000000000e+04 5.534300000000000000e+04 5.901500000000000000e+04 5.428000000000000000e+04 3.358295908104628325e+01 7.640000000000000000e+02
9.000000000000000000e+00 1.000000000000000000e+00 1.000000000000000000e+00 5.699200000000000000e+04 5.495600000000000000e+04 5.913600000000000000e+04 5.463700000000000000e+04 3.359180439996998757e+01 7.640000000000000000e+02
3.600000000000000000e+01 -1.000000000000000000e+00 1.700000000000000000e+01 5.709600000000000000e+04 5.516000000000000000e+04 5.904400000000000000e+04 5.446900000000000000e+04 3.360188046796247363e+01 7.640000000000000000e+02
4.700000000000000000e+01 -5.000000000000000000e+00 1.100000000000000000e+01 5.719700000000000000e+04 5.522400000000000000e+04 5.891600000000000000e+04 5.447500000000000000e+04 3.361159281502477825e+01 7.640000000000000000e+02
6.600000000000000000e+01 8.000000000000000000e+00 0.000000000000000000e+00 5.737900000000000000e+04 5.569500000000000000e+04 5.894300000000000000e+04 5.410600000000000000e+04 3.362135482707526535e+01 7.610000000000000000e+02
6.900000000000000000e+01 2.600000000000000000e+01 1.300000000000000000e+01 5.755300000000000000e+04 5.557100000000000000e+04 5.883000000000000000e+04 5.427300000000000000e+04 3.363193556305486709e+01 7.610000000000000000e+02
3.500000000000000000e+01 3.000000000000000000e+01 -1.300000000000000000e+01 5.744900000000000000e+04 5.542300000000000000e+04 5.884300000000000000e+04 5.457700000000000000e+04 3.364189989306032658e+01 7.610000000000000000e+02
1.900000000000000000e+01 3.500000000000000000e+01 -1.300000000000000000e+01 5.763400000000000000e+04 5.529100000000000000e+04 5.869500000000000000e+04 5.477200000000000000e+04 3.365235976304393262e+01 7.610000000000000000e+02
-2.000000000000000000e+00 6.100000000000000000e+01 5.000000000000000000e+00 5.750200000000000000e+04 5.524600000000000000e+04 5.893400000000000000e+04 5.474100000000000000e+04 3.366224606602918357e+01 7.620000000000000000e+02
-3.800000000000000000e+01 2.400000000000000000e+01 2.400000000000000000e+01 5.729900000000000000e+04 5.525300000000000000e+04 5.928400000000000000e+04 5.467700000000000000e+04 3.367273803101852536e+01 7.620000000000000000e+02
-9.100000000000000000e+01 2.900000000000000000e+01 8.000000000000000000e+00 5.662100000000000000e+04 5.434300000000000000e+04 5.995400000000000000e+04 5.563800000000000000e+04 3.368122021399904042e+01 7.620000000000000000e+02
-6.700000000000000000e+01 1.500000000000000000e+01 9.000000000000000000e+00 5.696000000000000000e+04 5.489600000000000000e+04 5.961800000000000000e+04 5.527200000000000000e+04 3.369296344404574484e+01 7.620000000000000000e+02
-6.100000000000000000e+01 -2.000000000000000000e+00 9.000000000000000000e+00 5.712900000000000000e+04 5.516700000000000000e+04 5.977200000000000000e+04 5.522500000000000000e+04 3.370194071996957064e+01 7.620000000000000000e+02
-3.500000000000000000e+01 -6.000000000000000000e+00 9.000000000000000000e+00 5.715800000000000000e+04 5.538100000000000000e+04 5.982800000000000000e+04 5.503600000000000000e+04 3.371209237107541412e+01 7.620000000000000000e+02
-1.800000000000000000e+01 -2.800000000000000000e+01 1.700000000000000000e+01 5.752700000000000000e+04 5.552900000000000000e+04 5.972600000000000000e+04 5.507100000000000000e+04 3.372271390003152192e+01 7.610000000000000000e+02
3.000000000000000000e+00 -1.600000000000000000e+01 6.000000000000000000e+00 5.772600000000000000e+04 5.590100000000000000e+04 5.987900000000000000e+04 5.485800000000000000e+04 3.373411055805627257e+01 7.610000000000000000e+02
3.100000000000000000e+01 -3.300000000000000000e+01 1.400000000000000000e+01 5.773000000000000000e+04 5.622100000000000000e+04 6.012500000000000000e+04 5.477400000000000000e+04 3.375499987206421793e+01 7.610000000000000000e+02
1.200000000000000000e+01 -2.900000000000000000e+01 2.300000000000000000e+01 5.782500000000000000e+04 5.560700000000000000e+04 6.012200000000000000e+04 5.545700000000000000e+04 3.375754624197725207e+01 7.610000000000000000e+02
1.200000000000000000e+01 -6.000000000000000000e+00 1.500000000000000000e+01 5.782000000000000000e+04 5.557100000000000000e+04 5.993900000000000000e+04 5.538000000000000000e+04 3.376569709007162601e+01 7.600000000000000000e+02
9.000000000000000000e+00 -2.000000000000000000e+00 2.300000000000000000e+01 5.791400000000000000e+04 5.589700000000000000e+04 6.004500000000000000e+04 5.528600000000000000e+04 3.377324762602802366e+01 7.600000000000000000e+02
-1.400000000000000000e+01 4.000000000000000000e+00 9.000000000000000000e+00 5.783000000000000000e+04 5.552000000000000000e+04 6.019200000000000000e+04 5.567500000000000000e+04 3.378299286100082099e+01 7.600000000000000000e+02
-3.100000000000000000e+01 5.000000000000000000e+00 2.800000000000000000e+01 5.780200000000000000e+04 5.551100000000000000e+04 6.022600000000000000e+04 5.574500000000000000e+04 3.379387528996448964e+01 7.600000000000000000e+02
-2.500000000000000000e+01 8.000000000000000000e+00 2.200000000000000000e+01 5.813100000000000000e+04 5.554300000000000000e+04 6.020400000000000000e+04 5.592400000000000000e+04 3.380117481807246804e+01 7.600000000000000000e+02
-6.800000000000000000e+01 1.400000000000000000e+01 1.700000000000000000e+01 5.787900000000000000e+04 5.548800000000000000e+04 6.042200000000000000e+04 5.605200000000000000e+04 3.381399740302003920e+01 7.600000000000000000e+02
-2.600000000000000000e+01 1.200000000000000000e+01 1.700000000000000000e+01 5.798900000000000000e+04 5.597200000000000000e+04 6.065000000000000000e+04 5.597800000000000000e+04 3.382142549206037074e+01 7.590000000000000000e+02
-3.700000000000000000e+01 -9.000000000000000000e+00 -6.000000000000000000e+00 5.808900000000000000e+04 5.642700000000000000e+04 6.045100000000000000e+04 5.574400000000000000e+04 3.383163896098267287e+01 7.590000000000000000e+02
-8.000000000000000000e+00 3.300000000000000000e+01 -7.000000000000000000e+00 5.835600000000000000e+04 5.625800000000000000e+04 6.020200000000000000e+04 5.594100000000000000e+04 3.384274745499715209e+01 7.590000000000000000e+02
-1.400000000000000000e+01 7.000000000000000000e+00 1.000000000000000000e+00 5.810600000000000000e+04 5.595800000000000000e+04 6.069400000000000000e+04 5.639900000000000000e+04 3.385363489598967135e+01 7.590000000000000000e+02
7.000000000000000000e+00 6.000000000000000000e+00 -2.000000000000000000e+00 5.789000000000000000e+04 5.713100000000000000e+04 6.088800000000000000e+04 5.519200000000000000e+04 3.386118078802246600e+01 7.620000000000000000e+02
5.900000000000000000e+01 3.400000000000000000e+01 5.000000000000000000e+00 5.811200000000000000e+04 5.655000000000000000e+04 6.039900000000000000e+04 5.543300000000000000e+04 3.387138178606983274e+01 7.620000000000000000e+02
6.800000000000000000e+01 3.100000000000000000e+01 -1.200000000000000000e+01 5.830400000000000000e+04 5.687900000000000000e+04 6.002000000000000000e+04 5.486500000000000000e+04 3.388189750199671835e+01 7.620000000000000000e+02
8.600000000000000000e+01 7.500000000000000000e+01 -1.100000000000000000e+01 5.825800000000000000e+04 5.647200000000000000e+04 5.997100000000000000e+04 5.530900000000000000e+04 3.389206098800059408e+01 7.620000000000000000e+02
9.900000000000000000e+01 7.000000000000000000e+01 6.000000000000000000e+00 5.888400000000000000e+04 5.659600000000000000e+04 5.943900000000000000e+04 5.508200000000000000e+04 3.390223251003772020e+01 7.620000000000000000e+02
5.000000000000000000e+01 6.600000000000000000e+01 5.000000000000000000e+00 5.842900000000000000e+04 5.599000000000000000e+04 5.989900000000000000e+04 5.566100000000000000e+04 3.391215197904966772e+01 7.620000000000000000e+02
3.000000000000000000e+01 5.500000000000000000e+01 1.000000000000000000e+00 5.848900000000000000e+04 5.596700000000000000e+04 5.962400000000000000e+04 5.542300000000000000e+04 3.392189174704253674e+01 7.630000000000000000e+02
4.100000000000000000e+01 2.000000000000000000e+01 -3.000000000000000000e+00 5.785000000000000000e+04 5.598000000000000000e+04 6.018100000000000000e+04 5.542300000000000000e+04 3.393264443904627115e+01 7.630000000000000000e+02
4.000000000000000000e+00 -2.000000000000000000e+01 -1.600000000000000000e+01 5.801600000000000000e+04 5.574800000000000000e+04 5.992900000000000000e+04 5.571900000000000000e+04 3.394122245605103672e+01 7.630000000000000000e+02
1.900000000000000000e+01 -2.800000000000000000e+01 -9.000000000000000000e+00 5.750700000000000000e+04 5.612900000000000000e+04 6.007200000000000000e+04 5.523400000000000000e+04 3.395178307802416384e+01 7.630000000000000000e+02
-5.000000000000000000e+00 -9.200000000000000000e+01 -1.200000000000000000e+01 5.754300000000000000e+04 5.649600000000000000e+04 6.027300000000000000e+04 5.503800000000000000e+04 3.396380083204712719e+01 7.590000000000000000e+02
1.000000000000000000e+01 -9.100000000000000000e+01 -1.100000000000000000e+01 5.772800000000000000e+04 5.710400000000000000e+04 6.011300000000000000e+04 5.439800000000000000e+04 3.397146280901506543e+01 7.590000000000000000e+02
5.200000000000000000e+01 -1.130000000000000000e+02 -1.100000000000000000e+01 5.728600000000000000e+04 5.712900000000000000e+04 6.020500000000000000e+04 5.426300000000000000e+04 3.398217929899692535e+01 7.590000000000000000e+02
2.000000000000000000e+00 -1.040000000000000000e+02 -1.200000000000000000e+01 5.686800000000000000e+04 5.707300000000000000e+04 6.060800000000000000e+04 5.423600000000000000e+04 3.399114953505340964e+01 7.590000000000000000e+02
2.000000000000000000e+00 -3.000000000000000000e+00 -7.000000000000000000e+00 5.768400000000000000e+04 5.628300000000000000e+04 5.988200000000000000e+04 5.510900000000000000e+04 3.400302116805687547e+01 7.590000000000000000e+02
-2.000000000000000000e+01 2.300000000000000000e+01 -1.600000000000000000e+01 5.774500000000000000e+04 5.610600000000000000e+04 5.978500000000000000e+04 5.540100000000000000e+04 3.401299321907572448e+01 7.590000000000000000e+02
-1.600000000000000000e+01 1.110000000000000000e+02 -2.300000000000000000e+01 5.801400000000000000e+04 5.569000000000000000e+04 5.971700000000000000e+04 5.603600000000000000e+04 3.402159632707480341e+01 7.600000000000000000e+02
-4.200000000000000000e+01 1.000000000000000000e+02 -2.900000000000000000e+01 5.817600000000000000e+04 5.503400000000000000e+04 5.951300000000000000e+04 5.668500000000000000e+04 3.403213790303561836e+01 7.600000000000000000e+02
-5.400000000000000000e+01 1.420000000000000000e+02 -2.300000000000000000e+01 5.835000000000000000e+04 5.520800000000000000e+04 5.952500000000000000e+04 5.676000000000000000e+04 3.404221519699785858e+01 7.600000000000000000e+02
-2.300000000000000000e+01 1.120000000000000000e+02 -2.800000000000000000e+01 5.825000000000000000e+04 5.555200000000000000e+04 5.954000000000000000e+04 5.650000000000000000e+04 3.405124813306611031e+01 7.600000000000000000e+02
-1.100000000000000000e+01 8.000000000000000000e+01 -1.800000000000000000e+01 5.801400000000000000e+04 5.594900000000000000e+04 5.955100000000000000e+04 5.590500000000000000e+04 3.406159158202353865e+01 7.590000000000000000e+02
4.100000000000000000e+01 3.000000000000000000e+01 -2.000000000000000000e+01 5.778800000000000000e+04 5.640700000000000000e+04 5.983700000000000000e+04 5.556700000000000000e+04 3.407125758007168770e+01 7.590000000000000000e+02
4.100000000000000000e+01 -2.500000000000000000e+01 -2.800000000000000000e+01 5.837200000000000000e+04 5.704700000000000000e+04 5.929800000000000000e+04 5.484500000000000000e+04 3.408118950505740941e+01 7.590000000000000000e+02
3.100000000000000000e+01 -4.400000000000000000e+01 -3.100000000000000000e+01 5.751000000000000000e+04 5.692700000000000000e+04 6.009800000000000000e+04 5.500500000000000000e+04 3.409103443601634353e+01 7.590000000000000000e+02
4.400000000000000000e+01 -6.900000000000000000e+01 -1.600000000000000000e+01 5.693800000000000000e+04 5.703400000000000000e+04 6.055800000000000000e+04 5.497800000000000000e+04 3.410481652605812997e+01 7.590000000000000000e+02
4.200000000000000000e+01 -6.300000000000000000e+01 -2.900000000000000000e+01 5.755800000000000000e+04 5.694900000000000000e+04 6.021100000000000000e+04 5.524000000000000000e+04 3.411233186104800552e+01 7.590000000000000000e+02
9.000000000000000000e+00 -1.300000000000000000e+01 -2.000000000000000000e+01 5.754400000000000000e+04 5.698000000000000000e+04 6.001300000000000000e+04 5.475100000000000000e+04 3.412157266400754452e+01 7.620000000000000000e+02
2.300000000000000000e+01 1.000000000000000000e+01 -7.000000000000000000e+00 5.780200000000000000e+04 5.617100000000000000e+04 5.977400000000000000e+04 5.559100000000000000e+04 3.413340978301130235e+01 7.620000000000000000e+02
-1.300000000000000000e+01 5.000000000000000000e+01 -3.000000000000000000e+00 5.809100000000000000e+04 5.607600000000000000e+04 5.954700000000000000e+04 5.564200000000000000e+04 3.414310581202153116e+01 7.620000000000000000e+02
1.600000000000000000e+01 8.000000000000000000e+01 -1.000000000000000000e+01 5.800500000000000000e+04 5.578600000000000000e+04 5.963400000000000000e+04 5.598200000000000000e+04 3.415212661097757518e+01 7.620000000000000000e+02
-3.500000000000000000e+01 7.100000000000000000e+01 -9.000000000000000000e+00 5.812400000000000000e+04 5.573200000000000000e+04 5.964600000000000000e+04 5.627300000000000000e+04 3.416708035499323159e+01 7.570000000000000000e+02
-1.000000000000000000e+01 9.500000000000000000e+01 -4.000000000000000000e+00 5.783500000000000000e+04 5.569200000000000000e+04 5.990500000000000000e+04 5.630900000000000000e+04 3.420179189101327211e+01 7.570000000000000000e+02
3.700000000000000000e+01 3.200000000000000000e+01 -9.000000000000000000e+00 5.801000000000000000e+04 5.619600000000000000e+04 5.977400000000000000e+04 5.584100000000000000e+04 3.420466966100502759e+01 7.570000000000000000e+02
