7.000000000000000000e+00 7.900000000000000000e+01 4.400000000000000000e+01 5.801400000000000000e+04 5.130900000000000000e+04 5.743500000000000000e+04 5.238500000000000000e+04 2.809757765708491206e+01 7.590000000000000000e+02
5.100000000000000000e+01 5.700000000000000000e+01 5.000000000000000000e+01 5.800200000000000000e+04 5.148300000000000000e+04 5.756300000000000000e+04 5.211100000000000000e+04 2.810651608207263052e+01 7.590000000000000000e+02
4.900000000000000000e+01 4.700000000000000000e+01 6.200000000000000000e+01 5.801200000000000000e+04 5.183300000000000000e+04 5.756600000000000000e+04 5.176200000000000000e+04 2.811673375905957073e+01 7.590000000000000000e+02
8.000000000000000000e+01 4.700000000000000000e+01 4.600000000000000000e+01 5.788200000000000000e+04 5.168300000000000000e+04 5.750600000000000000e+04 5.157600000000000000e+04 2.812803465104661882e+01 7.610000000000000000e+02
7.500000000000000000e+01 2.000000000000000000e+01 3.100000000000000000e+01 5.858700000000000000e+04 5.297200000000000000e+04 5.703300000000000000e+04 5.028600000000000000e+04 2.813782551209442317e+01 7.610000000000000000e+02
6.200000000000000000e+01 6.000000000000000000e+00 5.600000000000000000e+01 5.733600000000000000e+04 5.146700000000000000e+04 5.833100000000000000e+04 5.188500000000000000e+04 2.814763288304675370e+01 7.610000000000000000e+02
5.900000000000000000e+01 1.000000000000000000e+01 5.500000000000000000e+01 5.799900000000000000e+04 5.210100000000000000e+04 5.767800000000000000e+04 5.126900000000000000e+04 2.815682240808382630e+01 7.610000000000000000e+02
2.500000000000000000e+01 -1.300000000000000000e+01 5.000000000000000000e+01 5.794000000000000000e+04 5.138500000000000000e+04 5.773600000000000000e+04 5.201500000000000000e+04 2.816705801303032786e+01 7.590000000000000000e+02
4.000000000000000000e+00 -4.000000000000000000e+00 5.200000000000000000e+01 5.803800000000000000e+04 5.251100000000000000e+04 5.754500000000000000e+04 5.057900000000000000e+04 2.817740444804076105e+01 7.590000000000000000e+02
6.000000000000000000e+00 7.000000000000000000e+00 4.300000000000000000e+01 5.687700000000000000e+04 5.051200000000000000e+04 5.853600000000000000e+04 5.273000000000000000e+04 2.818867592408787459e+01 7.590000000000000000e+02
-2.400000000000000000e+01 -8.000000000000000000e+00 4.900000000000000000e+01 5.804200000000000000e+04 5.210000000000000000e+04 5.726400000000000000e+04 5.090100000000000000e+04 2.819762758200522512e+01 7.590000000000000000e+02
-4.800000000000000000e+01 3.000000000000000000e+00 4.300000000000000000e+01 5.692100000000000000e+04 5.095400000000000000e+04 5.830800000000000000e+04 5.208600000000000000e+04 2.820728621608577669e+01 7.590000000000000000e+02
-2.900000000000000000e+01 4.000000000000000000e+00 3.300000000000000000e+01 5.791300000000000000e+04 5.204100000000000000e+04 5.741300000000000000e+04 5.091000000000000000e+04 2.821682974300347269e+01 7.590000000000000000e+02
-6.000000000000000000e+01 -3.800000000000000000e+01 2.900000000000000000e+01 5.726300000000000000e+04 5.126300000000000000e+04 5.775600000000000000e+04 5.151000000000000000e+04 2.822772199509199709e+01 7.610000000000000000e+02
-7.200000000000000000e+01 -4.800000000000000000e+01 2.800000000000000000e+01 5.634400000000000000e+04 5.095400000000000000e+04 5.875000000000000000e+04 5.205800000000000000e+04 2.823783517209812999e+01 7.610000000000000000e+02
-7.400000000000000000e+01 -5.600000000000000000e+01 1.300000000000000000e+01 5.678400000000000000e+04 5.130000000000000000e+04 5.840400000000000000e+04 5.170100000000000000e+04 2.824862191604916006e+01 7.610000000000000000e+02
-5.300000000000000000e+01 -6.900000000000000000e+01 3.200000000000000000e+01 5.560400000000000000e+04 5.053600000000000000e+04 5.936100000000000000e+04 5.247500000000000000e+04 2.825768954306840897e+01 7.610000000000000000e+02
-7.100000000000000000e+01 -8.600000000000000000e+01 3.200000000000000000e+01 5.660200000000000000e+04 5.110400000000000000e+04 5.862200000000000000e+04 5.187400000000000000e+04 2.826726297801360488e+01 7.590000000000000000e+02
-5.300000000000000000e+01 -9.500000000000000000e+01 1.300000000000000000e+01 5.705900000000000000e+04 5.318800000000000000e+04 5.811400000000000000e+04 4.981900000000000000e+04 2.827770337404217571e+01 7.590000000000000000e+02
-1.600000000000000000e+01 -9.000000000000000000e+01 2.400000000000000000e+01 5.676400000000000000e+04 5.257300000000000000e+04 5.835000000000000000e+04 5.011000000000000000e+04 2.828695581702049822e+01 7.590000000000000000e+02
-2.000000000000000000e+01 -8.000000000000000000e+01 2.900000000000000000e+01 5.589700000000000000e+04 5.111900000000000000e+04 5.896300000000000000e+04 5.183800000000000000e+04 2.829795947507955134e+01 7.590000000000000000e+02
-8.000000000000000000e+00 -3.800000000000000000e+01 1.700000000000000000e+01 5.700900000000000000e+04 5.236600000000000000e+04 5.804700000000000000e+04 5.053800000000000000e+04 2.830787399108521640e+01 7.590000000000000000e+02
1.500000000000000000e+01 1.200000000000000000e+01 7.000000000000000000e+00 5.702500000000000000e+04 5.141300000000000000e+04 5.805100000000000000e+04 5.155100000000000000e+04 2.831891816610004753e+01 7.590000000000000000e+02
1.900000000000000000e+01 2.700000000000000000e+01 2.000000000000000000e+01 5.663600000000000000e+04 5.044800000000000000e+04 5.842800000000000000e+04 5.245800000000000000e+04 2.832765893905889243e+01 7.590000000000000000e+02
8.000000000000000000e+00 5.000000000000000000e+01 2.500000000000000000e+01 5.858000000000000000e+04 5.314800000000000000e+04 5.649800000000000000e+04 4.961000000000000000e+04 2.833742621203418821e+01 7.590000000000000000e+02
9.000000000000000000e+00 6.400000000000000000e+01 2.400000000000000000e+01 5.554600000000000000e+04 4.912800000000000000e+04 5.947400000000000000e+04 5.379300000000000000e+04 2.834819863305892795e+01 7.590000000000000000e+02
6.000000000000000000e+00 5.800000000000000000e+01 1.600000000000000000e+01 5.766300000000000000e+04 5.168500000000000000e+04 5.767400000000000000e+04 5.136600000000000000e+04 2.835703037609346211e+01 7.590000000000000000e+02
3.400000000000000000e+01 4.900000000000000000e+01 1.700000000000000000e+01 5.761800000000000000e+04 5.172800000000000000e+04 5.789300000000000000e+04 5.150900000000000000e+04 2.836912572709843516e+01 7.590000000000000000e+02
-1.100000000000000000e+01 2.200000000000000000e+01 1.900000000000000000e+01 5.651300000000000000e+04 5.065400000000000000e+04 5.877200000000000000e+04 5.233100000000000000e+04 2.838103652803692967e+01 7.590000000000000000e+02
-1.300000000000000000e+01 1.800000000000000000e+01 1.800000000000000000e+01 5.679700000000000000e+04 5.126600000000000000e+04 5.849900000000000000e+04 5.183400000000000000e+04 2.839231117209419608e+01 7.590000000000000000e+02
2.800000000000000000e+01 -6.000000000000000000e+00 1.400000000000000000e+01 5.837600000000000000e+04 5.358400000000000000e+04 5.701700000000000000e+04 4.927800000000000000e+04 2.839775327406823635e+01 7.590000000000000000e+02
4.000000000000000000e+00 -4.900000000000000000e+01 0.000000000000000000e+00 5.566200000000000000e+04 5.095600000000000000e+04 5.920100000000000000e+04 5.210800000000000000e+04 2.840752345602959394e+01 7.590000000000000000e+02
-1.200000000000000000e+01 -3.700000000000000000e+01 4.000000000000000000e+00 5.642500000000000000e+04 5.182200000000000000e+04 5.865500000000000000e+04 5.113300000000000000e+04 2.841790570004377514e+01 7.590000000000000000e+02
1.000000000000000000e+00 -4.400000000000000000e+01 8.000000000000000000e+00 5.657900000000000000e+04 5.162900000000000000e+04 5.833400000000000000e+04 5.110100000000000000e+04 2.842999394307844341e+01 7.620000000000000000e+02
1.000000000000000000e+01 -3.600000000000000000e+01 5.000000000000000000e+00 5.655800000000000000e+04 5.167900000000000000e+04 5.829200000000000000e+04 5.113800000000000000e+04 2.843985229707323015e+01 7.620000000000000000e+02
-1.800000000000000000e+01 -3.800000000000000000e+01 0.000000000000000000e+00 5.639800000000000000e+04 5.135300000000000000e+04 5.840300000000000000e+04 5.136500000000000000e+04 2.845005561504513025e+01 7.620000000000000000e+02
-3.000000000000000000e+01 -3.100000000000000000e+01 -6.000000000000000000e+00 5.617100000000000000e+04 5.135900000000000000e+04 5.863300000000000000e+04 5.130700000000000000e+04 2.845755244605243206e+01 7.620000000000000000e+02
-4.700000000000000000e+01 -2.100000000000000000e+01 -1.000000000000000000e+01 5.621800000000000000e+04 5.120900000000000000e+04 5.832300000000000000e+04 5.133700000000000000e+04 2.846908371709287167e+01 7.590000000000000000e+02
-4.200000000000000000e+01 3.000000000000000000e+01 5.000000000000000000e+00 5.621600000000000000e+04 5.086800000000000000e+04 5.836500000000000000e+04 5.161400000000000000e+04 2.847769092104863375e+01 7.590000000000000000e+02
-6.700000000000000000e+01 4.000000000000000000e+01 -7.000000000000000000e+00 5.597500000000000000e+04 5.066800000000000000e+04 5.847500000000000000e+04 5.181100000000000000e+04 2.848695932107511908e+01 7.590000000000000000e+02
-3.800000000000000000e+01 6.800000000000000000e+01 -2.000000000000000000e+00 5.627000000000000000e+04 5.076300000000000000e+04 5.813500000000000000e+04 5.185300000000000000e+04 2.849697082105558366e+01 7.590000000000000000e+02
-1.000000000000000000e+01 6.800000000000000000e+01 -1.200000000000000000e+01 5.649000000000000000e+04 5.101700000000000000e+04 5.797300000000000000e+04 5.155600000000000000e+04 2.850870891509111971e+01 7.590000000000000000e+02
4.500000000000000000e+01 5.700000000000000000e+01 -2.000000000000000000e+01 5.658300000000000000e+04 5.140700000000000000e+04 5.782800000000000000e+04 5.129500000000000000e+04 2.851724031905177981e+01 7.590000000000000000e+02
9.000000000000000000e+01 5.300000000000000000e+01 -1.600000000000000000e+01 5.666800000000000000e+04 5.195100000000000000e+04 5.779600000000000000e+04 5.067400000000000000e+04 2.852712473808787763e+01 7.580000000000000000e+02
1.200000000000000000e+02 4.200000000000000000e+01 -6.000000000000000000e+00 5.729000000000000000e+04 5.225100000000000000e+04 5.759100000000000000e+04 5.075000000000000000e+04 2.853620213409885764e+01 7.580000000000000000e+02
1.280000000000000000e+02 4.300000000000000000e+01 -1.700000000000000000e+01 5.726700000000000000e+04 5.219700000000000000e+04 5.781500000000000000e+04 5.108600000000000000e+04 2.854762488999404013e+01 7.580000000000000000e+02
1.040000000000000000e+02 4.200000000000000000e+01 -1.600000000000000000e+01 5.726400000000000000e+04 5.197900000000000000e+04 5.781100000000000000e+04 5.132100000000000000e+04 2.855634231609292328e+01 7.580000000000000000e+02
7.900000000000000000e+01 5.300000000000000000e+01 -1.600000000000000000e+01 5.722800000000000000e+04 5.158800000000000000e+04 5.778900000000000000e+04 5.184300000000000000e+04 2.856639296002686024e+01 7.580000000000000000e+02
3.400000000000000000e+01 8.200000000000000000e+01 -1.100000000000000000e+01 5.696700000000000000e+04 5.155700000000000000e+04 5.815800000000000000e+04 5.200400000000000000e+04 2.857661062106490135e+01 7.580000000000000000e+02
1.000000000000000000e+00 1.000000000000000000e+02 -2.200000000000000000e+01 5.703200000000000000e+04 5.121500000000000000e+04 5.810600000000000000e+04 5.237300000000000000e+04 2.858647813403513283e+01 7.580000000000000000e+02
-4.300000000000000000e+01 8.300000000000000000e+01 -2.100000000000000000e+01 5.650800000000000000e+04 5.077300000000000000e+04 5.842200000000000000e+04 5.263800000000000000e+04 2.859650657500606030e+01 7.580000000000000000e+02
-8.900000000000000000e+01 7.600000000000000000e+01 -1.800000000000000000e+01 5.656900000000000000e+04 5.086300000000000000e+04 5.850800000000000000e+04 5.281400000000000000e+04 2.860661797109059989e+01 7.580000000000000000e+02
-7.400000000000000000e+01 7.100000000000000000e+01 -2.600000000000000000e+01 5.637900000000000000e+04 5.098200000000000000e+04 5.849100000000000000e+04 5.254500000000000000e+04 2.861812306800857186e+01 7.580000000000000000e+02
-3.400000000000000000e+01 6.700000000000000000e+01 -2.500000000000000000e+01 5.657600000000000000e+04 5.094500000000000000e+04 5.825800000000000000e+04 5.270100000000000000e+04 2.862641902302857488e+01 7.580000000000000000e+02
1.000000000000000000e+00 1.200000000000000000e+01 -3.200000000000000000e+01 5.665800000000000000e+04 5.192400000000000000e+04 5.838100000000000000e+04 5.196500000000000000e+04 2.863733026105910540e+01 7.580000000000000000e+02
-2.000000000000000000e+00 -1.500000000000000000e+01 -4.600000000000000000e+01 5.647100000000000000e+04 5.175500000000000000e+04 5.848600000000000000e+04 5.224000000000000000e+04 2.865269149502273649e+01 7.580000000000000000e+02
2.300000000000000000e+01 -3.000000000000000000e+00 -5.000000000000000000e+01 5.649400000000000000e+04 5.205100000000000000e+04 5.861200000000000000e+04 5.214600000000000000e+04 2.866033231408800930e+01 7.580000000000000000e+02
4.900000000000000000e+01 -4.000000000000000000e+01 -4.100000000000000000e+01 5.666600000000000000e+04 5.230000000000000000e+04 5.840700000000000000e+04 5.196100000000000000e+04 2.867995500902179629e+01 7.590000000000000000e+02
2.900000000000000000e+01 -5.100000000000000000e+01 -5.500000000000000000e+01 5.655900000000000000e+04 5.221800000000000000e+04 5.812100000000000000e+04 5.181100000000000000e+04 2.869791130907833576e+01 7.590000000000000000e+02
3.000000000000000000e+01 -1.200000000000000000e+01 -5.900000000000000000e+01 5.650700000000000000e+04 5.227100000000000000e+04 5.810500000000000000e+04 5.179800000000000000e+04 2.871147539804223925e+01 7.590000000000000000e+02
2.300000000000000000e+01 8.000000000000000000e+00 -5.300000000000000000e+01 5.659200000000000000e+04 5.160400000000000000e+04 5.803300000000000000e+04 5.239100000000000000e+04 2.872078121709637344e+01 7.590000000000000000e+02
5.000000000000000000e+00 1.200000000000000000e+01 -5.000000000000000000e+01 5.637700000000000000e+04 5.181700000000000000e+04 5.791800000000000000e+04 5.216200000000000000e+04 2.872716331004630774e+01 7.590000000000000000e+02
-2.500000000000000000e+01 2.800000000000000000e+01 -7.300000000000000000e+01 5.609200000000000000e+04 5.125300000000000000e+04 5.808400000000000000e+04 5.276200000000000000e+04 2.873698714608326554e+01 7.590000000000000000e+02
-1.700000000000000000e+01 3.300000000000000000e+01 -7.300000000000000000e+01 5.619200000000000000e+04 5.161400000000000000e+04 5.786400000000000000e+04 5.253800000000000000e+04 2.873942555708345026e+01 7.560000000000000000e+02
-2.000000000000000000e+00 3.600000000000000000e+01 -6.400000000000000000e+01 5.644200000000000000e+04 5.181900000000000000e+04 5.797100000000000000e+04 5.278400000000000000e+04 2.874107691110111773e+01 7.560000000000000000e+02
-1.600000000000000000e+01 6.000000000000000000e+00 -7.800000000000000000e+01 5.627500000000000000e+04 5.178900000000000000e+04 5.802700000000000000e+04 5.286100000000000000e+04 2.875233239599037915e+01 7.560000000000000000e+02
1.700000000000000000e+01 1.100000000000000000e+01 -8.800000000000000000e+01 5.618600000000000000e+04 5.217400000000000000e+04 5.818400000000000000e+04 5.274100000000000000e+04 2.875707613804843277e+01 7.560000000000000000e+02
2.400000000000000000e+01 -2.600000000000000000e+01 -7.500000000000000000e+01 5.609200000000000000e+04 5.238600000000000000e+04 5.815200000000000000e+04 5.262000000000000000e+04 2.876769896200858057e+01 7.600000000000000000e+02
3.600000000000000000e+01 -3.900000000000000000e+01 -8.200000000000000000e+01 5.571800000000000000e+04 5.233800000000000000e+04 5.800700000000000000e+04 5.222300000000000000e+04 2.877673704898916185e+01 7.600000000000000000e+02
2.900000000000000000e+01 -3.600000000000000000e+01 -9.500000000000000000e+01 5.544200000000000000e+04 5.220000000000000000e+04 5.816500000000000000e+04 5.239300000000000000e+04 2.878980992501601577e+01 7.600000000000000000e+02
3.400000000000000000e+01 -5.900000000000000000e+01 -8.000000000000000000e+01 5.542900000000000000e+04 5.220200000000000000e+04 5.774800000000000000e+04 5.208400000000000000e+04 2.880062297300901264e+01 7.600000000000000000e+02
5.000000000000000000e+01 -5.200000000000000000e+01 -7.400000000000000000e+01 5.531200000000000000e+04 5.232500000000000000e+04 5.778900000000000000e+04 5.194400000000000000e+04 2.880774959002155811e+01 7.600000000000000000e+02
5.200000000000000000e+01 -4.000000000000000000e+01 -9.600000000000000000e+01 5.599700000000000000e+04 5.241200000000000000e+04 5.715300000000000000e+04 5.175700000000000000e+04 2.881702039705123752e+01 7.600000000000000000e+02
4.000000000000000000e+01 -2.200000000000000000e+01 -9.900000000000000000e+01 5.599200000000000000e+04 5.244100000000000000e+04 5.697200000000000000e+04 5.181200000000000000e+04 2.882958730903919786e+01 7.600000000000000000e+02
3.700000000000000000e+01 -8.000000000000000000e+00 -9.000000000000000000e+01 5.538500000000000000e+04 5.225300000000000000e+04 5.746900000000000000e+04 5.203600000000000000e+04 2.883872212807182223e+01 7.600000000000000000e+02
1.600000000000000000e+01 -5.000000000000000000e+00 -9.300000000000000000e+01 5.553300000000000000e+04 5.208400000000000000e+04 5.731800000000000000e+04 5.214000000000000000e+04 2.884664617001544684e+01 7.600000000000000000e+02
2.500000000000000000e+01 2.900000000000000000e+01 -1.000000000000000000e+02 5.562900000000000000e+04 5.196500000000000000e+04 5.706900000000000000e+04 5.237000000000000000e+04 2.885782283404842019e+01 7.600000000000000000e+02
2.000000000000000000e+00 2.300000000000000000e+01 -9.200000000000000000e+01 5.546600000000000000e+04 5.187300000000000000e+04 5.714500000000000000e+04 5.247000000000000000e+04 2.886758073605597019e+01 7.600000000000000000e+02
-1.400000000000000000e+01 4.000000000000000000e+00 -1.070000000000000000e+02 5.525400000000000000e+04 5.198400000000000000e+04 5.718600000000000000e+04 5.251300000000000000e+04 2.887670878006611019e+01 7.600000000000000000e+02
-1.600000000000000000e+01 1.600000000000000000e+01 -1.070000000000000000e+02 5.492400000000000000e+04 5.205400000000000000e+04 5.722800000000000000e+04 5.229100000000000000e+04 2.888748637901153415e+01 7.600000000000000000e+02
-9.000000000000000000e+00 -1.300000000000000000e+01 -1.020000000000000000e+02 5.467900000000000000e+04 5.187500000000000000e+04 5.732900000000000000e+04 5.253400000000000000e+04 2.889645812404341996e+01 7.600000000000000000e+02
4.000000000000000000e+00 2.100000000000000000e+01 -1.040000000000000000e+02 5.469400000000000000e+04 5.146700000000000000e+04 5.702300000000000000e+04 5.282100000000000000e+04 2.890963550610467792e+01 7.600000000000000000e+02
1.800000000000000000e+01 1.700000000000000000e+01 -1.080000000000000000e+02 5.466200000000000000e+04 5.203400000000000000e+04 5.697600000000000000e+04 5.233900000000000000e+04 2.891666198207531124e+01 7.600000000000000000e+02
4.000000000000000000e+01 6.000000000000000000e+00 -1.100000000000000000e+02 5.528500000000000000e+04 5.231300000000000000e+04 5.626000000000000000e+04 5.215800000000000000e+04 2.892710051604080945e+01 7.630000000000000000e+02
6.200000000000000000e+01 3.600000000000000000e+01 -1.210000000000000000e+02 5.493600000000000000e+04 5.258500000000000000e+04 5.656700000000000000e+04 5.184000000000000000e+04 2.894013312307652086e+01 7.630000000000000000e+02
5.500000000000000000e+01 1.800000000000000000e+01 -1.210000000000000000e+02 5.476700000000000000e+04 5.286300000000000000e+04 5.654500000000000000e+04 5.171000000000000000e+04 2.894740494003053755e+01 7.630000000000000000e+02
5.300000000000000000e+01 1.700000000000000000e+01 -1.210000000000000000e+02 5.502200000000000000e+04 5.273600000000000000e+04 5.641200000000000000e+04 5.206500000000000000e+04 2.895896520803216845e+01 7.630000000000000000e+02
3.200000000000000000e+01 1.500000000000000000e+01 -1.300000000000000000e+02 5.470200000000000000e+04 5.264400000000000000e+04 5.640000000000000000e+04 5.211500000000000000e+04 2.896746328601147979e+01 7.610000000000000000e+02
0.000000000000000000e+00 2.100000000000000000e+01 -1.110000000000000000e+02 5.474200000000000000e+04 5.249100000000000000e+04 5.651600000000000000e+04 5.247200000000000000e+04 2.897696247906424105e+01 7.610000000000000000e+02
-1.000000000000000000e+00 -6.000000000000000000e+00 -1.150000000000000000e+02 5.439200000000000000e+04 5.260300000000000000e+04 5.691700000000000000e+04 5.225600000000000000e+04 2.898675651010125875e+01 7.610000000000000000e+02
-3.600000000000000000e+01 -1.100000000000000000e+01 -1.080000000000000000e+02 5.450000000000000000e+04 5.255900000000000000e+04 5.653900000000000000e+04 5.228500000000000000e+04 2.899740536906756461e+01 7.610000000000000000e+02
-3.600000000000000000e+01 1.400000000000000000e+01 -9.600000000000000000e+01 5.444200000000000000e+04 5.216800000000000000e+04 5.674800000000000000e+04 5.288100000000000000e+04 2.900691683602053672e+01 7.610000000000000000e+02
-7.300000000000000000e+01 -8.000000000000000000e+00 -1.050000000000000000e+02 5.460400000000000000e+04 5.221200000000000000e+04 5.662000000000000000e+04 5.287800000000000000e+04 2.901797879708465189e+01 7.610000000000000000e+02
-5.400000000000000000e+01 1.000000000000000000e+01 -9.500000000000000000e+01 5.434300000000000000e+04 5.226000000000000000e+04 5.680900000000000000e+04 5.287700000000000000e+04 2.903736520500387996e+01 7.620000000000000000e+02
-4.000000000000000000e+01 -5.800000000000000000e+01 -8.100000000000000000e+01 5.436500000000000000e+04 5.290100000000000000e+04 5.712100000000000000e+04 5.257200000000000000e+04 2.906753984105307609e+01 7.620000000000000000e+02
-7.000000000000000000e+00 -3.000000000000000000e+01 -8.300000000000000000e+01 5.452100000000000000e+04 5.327900000000000000e+04 5.705400000000000000e+04 5.215300000000000000e+04 2.907354059908539057e+01 7.620000000000000000e+02
4.200000000000000000e+01 -6.800000000000000000e+01 -6.000000000000000000e+01 5.445900000000000000e+04 5.340600000000000000e+04 5.716600000000000000e+04 5.196200000000000000e+04 2.907684131001587957e+01 7.620000000000000000e+02
8.100000000000000000e+01 -7.000000000000000000e+01 -6.900000000000000000e+01 5.506800000000000000e+04 5.387100000000000000e+04 5.663100000000000000e+04 5.152500000000000000e+04 2.908201087999623269e+01 7.620000000000000000e+02
1.040000000000000000e+02 -5.900000000000000000e+01 -5.700000000000000000e+01 5.508800000000000000e+04 5.360000000000000000e+04 5.657200000000000000e+04 5.178500000000000000e+04 2.908374074008315802e+01 7.620000000000000000e+02
1.120000000000000000e+02 -3.600000000000000000e+01 -5.200000000000000000e+01 5.502200000000000000e+04 5.345700000000000000e+04 5.664400000000000000e+04 5.197800000000000000e+04 2.908756073203403503e+01 7.620000000000000000e+02
9.300000000000000000e+01 -1.900000000000000000e+01 -5.800000000000000000e+01 5.495400000000000000e+04 5.336700000000000000e+04 5.672000000000000000e+04 5.210700000000000000e+04 2.909819086210336536e+01 7.620000000000000000e+02
7.700000000000000000e+01 2.800000000000000000e+01 -4.900000000000000000e+01 5.503900000000000000e+04 5.349800000000000000e+04 5.661600000000000000e+04 5.199700000000000000e+04 2.910844871704466641e+01 7.620000000000000000e+02
8.200000000000000000e+01 2.000000000000000000e+01 -5.800000000000000000e+01 5.506300000000000000e+04 5.324400000000000000e+04 5.654300000000000000e+04 5.235200000000000000e+04 2.911925768409855664e+01 7.620000000000000000e+02
3.300000000000000000e+01 5.600000000000000000e+01 -5.800000000000000000e+01 5.532800000000000000e+04 5.317900000000000000e+04 5.627900000000000000e+04 5.247700000000000000e+04 2.913064337102696300e+01 7.650000000000000000e+02
6.700000000000000000e+01 1.030000000000000000e+02 -5.500000000000000000e+01 5.540700000000000000e+04 5.290900000000000000e+04 5.618400000000000000e+04 5.269100000000000000e+04 2.914475023909471929e+01 7.650000000000000000e+02
2.100000000000000000e+01 1.040000000000000000e+02 -4.400000000000000000e+01 5.559400000000000000e+04 5.247000000000000000e+04 5.603400000000000000e+04 5.307000000000000000e+04 2.914883498405106366e+01 7.650000000000000000e+02
4.300000000000000000e+01 1.260000000000000000e+02 -4.800000000000000000e+01 5.557600000000000000e+04 5.270700000000000000e+04 5.598400000000000000e+04 5.285900000000000000e+04 2.915872749104164541e+01 7.650000000000000000e+02
9.500000000000000000e+01 1.080000000000000000e+02 -2.900000000000000000e+01 5.590800000000000000e+04 5.293200000000000000e+04 5.561400000000000000e+04 5.257500000000000000e+04 2.916723175207152963e+01 6.510000000000000000e+02
6.200000000000000000e+01 1.600000000000000000e+01 -2.000000000000000000e+01 5.488200000000000000e+04 5.286900000000000000e+04 5.644500000000000000e+04 5.221600000000000000e+04 2.917850689205806702e+01 6.510000000000000000e+02
1.400000000000000000e+01 1.300000000000000000e+01 -2.300000000000000000e+01 5.490800000000000000e+04 5.290400000000000000e+04 5.639100000000000000e+04 5.206800000000000000e+04 2.918610277201514691e+01 6.510000000000000000e+02
9.000000000000000000e+00 2.900000000000000000e+01 -3.200000000000000000e+01 5.504000000000000000e+04 5.216400000000000000e+04 5.581000000000000000e+04 5.269200000000000000e+04 2.919672445999458432e+01 6.510000000000000000e+02
-4.000000000000000000e+01 1.240000000000000000e+02 -3.800000000000000000e+01 5.622700000000000000e+04 5.093500000000000000e+04 5.456600000000000000e+04 5.357100000000000000e+04 2.920692290808074176e+01 6.510000000000000000e+02
-7.000000000000000000e+00 1.490000000000000000e+02 -3.100000000000000000e+01 5.634700000000000000e+04 5.117200000000000000e+04 5.412700000000000000e+04 5.328800000000000000e+04 2.921594723209273070e+01 6.510000000000000000e+02
8.000000000000000000e+00 1.920000000000000000e+02 -5.000000000000000000e+01 5.600700000000000000e+04 5.102700000000000000e+04 5.417000000000000000e+04 5.331800000000000000e+04 2.922655277908779681e+01 0.000000000000000000e+00
3.800000000000000000e+01 2.000000000000000000e+02 -4.500000000000000000e+01 5.700300000000000000e+04 5.215800000000000000e+04 5.451600000000000000e+04 5.395200000000000000e+04 2.923598639608826488e+01 0.000000000000000000e+00
-1.600000000000000000e+01 1.230000000000000000e+02 -7.800000000000000000e+01 5.597300000000000000e+04 5.222500000000000000e+04 5.531900000000000000e+04 5.378400000000000000e+04 2.924725575104821473e+01 0.000000000000000000e+00
-5.200000000000000000e+01 1.360000000000000000e+02 -1.000000000000000000e+02 5.626700000000000000e+04 5.220000000000000000e+04 5.501300000000000000e+04 5.450900000000000000e+04 2.925758279301226139e+01 0.000000000000000000e+00
-6.400000000000000000e+01 1.070000000000000000e+02 -9.900000000000000000e+01 5.550900000000000000e+04 5.135600000000000000e+04 5.512200000000000000e+04 5.511000000000000000e+04 2.926614941202569753e+01 0.000000000000000000e+00
-4.800000000000000000e+01 3.900000000000000000e+01 -8.300000000000000000e+01 5.609700000000000000e+04 5.317700000000000000e+04 5.533500000000000000e+04 5.396500000000000000e+04 2.927606970106717199e+01 0.000000000000000000e+00
-1.100000000000000000e+01 -8.200000000000000000e+01 -1.070000000000000000e+02 5.548000000000000000e+04 5.416600000000000000e+04 5.558300000000000000e+04 5.294000000000000000e+04 2.928623704309575260e+01 0.000000000000000000e+00
-2.700000000000000000e+01 -1.460000000000000000e+02 -1.020000000000000000e+02 5.446600000000000000e+04 5.419500000000000000e+04 5.616100000000000000e+04 5.281300000000000000e+04 2.929591642308514565e+01 0.000000000000000000e+00
-6.600000000000000000e+01 -1.710000000000000000e+02 -9.900000000000000000e+01 5.434500000000000000e+04 5.375400000000000000e+04 5.607000000000000000e+04 5.298200000000000000e+04 2.930555802199523896e+01 0.000000000000000000e+00
-1.510000000000000000e+02 -1.580000000000000000e+02 -1.050000000000000000e+02 5.354300000000000000e+04 5.300300000000000000e+04 5.652100000000000000e+04 5.350400000000000000e+04 2.931681463902350515e+01 0.000000000000000000e+00
-2.770000000000000000e+02 -1.660000000000000000e+02 -9.100000000000000000e+01 5.059900000000000000e+04 5.276500000000000000e+04 5.850000000000000000e+04 5.353200000000000000e+04 2.932565274508669972e+01 1.000000000000000000e+00
-2.030000000000000000e+02 -6.200000000000000000e+01 -8.400000000000000000e+01 5.234100000000000000e+04 5.283900000000000000e+04 5.751400000000000000e+04 5.367500000000000000e+04 2.933578419103287160e+01 1.000000000000000000e+00
-9.100000000000000000e+01 3.000000000000000000e+01 -7.900000000000000000e+01 5.294200000000000000e+04 5.346300000000000000e+04 5.688100000000000000e+04 5.284800000000000000e+04 2.934677009400911629e+01 1.000000000000000000e+00
2.600000000000000000e+01 1.560000000000000000e+02 -9.500000000000000000e+01 5.400600000000000000e+04 5.387400000000000000e+04 5.581300000000000000e+04 5.252900000000000000e+04 2.935619889607187361e+01 1.000000000000000000e+00
4.800000000000000000e+01 3.630000000000000000e+02 -1.150000000000000000e+02 5.527200000000000000e+04 5.345700000000000000e+04 5.395000000000000000e+04 5.280800000000000000e+04 2.936636968608945608e+01 8.000000000000000000e+00
9.600000000000000000e+01 5.800000000000000000e+02 -1.300000000000000000e+02 5.563400000000000000e+04 5.180400000000000000e+04 5.270500000000000000e+04 5.403000000000000000e+04 2.937637612910475582e+01 8.000000000000000000e+00
2.200000000000000000e+01 6.680000000000000000e+02 -1.140000000000000000e+02 5.529200000000000000e+04 5.110800000000000000e+04 5.258400000000000000e+04 5.447400000000000000e+04 2.938587102608289570e+01 8.000000000000000000e+00
-3.700000000000000000e+01 7.640000000000000000e+02 -1.120000000000000000e+02 5.537200000000000000e+04 4.922900000000000000e+04 5.222600000000000000e+04 5.566800000000000000e+04 2.939668799308128655e+01 8.000000000000000000e+00
-4.900000000000000000e+01 7.400000000000000000e+02 -1.190000000000000000e+02 5.565700000000000000e+04 4.922800000000000000e+04 5.150300000000000000e+04 5.567500000000000000e+04 2.940543783607427031e+01 8.000000000000000000e+00
-2.700000000000000000e+01 6.300000000000000000e+02 -1.060000000000000000e+02 5.587900000000000000e+04 5.000200000000000000e+04 5.121300000000000000e+04 5.505200000000000000e+04 2.941580059810075909e+01 8.000000000000000000e+00
-6.300000000000000000e+01 5.100000000000000000e+02 -8.200000000000000000e+01 5.543300000000000000e+04 4.988900000000000000e+04 5.180800000000000000e+04 5.477900000000000000e+04 2.942714984109625220e+01 1.600000000000000000e+01
-1.170000000000000000e+02 3.750000000000000000e+02 -6.300000000000000000e+01 5.372400000000000000e+04 4.933100000000000000e+04 5.292400000000000000e+04 5.439800000000000000e+04 2.943663305602967739e+01 1.600000000000000000e+01
-1.990000000000000000e+02 1.530000000000000000e+02 -5.200000000000000000e+01 5.337700000000000000e+04 4.934600000000000000e+04 5.329300000000000000e+04 5.407500000000000000e+04 2.944630063499789685e+01 1.600000000000000000e+01
-1.810000000000000000e+02 -8.500000000000000000e+01 -3.500000000000000000e+01 5.208800000000000000e+04 5.020100000000000000e+04 5.408600000000000000e+04 5.323200000000000000e+04 2.945624086901079863e+01 1.600000000000000000e+01
-1.040000000000000000e+02 -3.480000000000000000e+02 -4.400000000000000000e+01 5.125100000000000000e+04 5.250100000000000000e+04 5.491200000000000000e+04 5.067700000000000000e+04 2.946648672909941524e+01 3.000000000000000000e+01
-6.500000000000000000e+01 -5.790000000000000000e+02 -2.700000000000000000e+01 4.899600000000000000e+04 5.318300000000000000e+04 5.521100000000000000e+04 4.797100000000000000e+04 2.947775581805035472e+01 3.000000000000000000e+01
0.000000000000000000e+00 -6.270000000000000000e+02 -2.700000000000000000e+01 4.949900000000000000e+04 5.300900000000000000e+04 5.448400000000000000e+04 4.787700000000000000e+04 2.948674511804711074e+01 3.000000000000000000e+01
6.100000000000000000e+01 -6.490000000000000000e+02 -3.500000000000000000e+01 5.065400000000000000e+04 5.221700000000000000e+04 5.290300000000000000e+04 4.812700000000000000e+04 2.949645887804217637e+01 3.000000000000000000e+01
9.500000000000000000e+01 -5.950000000000000000e+02 -2.600000000000000000e+01 5.078500000000000000e+04 5.232200000000000000e+04 5.259800000000000000e+04 4.790000000000000000e+04 2.950622572808060795e+01 3.000000000000000000e+01
1.180000000000000000e+02 -5.790000000000000000e+02 -2.500000000000000000e+01 5.075500000000000000e+04 5.227400000000000000e+04 5.294400000000000000e+04 4.695900000000000000e+04 2.951580435002688318e+01 3.000000000000000000e+01
1.070000000000000000e+02 -5.470000000000000000e+02 6.000000000000000000e+00 4.962500000000000000e+04 5.286000000000000000e+04 5.315100000000000000e+04 4.716600000000000000e+04 2.952639883710071445e+01 4.000000000000000000e+01
3.000000000000000000e+01 -4.350000000000000000e+02 2.000000000000000000e+01 4.966000000000000000e+04 5.016600000000000000e+04 5.274200000000000000e+04 4.791600000000000000e+04 2.953640733903739601e+01 4.000000000000000000e+01
-1.200000000000000000e+02 -2.950000000000000000e+02 2.300000000000000000e+01 4.943800000000000000e+04 4.867600000000000000e+04 5.306600000000000000e+04 4.926000000000000000e+04 2.954784371599089354e+01 4.000000000000000000e+01
-2.080000000000000000e+02 -1.630000000000000000e+02 1.700000000000000000e+01 4.891600000000000000e+04 4.759600000000000000e+04 5.271900000000000000e+04 5.050800000000000000e+04 2.956067199702374637e+01 4.000000000000000000e+01
-2.440000000000000000e+02 -2.400000000000000000e+01 1.800000000000000000e+01 4.978700000000000000e+04 4.641900000000000000e+04 5.221200000000000000e+04 5.136100000000000000e+04 2.956615501304622740e+01 4.900000000000000000e+01
-2.020000000000000000e+02 8.600000000000000000e+01 2.000000000000000000e+01 5.013400000000000000e+04 4.583700000000000000e+04 5.036600000000000000e+04 5.088900000000000000e+04 2.957712031004484743e+01 4.900000000000000000e+01
-1.290000000000000000e+02 1.570000000000000000e+02 2.400000000000000000e+01 5.065300000000000000e+04 4.594300000000000000e+04 5.005000000000000000e+04 5.085600000000000000e+04 2.958678353205323219e+01 4.900000000000000000e+01
-6.500000000000000000e+01 2.180000000000000000e+02 2.900000000000000000e+01 5.120900000000000000e+04 4.555300000000000000e+04 4.972000000000000000e+04 5.088900000000000000e+04 2.959557402005884796e+01 4.900000000000000000e+01
8.000000000000000000e+01 2.170000000000000000e+02 4.200000000000000000e+01 5.259100000000000000e+04 4.668000000000000000e+04 4.870800000000000000e+04 4.974100000000000000e+04 2.960658016300294548e+01 4.900000000000000000e+01
2.220000000000000000e+02 1.260000000000000000e+02 3.400000000000000000e+01 5.260500000000000000e+04 4.892000000000000000e+04 4.861100000000000000e+04 4.814200000000000000e+04 2.961747195606585592e+01 4.900000000000000000e+01
2.990000000000000000e+02 -5.000000000000000000e+00 3.200000000000000000e+01 5.191500000000000000e+04 5.050800000000000000e+04 5.000500000000000000e+04 4.698700000000000000e+04 2.962575292808469385e+01 5.300000000000000000e+01
3.290000000000000000e+02 -1.490000000000000000e+02 2.900000000000000000e+01 5.196000000000000000e+04 5.113000000000000000e+04 5.049400000000000000e+04 4.588000000000000000e+04 2.963535375008359551e+01 5.300000000000000000e+01
3.210000000000000000e+02 -2.810000000000000000e+02 4.500000000000000000e+01 5.080200000000000000e+04 5.199400000000000000e+04 5.143400000000000000e+04 4.573000000000000000e+04 2.964609630301129073e+01 5.300000000000000000e+01
2.360000000000000000e+02 -4.010000000000000000e+02 5.500000000000000000e+01 5.026900000000000000e+04 5.188300000000000000e+04 5.296600000000000000e+04 4.560700000000000000e+04 2.965695886407047510e+01 5.300000000000000000e+01
1.270000000000000000e+02 -4.160000000000000000e+02 5.800000000000000000e+01 4.990600000000000000e+04 5.193700000000000000e+04 5.354800000000000000e+04 4.593400000000000000e+04 2.966638575808610767e+01 6.000000000000000000e+01
5.000000000000000000e+00 -3.760000000000000000e+02 6.300000000000000000e+01 4.929000000000000000e+04 5.064600000000000000e+04 5.362600000000000000e+04 4.742400000000000000e+04 2.967662271007429808e+01 6.000000000000000000e+01
-1.060000000000000000e+02 -2.700000000000000000e+02 7.400000000000000000e+01 4.996200000000000000e+04 4.978800000000000000e+04 5.383400000000000000e+04 4.812000000000000000e+04 2.968694102799054235e+01 6.000000000000000000e+01
-2.160000000000000000e+02 -1.410000000000000000e+02 6.800000000000000000e+01 4.954200000000000000e+04 4.830600000000000000e+04 5.401200000000000000e+04 5.048800000000000000e+04 2.969572028005495667e+01 6.000000000000000000e+01
-3.190000000000000000e+02 -3.200000000000000000e+01 7.600000000000000000e+01 5.072000000000000000e+04 4.740300000000000000e+04 5.444100000000000000e+04 5.033900000000000000e+04 2.970562070806045085e+01 6.000000000000000000e+01
-3.310000000000000000e+02 5.800000000000000000e+01 6.600000000000000000e+01 5.084700000000000000e+04 4.865200000000000000e+04 5.377400000000000000e+04 5.096200000000000000e+04 2.971669694699812680e+01 6.000000000000000000e+01
-3.470000000000000000e+02 1.260000000000000000e+02 7.100000000000000000e+01 5.149900000000000000e+04 4.805500000000000000e+04 5.413000000000000000e+04 5.152500000000000000e+04 2.972741098504047841e+01 5.800000000000000000e+01
-3.010000000000000000e+02 1.790000000000000000e+02 8.500000000000000000e+01 5.260400000000000000e+04 4.812700000000000000e+04 5.359000000000000000e+04 5.209800000000000000e+04 2.973582652700133622e+01 5.800000000000000000e+01
-2.480000000000000000e+02 1.940000000000000000e+02 6.600000000000000000e+01 5.311400000000000000e+04 4.884400000000000000e+04 5.370100000000000000e+04 5.179000000000000000e+04 2.974596949899569154e+01 5.800000000000000000e+01
-1.690000000000000000e+02 1.530000000000000000e+02 5.200000000000000000e+01 5.299500000000000000e+04 4.990300000000000000e+04 5.404900000000000000e+04 5.182200000000000000e+04 2.975682338804472238e+01 5.800000000000000000e+01
-1.030000000000000000e+02 1.500000000000000000e+02 3.600000000000000000e+01 5.345400000000000000e+04 5.027100000000000000e+04 5.382900000000000000e+04 5.173800000000000000e+04 2.976744641805998981e+01 5.500000000000000000e+01
-6.000000000000000000e+00 7.100000000000000000e+01 4.100000000000000000e+01 5.325300000000000000e+04 5.187300000000000000e+04 5.453400000000000000e+04 5.063500000000000000e+04 2.977777550602331758e+01 5.500000000000000000e+01
8.400000000000000000e+01 -7.000000000000000000e+00 3.100000000000000000e+01 5.383300000000000000e+04 5.273300000000000000e+04 5.415500000000000000e+04 5.002800000000000000e+04 2.978585828409995884e+01 5.500000000000000000e+01
1.380000000000000000e+02 -7.100000000000000000e+01 3.500000000000000000e+01 5.402500000000000000e+04 5.322900000000000000e+04 5.430000000000000000e+04 4.963900000000000000e+04 2.979735151305794716e+01 5.500000000000000000e+01
1.100000000000000000e+02 -1.070000000000000000e+02 2.600000000000000000e+01 5.339500000000000000e+04 5.339300000000000000e+04 5.511000000000000000e+04 5.012100000000000000e+04 2.980616390402428806e+01 5.500000000000000000e+01
4.800000000000000000e+01 -1.050000000000000000e+02 3.400000000000000000e+01 5.321700000000000000e+04 5.297700000000000000e+04 5.574000000000000000e+04 5.087700000000000000e+04 2.981616762303747237e+01 5.500000000000000000e+01
-6.100000000000000000e+01 -1.120000000000000000e+02 2.100000000000000000e+01 5.253700000000000000e+04 5.252200000000000000e+04 5.635200000000000000e+04 5.173500000000000000e+04 2.982540570409037173e+01 5.000000000000000000e+01
-1.280000000000000000e+02 -1.170000000000000000e+02 3.200000000000000000e+01 5.228500000000000000e+04 5.259800000000000000e+04 5.700400000000000000e+04 5.252600000000000000e+04 2.983839373802766204e+01 5.000000000000000000e+01
-1.470000000000000000e+02 -1.150000000000000000e+02 3.500000000000000000e+01 5.235800000000000000e+04 5.278500000000000000e+04 5.743900000000000000e+04 5.243400000000000000e+04 2.984570432000327855e+01 5.000000000000000000e+01
-8.600000000000000000e+01 -5.400000000000000000e+01 6.300000000000000000e+01 5.386100000000000000e+04 5.289500000000000000e+04 5.673700000000000000e+04 5.201400000000000000e+04 2.985722390504088253e+01 5.000000000000000000e+01
-5.000000000000000000e+00 4.700000000000000000e+01 6.600000000000000000e+01 5.462300000000000000e+04 5.327100000000000000e+04 5.625200000000000000e+04 5.211600000000000000e+04 2.986945235799066722e+01 4.200000000000000000e+01
1.170000000000000000e+02 1.560000000000000000e+02 6.500000000000000000e+01 5.670100000000000000e+04 5.297200000000000000e+04 5.499700000000000000e+04 5.302900000000000000e+04 2.987758618406951427e+01 4.200000000000000000e+01
1.910000000000000000e+02 1.900000000000000000e+02 6.600000000000000000e+01 5.797400000000000000e+04 5.472800000000000000e+04 5.365000000000000000e+04 5.121100000000000000e+04 2.988634139404166490e+01 4.200000000000000000e+01
8.000000000000000000e+01 1.760000000000000000e+02 8.200000000000000000e+01 5.705800000000000000e+04 5.455700000000000000e+04 5.510800000000000000e+04 5.157000000000000000e+04 2.989579334598965943e+01 4.200000000000000000e+01
-7.100000000000000000e+01 2.140000000000000000e+02 9.800000000000000000e+01 5.633500000000000000e+04 5.257900000000000000e+04 5.600100000000000000e+04 5.354600000000000000e+04 2.990627458610106260e+01 4.200000000000000000e+01
-2.220000000000000000e+02 2.570000000000000000e+02 7.600000000000000000e+01 5.653100000000000000e+04 5.148800000000000000e+04 5.607900000000000000e+04 5.469900000000000000e+04 2.991572638903744519e+01 4.200000000000000000e+01
-2.510000000000000000e+02 2.600000000000000000e+02 8.000000000000000000e+01 5.444200000000000000e+04 5.210200000000000000e+04 5.808000000000000000e+04 5.440900000000000000e+04 2.992546648602001369e+01 3.400000000000000000e+01
-2.520000000000000000e+02 2.820000000000000000e+02 8.700000000000000000e+01 5.529200000000000000e+04 5.162100000000000000e+04 5.800200000000000000e+04 5.525800000000000000e+04 2.993597466510254890e+01 3.400000000000000000e+01
-2.410000000000000000e+02 3.120000000000000000e+02 9.300000000000000000e+01 5.591800000000000000e+04 5.164500000000000000e+04 5.756500000000000000e+04 5.509600000000000000e+04 2.994557587604504079e+01 3.400000000000000000e+01
-2.020000000000000000e+02 3.230000000000000000e+02 7.300000000000000000e+01 5.632500000000000000e+04 5.159000000000000000e+04 5.726800000000000000e+04 5.536000000000000000e+04 2.995583884208463132e+01 3.400000000000000000e+01
-7.600000000000000000e+01 2.940000000000000000e+02 5.200000000000000000e+01 5.661900000000000000e+04 5.264600000000000000e+04 5.680300000000000000e+04 5.453900000000000000e+04 2.996529112802818418e+01 2.500000000000000000e+01
3.400000000000000000e+01 1.910000000000000000e+02 5.900000000000000000e+01 5.709800000000000000e+04 5.360600000000000000e+04 5.665900000000000000e+04 5.420000000000000000e+04 2.997548468108288944e+01 2.500000000000000000e+01
1.560000000000000000e+02 1.760000000000000000e+02 4.700000000000000000e+01 5.750300000000000000e+04 5.391500000000000000e+04 5.614600000000000000e+04 5.367000000000000000e+04 2.998526934604160488e+01 2.500000000000000000e+01
2.530000000000000000e+02 1.400000000000000000e+02 7.100000000000000000e+01 5.768700000000000000e+04 5.465300000000000000e+04 5.593400000000000000e+04 5.263100000000000000e+04 2.999621956306509674e+01 2.500000000000000000e+01
3.530000000000000000e+02 1.640000000000000000e+02 6.400000000000000000e+01 5.812100000000000000e+04 5.543800000000000000e+04 5.540800000000000000e+04 5.156200000000000000e+04 3.000580749101936817e+01 2.500000000000000000e+01
3.870000000000000000e+02 1.760000000000000000e+02 4.500000000000000000e+01 5.828300000000000000e+04 5.416000000000000000e+04 5.514900000000000000e+04 5.331500000000000000e+04 3.001640557905193418e+01 2.500000000000000000e+01
3.890000000000000000e+02 2.190000000000000000e+02 2.500000000000000000e+01 5.829300000000000000e+04 5.405900000000000000e+04 5.497400000000000000e+04 5.334100000000000000e+04 3.002661487401928753e+01 2.000000000000000000e+01
2.910000000000000000e+02 1.770000000000000000e+02 1.100000000000000000e+01 5.788700000000000000e+04 5.396400000000000000e+04 5.565900000000000000e+04 5.388800000000000000e+04 3.003766395407728851e+01 2.000000000000000000e+01
1.880000000000000000e+02 1.370000000000000000e+02 1.600000000000000000e+01 5.670200000000000000e+04 5.403100000000000000e+04 5.672500000000000000e+04 5.387600000000000000e+04 3.005817723006475717e+01 2.000000000000000000e+01
-5.000000000000000000e+00 6.200000000000000000e+01 9.000000000000000000e+00 5.656200000000000000e+04 5.382000000000000000e+04 5.679200000000000000e+04 5.395700000000000000e+04 3.006648472999222577e+01 2.000000000000000000e+01
-1.950000000000000000e+02 9.500000000000000000e+01 2.500000000000000000e+01 5.540800000000000000e+04 5.174800000000000000e+04 5.789800000000000000e+04 5.563400000000000000e+04 3.006984937400557101e+01 1.400000000000000000e+01
-3.650000000000000000e+02 -6.000000000000000000e+00 5.000000000000000000e+01 5.444700000000000000e+04 5.119300000000000000e+04 5.896500000000000000e+04 5.617300000000000000e+04 3.007681175309699029e+01 1.400000000000000000e+01
-3.070000000000000000e+02 -1.110000000000000000e+02 7.200000000000000000e+01 5.396300000000000000e+04 5.274700000000000000e+04 5.950000000000000000e+04 5.448500000000000000e+04 3.008595731307286769e+01 1.400000000000000000e+01
-1.700000000000000000e+02 -4.030000000000000000e+02 6.500000000000000000e+01 5.309900000000000000e+04 5.505600000000000000e+04 6.006800000000000000e+04 5.203900000000000000e+04 3.009579906007274985e+01 1.400000000000000000e+01
4.000000000000000000e+01 -5.680000000000000000e+02 5.600000000000000000e+01 5.362100000000000000e+04 5.681900000000000000e+04 5.962600000000000000e+04 4.979100000000000000e+04 3.010607673204503953e+01 1.400000000000000000e+01
2.620000000000000000e+02 -6.290000000000000000e+02 1.800000000000000000e+01 5.444800000000000000e+04 5.807300000000000000e+04 5.879500000000000000e+04 4.795900000000000000e+04 3.011592911405023187e+01 1.400000000000000000e+01
4.040000000000000000e+02 -4.660000000000000000e+02 3.000000000000000000e+00 5.578800000000000000e+04 5.756400000000000000e+04 5.731100000000000000e+04 4.894100000000000000e+04 3.012833289604168385e+01 1.100000000000000000e+01
4.200000000000000000e+02 -2.070000000000000000e+02 -8.000000000000000000e+00 5.770400000000000000e+04 5.668700000000000000e+04 5.534700000000000000e+04 5.048100000000000000e+04 3.013632495410274714e+01 1.100000000000000000e+01
4.620000000000000000e+02 9.900000000000000000e+01 -4.000000000000000000e+00 5.887300000000000000e+04 5.563900000000000000e+04 5.376200000000000000e+04 5.181300000000000000e+04 3.014653571706730872e+01 1.100000000000000000e+01
4.350000000000000000e+02 1.480000000000000000e+02 5.200000000000000000e+01 5.858400000000000000e+04 5.566600000000000000e+04 5.479500000000000000e+04 5.158000000000000000e+04 3.015582177101168782e+01 1.101000000000000000e+03
3.540000000000000000e+02 -4.000000000000000000e+00 1.180000000000000000e+02 5.744900000000000000e+04 5.607900000000000000e+04 5.657400000000000000e+04 5.001100000000000000e+04 3.016596143902279437e+01 1.101000000000000000e+03
1.780000000000000000e+02 -1.240000000000000000e+02 1.550000000000000000e+02 5.669500000000000000e+04 5.651100000000000000e+04 5.775000000000000000e+04 4.898200000000000000e+04 3.017757181404158473e+01 1.101000000000000000e+03
-4.200000000000000000e+01 -2.550000000000000000e+02 1.200000000000000000e+02 5.525800000000000000e+04 5.498000000000000000e+04 5.906700000000000000e+04 5.088600000000000000e+04 3.018600652308668941e+01 1.101000000000000000e+03
-2.770000000000000000e+02 -3.570000000000000000e+02 9.900000000000000000e+01 5.286600000000000000e+04 5.416800000000000000e+04 6.045400000000000000e+04 5.183600000000000000e+04 3.019777491304557770e+01 1.101000000000000000e+03
-5.540000000000000000e+02 -3.740000000000000000e+02 8.700000000000000000e+01 5.184500000000000000e+04 5.252200000000000000e+04 6.098200000000000000e+04 5.369300000000000000e+04 3.020583196706138551e+01 1.101000000000000000e+03
-6.200000000000000000e+02 -3.990000000000000000e+02 9.400000000000000000e+01 5.057100000000000000e+04 5.196500000000000000e+04 6.074200000000000000e+04 5.281400000000000000e+04 3.021683747007045895e+01 7.700000000000000000e+02
-6.710000000000000000e+02 -4.020000000000000000e+02 8.600000000000000000e+01 5.056900000000000000e+04 5.116700000000000000e+04 6.074100000000000000e+04 5.350200000000000000e+04 3.022570003604050726e+01 7.700000000000000000e+02
-5.900000000000000000e+02 -4.110000000000000000e+02 6.600000000000000000e+01 5.110000000000000000e+04 5.213500000000000000e+04 6.031700000000000000e+04 5.226200000000000000e+04 3.023551025707274675e+01 7.700000000000000000e+02
-3.710000000000000000e+02 -2.940000000000000000e+02 4.100000000000000000e+01 5.231700000000000000e+04 5.223400000000000000e+04 5.930800000000000000e+04 5.245500000000000000e+04 3.024638361309189349e+01 7.700000000000000000e+02
-1.880000000000000000e+02 -1.570000000000000000e+02 -7.000000000000000000e+00 5.470600000000000000e+04 5.246200000000000000e+04 5.747700000000000000e+04 5.272100000000000000e+04 3.025632869999390095e+01 7.590000000000000000e+02
6.700000000000000000e+01 -2.000000000000000000e+01 6.000000000000000000e+00 5.602400000000000000e+04 5.356500000000000000e+04 5.580400000000000000e+04 5.151900000000000000e+04 3.026613761205226183e+01 7.590000000000000000e+02
2.690000000000000000e+02 3.600000000000000000e+01 -8.000000000000000000e+00 5.741500000000000000e+04 5.405500000000000000e+04 5.421300000000000000e+04 5.083300000000000000e+04 3.027542091999202967e+01 7.590000000000000000e+02
4.550000000000000000e+02 1.380000000000000000e+02 -1.700000000000000000e+01 5.843400000000000000e+04 5.442500000000000000e+04 5.296400000000000000e+04 5.018600000000000000e+04 3.028585967002436519e+01 7.590000000000000000e+02
4.530000000000000000e+02 1.500000000000000000e+02 -2.400000000000000000e+01 5.839500000000000000e+04 5.400500000000000000e+04 5.299800000000000000e+04 5.093800000000000000e+04 3.029526056500617415e+01 7.590000000000000000e+02
3.930000000000000000e+02 1.080000000000000000e+02 -3.000000000000000000e+01 5.741300000000000000e+04 5.397000000000000000e+04 5.391300000000000000e+04 5.122800000000000000e+04 3.030555997905321419e+01 7.590000000000000000e+02
2.920000000000000000e+02 1.600000000000000000e+01 -3.500000000000000000e+01 5.628700000000000000e+04 5.377800000000000000e+04 5.492100000000000000e+04 5.115200000000000000e+04 3.031582366907969117e+01 7.620000000000000000e+02
1.180000000000000000e+02 -9.700000000000000000e+01 -5.000000000000000000e+01 5.535300000000000000e+04 5.388800000000000000e+04 5.571400000000000000e+04 5.115400000000000000e+04 3.032529844099190086e+01 7.620000000000000000e+02
2.600000000000000000e+01 -1.700000000000000000e+02 -6.100000000000000000e+01 5.451500000000000000e+04 5.341400000000000000e+04 5.640800000000000000e+04 5.177400000000000000e+04 3.033517712703906000e+01 7.620000000000000000e+02
-1.100000000000000000e+02 -2.500000000000000000e+02 -6.400000000000000000e+01 5.349400000000000000e+04 5.313300000000000000e+04 5.712100000000000000e+04 5.225600000000000000e+04 3.034549022710416466e+01 7.620000000000000000e+02
-1.370000000000000000e+02 -3.350000000000000000e+02 -6.600000000000000000e+01 5.276300000000000000e+04 5.342600000000000000e+04 5.732600000000000000e+04 5.140100000000000000e+04 3.035782721603754908e+01 7.650000000000000000e+02
-1.660000000000000000e+02 -3.710000000000000000e+02 -5.100000000000000000e+01 5.257500000000000000e+04 5.327100000000000000e+04 5.738400000000000000e+04 5.162700000000000000e+04 3.036575418303254992e+01 7.650000000000000000e+02
-1.000000000000000000e+02 -3.570000000000000000e+02 -6.100000000000000000e+01 5.297900000000000000e+04 5.337600000000000000e+04 5.683700000000000000e+04 5.137000000000000000e+04 3.037572955409996212e+01 7.650000000000000000e+02
-5.900000000000000000e+01 -3.460000000000000000e+02 -4.500000000000000000e+01 5.330700000000000000e+04 5.344700000000000000e+04 5.665300000000000000e+04 5.106900000000000000e+04 3.038588025700300932e+01 7.650000000000000000e+02
3.300000000000000000e+01 -2.910000000000000000e+02 -4.300000000000000000e+01 5.404800000000000000e+04 5.367000000000000000e+04 5.573200000000000000e+04 5.074400000000000000e+04 3.039682907203678042e+01 7.650000000000000000e+02
1.600000000000000000e+02 -2.180000000000000000e+02 -5.100000000000000000e+01 5.475600000000000000e+04 5.376400000000000000e+04 5.492900000000000000e+04 5.039000000000000000e+04 3.040580953308381140e+01 7.650000000000000000e+02
2.520000000000000000e+02 -1.930000000000000000e+02 -1.300000000000000000e+01 5.534100000000000000e+04 5.376800000000000000e+04 5.410100000000000000e+04 4.976700000000000000e+04 3.041680064098909497e+01 7.680000000000000000e+02
3.400000000000000000e+02 -1.300000000000000000e+02 1.100000000000000000e+01 5.606100000000000000e+04 5.351200000000000000e+04 5.363000000000000000e+04 4.954300000000000000e+04 3.042728542408440262e+01 7.680000000000000000e+02
3.550000000000000000e+02 -1.140000000000000000e+02 4.100000000000000000e+01 5.636300000000000000e+04 5.363400000000000000e+04 5.341800000000000000e+04 4.919300000000000000e+04 3.043552100507076830e+01 7.680000000000000000e+02
3.660000000000000000e+02 -5.000000000000000000e+01 5.500000000000000000e+01 5.657700000000000000e+04 5.336400000000000000e+04 5.325700000000000000e+04 4.932300000000000000e+04 3.044626185600645840e+01 7.680000000000000000e+02
2.870000000000000000e+02 -5.300000000000000000e+01 5.100000000000000000e+01 5.605100000000000000e+04 5.239800000000000000e+04 5.350200000000000000e+04 4.919100000000000000e+04 3.045543552399612963e+01 7.730000000000000000e+02
2.420000000000000000e+02 -2.500000000000000000e+01 7.700000000000000000e+01 5.587500000000000000e+04 5.179100000000000000e+04 5.345000000000000000e+04 4.978900000000000000e+04 3.046569111500866711e+01 7.730000000000000000e+02
1.540000000000000000e+02 -3.500000000000000000e+01 8.900000000000000000e+01 5.525200000000000000e+04 5.116800000000000000e+04 5.423800000000000000e+04 4.993900000000000000e+04 3.047672149701975286e+01 7.730000000000000000e+02
8.500000000000000000e+01 -6.100000000000000000e+01 1.100000000000000000e+02 5.486600000000000000e+04 5.066600000000000000e+04 5.483700000000000000e+04 5.018500000000000000e+04 3.048644798703026026e+01 7.730000000000000000e+02
-2.300000000000000000e+01 -6.600000000000000000e+01 1.200000000000000000e+02 5.460000000000000000e+04 4.988900000000000000e+04 5.522000000000000000e+04 5.049400000000000000e+04 3.049531856505200267e+01 7.730000000000000000e+02
-5.300000000000000000e+01 -1.090000000000000000e+02 1.380000000000000000e+02 5.428400000000000000e+04 4.973100000000000000e+04 5.570300000000000000e+04 5.048100000000000000e+04 3.050577503407839686e+01 7.730000000000000000e+02
-1.080000000000000000e+02 -1.740000000000000000e+02 1.460000000000000000e+02 5.379000000000000000e+04 5.017000000000000000e+04 5.628600000000000000e+04 4.988500000000000000e+04 3.051470361801330000e+01 7.710000000000000000e+02
-8.100000000000000000e+01 -1.990000000000000000e+02 1.620000000000000000e+02 5.426200000000000000e+04 5.029800000000000000e+04 5.612800000000000000e+04 4.950800000000000000e+04 3.052588872099295259e+01 7.710000000000000000e+02
-2.500000000000000000e+01 -2.210000000000000000e+02 1.700000000000000000e+02 5.450200000000000000e+04 5.072400000000000000e+04 5.622400000000000000e+04 4.916700000000000000e+04 3.053540894808247685e+01 7.710000000000000000e+02
2.000000000000000000e+01 -2.230000000000000000e+02 1.600000000000000000e+02 5.505100000000000000e+04 5.063900000000000000e+04 5.582400000000000000e+04 4.923900000000000000e+04 3.054727032105438411e+01 7.710000000000000000e+02
8.600000000000000000e+01 -1.680000000000000000e+02 1.600000000000000000e+02 5.572800000000000000e+04 5.110100000000000000e+04 5.522100000000000000e+04 4.856400000000000000e+04 3.055550633405800909e+01 7.730000000000000000e+02
1.700000000000000000e+02 -1.370000000000000000e+02 1.590000000000000000e+02 5.632300000000000000e+04 5.145700000000000000e+04 5.479100000000000000e+04 4.806400000000000000e+04 3.056578149599954486e+01 7.730000000000000000e+02
1.960000000000000000e+02 -1.080000000000000000e+02 1.620000000000000000e+02 5.662900000000000000e+04 5.103400000000000000e+04 5.457200000000000000e+04 4.853600000000000000e+04 3.057870098704006523e+01 7.730000000000000000e+02
2.130000000000000000e+02 -6.100000000000000000e+01 1.630000000000000000e+02 5.794400000000000000e+04 4.999700000000000000e+04 5.574000000000000000e+04 4.624300000000000000e+04 3.058489364304114133e+01 7.730000000000000000e+02
2.020000000000000000e+02 -4.900000000000000000e+01 1.630000000000000000e+02 5.810400000000000000e+04 4.983500000000000000e+04 5.575900000000000000e+04 4.639900000000000000e+04 3.059752137307077646e+01 7.730000000000000000e+02
1.950000000000000000e+02 -1.800000000000000000e+01 1.540000000000000000e+02 5.843800000000000000e+04 4.951800000000000000e+04 5.552400000000000000e+04 4.675200000000000000e+04 3.060579515609424561e+01 7.730000000000000000e+02
1.790000000000000000e+02 -4.800000000000000000e+01 1.630000000000000000e+02 5.839700000000000000e+04 4.964600000000000000e+04 5.599900000000000000e+04 4.712500000000000000e+04 3.061851337610278279e+01 7.700000000000000000e+02
1.240000000000000000e+02 -5.800000000000000000e+01 1.700000000000000000e+02 5.832200000000000000e+04 4.938300000000000000e+04 5.649300000000000000e+04 4.756200000000000000e+04 3.062530041800346226e+01 7.700000000000000000e+02
5.600000000000000000e+01 -8.700000000000000000e+01 1.840000000000000000e+02 5.801700000000000000e+04 4.939800000000000000e+04 5.736600000000000000e+04 4.753000000000000000e+04 3.063524300209246576e+01 7.700000000000000000e+02
-1.100000000000000000e+01 -1.610000000000000000e+02 2.040000000000000000e+02 5.776500000000000000e+04 4.931500000000000000e+04 5.825100000000000000e+04 4.742800000000000000e+04 3.064516778301913291e+01 7.700000000000000000e+02
-1.020000000000000000e+02 -1.890000000000000000e+02 2.070000000000000000e+02 5.755700000000000000e+04 4.839700000000000000e+04 5.925500000000000000e+04 4.814900000000000000e+04 3.065465780405793339e+01 7.700000000000000000e+02
-1.820000000000000000e+02 -2.160000000000000000e+02 2.320000000000000000e+02 5.700900000000000000e+04 4.855300000000000000e+04 6.023200000000000000e+04 4.737300000000000000e+04 3.066545373701956123e+01 7.700000000000000000e+02
-2.180000000000000000e+02 -2.370000000000000000e+02 2.550000000000000000e+02 5.718700000000000000e+04 4.742100000000000000e+04 6.053600000000000000e+04 4.748400000000000000e+04 3.067531520407646894e+01 7.700000000000000000e+02
-3.020000000000000000e+02 -2.750000000000000000e+02 2.940000000000000000e+02 5.688500000000000000e+04 4.627900000000000000e+04 6.128200000000000000e+04 4.770400000000000000e+04 3.068519245809875429e+01 7.700000000000000000e+02
-3.280000000000000000e+02 -2.860000000000000000e+02 3.090000000000000000e+02 5.641300000000000000e+04 4.580600000000000000e+04 6.207300000000000000e+04 4.717700000000000000e+04 3.069469345302786678e+01 7.700000000000000000e+02
-3.150000000000000000e+02 -3.400000000000000000e+02 3.240000000000000000e+02 5.625700000000000000e+04 4.590500000000000000e+04 6.256800000000000000e+04 4.610200000000000000e+04 3.070562657306436449e+01 7.700000000000000000e+02
-3.100000000000000000e+02 -3.660000000000000000e+02 3.380000000000000000e+02 5.659300000000000000e+04 4.561000000000000000e+04 6.268200000000000000e+04 4.564100000000000000e+04 3.071463557204697281e+01 7.690000000000000000e+02
-2.910000000000000000e+02 -3.310000000000000000e+02 3.580000000000000000e+02 5.678800000000000000e+04 4.520400000000000000e+04 6.279300000000000000e+04 4.544000000000000000e+04 3.072510855610016733e+01 7.690000000000000000e+02
-2.110000000000000000e+02 -2.730000000000000000e+02 3.340000000000000000e+02 5.763400000000000000e+04 4.527400000000000000e+04 6.271900000000000000e+04 4.497100000000000000e+04 3.073464249901007861e+01 7.690000000000000000e+02
-1.250000000000000000e+02 -2.070000000000000000e+02 3.200000000000000000e+02 5.861300000000000000e+04 4.530100000000000000e+04 6.220300000000000000e+04 4.491400000000000000e+04 3.074477946700062603e+01 7.690000000000000000e+02
-8.400000000000000000e+01 -1.280000000000000000e+02 3.230000000000000000e+02 5.928700000000000000e+04 4.508200000000000000e+04 6.206300000000000000e+04 4.585900000000000000e+04 3.075519550801254809e+01 7.620000000000000000e+02
-2.700000000000000000e+01 -1.900000000000000000e+01 3.170000000000000000e+02 6.027100000000000000e+04 4.523500000000000000e+04 6.131600000000000000e+04 4.585700000000000000e+04 3.076487977802753448e+01 7.620000000000000000e+02
6.300000000000000000e+01 1.230000000000000000e+02 2.750000000000000000e+02 6.090000000000000000e+04 4.515700000000000000e+04 6.058100000000000000e+04 4.638600000000000000e+04 3.077519609103910625e+01 7.620000000000000000e+02
1.210000000000000000e+02 1.910000000000000000e+02 2.410000000000000000e+02 6.134100000000000000e+04 4.495800000000000000e+04 5.972200000000000000e+04 4.740700000000000000e+04 3.078549893200397491e+01 7.620000000000000000e+02
1.420000000000000000e+02 1.870000000000000000e+02 2.320000000000000000e+02 6.124000000000000000e+04 4.558900000000000000e+04 5.949000000000000000e+04 4.751100000000000000e+04 3.079623019101563841e+01 7.620000000000000000e+02
1.390000000000000000e+02 2.170000000000000000e+02 2.090000000000000000e+02 6.106300000000000000e+04 4.561300000000000000e+04 5.930600000000000000e+04 4.822900000000000000e+04 3.080572061799466610e+01 7.620000000000000000e+02
1.220000000000000000e+02 1.840000000000000000e+02 1.720000000000000000e+02 5.910700000000000000e+04 4.897500000000000000e+04 5.852900000000000000e+04 4.992900000000000000e+04 3.081524617609102279e+01 7.640000000000000000e+02
1.090000000000000000e+02 1.180000000000000000e+02 1.290000000000000000e+02 6.032700000000000000e+04 4.725500000000000000e+04 5.940200000000000000e+04 4.854800000000000000e+04 3.082506570010446012e+01 7.640000000000000000e+02
9.400000000000000000e+01 5.800000000000000000e+01 8.700000000000000000e+01 5.860300000000000000e+04 5.012100000000000000e+04 5.877900000000000000e+04 4.971200000000000000e+04 3.083460939803626388e+01 7.640000000000000000e+02
1.360000000000000000e+02 -5.200000000000000000e+01 4.600000000000000000e+01 5.912900000000000000e+04 5.012000000000000000e+04 5.929500000000000000e+04 4.801600000000000000e+04 3.084501719102263451e+01 7.640000000000000000e+02
1.580000000000000000e+02 -1.790000000000000000e+02 1.500000000000000000e+01 5.770400000000000000e+04 5.244000000000000000e+04 5.920300000000000000e+04 4.812300000000000000e+04 3.085476221807766706e+01 7.600000000000000000e+02
1.520000000000000000e+02 -2.210000000000000000e+02 -1.000000000000000000e+01 5.762000000000000000e+04 5.277300000000000000e+04 5.936200000000000000e+04 4.760600000000000000e+04 3.086451158206909895e+01 7.600000000000000000e+02
1.800000000000000000e+02 -2.430000000000000000e+02 -3.500000000000000000e+01 5.707500000000000000e+04 5.401800000000000000e+04 5.921800000000000000e+04 4.711000000000000000e+04 3.087454425904434174e+01 7.600000000000000000e+02
1.800000000000000000e+02 -2.430000000000000000e+02 -5.200000000000000000e+01 5.685900000000000000e+04 5.406000000000000000e+04 5.881300000000000000e+04 4.755100000000000000e+04 3.088497804407961667e+01 7.600000000000000000e+02
1.280000000000000000e+02 -2.220000000000000000e+02 -6.200000000000000000e+01 5.644700000000000000e+04 5.371800000000000000e+04 5.873500000000000000e+04 4.865800000000000000e+04 3.089508155302610248e+01 7.600000000000000000e+02
2.400000000000000000e+01 -1.380000000000000000e+02 -4.800000000000000000e+01 5.615000000000000000e+04 5.256200000000000000e+04 5.873500000000000000e+04 5.031400000000000000e+04 3.090523490507621318e+01 7.600000000000000000e+02
-6.000000000000000000e+00 -2.000000000000000000e+01 -6.100000000000000000e+01 5.685600000000000000e+04 5.204100000000000000e+04 5.854800000000000000e+04 5.127800000000000000e+04 3.091499609209131449e+01 7.560000000000000000e+02
-2.400000000000000000e+01 7.200000000000000000e+01 -6.900000000000000000e+01 5.664500000000000000e+04 5.172500000000000000e+04 5.865000000000000000e+04 5.175900000000000000e+04 3.092599355499260128e+01 7.560000000000000000e+02
-5.700000000000000000e+01 9.900000000000000000e+01 -7.000000000000000000e+01 5.678800000000000000e+04 5.065300000000000000e+04 5.866700000000000000e+04 5.300500000000000000e+04 3.093491458101198077e+01 7.560000000000000000e+02
-9.400000000000000000e+01 1.260000000000000000e+02 -7.900000000000000000e+01 5.691400000000000000e+04 5.059800000000000000e+04 5.845200000000000000e+04 5.319700000000000000e+04 3.094463830604217947e+01 7.560000000000000000e+02
-8.700000000000000000e+01 1.340000000000000000e+02 -8.400000000000000000e+01 5.689900000000000000e+04 5.123300000000000000e+04 5.845300000000000000e+04 5.303500000000000000e+04 3.095439014805015177e+01 7.540000000000000000e+02
3.000000000000000000e+00 1.090000000000000000e+02 -8.300000000000000000e+01 5.685300000000000000e+04 5.195800000000000000e+04 5.837500000000000000e+04 5.249700000000000000e+04 3.096493126510176808e+01 7.540000000000000000e+02
8.000000000000000000e+01 6.500000000000000000e+01 -9.000000000000000000e+01 5.726300000000000000e+04 5.261100000000000000e+04 5.780900000000000000e+04 5.207100000000000000e+04 3.097556511103175581e+01 7.540000000000000000e+02
1.110000000000000000e+02 -1.800000000000000000e+01 -8.700000000000000000e+01 5.679100000000000000e+04 5.340200000000000000e+04 5.808800000000000000e+04 5.143200000000000000e+04 3.098524886404629797e+01 7.540000000000000000e+02
1.630000000000000000e+02 -4.600000000000000000e+01 -9.400000000000000000e+01 5.715000000000000000e+04 5.387600000000000000e+04 5.767700000000000000e+04 5.050800000000000000e+04 3.099471466999966651e+01 7.540000000000000000e+02
1.920000000000000000e+02 -6.400000000000000000e+01 -8.300000000000000000e+01 5.674600000000000000e+04 5.457300000000000000e+04 5.784100000000000000e+04 4.993100000000000000e+04 3.100839666300453246e+01 7.540000000000000000e+02
2.020000000000000000e+02 -1.100000000000000000e+02 -8.700000000000000000e+01 5.690300000000000000e+04 5.507300000000000000e+04 5.761500000000000000e+04 4.957100000000000000e+04 3.101450922607909888e+01 7.540000000000000000e+02
2.020000000000000000e+02 -7.300000000000000000e+01 -8.100000000000000000e+01 5.736100000000000000e+04 5.462800000000000000e+04 5.765600000000000000e+04 4.931200000000000000e+04 3.102517597901169211e+01 7.540000000000000000e+02
1.930000000000000000e+02 -1.200000000000000000e+01 -6.500000000000000000e+01 5.713800000000000000e+04 5.448700000000000000e+04 5.745500000000000000e+04 4.995600000000000000e+04 3.103696192509960383e+01 7.540000000000000000e+02
1.310000000000000000e+02 4.700000000000000000e+01 -5.500000000000000000e+01 5.776100000000000000e+04 5.325800000000000000e+04 5.724200000000000000e+04 5.067800000000000000e+04 3.104605918808374554e+01 7.540000000000000000e+02
6.300000000000000000e+01 1.060000000000000000e+02 -4.900000000000000000e+01 5.758700000000000000e+04 5.253100000000000000e+04 5.745800000000000000e+04 5.142900000000000000e+04 3.105561216501519084e+01 7.520000000000000000e+02
-5.000000000000000000e+00 1.470000000000000000e+02 -6.400000000000000000e+01 5.735200000000000000e+04 5.161000000000000000e+04 5.762100000000000000e+04 5.196500000000000000e+04 3.106513064005412161e+01 7.520000000000000000e+02
-4.500000000000000000e+01 1.850000000000000000e+02 -6.900000000000000000e+01 5.741500000000000000e+04 5.095200000000000000e+04 5.769000000000000000e+04 5.235100000000000000e+04 3.107468951807823032e+01 7.520000000000000000e+02
-9.100000000000000000e+01 1.970000000000000000e+02 -5.500000000000000000e+01 5.712200000000000000e+04 5.043500000000000000e+04 5.756900000000000000e+04 5.328600000000000000e+04 3.108548820903524756e+01 7.520000000000000000e+02
-9.000000000000000000e+01 2.040000000000000000e+02 -7.400000000000000000e+01 5.729100000000000000e+04 4.983800000000000000e+04 5.797500000000000000e+04 5.302200000000000000e+04 3.109533566399477422e+01 7.520000000000000000e+02
-6.100000000000000000e+01 1.980000000000000000e+02 -9.800000000000000000e+01 5.671500000000000000e+04 5.105200000000000000e+04 5.691400000000000000e+04 5.349200000000000000e+04 3.110455349308904260e+01 7.520000000000000000e+02
-1.800000000000000000e+01 1.210000000000000000e+02 -1.100000000000000000e+02 5.663300000000000000e+04 5.193700000000000000e+04 5.698000000000000000e+04 5.257900000000000000e+04 3.111508808401413262e+01 7.510000000000000000e+02
1.400000000000000000e+01 4.500000000000000000e+01 -1.060000000000000000e+02 5.621400000000000000e+04 5.313500000000000000e+04 5.682800000000000000e+04 5.200600000000000000e+04 3.112490657204762101e+01 7.510000000000000000e+02
6.700000000000000000e+01 1.500000000000000000e+01 -1.020000000000000000e+02 5.619000000000000000e+04 5.354700000000000000e+04 5.734400000000000000e+04 5.122100000000000000e+04 3.113511894410476089e+01 7.510000000000000000e+02
8.900000000000000000e+01 -3.400000000000000000e+01 -1.060000000000000000e+02 5.582900000000000000e+04 5.413800000000000000e+04 5.722800000000000000e+04 5.106500000000000000e+04 3.114428159210365266e+01 7.510000000000000000e+02
4.700000000000000000e+01 -6.700000000000000000e+01 -1.180000000000000000e+02 5.531300000000000000e+04 5.422800000000000000e+04 5.763900000000000000e+04 5.093300000000000000e+04 3.115506930905394256e+01 7.510000000000000000e+02
2.100000000000000000e+01 -5.000000000000000000e+01 -1.160000000000000000e+02 5.545300000000000000e+04 5.436400000000000000e+04 5.751200000000000000e+04 5.112600000000000000e+04 3.116535215300973505e+01 7.490000000000000000e+02
5.000000000000000000e+00 -1.100000000000000000e+01 -1.110000000000000000e+02 5.555300000000000000e+04 5.345600000000000000e+04 5.804900000000000000e+04 5.070900000000000000e+04 3.117511863703839481e+01 7.490000000000000000e+02
-2.800000000000000000e+01 1.400000000000000000e+01 -1.070000000000000000e+02 5.501100000000000000e+04 5.402400000000000000e+04 5.775700000000000000e+04 5.115300000000000000e+04 3.118478390399832278e+01 7.490000000000000000e+02
-8.000000000000000000e+01 5.100000000000000000e+01 -1.110000000000000000e+02 5.583700000000000000e+04 5.241400000000000000e+04 5.823000000000000000e+04 5.103000000000000000e+04 3.119499422400258482e+01 7.490000000000000000e+02
-9.800000000000000000e+01 1.490000000000000000e+02 -1.180000000000000000e+02 5.515500000000000000e+04 5.239400000000000000e+04 5.766500000000000000e+04 5.264500000000000000e+04 3.120550909708254039e+01 7.490000000000000000e+02
-9.000000000000000000e+01 1.900000000000000000e+02 -1.110000000000000000e+02 5.607100000000000000e+04 5.159200000000000000e+04 5.820000000000000000e+04 5.200200000000000000e+04 3.121525078802369535e+01 7.480000000000000000e+02
-1.090000000000000000e+02 2.190000000000000000e+02 -1.190000000000000000e+02 5.542300000000000000e+04 5.236500000000000000e+04 5.691800000000000000e+04 5.359300000000000000e+04 3.122435805900022388e+01 7.480000000000000000e+02
-7.900000000000000000e+01 2.750000000000000000e+02 -1.190000000000000000e+02 5.605300000000000000e+04 5.214600000000000000e+04 5.627800000000000000e+04 5.412300000000000000e+04 3.123496357304975390e+01 7.480000000000000000e+02
-3.700000000000000000e+01 2.950000000000000000e+02 -1.100000000000000000e+02 5.641700000000000000e+04 5.213200000000000000e+04 5.585700000000000000e+04 5.411700000000000000e+04 3.124528615700546652e+01 7.480000000000000000e+02
7.000000000000000000e+00 2.870000000000000000e+02 -1.200000000000000000e+02 5.671800000000000000e+04 5.217200000000000000e+04 5.589300000000000000e+04 5.362800000000000000e+04 3.125426341802813113e+01 7.480000000000000000e+02
1.500000000000000000e+01 2.690000000000000000e+02 -1.350000000000000000e+02 5.634900000000000000e+04 5.244000000000000000e+04 5.567100000000000000e+04 5.316700000000000000e+04 3.126620150404050946e+01 7.530000000000000000e+02
6.300000000000000000e+01 2.420000000000000000e+02 -1.300000000000000000e+02 5.538100000000000000e+04 5.453400000000000000e+04 5.466900000000000000e+04 5.313300000000000000e+04 3.127578092005569488e+01 7.530000000000000000e+02
6.300000000000000000e+01 1.840000000000000000e+02 -1.140000000000000000e+02 5.628700000000000000e+04 5.259500000000000000e+04 5.574200000000000000e+04 5.235500000000000000e+04 3.128568125807214528e+01 7.530000000000000000e+02
2.300000000000000000e+01 1.870000000000000000e+02 -1.360000000000000000e+02 5.645100000000000000e+04 4.906700000000000000e+04 5.661100000000000000e+04 5.427100000000000000e+04 3.129477348201908171e+01 7.530000000000000000e+02
3.500000000000000000e+01 1.880000000000000000e+02 -1.330000000000000000e+02 5.695900000000000000e+04 5.342700000000000000e+04 5.570700000000000000e+04 4.999600000000000000e+04 3.130483493406791240e+01 7.530000000000000000e+02
-2.000000000000000000e+00 1.760000000000000000e+02 -1.320000000000000000e+02 5.533800000000000000e+04 5.166900000000000000e+04 5.721800000000000000e+04 5.343100000000000000e+04 3.131494630710221827e+01 7.490000000000000000e+02
1.000000000000000000e+00 1.820000000000000000e+02 -1.260000000000000000e+02 5.676000000000000000e+04 5.377200000000000000e+04 5.595300000000000000e+04 4.998300000000000000e+04 3.132493356103077531e+01 7.490000000000000000e+02
0.000000000000000000e+00 1.550000000000000000e+02 -1.300000000000000000e+02 5.575500000000000000e+04 5.572100000000000000e+04 5.703900000000000000e+04 4.777600000000000000e+04 3.133462911599781364e+01 7.490000000000000000e+02
-3.100000000000000000e+01 1.720000000000000000e+02 -1.090000000000000000e+02 5.617300000000000000e+04 5.300000000000000000e+04 5.665300000000000000e+04 5.102100000000000000e+04 3.134502607805188745e+01 7.490000000000000000e+02
-1.200000000000000000e+01 2.010000000000000000e+02 -1.170000000000000000e+02 5.656200000000000000e+04 5.300800000000000000e+04 5.622500000000000000e+04 5.098800000000000000e+04 3.135521100903861225e+01 7.490000000000000000e+02
-1.300000000000000000e+01 2.050000000000000000e+02 -1.190000000000000000e+02 5.682200000000000000e+04 5.285200000000000000e+04 5.579200000000000000e+04 5.103300000000000000e+04 3.136583842709660530e+01 7.520000000000000000e+02
-4.000000000000000000e+01 2.280000000000000000e+02 -1.220000000000000000e+02 5.644600000000000000e+04 5.230500000000000000e+04 5.606000000000000000e+04 5.161700000000000000e+04 3.137960612901952118e+01 7.520000000000000000e+02
-3.500000000000000000e+01 2.080000000000000000e+02 -1.100000000000000000e+02 5.649500000000000000e+04 5.187600000000000000e+04 5.597500000000000000e+04 5.197400000000000000e+04 3.138486349803861231e+01 7.520000000000000000e+02
-3.000000000000000000e+00 2.050000000000000000e+02 -1.020000000000000000e+02 5.723400000000000000e+04 5.209500000000000000e+04 5.491500000000000000e+04 5.162500000000000000e+04 3.139466457907110453e+01 7.520000000000000000e+02
5.000000000000000000e+00 1.820000000000000000e+02 -9.400000000000000000e+01 5.628700000000000000e+04 5.250800000000000000e+04 5.571100000000000000e+04 5.097600000000000000e+04 3.140822596801444888e+01 7.520000000000000000e+02
-1.300000000000000000e+01 1.380000000000000000e+02 -8.400000000000000000e+01 5.583800000000000000e+04 5.253900000000000000e+04 5.494000000000000000e+04 5.230300000000000000e+04 3.141536730108782649e+01 7.540000000000000000e+02
-1.600000000000000000e+01 1.170000000000000000e+02 -8.700000000000000000e+01 5.571600000000000000e+04 5.173900000000000000e+04 5.604200000000000000e+04 5.150500000000000000e+04 3.142481370107270777e+01 7.540000000000000000e+02
-3.500000000000000000e+01 7.800000000000000000e+01 -8.800000000000000000e+01 5.636000000000000000e+04 5.255000000000000000e+04 5.523500000000000000e+04 5.070100000000000000e+04 3.143420336709823459e+01 7.540000000000000000e+02
-2.900000000000000000e+01 6.700000000000000000e+01 -1.010000000000000000e+02 5.560900000000000000e+04 5.196300000000000000e+04 5.591100000000000000e+04 5.131300000000000000e+04 3.144458979100454599e+01 7.540000000000000000e+02
-2.700000000000000000e+01 6.300000000000000000e+01 -8.700000000000000000e+01 5.600800000000000000e+04 5.243400000000000000e+04 5.545600000000000000e+04 5.079200000000000000e+04 3.145436965208500624e+01 7.540000000000000000e+02
-2.000000000000000000e+01 8.500000000000000000e+01 -8.800000000000000000e+01 5.669300000000000000e+04 5.175400000000000000e+04 5.493400000000000000e+04 5.168500000000000000e+04 3.146441175206564367e+01 7.520000000000000000e+02
-2.500000000000000000e+01 5.900000000000000000e+01 -7.200000000000000000e+01 5.633600000000000000e+04 5.228900000000000000e+04 5.525000000000000000e+04 5.117100000000000000e+04 3.147531080909539014e+01 7.520000000000000000e+02
-2.200000000000000000e+01 9.800000000000000000e+01 -6.000000000000000000e+01 5.556300000000000000e+04 5.178700000000000000e+04 5.604800000000000000e+04 5.158400000000000000e+04 3.148491650703363121e+01 7.520000000000000000e+02
-3.400000000000000000e+01 7.500000000000000000e+01 -7.300000000000000000e+01 5.590700000000000000e+04 5.186500000000000000e+04 5.549800000000000000e+04 5.129000000000000000e+04 3.149554987507872283e+01 7.520000000000000000e+02
-6.500000000000000000e+01 7.800000000000000000e+01 -6.000000000000000000e+01 5.626200000000000000e+04 5.150700000000000000e+04 5.513500000000000000e+04 5.155500000000000000e+04 3.150474007206503302e+01 7.520000000000000000e+02
-4.300000000000000000e+01 9.100000000000000000e+01 -6.000000000000000000e+01 5.621900000000000000e+04 5.171400000000000000e+04 5.508600000000000000e+04 5.140300000000000000e+04 3.151583394408226013e+01 7.520000000000000000e+02
-3.600000000000000000e+01 6.700000000000000000e+01 -4.900000000000000000e+01 5.585100000000000000e+04 5.225400000000000000e+04 5.536400000000000000e+04 5.064100000000000000e+04 3.152426876907702535e+01 7.560000000000000000e+02
-3.600000000000000000e+01 6.400000000000000000e+01 -5.500000000000000000e+01 5.691000000000000000e+04 5.342100000000000000e+04 5.426100000000000000e+04 4.958800000000000000e+04 3.153615227306727320e+01 7.560000000000000000e+02
-5.800000000000000000e+01 5.200000000000000000e+01 -4.600000000000000000e+01 5.487300000000000000e+04 5.032100000000000000e+04 5.639700000000000000e+04 5.264500000000000000e+04 3.154536757408641279e+01 7.560000000000000000e+02
-3.600000000000000000e+01 7.500000000000000000e+01 -4.000000000000000000e+01 5.622900000000000000e+04 5.196700000000000000e+04 5.506000000000000000e+04 5.099200000000000000e+04 3.155573606002144516e+01 7.560000000000000000e+02
-4.500000000000000000e+01 4.000000000000000000e+01 -5.000000000000000000e+01 5.522100000000000000e+04 5.040000000000000000e+04 5.584800000000000000e+04 5.222400000000000000e+04 3.156457574700471014e+01 7.590000000000000000e+02
-4.500000000000000000e+01 4.300000000000000000e+01 -3.800000000000000000e+01 5.627400000000000000e+04 5.210400000000000000e+04 5.467800000000000000e+04 5.062500000000000000e+04 3.157863177300896496e+01 7.590000000000000000e+02
-3.200000000000000000e+01 2.900000000000000000e+01 -2.800000000000000000e+01 5.587800000000000000e+04 5.161100000000000000e+04 5.499200000000000000e+04 5.081600000000000000e+04 3.158803425601217896e+01 7.590000000000000000e+02
-3.700000000000000000e+01 2.000000000000000000e+01 -4.400000000000000000e+01 5.524100000000000000e+04 5.101000000000000000e+04 5.562500000000000000e+04 5.140500000000000000e+04 3.160282046301290393e+01 7.590000000000000000e+02
-2.600000000000000000e+01 0.000000000000000000e+00 -3.800000000000000000e+01 5.590300000000000000e+04 5.079900000000000000e+04 5.468500000000000000e+04 5.146400000000000000e+04 3.160709233209490776e+01 7.590000000000000000e+02
-5.000000000000000000e+01 -9.000000000000000000e+00 -3.200000000000000000e+01 5.496800000000000000e+04 5.119500000000000000e+04 5.559500000000000000e+04 5.109400000000000000e+04 3.162043772905599326e+01 7.590000000000000000e+02
-3.100000000000000000e+01 -1.300000000000000000e+01 -3.600000000000000000e+01 5.597200000000000000e+04 5.308800000000000000e+04 5.403800000000000000e+04 5.005500000000000000e+04 3.162780284008476883e+01 7.580000000000000000e+02
-3.400000000000000000e+01 -1.700000000000000000e+01 -3.900000000000000000e+01 5.547300000000000000e+04 5.193000000000000000e+04 5.530200000000000000e+04 5.082500000000000000e+04 3.163983506406657398e+01 7.580000000000000000e+02
-4.200000000000000000e+01 -1.300000000000000000e+01 -3.300000000000000000e+01 5.503100000000000000e+04 5.022700000000000000e+04 5.577100000000000000e+04 5.248600000000000000e+04 3.164741813798900694e+01 7.580000000000000000e+02
-2.700000000000000000e+01 8.000000000000000000e+00 -3.900000000000000000e+01 5.597800000000000000e+04 5.270700000000000000e+04 5.480900000000000000e+04 5.005200000000000000e+04 3.165546694002114236e+01 7.580000000000000000e+02
-3.800000000000000000e+01 1.000000000000000000e+00 -5.400000000000000000e+01 5.621500000000000000e+04 5.278000000000000000e+04 5.449800000000000000e+04 5.014000000000000000e+04 3.166438760608434677e+01 7.610000000000000000e+02
-6.500000000000000000e+01 1.000000000000000000e+01 -3.900000000000000000e+01 5.535800000000000000e+04 5.023200000000000000e+04 5.513800000000000000e+04 5.246900000000000000e+04 3.167445796809624881e+01 7.610000000000000000e+02
-6.200000000000000000e+01 2.200000000000000000e+01 -4.300000000000000000e+01 5.424900000000000000e+04 5.070700000000000000e+04 5.625100000000000000e+04 5.197700000000000000e+04 3.168751393107231706e+01 7.610000000000000000e+02
-7.800000000000000000e+01 3.000000000000000000e+00 -4.100000000000000000e+01 5.548000000000000000e+04 5.172100000000000000e+04 5.510000000000000000e+04 5.096500000000000000e+04 3.169676751003134996e+01 7.610000000000000000e+02
-8.600000000000000000e+01 1.900000000000000000e+01 -1.600000000000000000e+01 5.646800000000000000e+04 5.040000000000000000e+04 5.405600000000000000e+04 5.228500000000000000e+04 3.170579792105127126e+01 7.610000000000000000e+02
-5.800000000000000000e+01 -1.000000000000000000e+01 -2.100000000000000000e+01 5.403300000000000000e+04 5.184400000000000000e+04 5.653000000000000000e+04 5.089800000000000000e+04 3.175296760105993599e+01 7.610000000000000000e+02
-3.400000000000000000e+01 -6.000000000000000000e+00 -3.000000000000000000e+01 5.609700000000000000e+04 5.147000000000000000e+04 5.488000000000000000e+04 5.170300000000000000e+04 3.175470210507046431e+01 7.600000000000000000e+02
-4.300000000000000000e+01 -3.400000000000000000e+01 -2.100000000000000000e+01 5.494500000000000000e+04 5.241100000000000000e+04 5.606000000000000000e+04 5.080700000000000000e+04 3.175822898407932371e+01 7.600000000000000000e+02
0.000000000000000000e+00 -7.100000000000000000e+01 -1.700000000000000000e+01 5.598300000000000000e+04 5.291300000000000000e+04 5.508300000000000000e+04 5.022700000000000000e+04 3.175976204208564013e+01 7.600000000000000000e+02
-3.000000000000000000e+01 -5.600000000000000000e+01 -1.600000000000000000e+01 5.483700000000000000e+04 5.114900000000000000e+04 5.638000000000000000e+04 5.228400000000000000e+04 3.176472391805145890e+01 7.600000000000000000e+02
-3.400000000000000000e+01 -5.100000000000000000e+01 -5.000000000000000000e+00 5.553900000000000000e+04 5.109800000000000000e+04 5.576900000000000000e+04 5.233300000000000000e+04 3.176775730401277542e+01 7.640000000000000000e+02
-3.200000000000000000e+01 -4.400000000000000000e+01 -3.000000000000000000e+00 5.371600000000000000e+04 5.190600000000000000e+04 5.705200000000000000e+04 5.110300000000000000e+04 3.177512691507581621e+01 7.640000000000000000e+02
-1.500000000000000000e+01 -5.400000000000000000e+01 -1.900000000000000000e+01 5.534100000000000000e+04 5.133700000000000000e+04 5.539600000000000000e+04 5.201300000000000000e+04 3.178660234308335930e+01 7.640000000000000000e+02
-2.400000000000000000e+01 -3.800000000000000000e+01 1.000000000000000000e+00 5.516700000000000000e+04 5.102200000000000000e+04 5.568700000000000000e+04 5.177500000000000000e+04 3.179589406109880656e+01 7.640000000000000000e+02
-1.400000000000000000e+01 -2.800000000000000000e+01 1.700000000000000000e+01 5.475200000000000000e+04 5.195000000000000000e+04 5.618900000000000000e+04 5.077100000000000000e+04 3.180683719308581203e+01 7.640000000000000000e+02
-6.000000000000000000e+00 -5.100000000000000000e+01 2.000000000000000000e+00 5.624800000000000000e+04 5.378400000000000000e+04 5.491300000000000000e+04 4.890300000000000000e+04 3.181590305198915303e+01 7.640000000000000000e+02
-1.200000000000000000e+01 -5.500000000000000000e+01 3.000000000000000000e+00 5.475500000000000000e+04 5.037800000000000000e+04 5.644100000000000000e+04 5.255600000000000000e+04 3.182478831207845360e+01 7.630000000000000000e+02
-2.700000000000000000e+01 -4.000000000000000000e+01 -1.000000000000000000e+00 5.551400000000000000e+04 5.182700000000000000e+04 5.568900000000000000e+04 5.126000000000000000e+04 3.183462077309377491e+01 7.630000000000000000e+02
-4.000000000000000000e+01 -4.800000000000000000e+01 -4.000000000000000000e+00 5.476900000000000000e+04 5.301500000000000000e+04 5.663000000000000000e+04 5.020900000000000000e+04 3.184541832807008177e+01 7.630000000000000000e+02
-3.000000000000000000e+01 -2.100000000000000000e+01 -1.100000000000000000e+01 5.533600000000000000e+04 5.122800000000000000e+04 5.604700000000000000e+04 5.226400000000000000e+04 3.185545516002457589e+01 7.630000000000000000e+02
-4.100000000000000000e+01 -3.800000000000000000e+01 -1.000000000000000000e+01 5.528200000000000000e+04 5.181700000000000000e+04 5.564500000000000000e+04 5.164300000000000000e+04 3.186470563709735870e+01 7.670000000000000000e+02
-4.900000000000000000e+01 -4.000000000000000000e+01 -1.600000000000000000e+01 5.484700000000000000e+04 5.165000000000000000e+04 5.623600000000000000e+04 5.158100000000000000e+04 3.187659504602197558e+01 7.670000000000000000e+02
-3.000000000000000000e+01 -3.100000000000000000e+01 -2.000000000000000000e+01 5.393300000000000000e+04 5.160300000000000000e+04 5.684700000000000000e+04 5.158800000000000000e+04 3.188581567106302828e+01 7.670000000000000000e+02
-6.000000000000000000e+01 -4.700000000000000000e+01 -2.600000000000000000e+01 5.474300000000000000e+04 5.162400000000000000e+04 5.614500000000000000e+04 5.163900000000000000e+04 3.190445990907028317e+01 7.670000000000000000e+02
-3.700000000000000000e+01 -1.800000000000000000e+01 -2.800000000000000000e+01 5.174200000000000000e+04 5.101000000000000000e+04 5.841000000000000000e+04 5.258700000000000000e+04 3.191063577507156879e+01 7.670000000000000000e+02
-1.300000000000000000e+01 -3.900000000000000000e+01 -2.300000000000000000e+01 5.419700000000000000e+04 5.195500000000000000e+04 5.664200000000000000e+04 5.147000000000000000e+04 3.191893105406779796e+01 7.670000000000000000e+02
-2.000000000000000000e+00 -2.800000000000000000e+01 -3.200000000000000000e+01 5.477300000000000000e+04 5.236600000000000000e+04 5.623200000000000000e+04 5.127200000000000000e+04 3.192988917999900877e+01 7.640000000000000000e+02
4.600000000000000000e+01 1.000000000000000000e+00 -4.400000000000000000e+01 5.526300000000000000e+04 5.295600000000000000e+04 5.592800000000000000e+04 5.099300000000000000e+04 3.193953449104446918e+01 7.640000000000000000e+02
8.800000000000000000e+01 -1.000000000000000000e+00 -4.500000000000000000e+01 5.676500000000000000e+04 5.318600000000000000e+04 5.435200000000000000e+04 5.089500000000000000e+04 3.195253045007120818e+01 7.640000000000000000e+02
9.400000000000000000e+01 5.000000000000000000e+01 -3.800000000000000000e+01 5.489400000000000000e+04 5.201800000000000000e+04 5.645700000000000000e+04 5.239800000000000000e+04 3.195726467703934759e+01 7.640000000000000000e+02
1.390000000000000000e+02 6.400000000000000000e+01 -3.300000000000000000e+01 5.516900000000000000e+04 5.245200000000000000e+04 5.574600000000000000e+04 5.284800000000000000e+04 3.196602062403690070e+01 7.640000000000000000e+02
9.100000000000000000e+01 4.200000000000000000e+01 -3.800000000000000000e+01 5.559200000000000000e+04 5.251400000000000000e+04 5.575900000000000000e+04 5.189000000000000000e+04 3.197560714208520949e+01 7.640000000000000000e+02
8.700000000000000000e+01 6.800000000000000000e+01 -2.900000000000000000e+01 5.608900000000000000e+04 5.361800000000000000e+04 5.469500000000000000e+04 5.158000000000000000e+04 3.198759853199589998e+01 7.640000000000000000e+02
7.000000000000000000e+01 2.800000000000000000e+01 -3.000000000000000000e+01 5.549100000000000000e+04 5.275100000000000000e+04 5.588400000000000000e+04 5.182500000000000000e+04 3.199565794703084975e+01 7.640000000000000000e+02
3.600000000000000000e+01 5.100000000000000000e+01 -3.600000000000000000e+01 5.605200000000000000e+04 5.349700000000000000e+04 5.486300000000000000e+04 5.172600000000000000e+04 3.200503691809717566e+01 7.640000000000000000e+02
6.000000000000000000e+00 4.200000000000000000e+01 -2.600000000000000000e+01 5.560900000000000000e+04 5.245100000000000000e+04 5.603900000000000000e+04 5.236500000000000000e+04 3.202075955201871693e+01 7.640000000000000000e+02
-1.400000000000000000e+01 3.100000000000000000e+01 -2.100000000000000000e+01 5.580900000000000000e+04 5.238700000000000000e+04 5.570100000000000000e+04 5.331400000000000000e+04 3.202579738001804799e+01 7.610000000000000000e+02
-1.000000000000000000e+01 2.100000000000000000e+01 -3.900000000000000000e+01 5.566600000000000000e+04 5.281700000000000000e+04 5.631100000000000000e+04 5.233900000000000000e+04 3.203391275601461530e+01 7.610000000000000000e+02
-1.000000000000000000e+00 -2.200000000000000000e+01 -2.200000000000000000e+01 5.541200000000000000e+04 5.303700000000000000e+04 5.655900000000000000e+04 5.219200000000000000e+04 3.204483261203859001e+01 7.610000000000000000e+02
3.000000000000000000e+01 -3.800000000000000000e+01 -2.300000000000000000e+01 5.612400000000000000e+04 5.439600000000000000e+04 5.612600000000000000e+04 5.087700000000000000e+04 3.205481602204963565e+01 7.610000000000000000e+02
2.400000000000000000e+01 -9.700000000000000000e+01 -2.100000000000000000e+01 5.601500000000000000e+04 5.364100000000000000e+04 5.610200000000000000e+04 5.159200000000000000e+04 3.206472269003279507e+01 7.630000000000000000e+02
1.100000000000000000e+01 -1.080000000000000000e+02 -1.300000000000000000e+01 5.551800000000000000e+04 5.397000000000000000e+04 5.660200000000000000e+04 5.120500000000000000e+04 3.207526370207779109e+01 7.630000000000000000e+02
3.100000000000000000e+01 -1.440000000000000000e+02 -2.500000000000000000e+01 5.503300000000000000e+04 5.400000000000000000e+04 5.687500000000000000e+04 5.103000000000000000e+04 3.208683190098963678e+01 7.630000000000000000e+02
